/*--------------------------------*- C++ -*----------------------------------*\
| =========                 |                                                 |
| \\      /  F ield         | OpenFOAM: The Open Source CFD Toolbox           |
|  \\    /   O peration     | Version:  4.1                                   |
|   \\  /    A nd           | Web:      www.OpenFOAM.org                      |
|    \\/     M anipulation  |                                                 |
\*---------------------------------------------------------------------------*/
FoamFile
{
    version     2.0;
    format      ascii;
    class       volScalarField;
    location    "2";
    object      p;
}
// * * * * * * * * * * * * * * * * * * * * * * * * * * * * * * * * * * * * * //

dimensions      [0 2 -2 0 0 0 0];

internalField   nonuniform List<scalar> 
4432
(
3.4458e+06
3.44585e+06
3.44586e+06
3.44584e+06
3.44582e+06
3.44578e+06
3.44574e+06
3.44573e+06
3.44577e+06
3.44588e+06
3.44608e+06
3.44639e+06
3.44666e+06
3.44681e+06
3.44657e+06
3.44547e+06
3.44268e+06
3.43718e+06
3.42781e+06
3.41311e+06
3.39175e+06
3.36237e+06
3.32485e+06
3.28009e+06
3.23078e+06
3.18144e+06
3.13792e+06
3.0954e+06
3.04321e+06
2.97329e+06
2.88712e+06
2.78737e+06
2.6769e+06
2.55838e+06
2.43393e+06
2.30557e+06
2.17499e+06
2.04361e+06
1.91247e+06
1.78228e+06
1.65358e+06
1.52673e+06
1.40168e+06
1.27803e+06
1.15502e+06
1.03164e+06
906636
778881
648300
516738
388043
267389
159513
64407.7
3.44583e+06
3.44588e+06
3.44589e+06
3.44588e+06
3.44585e+06
3.44581e+06
3.44578e+06
3.44577e+06
3.44581e+06
3.44592e+06
3.44612e+06
3.44642e+06
3.44671e+06
3.44688e+06
3.44665e+06
3.44555e+06
3.44275e+06
3.43727e+06
3.4279e+06
3.41318e+06
3.3917e+06
3.36223e+06
3.3246e+06
3.27978e+06
3.23036e+06
3.1809e+06
3.13757e+06
3.09548e+06
3.04376e+06
2.97383e+06
2.88759e+06
2.78781e+06
2.67727e+06
2.55873e+06
2.43428e+06
2.30587e+06
2.17524e+06
2.04385e+06
1.91267e+06
1.78246e+06
1.65374e+06
1.52686e+06
1.40175e+06
1.27803e+06
1.15497e+06
1.03153e+06
906472
778674
648060
516525
387986
267703
160207
64782.4
3.44598e+06
3.44603e+06
3.44603e+06
3.44602e+06
3.44598e+06
3.44594e+06
3.4459e+06
3.44588e+06
3.4459e+06
3.44599e+06
3.44614e+06
3.44634e+06
3.44651e+06
3.44653e+06
3.44612e+06
3.44485e+06
3.44195e+06
3.43653e+06
3.42732e+06
3.41299e+06
3.39207e+06
3.36344e+06
3.32674e+06
3.28293e+06
3.23448e+06
3.18521e+06
3.13944e+06
3.09372e+06
3.03874e+06
2.96817e+06
2.88233e+06
2.78312e+06
2.67311e+06
2.55492e+06
2.4308e+06
2.30273e+06
2.17234e+06
2.04102e+06
1.90982e+06
1.77953e+06
1.65071e+06
1.52366e+06
1.39836e+06
1.27443e+06
1.15115e+06
1.02754e+06
902373
774580
644165
513023
384984
265281
158639
64166.9
3.44601e+06
3.44606e+06
3.44607e+06
3.44605e+06
3.44601e+06
3.44597e+06
3.44593e+06
3.44591e+06
3.44593e+06
3.44602e+06
3.44618e+06
3.44639e+06
3.44656e+06
3.44659e+06
3.4462e+06
3.44492e+06
3.44204e+06
3.43662e+06
3.42744e+06
3.41307e+06
3.39209e+06
3.36337e+06
3.3266e+06
3.28275e+06
3.23424e+06
3.18492e+06
3.13925e+06
3.09379e+06
3.03905e+06
2.96852e+06
2.88267e+06
2.78345e+06
2.67341e+06
2.55521e+06
2.43108e+06
2.30297e+06
2.17256e+06
2.04122e+06
1.91e+06
1.77969e+06
1.65085e+06
1.52376e+06
1.39841e+06
1.27443e+06
1.1511e+06
1.02744e+06
902229
774409
643980
512867
384994
265673
159374
64569.8
3.44635e+06
3.44639e+06
3.44639e+06
3.44637e+06
3.44632e+06
3.44626e+06
3.4462e+06
3.44616e+06
3.44617e+06
3.44623e+06
3.44636e+06
3.44653e+06
3.44669e+06
3.44672e+06
3.44637e+06
3.44525e+06
3.44272e+06
3.43796e+06
3.42973e+06
3.41662e+06
3.39716e+06
3.37019e+06
3.33508e+06
3.29257e+06
3.24468e+06
3.19466e+06
3.14591e+06
3.09595e+06
3.03759e+06
2.96585e+06
2.87987e+06
2.78083e+06
2.67103e+06
2.55301e+06
2.42901e+06
2.30096e+06
2.17048e+06
2.03889e+06
1.90729e+06
1.77648e+06
1.64706e+06
1.51935e+06
1.39334e+06
1.2687e+06
1.14477e+06
1.0206e+06
895050
767166
637044
506634
379702
261277
155863
63079.4
3.44638e+06
3.44642e+06
3.44643e+06
3.4464e+06
3.44635e+06
3.44629e+06
3.44623e+06
3.4462e+06
3.4462e+06
3.44627e+06
3.4464e+06
3.44657e+06
3.44675e+06
3.44678e+06
3.44645e+06
3.44533e+06
3.44281e+06
3.43807e+06
3.42987e+06
3.41673e+06
3.39724e+06
3.37018e+06
3.33503e+06
3.29246e+06
3.24455e+06
3.19449e+06
3.14577e+06
3.09595e+06
3.03773e+06
2.96603e+06
2.88008e+06
2.78105e+06
2.67126e+06
2.55323e+06
2.42923e+06
2.30116e+06
2.17066e+06
2.03906e+06
1.90743e+06
1.77661e+06
1.64717e+06
1.51942e+06
1.39336e+06
1.26867e+06
1.14469e+06
1.02048e+06
894902
767001
636874
506496
379727
261674
156596
63464.8
3.44691e+06
3.44695e+06
3.44695e+06
3.44691e+06
3.44685e+06
3.44677e+06
3.44669e+06
3.44663e+06
3.44661e+06
3.44666e+06
3.44679e+06
3.44697e+06
3.44721e+06
3.44737e+06
3.4473e+06
3.44663e+06
3.44488e+06
3.44133e+06
3.43485e+06
3.42386e+06
3.40691e+06
3.38256e+06
3.34988e+06
3.30907e+06
3.26168e+06
3.21052e+06
3.15877e+06
3.10464e+06
3.04291e+06
2.96966e+06
2.8831e+06
2.7838e+06
2.67379e+06
2.55552e+06
2.43119e+06
2.30266e+06
2.17152e+06
2.03909e+06
1.90647e+06
1.77451e+06
1.64383e+06
1.5148e+06
1.38747e+06
1.26156e+06
1.13646e+06
1.01133e+06
885120
757002
627214
497760
372322
255728
152264
61783.5
3.44694e+06
3.44699e+06
3.44698e+06
3.44694e+06
3.44688e+06
3.4468e+06
3.44672e+06
3.44666e+06
3.44665e+06
3.4467e+06
3.44683e+06
3.44702e+06
3.44726e+06
3.44744e+06
3.44737e+06
3.44672e+06
3.44497e+06
3.44146e+06
3.435e+06
3.42402e+06
3.40704e+06
3.38263e+06
3.34989e+06
3.30902e+06
3.26158e+06
3.21037e+06
3.15861e+06
3.10455e+06
3.04292e+06
2.96972e+06
2.88319e+06
2.78393e+06
2.67396e+06
2.5557e+06
2.43137e+06
2.30283e+06
2.17167e+06
2.03923e+06
1.90659e+06
1.77461e+06
1.64392e+06
1.51485e+06
1.38748e+06
1.26151e+06
1.13638e+06
1.01121e+06
884992
756880
627107
497699
372425
256191
153030
62185.9
3.44768e+06
3.44772e+06
3.4477e+06
3.44765e+06
3.44757e+06
3.44747e+06
3.44737e+06
3.44729e+06
3.44725e+06
3.4473e+06
3.44744e+06
3.44767e+06
3.44804e+06
3.44845e+06
3.44881e+06
3.44888e+06
3.44827e+06
3.44643e+06
3.44242e+06
3.43454e+06
3.42125e+06
3.40069e+06
3.37149e+06
3.333e+06
3.28629e+06
3.23388e+06
3.1794e+06
3.12154e+06
3.05673e+06
2.98199e+06
2.89473e+06
2.79491e+06
2.68433e+06
2.56531e+06
2.44001e+06
2.31029e+06
2.17771e+06
2.04361e+06
1.90911e+06
1.77512e+06
1.64231e+06
1.51112e+06
1.38167e+06
1.25376e+06
1.12689e+06
1.0003e+06
873078
744550
615098
486788
363200
248937
148060
60353.4
3.44771e+06
3.44775e+06
3.44774e+06
3.44768e+06
3.4476e+06
3.4475e+06
3.4474e+06
3.44732e+06
3.44729e+06
3.44734e+06
3.44748e+06
3.44771e+06
3.44809e+06
3.44851e+06
3.44888e+06
3.44897e+06
3.44837e+06
3.44658e+06
3.44258e+06
3.43475e+06
3.42143e+06
3.40086e+06
3.37156e+06
3.33301e+06
3.28621e+06
3.23374e+06
3.17919e+06
3.12139e+06
3.05666e+06
2.98197e+06
2.89475e+06
2.795e+06
2.68447e+06
2.56548e+06
2.44019e+06
2.31047e+06
2.17787e+06
2.04376e+06
1.90925e+06
1.77523e+06
1.6424e+06
1.51117e+06
1.38168e+06
1.25373e+06
1.12682e+06
1.00021e+06
872992
744481
615051
486788
363352
249419
148820
60732.8
3.44865e+06
3.44869e+06
3.44867e+06
3.44861e+06
3.44851e+06
3.44838e+06
3.44825e+06
3.44815e+06
3.4481e+06
3.44814e+06
3.4483e+06
3.44859e+06
3.44911e+06
3.44982e+06
3.45076e+06
3.45179e+06
3.45265e+06
3.45297e+06
3.45207e+06
3.44836e+06
3.44e+06
3.42476e+06
3.40038e+06
3.36525e+06
3.31961e+06
3.26598e+06
3.20912e+06
3.14821e+06
3.08089e+06
3.00511e+06
2.91743e+06
2.81714e+06
2.7057e+06
2.58539e+06
2.45837e+06
2.32653e+06
2.19149e+06
2.05462e+06
1.91711e+06
1.77994e+06
1.64387e+06
1.50943e+06
1.37684e+06
1.24602e+06
1.11658e+06
987896
859183
729938
600718
473660
352231
240785
143069
58670
3.44868e+06
3.44873e+06
3.4487e+06
3.44864e+06
3.44854e+06
3.44841e+06
3.44829e+06
3.44819e+06
3.44814e+06
3.44818e+06
3.44835e+06
3.44863e+06
3.44916e+06
3.44988e+06
3.45083e+06
3.45188e+06
3.45278e+06
3.45313e+06
3.45227e+06
3.4486e+06
3.44025e+06
3.42499e+06
3.40053e+06
3.36532e+06
3.31955e+06
3.26579e+06
3.20882e+06
3.14794e+06
3.08071e+06
3.00496e+06
2.91735e+06
2.81714e+06
2.70579e+06
2.58554e+06
2.45855e+06
2.32672e+06
2.19167e+06
2.05478e+06
1.91726e+06
1.78006e+06
1.64396e+06
1.50948e+06
1.37685e+06
1.24599e+06
1.11652e+06
987821
859122
729909
600732
473741
352470
241340
143859
59068.2
3.44986e+06
3.44989e+06
3.44986e+06
3.44978e+06
3.44966e+06
3.44951e+06
3.44936e+06
3.44923e+06
3.44916e+06
3.44919e+06
3.44936e+06
3.44969e+06
3.45033e+06
3.45136e+06
3.45292e+06
3.45505e+06
3.45766e+06
3.46054e+06
3.46329e+06
3.46467e+06
3.46262e+06
3.4545e+06
3.43677e+06
3.40649e+06
3.36249e+06
3.30753e+06
3.24865e+06
3.18568e+06
3.11699e+06
3.0412e+06
2.95398e+06
2.85361e+06
2.74121e+06
2.61903e+06
2.48938e+06
2.35428e+06
2.21546e+06
2.07442e+06
1.93245e+06
1.79063e+06
1.64986e+06
1.51078e+06
1.37375e+06
1.23885e+06
1.10582e+06
974207
843365
712996
583865
458185
339277
231185
137251
56734.5
3.44989e+06
3.44992e+06
3.44989e+06
3.44981e+06
3.44969e+06
3.44955e+06
3.4494e+06
3.44927e+06
3.4492e+06
3.44923e+06
3.44941e+06
3.44974e+06
3.45038e+06
3.45141e+06
3.453e+06
3.45515e+06
3.45779e+06
3.46069e+06
3.46351e+06
3.46492e+06
3.46294e+06
3.45479e+06
3.43706e+06
3.40664e+06
3.3625e+06
3.30731e+06
3.24825e+06
3.18529e+06
3.11669e+06
3.04092e+06
2.95376e+06
2.85352e+06
2.74125e+06
2.61918e+06
2.48959e+06
2.35452e+06
2.2157e+06
2.07465e+06
1.93265e+06
1.79082e+06
1.65001e+06
1.51089e+06
1.37383e+06
1.23888e+06
1.10583e+06
974204
843378
713044
583961
458349
339594
231781
138044
57108.2
3.45126e+06
3.4513e+06
3.45127e+06
3.45118e+06
3.45104e+06
3.45088e+06
3.45071e+06
3.45055e+06
3.45045e+06
3.45045e+06
3.4506e+06
3.45095e+06
3.45161e+06
3.4529e+06
3.455e+06
3.45818e+06
3.46262e+06
3.46831e+06
3.47505e+06
3.48219e+06
3.48781e+06
3.48873e+06
3.48015e+06
3.45677e+06
3.41532e+06
3.35845e+06
3.29787e+06
3.2345e+06
3.16667e+06
3.09292e+06
3.00773e+06
2.90809e+06
2.79472e+06
2.67004e+06
2.53665e+06
2.39686e+06
2.25264e+06
2.10569e+06
1.95745e+06
1.80917e+06
1.66191e+06
1.51647e+06
1.37338e+06
1.23289e+06
1.09494e+06
959239
825336
693199
563851
439592
323609
219558
130204
54378.8
3.45129e+06
3.45133e+06
3.4513e+06
3.45121e+06
3.45107e+06
3.45091e+06
3.45074e+06
3.45059e+06
3.45049e+06
3.45049e+06
3.45065e+06
3.45099e+06
3.45166e+06
3.45296e+06
3.45508e+06
3.4583e+06
3.46277e+06
3.4685e+06
3.4753e+06
3.4825e+06
3.48816e+06
3.48912e+06
3.48053e+06
3.45704e+06
3.41539e+06
3.3582e+06
3.29735e+06
3.23393e+06
3.16612e+06
3.09234e+06
3.0072e+06
2.90772e+06
2.79456e+06
2.67006e+06
2.53679e+06
2.39706e+06
2.25287e+06
2.10592e+06
1.95767e+06
1.80938e+06
1.66209e+06
1.51661e+06
1.37348e+06
1.23296e+06
1.09498e+06
959271
825384
693291
564010
439849
324032
220250
131033
54775.9
3.45292e+06
3.45295e+06
3.45291e+06
3.45281e+06
3.45267e+06
3.4525e+06
3.45231e+06
3.45212e+06
3.45198e+06
3.45194e+06
3.45204e+06
3.45234e+06
3.45293e+06
3.45429e+06
3.45666e+06
3.46061e+06
3.46661e+06
3.475e+06
3.48586e+06
3.49892e+06
3.51284e+06
3.52436e+06
3.52767e+06
3.51409e+06
3.47659e+06
3.41693e+06
3.3551e+06
3.294e+06
3.23118e+06
3.16307e+06
3.0823e+06
2.98447e+06
2.87012e+06
2.74214e+06
2.60366e+06
2.45748e+06
2.30593e+06
2.15099e+06
1.99434e+06
1.83745e+06
1.68154e+06
1.52762e+06
1.37645e+06
1.22848e+06
1.08387e+06
942497
804214
669387
539362
416598
304142
205119
121494
51482.3
3.45295e+06
3.45298e+06
3.45294e+06
3.45284e+06
3.4527e+06
3.45253e+06
3.45234e+06
3.45216e+06
3.45203e+06
3.45198e+06
3.45209e+06
3.45239e+06
3.45298e+06
3.45435e+06
3.45674e+06
3.46072e+06
3.46676e+06
3.4752e+06
3.4861e+06
3.49923e+06
3.51317e+06
3.5248e+06
3.52809e+06
3.51446e+06
3.47671e+06
3.41665e+06
3.35439e+06
3.29316e+06
3.23023e+06
3.16198e+06
3.08124e+06
2.98361e+06
2.86956e+06
2.74186e+06
2.6036e+06
2.45756e+06
2.3061e+06
2.15121e+06
1.99459e+06
1.8377e+06
1.68179e+06
1.52785e+06
1.37665e+06
1.22866e+06
1.08402e+06
942645
804377
669600
539658
417007
304719
205912
122364
51859.8
3.45479e+06
3.45483e+06
3.45479e+06
3.4547e+06
3.45456e+06
3.45438e+06
3.45418e+06
3.45398e+06
3.45381e+06
3.45369e+06
3.4537e+06
3.45386e+06
3.45423e+06
3.45532e+06
3.45753e+06
3.4616e+06
3.46835e+06
3.4786e+06
3.49295e+06
3.51142e+06
3.53292e+06
3.55478e+06
3.57136e+06
3.57128e+06
3.54064e+06
3.47755e+06
3.41693e+06
3.36346e+06
3.31288e+06
3.25599e+06
3.18259e+06
3.08746e+06
2.97175e+06
2.83928e+06
2.69407e+06
2.53952e+06
2.37845e+06
2.21319e+06
2.0457e+06
1.8777e+06
1.71064e+06
1.54577e+06
1.38407e+06
1.22626e+06
1.07268e+06
923499
778996
640053
508507
387171
279008
186420
110189
47690.9
3.45482e+06
3.45486e+06
3.45482e+06
3.45473e+06
3.45459e+06
3.45442e+06
3.45422e+06
3.45402e+06
3.45385e+06
3.45374e+06
3.45374e+06
3.45391e+06
3.45428e+06
3.45539e+06
3.45761e+06
3.46171e+06
3.4685e+06
3.47879e+06
3.49321e+06
3.51171e+06
3.53327e+06
3.55517e+06
3.57175e+06
3.57161e+06
3.54075e+06
3.47718e+06
3.41597e+06
3.36217e+06
3.31124e+06
3.25408e+06
3.18066e+06
3.08579e+06
2.97047e+06
2.83842e+06
2.69354e+06
2.53925e+06
2.37837e+06
2.21323e+06
2.04583e+06
1.87788e+06
1.71085e+06
1.54599e+06
1.38429e+06
1.22646e+06
1.07288e+06
923698
779229
640374
508972
387825
279866
187470
111182
48124.8
3.45692e+06
3.45695e+06
3.45692e+06
3.45684e+06
3.45671e+06
3.45655e+06
3.45637e+06
3.45616e+06
3.45595e+06
3.45577e+06
3.45563e+06
3.45557e+06
3.45559e+06
3.45601e+06
3.45748e+06
3.46062e+06
3.46657e+06
3.47666e+06
3.49216e+06
3.51373e+06
3.53996e+06
3.56728e+06
3.59199e+06
3.60718e+06
3.58924e+06
3.52523e+06
3.47453e+06
3.44291e+06
3.41835e+06
3.38075e+06
3.31741e+06
3.22472e+06
3.1061e+06
2.96709e+06
2.8128e+06
2.64735e+06
2.47407e+06
2.29566e+06
2.11441e+06
1.93231e+06
1.75107e+06
1.57218e+06
1.3969e+06
1.22617e+06
1.06065e+06
900837
747558
602390
467996
347898
245154
161174
95004.1
42718.6
3.45695e+06
3.45698e+06
3.45695e+06
3.45687e+06
3.45675e+06
3.45659e+06
3.4564e+06
3.4562e+06
3.456e+06
3.45582e+06
3.45568e+06
3.45562e+06
3.45563e+06
3.45607e+06
3.45756e+06
3.46072e+06
3.4667e+06
3.47682e+06
3.49237e+06
3.51398e+06
3.54018e+06
3.56741e+06
3.59217e+06
3.60702e+06
3.58869e+06
3.52459e+06
3.473e+06
3.44098e+06
3.41598e+06
3.37802e+06
3.31466e+06
3.22233e+06
3.10425e+06
2.96579e+06
2.81196e+06
2.64687e+06
2.47385e+06
2.29562e+06
2.11449e+06
1.93247e+06
1.75127e+06
1.5724e+06
1.39711e+06
1.22636e+06
1.06083e+06
901043
747853
602885
468817
349081
246603
162692
96332.4
43240.8
3.45926e+06
3.45931e+06
3.45929e+06
3.45924e+06
3.45915e+06
3.45903e+06
3.45888e+06
3.4587e+06
3.45849e+06
3.45826e+06
3.45798e+06
3.45764e+06
3.45716e+06
3.4566e+06
3.45659e+06
3.45755e+06
3.4605e+06
3.46693e+06
3.47864e+06
3.49666e+06
3.51879e+06
3.53686e+06
3.54491e+06
3.55774e+06
3.55734e+06
3.5174e+06
3.50576e+06
3.53457e+06
3.5627e+06
3.55568e+06
3.50394e+06
3.41148e+06
3.28664e+06
3.1375e+06
2.97042e+06
2.79028e+06
2.60088e+06
2.40534e+06
2.20626e+06
2.00594e+06
1.80637e+06
1.60932e+06
1.41627e+06
1.22846e+06
1.04687e+06
872461
706671
551964
412258
292574
196707
124714
72992.8
35505.8
3.4593e+06
3.45935e+06
3.45933e+06
3.45927e+06
3.45919e+06
3.45907e+06
3.45892e+06
3.45874e+06
3.45854e+06
3.4583e+06
3.45803e+06
3.45768e+06
3.45719e+06
3.45665e+06
3.45666e+06
3.45764e+06
3.46061e+06
3.46709e+06
3.47885e+06
3.49689e+06
3.51895e+06
3.53709e+06
3.54497e+06
3.55732e+06
3.55688e+06
3.51562e+06
3.50268e+06
3.53085e+06
3.55832e+06
3.55088e+06
3.49926e+06
3.40738e+06
3.28331e+06
3.13492e+06
2.96847e+06
2.78881e+06
2.59978e+06
2.40452e+06
2.20566e+06
2.0055e+06
1.80606e+06
1.60908e+06
1.41609e+06
1.22832e+06
1.04679e+06
872517
707008
552840
413988
295188
199747
127695
75333.6
36443.8
3.46187e+06
3.46192e+06
3.46192e+06
3.4619e+06
3.46187e+06
3.46183e+06
3.46175e+06
3.46165e+06
3.46149e+06
3.46125e+06
3.46088e+06
3.46027e+06
3.45925e+06
3.45761e+06
3.45556e+06
3.45332e+06
3.45111e+06
3.44971e+06
3.45032e+06
3.45255e+06
3.44997e+06
3.42016e+06
3.32617e+06
3.25831e+06
3.27288e+06
3.32176e+06
3.52071e+06
3.69372e+06
3.80244e+06
3.82922e+06
3.78217e+06
3.68124e+06
3.54183e+06
3.37482e+06
3.18776e+06
2.98614e+06
2.77416e+06
2.55524e+06
2.33227e+06
2.1078e+06
1.88407e+06
1.66311e+06
1.44666e+06
1.23622e+06
1.03309e+06
838686
655035
485642
336337
215360
128322
72704.1
40965.1
25050.1
3.46191e+06
3.46195e+06
3.46195e+06
3.46194e+06
3.46191e+06
3.46186e+06
3.4618e+06
3.46169e+06
3.46154e+06
3.4613e+06
3.46093e+06
3.46031e+06
3.45928e+06
3.45763e+06
3.45561e+06
3.4534e+06
3.45123e+06
3.4499e+06
3.45056e+06
3.45289e+06
3.45045e+06
3.42124e+06
3.32936e+06
3.26538e+06
3.27665e+06
3.31992e+06
3.51448e+06
3.68621e+06
3.79469e+06
3.82163e+06
3.77536e+06
3.67553e+06
3.53723e+06
3.37116e+06
3.18483e+06
2.98376e+06
2.77218e+06
2.55355e+06
2.3308e+06
2.10648e+06
1.88286e+06
1.66195e+06
1.44553e+06
1.23513e+06
1.0321e+06
837956
654933
486834
339749
221011
134790
78534.1
45440.9
26801.8
3.46467e+06
3.46474e+06
3.46478e+06
3.46483e+06
3.46489e+06
3.46495e+06
3.46501e+06
3.46505e+06
3.46503e+06
3.46489e+06
3.46453e+06
3.46379e+06
3.46236e+06
3.45977e+06
3.45567e+06
3.4499e+06
3.44171e+06
3.42994e+06
3.41315e+06
3.38443e+06
3.32163e+06
3.14705e+06
2.66543e+06
2.32741e+06
1.94324e+06
2.79748e+06
3.56996e+06
3.93439e+06
4.11585e+06
4.18482e+06
4.14156e+06
4.02828e+06
3.86893e+06
3.67825e+06
3.46537e+06
3.23644e+06
2.99602e+06
2.74778e+06
2.49488e+06
2.24009e+06
1.98591e+06
1.73464e+06
1.48831e+06
1.24874e+06
1.01761e+06
796729
588706
398116
233568
109762
35305.2
1338.84
-5923.68
8120.07
3.46471e+06
3.46478e+06
3.46482e+06
3.46487e+06
3.46493e+06
3.46499e+06
3.46506e+06
3.4651e+06
3.46508e+06
3.46494e+06
3.46458e+06
3.46382e+06
3.46237e+06
3.45976e+06
3.45565e+06
3.44991e+06
3.44176e+06
3.43006e+06
3.41332e+06
3.38462e+06
3.32203e+06
3.1496e+06
2.67927e+06
2.3418e+06
1.92734e+06
2.80059e+06
3.5577e+06
3.92067e+06
4.10198e+06
4.1723e+06
4.1315e+06
4.02048e+06
3.8629e+06
3.67348e+06
3.46144e+06
3.23306e+06
2.99297e+06
2.74492e+06
2.4921e+06
2.23731e+06
1.98309e+06
1.73175e+06
1.48534e+06
1.24574e+06
1.01472e+06
794298
587496
399660
240275
121377
47796.7
11897.9
2080.14
11820.5
3.46773e+06
3.46779e+06
3.46787e+06
3.468e+06
3.46819e+06
3.46841e+06
3.46867e+06
3.46893e+06
3.46915e+06
3.46925e+06
3.46909e+06
3.46845e+06
3.46694e+06
3.46388e+06
3.45843e+06
3.44962e+06
3.43595e+06
3.41504e+06
3.38129e+06
3.31963e+06
3.1932e+06
2.9055e+06
2.35504e+06
577064
-6.94263e+06
1.03588e+06
3.38227e+06
4.01032e+06
4.42738e+06
4.61386e+06
4.59193e+06
4.47457e+06
4.2975e+06
4.08215e+06
3.83972e+06
3.57728e+06
3.30006e+06
3.01233e+06
2.71787e+06
2.42009e+06
2.12216e+06
1.82706e+06
1.53761e+06
1.25656e+06
986806
731683
495560
284809
110817
-4801.96
-56727
-66214.7
-50933.4
-10851.7
3.46776e+06
3.46783e+06
3.46791e+06
3.46805e+06
3.46823e+06
3.46846e+06
3.46872e+06
3.46898e+06
3.4692e+06
3.4693e+06
3.46914e+06
3.46849e+06
3.46695e+06
3.46386e+06
3.45838e+06
3.44958e+06
3.43596e+06
3.4151e+06
3.38135e+06
3.31973e+06
3.19356e+06
2.90634e+06
2.35771e+06
513398
-7.39881e+06
982709
3.35988e+06
3.99006e+06
4.40346e+06
4.59011e+06
4.57225e+06
4.45916e+06
4.28535e+06
4.0722e+06
3.8312e+06
3.56968e+06
3.29303e+06
3.00567e+06
2.71141e+06
2.41375e+06
2.11587e+06
1.82082e+06
1.53147e+06
1.25066e+06
981462
727537
493898
288229
123696
14795.3
-38663.6
-52773.7
-41459.1
-6673.26
3.47092e+06
3.47103e+06
3.47117e+06
3.47141e+06
3.47175e+06
3.47219e+06
3.47272e+06
3.47331e+06
3.47391e+06
3.47443e+06
3.47472e+06
3.47453e+06
3.47342e+06
3.47066e+06
3.46515e+06
3.45543e+06
3.43933e+06
3.41329e+06
3.36969e+06
3.29345e+06
3.1511e+06
2.87026e+06
2.37322e+06
1.50301e+06
-2.28406e+06
3.70599e+06
4.56387e+06
5.07498e+06
5.29562e+06
5.28068e+06
5.14456e+06
4.93664e+06
4.68315e+06
4.39622e+06
4.08347e+06
3.75091e+06
3.40376e+06
3.04679e+06
2.68457e+06
2.32155e+06
1.96217e+06
1.61102e+06
1.27298e+06
953515
658697
394858
166998
-20937.4
-140336
-169441
-143859
-99543.5
-29179.2
3.47097e+06
3.47108e+06
3.47122e+06
3.47146e+06
3.4718e+06
3.47224e+06
3.47277e+06
3.47336e+06
3.47396e+06
3.47448e+06
3.47477e+06
3.47456e+06
3.47343e+06
3.47063e+06
3.46507e+06
3.45532e+06
3.43922e+06
3.4132e+06
3.36963e+06
3.29328e+06
3.15076e+06
2.86976e+06
2.36388e+06
1.48659e+06
-2.54742e+06
3.67992e+06
4.53505e+06
5.04161e+06
5.26229e+06
5.2528e+06
5.12293e+06
4.91987e+06
4.66965e+06
4.38491e+06
4.07368e+06
3.74223e+06
3.3959e+06
3.03956e+06
2.67784e+06
2.31522e+06
1.95619e+06
1.60537e+06
1.26768e+06
948626
654307
391187
165599
-8409.61
-109570
-137921
-122516
-86484.9
-23820
3.47434e+06
3.47445e+06
3.47465e+06
3.47503e+06
3.47557e+06
3.47628e+06
3.47716e+06
3.47817e+06
3.47929e+06
3.48043e+06
3.48145e+06
3.4821e+06
3.48198e+06
3.48039e+06
3.47623e+06
3.46797e+06
3.45332e+06
3.42857e+06
3.3869e+06
3.31768e+06
3.2016e+06
3.00997e+06
2.83848e+06
2.81686e+06
3.00242e+06
4.28522e+06
4.90164e+06
5.35145e+06
5.62793e+06
5.73812e+06
5.68475e+06
5.5197e+06
5.28565e+06
5.00499e+06
4.68857e+06
4.34412e+06
3.97803e+06
3.59603e+06
3.20344e+06
2.80548e+06
2.40725e+06
2.01393e+06
1.63096e+06
1.26444e+06
921550
610740
340682
117780
-58048.3
-161277
-179443
-155810
-123366
-67206
3.47438e+06
3.47449e+06
3.4747e+06
3.47508e+06
3.47562e+06
3.47633e+06
3.47721e+06
3.47823e+06
3.47935e+06
3.48049e+06
3.4815e+06
3.48215e+06
3.482e+06
3.48036e+06
3.47615e+06
3.46783e+06
3.45315e+06
3.42837e+06
3.38673e+06
3.31746e+06
3.20107e+06
3.00835e+06
2.83334e+06
2.79802e+06
2.98833e+06
4.25713e+06
4.87162e+06
5.32064e+06
5.59927e+06
5.71463e+06
5.66881e+06
5.51022e+06
5.28003e+06
5.00143e+06
4.68624e+06
4.34256e+06
3.97697e+06
3.59525e+06
3.20279e+06
2.80482e+06
2.40647e+06
2.01298e+06
1.62983e+06
1.26319e+06
920285
609475
339331
117165
-47237.3
-138617
-161128
-146306
-118450
-63652.2
3.47783e+06
3.47798e+06
3.47828e+06
3.47881e+06
3.47959e+06
3.48062e+06
3.48192e+06
3.48348e+06
3.48527e+06
3.48724e+06
3.48927e+06
3.49119e+06
3.49266e+06
3.49313e+06
3.49173e+06
3.48716e+06
3.47756e+06
3.46019e+06
3.43114e+06
3.38554e+06
3.31916e+06
3.23858e+06
3.21905e+06
3.41965e+06
3.91786e+06
4.55746e+06
5.17687e+06
5.58332e+06
5.84234e+06
5.94082e+06
5.88116e+06
5.70627e+06
5.46167e+06
5.17062e+06
4.84265e+06
4.48482e+06
4.10352e+06
3.70465e+06
3.29394e+06
2.87698e+06
2.45941e+06
2.04698e+06
1.64583e+06
1.26301e+06
906937
587517
314716
95253.4
-70342.1
-162132
-177877
-156455
-127900
-73198.4
3.47789e+06
3.47804e+06
3.47833e+06
3.47886e+06
3.47964e+06
3.48068e+06
3.48198e+06
3.48354e+06
3.48534e+06
3.4873e+06
3.48934e+06
3.49124e+06
3.49268e+06
3.49312e+06
3.49167e+06
3.48705e+06
3.47739e+06
3.45998e+06
3.43092e+06
3.38527e+06
3.31877e+06
3.23787e+06
3.21813e+06
3.41878e+06
3.91322e+06
4.54341e+06
5.15751e+06
5.55898e+06
5.81648e+06
5.91877e+06
5.86679e+06
5.69914e+06
5.45882e+06
5.16982e+06
4.84296e+06
4.48582e+06
4.10493e+06
3.70629e+06
3.29564e+06
2.87861e+06
2.46086e+06
2.04818e+06
1.6468e+06
1.26381e+06
907663
588117
314845
95169.8
-61326
-144333
-164103
-150297
-125464
-71811.8
3.48147e+06
3.48163e+06
3.48201e+06
3.48272e+06
3.48377e+06
3.48518e+06
3.48698e+06
3.48917e+06
3.49177e+06
3.49476e+06
3.49808e+06
3.50164e+06
3.50523e+06
3.50854e+06
3.51107e+06
3.51207e+06
3.51051e+06
3.50509e+06
3.49461e+06
3.47891e+06
3.46194e+06
3.45924e+06
3.53011e+06
3.77485e+06
4.21433e+06
4.7418e+06
5.19982e+06
5.58036e+06
5.86344e+06
5.99891e+06
5.96631e+06
5.80193e+06
5.56025e+06
5.27055e+06
4.94199e+06
4.58099e+06
4.19382e+06
3.78658e+06
3.36529e+06
2.93598e+06
2.50477e+06
2.07798e+06
1.6625e+06
1.26627e+06
898925
571790
296279
80102.1
-74852.5
-156904
-172219
-154254
-127262
-69895.5
3.48152e+06
3.48168e+06
3.48207e+06
3.48277e+06
3.48383e+06
3.48524e+06
3.48704e+06
3.48924e+06
3.49184e+06
3.49483e+06
3.49815e+06
3.50169e+06
3.50526e+06
3.50855e+06
3.51105e+06
3.51202e+06
3.51042e+06
3.50498e+06
3.49447e+06
3.4788e+06
3.46187e+06
3.45935e+06
3.53162e+06
3.77769e+06
4.21364e+06
4.73571e+06
5.18861e+06
5.56232e+06
5.8398e+06
5.97545e+06
5.94947e+06
5.7933e+06
5.5569e+06
5.26964e+06
4.94236e+06
4.58217e+06
4.19555e+06
3.78867e+06
3.36759e+06
2.93836e+06
2.50712e+06
2.08024e+06
1.66466e+06
1.26841e+06
901135
573943
297828
80839
-67104.6
-142583
-161265
-149315
-125439
-68969.6
3.48509e+06
3.48529e+06
3.48578e+06
3.48668e+06
3.48803e+06
3.48986e+06
3.49222e+06
3.49514e+06
3.49866e+06
3.50283e+06
3.50766e+06
3.51316e+06
3.5193e+06
3.52603e+06
3.53329e+06
3.541e+06
3.54905e+06
3.55756e+06
3.56724e+06
3.58051e+06
3.60328e+06
3.65379e+06
3.78148e+06
4.0388e+06
4.41338e+06
4.83104e+06
5.207e+06
5.535e+06
5.81339e+06
5.98447e+06
5.99066e+06
5.84641e+06
5.61305e+06
5.32959e+06
5.00569e+06
4.64691e+06
4.25927e+06
3.8489e+06
3.42208e+06
2.98517e+06
2.5447e+06
2.10753e+06
1.68116e+06
1.27432e+06
897655
563799
285814
73275.1
-71967.2
-147300
-164755
-151215
-125661
-67860.1
3.48515e+06
3.48536e+06
3.48585e+06
3.48675e+06
3.4881e+06
3.48994e+06
3.49229e+06
3.49521e+06
3.49874e+06
3.50291e+06
3.50774e+06
3.51323e+06
3.51935e+06
3.52607e+06
3.53332e+06
3.54101e+06
3.54906e+06
3.55756e+06
3.56725e+06
3.58056e+06
3.60343e+06
3.65455e+06
3.78371e+06
4.04098e+06
4.41393e+06
4.82879e+06
5.20098e+06
5.52301e+06
5.79349e+06
5.96047e+06
5.97071e+06
5.83516e+06
5.60828e+06
5.32775e+06
5.00529e+06
4.64745e+06
4.26049e+06
3.85064e+06
3.42419e+06
2.98755e+06
2.54726e+06
2.11023e+06
1.68402e+06
1.27744e+06
901107
567409
288810
74663.2
-65458.2
-135482
-155426
-146565
-123962
-67075.4
3.48875e+06
3.48896e+06
3.48955e+06
3.49066e+06
3.49233e+06
3.49461e+06
3.49757e+06
3.50127e+06
3.50581e+06
3.51128e+06
3.51777e+06
3.52542e+06
3.53437e+06
3.54484e+06
3.55719e+06
3.5719e+06
3.58966e+06
3.61147e+06
3.63894e+06
3.67476e+06
3.72596e+06
3.81381e+06
3.97053e+06
4.21317e+06
4.52738e+06
4.86656e+06
5.18143e+06
5.4627e+06
5.71727e+06
5.90727e+06
5.95376e+06
5.83671e+06
5.61649e+06
5.34377e+06
5.02936e+06
4.67772e+06
4.29443e+06
3.88565e+06
3.45788e+06
3.01785e+06
2.57259e+06
2.12944e+06
1.69648e+06
1.28303e+06
900412
562231
283294
76158.8
-60723.5
-134123
-157190
-149436
-125278
-67739.9
3.48881e+06
3.48902e+06
3.48962e+06
3.49073e+06
3.4924e+06
3.49469e+06
3.49765e+06
3.50135e+06
3.50589e+06
3.51136e+06
3.51785e+06
3.52549e+06
3.53442e+06
3.54489e+06
3.55724e+06
3.57197e+06
3.58975e+06
3.61158e+06
3.63907e+06
3.67495e+06
3.72641e+06
3.81485e+06
3.97214e+06
4.21517e+06
4.52795e+06
4.86527e+06
5.17838e+06
5.45543e+06
5.70215e+06
5.88459e+06
5.93147e+06
5.82278e+06
5.61022e+06
5.34096e+06
5.02813e+06
4.6775e+06
4.29498e+06
3.88682e+06
3.45955e+06
3.01995e+06
2.57505e+06
2.13226e+06
1.69972e+06
1.28684e+06
904912
567261
287859
78134.6
-55730.7
-124304
-148622
-144393
-123387
-66942.5
3.49228e+06
3.49253e+06
3.49324e+06
3.49457e+06
3.49657e+06
3.49932e+06
3.5029e+06
3.50742e+06
3.51302e+06
3.51985e+06
3.52809e+06
3.53798e+06
3.54984e+06
3.56413e+06
3.58154e+06
3.60295e+06
3.6295e+06
3.6625e+06
3.70348e+06
3.75495e+06
3.82675e+06
3.93691e+06
4.10073e+06
4.32227e+06
4.58814e+06
4.86999e+06
5.13833e+06
5.38052e+06
5.60273e+06
5.79091e+06
5.86936e+06
5.7814e+06
5.57647e+06
5.31682e+06
5.01485e+06
4.67357e+06
4.29792e+06
3.89399e+06
3.46854e+06
3.02882e+06
2.58246e+06
2.13748e+06
1.70257e+06
1.28755e+06
904030
565907
289238
90711.5
-39367.9
-116766
-150080
-149792
-126876
-69451
3.49235e+06
3.49261e+06
3.49332e+06
3.49465e+06
3.49665e+06
3.4994e+06
3.50299e+06
3.50752e+06
3.51312e+06
3.51995e+06
3.52818e+06
3.53807e+06
3.54992e+06
3.56422e+06
3.58163e+06
3.60307e+06
3.62965e+06
3.66267e+06
3.70368e+06
3.75522e+06
3.82725e+06
3.93793e+06
4.10218e+06
4.32346e+06
4.58886e+06
4.86969e+06
5.1367e+06
5.37631e+06
5.59221e+06
5.77128e+06
5.84627e+06
5.76537e+06
5.56908e+06
5.3134e+06
5.0131e+06
4.67285e+06
4.298e+06
3.89475e+06
3.46988e+06
3.03068e+06
2.5848e+06
2.14032e+06
1.70602e+06
1.2918e+06
909303
572117
295252
93138.2
-35995.8
-108845
-141860
-144038
-124685
-68607.1
3.49573e+06
3.49599e+06
3.4968e+06
3.49834e+06
3.50068e+06
3.5039e+06
3.50811e+06
3.51347e+06
3.52013e+06
3.52833e+06
3.53832e+06
3.55045e+06
3.56518e+06
3.58318e+06
3.60533e+06
3.63276e+06
3.66674e+06
3.70849e+06
3.75898e+06
3.82189e+06
3.90835e+06
4.02901e+06
4.18973e+06
4.38996e+06
4.61861e+06
4.85628e+06
5.08486e+06
5.29374e+06
5.48435e+06
5.6554e+06
5.75142e+06
5.69019e+06
5.50091e+06
5.25495e+06
4.96676e+06
4.63748e+06
4.27121e+06
3.87388e+06
3.45256e+06
3.01513e+06
2.57007e+06
2.12635e+06
1.69361e+06
1.28237e+06
904384
573104
304687
118070
-8150.3
-95162.2
-143473
-152417
-130999
-73163.6
3.49579e+06
3.49606e+06
3.49688e+06
3.49842e+06
3.50076e+06
3.50398e+06
3.5082e+06
3.51356e+06
3.52023e+06
3.52843e+06
3.53842e+06
3.55054e+06
3.56527e+06
3.58327e+06
3.60544e+06
3.6329e+06
3.66691e+06
3.70868e+06
3.75918e+06
3.82221e+06
3.90899e+06
4.02978e+06
4.19066e+06
4.39111e+06
4.61912e+06
4.85615e+06
5.08411e+06
5.29137e+06
5.47746e+06
5.63977e+06
5.72918e+06
5.67291e+06
5.4928e+06
5.25125e+06
4.96476e+06
4.63649e+06
4.27102e+06
3.87439e+06
3.4537e+06
3.01685e+06
2.57233e+06
2.12921e+06
1.69719e+06
1.28691e+06
910157
580110
311517
120591
-6164.3
-89013.8
-135407
-145852
-128323
-72149
3.49891e+06
3.49922e+06
3.50014e+06
3.50189e+06
3.50455e+06
3.50823e+06
3.51306e+06
3.51921e+06
3.52692e+06
3.53644e+06
3.54811e+06
3.56238e+06
3.57982e+06
3.60124e+06
3.62766e+06
3.6603e+06
3.70037e+06
3.74878e+06
3.80638e+06
3.87852e+06
3.97403e+06
4.0979e+06
4.25215e+06
4.43322e+06
4.63179e+06
4.83464e+06
5.02925e+06
5.20813e+06
5.36932e+06
5.51543e+06
5.61352e+06
5.57357e+06
5.39948e+06
5.16693e+06
4.89258e+06
4.57558e+06
4.21905e+06
3.82869e+06
3.41189e+06
2.97727e+06
2.53431e+06
2.09334e+06
1.66545e+06
1.26254e+06
896965
581626
331917
159459
32196.9
-70149.5
-136762
-157016
-138071
-79095.6
3.49899e+06
3.49931e+06
3.50023e+06
3.50198e+06
3.50464e+06
3.50832e+06
3.51315e+06
3.51932e+06
3.52703e+06
3.53655e+06
3.54823e+06
3.56249e+06
3.57993e+06
3.60135e+06
3.6278e+06
3.66046e+06
3.70055e+06
3.74897e+06
3.80659e+06
3.87887e+06
3.9745e+06
4.09863e+06
4.25297e+06
4.43382e+06
4.63231e+06
4.83476e+06
5.02883e+06
5.20677e+06
5.36501e+06
5.50388e+06
5.59353e+06
5.55608e+06
5.39115e+06
5.1633e+06
4.89063e+06
4.57458e+06
4.21882e+06
3.82916e+06
3.41302e+06
2.97903e+06
2.53669e+06
2.09639e+06
1.66932e+06
1.26744e+06
903181
589098
338755
161750
32844.6
-66011.2
-129093
-149761
-134644
-77829.8
3.50188e+06
3.5022e+06
3.50321e+06
3.50516e+06
3.50812e+06
3.51222e+06
3.51763e+06
3.52454e+06
3.53321e+06
3.54396e+06
3.55719e+06
3.57342e+06
3.59332e+06
3.61778e+06
3.64792e+06
3.68495e+06
3.72998e+06
3.7836e+06
3.84717e+06
3.9263e+06
4.02681e+06
4.15073e+06
4.29721e+06
4.46202e+06
4.63691e+06
4.81138e+06
4.97677e+06
5.1275e+06
5.26144e+06
5.3812e+06
5.46942e+06
5.4428e+06
5.2834e+06
5.0638e+06
4.80257e+06
4.49702e+06
4.14942e+06
3.76526e+06
3.35225e+06
2.91967e+06
2.47816e+06
2.03959e+06
1.6171e+06
1.22479e+06
876931
586805
367117
212082
82570.9
-39610.2
-128878
-163615
-148845
-87627.2
3.50196e+06
3.50228e+06
3.5033e+06
3.50525e+06
3.50821e+06
3.51232e+06
3.51773e+06
3.52464e+06
3.53332e+06
3.54407e+06
3.5573e+06
3.57353e+06
3.59343e+06
3.6179e+06
3.64806e+06
3.68511e+06
3.73015e+06
3.78376e+06
3.84736e+06
3.92663e+06
4.02731e+06
4.15122e+06
4.29773e+06
4.46266e+06
4.63715e+06
4.81142e+06
4.97664e+06
5.12675e+06
5.25882e+06
5.37305e+06
5.45259e+06
5.4262e+06
5.27528e+06
5.06044e+06
4.80081e+06
4.49613e+06
4.14924e+06
3.76577e+06
3.35344e+06
2.92155e+06
2.48074e+06
2.04296e+06
1.62141e+06
1.2303e+06
883841
594748
373159
213472
81678.1
-37618.7
-121912
-155565
-144136
-85827.2
3.50447e+06
3.50481e+06
3.50592e+06
3.50804e+06
3.51127e+06
3.51576e+06
3.52168e+06
3.52926e+06
3.53879e+06
3.55063e+06
3.56523e+06
3.58317e+06
3.6052e+06
3.63227e+06
3.66554e+06
3.70621e+06
3.75531e+06
3.81329e+06
3.88195e+06
3.96613e+06
4.06919e+06
4.19159e+06
4.33129e+06
4.48288e+06
4.63884e+06
4.79093e+06
4.93201e+06
5.05762e+06
5.16608e+06
5.25911e+06
5.33069e+06
5.30892e+06
5.16445e+06
4.95776e+06
4.70845e+06
4.41264e+06
4.07216e+06
3.69252e+06
3.28169e+06
2.84956e+06
2.40774e+06
1.96969e+06
1.55084e+06
1.16853e+06
840968
584192
406348
270889
139722
-4661.17
-118942
-171660
-162432
-98026.7
3.50455e+06
3.5049e+06
3.50601e+06
3.50813e+06
3.51137e+06
3.51586e+06
3.52178e+06
3.52937e+06
3.5389e+06
3.55075e+06
3.56535e+06
3.58329e+06
3.60532e+06
3.6324e+06
3.66569e+06
3.70637e+06
3.75548e+06
3.81344e+06
3.88213e+06
3.96641e+06
4.06953e+06
4.19209e+06
4.33177e+06
4.48313e+06
4.63907e+06
4.79097e+06
4.93188e+06
5.05719e+06
5.16454e+06
5.25381e+06
5.31749e+06
5.29441e+06
5.15711e+06
4.95493e+06
4.70704e+06
4.41198e+06
4.07214e+06
3.69316e+06
3.28303e+06
2.85166e+06
2.41068e+06
1.97362e+06
1.55605e+06
1.17535e+06
849488
593134
410219
270285
136919
-4469.53
-113221
-162984
-156340
-95858
3.50669e+06
3.50704e+06
3.50821e+06
3.51048e+06
3.51394e+06
3.51876e+06
3.52511e+06
3.53326e+06
3.54352e+06
3.55628e+06
3.57202e+06
3.59138e+06
3.61516e+06
3.64435e+06
3.68014e+06
3.72374e+06
3.77617e+06
3.8379e+06
3.91075e+06
3.99842e+06
4.103e+06
4.22389e+06
4.35778e+06
4.4993e+06
4.6412e+06
4.77589e+06
4.89757e+06
5.00225e+06
5.088e+06
5.15587e+06
5.20704e+06
5.1834e+06
5.05506e+06
4.86179e+06
4.62272e+06
4.33406e+06
3.99805e+06
3.62056e+06
3.20987e+06
2.77626e+06
2.332e+06
1.89175e+06
1.47308e+06
1.097e+06
788270
574130
449983
333578
196205
31364.1
-108319
-179739
-176608
-109507
3.50677e+06
3.50712e+06
3.5083e+06
3.51057e+06
3.51404e+06
3.51885e+06
3.52521e+06
3.53337e+06
3.54363e+06
3.55639e+06
3.57214e+06
3.5915e+06
3.61528e+06
3.64448e+06
3.68028e+06
3.72389e+06
3.77632e+06
3.83802e+06
3.9109e+06
3.99866e+06
4.10338e+06
4.22423e+06
4.35809e+06
4.4996e+06
4.6412e+06
4.77582e+06
4.89749e+06
5.00198e+06
5.08707e+06
5.15263e+06
5.19739e+06
5.17203e+06
5.04892e+06
4.85952e+06
4.62166e+06
4.33364e+06
3.99821e+06
3.62136e+06
3.21138e+06
2.7786e+06
2.33535e+06
1.89644e+06
1.47967e+06
1.1063e+06
800543
585175
448868
328371
190868
29851.5
-104016
-170574
-169341
-106795
3.50842e+06
3.50878e+06
3.51002e+06
3.5124e+06
3.51605e+06
3.52111e+06
3.52781e+06
3.53641e+06
3.54723e+06
3.56069e+06
3.57732e+06
3.59777e+06
3.62288e+06
3.65368e+06
3.69137e+06
3.7372e+06
3.79225e+06
3.85717e+06
3.93344e+06
4.02369e+06
4.12922e+06
4.24877e+06
4.37878e+06
4.51321e+06
4.64502e+06
4.76741e+06
4.87486e+06
4.9635e+06
5.03103e+06
5.07765e+06
5.10731e+06
5.07897e+06
4.96718e+06
4.78788e+06
4.55667e+06
4.27173e+06
3.93688e+06
3.55883e+06
3.14618e+06
2.70937e+06
2.26088e+06
1.8159e+06
1.39321e+06
1.01636e+06
717170
543721
491605
404579
254756
65552
-99667
-187706
-189397
-118738
3.5085e+06
3.50887e+06
3.51011e+06
3.5125e+06
3.51614e+06
3.52121e+06
3.52792e+06
3.53652e+06
3.54734e+06
3.56081e+06
3.57744e+06
3.5979e+06
3.62301e+06
3.65381e+06
3.69151e+06
3.73735e+06
3.7924e+06
3.85729e+06
3.93357e+06
4.0239e+06
4.12949e+06
4.24914e+06
4.37904e+06
4.51322e+06
4.64493e+06
4.76721e+06
4.87464e+06
4.9632e+06
5.03039e+06
5.07576e+06
5.10112e+06
5.07144e+06
4.96259e+06
4.78611e+06
4.55582e+06
4.27147e+06
3.93717e+06
3.55972e+06
3.14778e+06
2.71191e+06
2.26468e+06
1.82159e+06
1.40202e+06
1.03055e+06
738947
564175
480135
386875
243548
61591.6
-95946.9
-178338
-181145
-115632
3.50968e+06
3.51003e+06
3.51131e+06
3.51377e+06
3.51755e+06
3.52279e+06
3.52973e+06
3.53863e+06
3.54985e+06
3.5638e+06
3.58103e+06
3.60223e+06
3.62823e+06
3.66011e+06
3.69907e+06
3.7464e+06
3.8033e+06
3.87065e+06
3.94953e+06
4.04161e+06
4.14786e+06
4.26679e+06
4.39428e+06
4.52436e+06
4.65004e+06
4.76457e+06
4.86294e+06
4.94126e+06
4.99678e+06
5.02886e+06
5.04036e+06
5.00762e+06
4.91129e+06
4.7455e+06
4.51829e+06
4.23297e+06
3.89589e+06
3.51496e+06
3.09885e+06
2.65814e+06
2.20513e+06
1.75483e+06
1.32632e+06
942497
636062
491791
491699
491632
310373
94315.1
-96285.5
-200094
-199373
-120105
3.50975e+06
3.51012e+06
3.5114e+06
3.51387e+06
3.51764e+06
3.52289e+06
3.52984e+06
3.53874e+06
3.54996e+06
3.56392e+06
3.58116e+06
3.60235e+06
3.62836e+06
3.66024e+06
3.6992e+06
3.74654e+06
3.80342e+06
3.87075e+06
3.94963e+06
4.04176e+06
4.14812e+06
4.26701e+06
4.39434e+06
4.52429e+06
4.6497e+06
4.76413e+06
4.86255e+06
4.94087e+06
4.99624e+06
5.02778e+06
5.03725e+06
5.00399e+06
4.90815e+06
4.74373e+06
4.51737e+06
4.23277e+06
3.89634e+06
3.51595e+06
3.10058e+06
2.66098e+06
2.2095e+06
1.76181e+06
1.33811e+06
964423
678156
537331
491672
437513
288194
86624.2
-93605.5
-189141
-189641
-115254
3.51039e+06
3.51075e+06
3.51206e+06
3.51457e+06
3.51841e+06
3.52375e+06
3.53082e+06
3.53989e+06
3.55131e+06
3.56552e+06
3.58306e+06
3.60463e+06
3.6311e+06
3.66351e+06
3.70309e+06
3.75115e+06
3.80896e+06
3.87759e+06
3.95802e+06
4.0514e+06
4.15822e+06
4.27691e+06
4.40328e+06
4.53125e+06
4.65376e+06
4.76455e+06
4.85877e+06
4.9323e+06
4.98215e+06
5.00716e+06
5.00903e+06
4.97564e+06
4.88944e+06
4.73277e+06
4.50525e+06
4.21664e+06
3.87561e+06
3.49159e+06
3.07201e+06
2.62867e+06
2.17273e+06
1.71965e+06
1.29015e+06
908466
614830
512218
491745
476481
315189
99923.3
-94496.2
-201757
-197311
-125572
3.51047e+06
3.51085e+06
3.51216e+06
3.51467e+06
3.51851e+06
3.52386e+06
3.53093e+06
3.54e+06
3.55143e+06
3.56565e+06
3.58319e+06
3.60476e+06
3.63123e+06
3.66364e+06
3.70322e+06
3.75128e+06
3.80907e+06
3.87766e+06
3.95808e+06
4.0515e+06
4.1584e+06
4.27706e+06
4.40325e+06
4.53093e+06
4.65319e+06
4.76389e+06
4.85814e+06
4.93169e+06
4.9815e+06
5.00637e+06
5.00766e+06
4.97363e+06
4.88627e+06
4.72993e+06
4.50382e+06
4.21647e+06
3.87642e+06
3.4925e+06
3.07375e+06
2.63172e+06
2.17757e+06
1.72766e+06
1.30374e+06
933328
658297
536059
492268
442888
294431
91337.8
-92044.9
-188291
-188101
-123440
-4.43737e+06
487383
-4.69778e+06
734400
611216
-1.74531e+06
-7.47983e+06
-2.06969e+06
-9.09765e+06
-1.00747e+07
-4.79825e+06
601032
-4.07124e+06
676812
635783
-2.02758e+06
-6.59739e+06
-1.57339e+06
-1.00812e+07
-8.80308e+06
1.5505e+06
2.45333e+06
2.37293e+06
2.43343e+06
2.34048e+06
-9.95269e+06
-1.1282e+07
2.49114e+06
2.1377e+06
2.47985e+06
2.05014e+06
1.64544e+06
2.4169e+06
2.36485e+06
2.45849e+06
2.36881e+06
-1.12618e+07
-9.59145e+06
2.50131e+06
2.05737e+06
2.5697e+06
2.13268e+06
2.03482e+06
2.32555e+06
2.03185e+06
1.26516e+06
-76039
1.22824e+06
-182425
2.1672e+06
1.91262e+06
2.14173e+06
-684448
421840
-844605
290319
2.04597e+06
2.36727e+06
2.10209e+06
1.26901e+06
-121187
1.3211e+06
20738.3
2.16171e+06
2.00744e+06
2.21138e+06
-789332
336696
-525574
518675
1.74341e+06
2.34975e+06
1.71451e+06
2.29227e+06
1.64854e+06
2.28246e+06
1.60285e+06
-3.5232e+07
-7.6681e+06
-8.02799e+06
-8.74495e+06
-2.9112e+07
2.40135e+06
955505
2.38568e+06
-1.69006e+06
1.21864e+06
-1.90202e+06
1.173e+06
1.7297e+06
2.36268e+06
1.7577e+06
2.28438e+06
1.60721e+06
2.29233e+06
1.6374e+06
-3.40652e+07
-8.09688e+06
-7.80661e+06
-8.53883e+06
-3.29593e+07
2.38323e+06
1.08374e+06
2.38489e+06
-1.89449e+06
1.16094e+06
-1.6353e+06
1.22066e+06
1.93822e+06
2.36449e+06
1.91526e+06
2.53349e+06
2.327e+06
2.52873e+06
2.31522e+06
2.77877e+06
1.63893e+06
1.97152e+06
1.95954e+06
2.24427e+06
-9.01462e+06
-6.98399e+06
695370
-2.5741e+06
607245
1.70843e+06
2.57811e+06
1.63095e+06
2.54751e+06
1.89941e+06
2.37242e+06
1.94763e+06
2.52579e+06
2.30401e+06
2.53226e+06
2.33212e+06
2.56785e+06
1.47074e+06
1.86173e+06
2.46301e+06
1.92741e+06
-9.26465e+06
-9.47615e+06
589558
-2.25495e+06
666620
1.61328e+06
2.52422e+06
1.67566e+06
2.54151e+06
2.91705e+06
2.80039e+06
2.89955e+06
3.01349e+06
3.1668e+06
3.00864e+06
3.16384e+06
3.2774e+06
2.98817e+06
3.23522e+06
3.43541e+06
3.68233e+06
3.42871e+06
3.67151e+06
2.89788e+06
2.79635e+06
2.88954e+06
3.00675e+06
3.15918e+06
3.00495e+06
3.15597e+06
3.22881e+06
2.9932e+06
3.25121e+06
3.42365e+06
3.65886e+06
3.42313e+06
3.66333e+06
-2.25639e+06
-2.44329e+06
-5.07806e+06
-2.68469e+06
-2.58187e+06
-2.77725e+06
-4.92654e+06
-2.59968e+06
-2.66582e+06
-2.60981e+06
-1.71435e+06
481685
764941
418482
-1.35512e+06
-1.2976e+06
1.33377e+06
-1.51397e+06
279583
603127
251971
-1.53454e+06
-2.06991e+06
-607593
-3.42684e+07
-7.95362e+06
-8.20656e+06
-8.73204e+06
-3.29915e+07
-6.00052e+07
-5.10772e+07
-4.083e+07
-7.18597e+06
-1.04185e+07
-7.87821e+06
-3.25835e+07
-5.84737e+07
-5.74611e+07
-3.97359e+07
-7.67203e+06
-1.04398e+07
-8.12528e+06
-3.86973e+07
-3.27469e+06
-2.66429e+06
-5.01822e+06
-2.72977e+06
-2.92104e+06
-3.03699e+06
-4.74015e+06
-2.28908e+06
-2.49156e+06
-2.3953e+06
-1.60707e+06
243213
686635
-1.52487e+06
265437
-2.72274e+06
-1.44915e+06
-1.40899e+06
366920
632815
220162
-1.10327e+06
-2.55428e+06
844424
-3.49767e+07
-7.77122e+06
-7.37193e+06
-8.48004e+06
-2.89458e+07
-5.84544e+07
-5.76014e+07
-3.96888e+07
-7.68577e+06
-1.03633e+07
-3.86684e+07
-8.03253e+06
-5.96348e+07
-5.07197e+07
-4.06236e+07
-6.99177e+06
-1.02037e+07
-7.75183e+06
-3.22627e+07
-1.72853e+06
-44089.7
2.0919e+06
1.64409e+06
1.94463e+06
2.04527e+06
2.55102e+06
1.09874e+06
-866789
1.5002e+06
2.54523e+06
2.28195e+06
2.50781e+06
2.79455e+06
1.9421e+06
2.31217e+06
2.48081e+06
1.6099e+06
2.4649e+06
-9.51615e+06
-1.13374e+07
-5.82523e+06
-6.48061e+06
-7.85158e+06
-8.71555e+06
-9.4481e+06
-9.16476e+06
-1.14061e+07
-6.50961e+06
-6.64097e+06
-9.61999e+06
-226764
2.48017e+06
2.41772e+06
2.45355e+06
234957
-48022.3
2.4407e+06
2.48394e+06
-296629
2.48339e+06
3.08282e+06
156569
2.53768e+06
1.70067e+06
2.08106e+06
2.0842e+06
2.58279e+06
1.40011e+06
622982
2.16186e+06
2.48232e+06
2.28596e+06
1.76881e+06
2.43223e+06
1.90301e+06
2.31539e+06
2.47192e+06
2.44628e+06
2.17129e+06
-9.26833e+06
-1.12889e+07
-6.50774e+06
-9.70183e+06
-6.56158e+06
-8.63285e+06
-6.30524e+06
-9.15665e+06
-1.10156e+07
-5.63085e+06
-6.30352e+06
-7.35352e+06
-189614
2.50628e+06
2.52393e+06
-280781
2.56498e+06
8557.08
2.50025e+06
2.54224e+06
2.5117e+06
616544
-1.1751e+06
-543470
498998
277214
-690292
178429
-1.0946e+06
-1.39461e+06
-681368
517809
145278
-687429
-1.35834e+06
129888
-1.28736e+06
476642
-701580
156338
-725640
129948
-1.26284e+06
-1.43654e+07
-4.71585e+06
-2.04036e+06
-4.27599e+06
-5.50153e+06
-4.86194e+06
-1.2911e+07
-1.43301e+07
-2.23088e+06
-5.3712e+06
-4.7546e+06
-5.67391e+06
-5.08632e+06
-1.36639e+07
-1.2199e+06
559522
-505651
286989
-621164
177016
-1.01502e+06
-1.41069e+07
-5.29838e+06
-2.13835e+06
-4.74866e+06
-5.50901e+06
-1.35892e+07
-4.97659e+06
-1.412e+07
-1.8941e+06
-4.49781e+06
-4.09673e+06
-5.29114e+06
-4.69656e+06
-1.27033e+07
2.44918e+06
2.26906e+06
2.54089e+06
2.43919e+06
2.25421e+06
2.52973e+06
2.43756e+06
2.35973e+06
2.25801e+06
2.4388e+06
2.51903e+06
2.27518e+06
2.42464e+06
2.5085e+06
-201364
104534
2.28375e+06
2.09207e+06
-138126
2.23239e+06
-72322.6
-107134
-107898
2.05421e+06
2.24481e+06
-187295
-87160.2
2.23578e+06
2.38998e+06
2.21769e+06
2.50335e+06
2.42143e+06
2.40532e+06
2.23731e+06
2.49399e+06
2.41812e+06
2.31799e+06
2.44616e+06
2.52329e+06
2.30142e+06
2.51057e+06
2.42375e+06
-64837.7
-113356
2.25543e+06
2.06412e+06
-94629.1
-164321
2.27216e+06
-75007.1
148469
2.09023e+06
2.30461e+06
-99218.7
2.25864e+06
65870.6
-2.59983e+07
-2.06584e+07
-4.42749e+07
-3.59058e+07
-2.04823e+07
-2.54477e+07
-4.65733e+07
-2.1856e+07
-1.55201e+07
-1.80205e+07
-1.84176e+07
-2.29132e+07
-1.81243e+07
-1.92287e+07
-2.16982e+07
-2.55137e+07
-3.49681e+07
-1.83573e+07
-3.78524e+07
-1.97566e+07
-4.54915e+07
-2.18938e+07
-2.44777e+07
-2.00567e+07
-3.38561e+07
-4.28726e+07
-1.9669e+07
-2.45871e+07
-4.37125e+07
-2.06603e+07
-1.72349e+07
-2.03063e+07
-1.77532e+07
-2.40182e+07
-3.33249e+07
-1.91441e+07
-4.18994e+07
-2.36678e+07
-1.93002e+07
-4.30518e+07
-2.15164e+07
-1.78199e+07
-1.81288e+07
-2.10905e+07
2.55365e+06
6.54354e+06
2.35454e+06
2.36311e+06
3.06243e+06
2.74918e+06
2.42887e+06
3.83894e+06
1.70828e+06
1.77665e+06
4.40702e+06
2.56006e+06
2.06376e+06
2.28726e+06
2.75509e+06
2.84773e+06
2.62245e+06
5.50559e+06
2.23315e+06
6.78542e+06
2.32692e+06
2.17046e+06
-9.20252e+06
-9.34746e+06
2.31565e+06
2.75981e+06
2.30087e+06
2.22449e+06
2.41733e+06
2.21609e+06
2.36469e+06
2.08058e+06
1.56978e+06
1.40116e+06
2.15005e+06
1.99988e+06
1.73297e+06
1.7745e+06
1.92119e+06
2.41017e+06
2.60142e+06
3.42999e+06
2.31804e+06
2.33534e+06
4.15134e+06
2.27603e+06
-9.33467e+06
-9.37804e+06
-3.98936e+06
-2.89125e+06
-1.5786e+06
-1.86194e+06
-2.73528e+06
-4.09663e+06
-2.77024e+06
-6.95068e+06
-9.71796e+06
-1.21832e+07
-5.4886e+06
-8.2047e+06
-1.27632e+07
-1.32602e+07
-8.39699e+06
-3.68222e+06
-1.83025e+06
-2.7231e+06
-2.39519e+06
-2.69241e+06
-2.22462e+06
-3.64141e+06
-4.16404e+06
-2.87435e+06
-4.75692e+06
-2.46547e+06
-4.53763e+06
-2.89225e+06
-3.12354e+06
-7.85941e+06
-1.24716e+07
-1.26095e+07
-8.32326e+06
-7.89351e+06
-1.263e+07
-8.39503e+06
-1.24403e+07
-4.11229e+06
-2.51329e+06
-3.03397e+06
-4.11118e+06
-2.93263e+06
-2.31412e+06
-4.56691e+06
-762053
-685313
-5.43089e+06
-1.08966e+06
-720312
-3.11848e+06
-1.01426e+06
-523306
-235852
1.25432e+06
91424.5
67608.8
793991
1.7568e+06
-410022
-1.04124e+06
-982734
-674140
-3.8771e+06
-683828
-3.41139e+06
-199890
2.01447e+06
1.52162e+06
-764071
-915573
-1.4638e+06
-1.93352e+06
-983644
-740291
-733983
-381157
315052
-327205
870914
-1.01075e+06
-1.86623e+06
-921791
-1.59037e+06
-857350
-3.15367e+06
-812533
58941.3
1.51432e+06
253026
676705
-813262
-2.58047e+06
-2.46599e+07
-2.0304e+07
-4.3123e+07
-3.40445e+07
-2.48064e+07
-1.98627e+07
-4.39671e+07
-2.06873e+07
-1.72157e+07
-2.0323e+07
-1.76226e+07
-2.16142e+07
-1.7771e+07
-2.12115e+07
-1.80678e+07
-2.40948e+07
-3.34557e+07
-1.92023e+07
-4.18588e+07
-2.36873e+07
-1.93959e+07
-4.31702e+07
-6.28788e+07
-6.10872e+07
-3.01335e+07
-2.26676e+07
-5.98389e+07
-4.15746e+07
-2.22473e+07
-6.17159e+07
-3.00361e+07
-3.23007e+07
-3.39084e+07
-3.96605e+07
-2.70083e+07
-3.48481e+07
-4.26114e+07
-3.36759e+07
-4.43001e+07
-2.99882e+07
-4.02907e+07
-1.97968e+07
-5.05221e+07
-2.14556e+07
-6.0897e+07
-2.48051e+07
-5.9833e+07
-5.90781e+07
-2.85699e+07
-2.23292e+07
-3.96718e+07
-5.82253e+07
-2.18756e+07
-2.90615e+07
-5.87048e+07
-3.23254e+07
-4.17073e+07
-3.23784e+07
-4.17177e+07
-2.86591e+07
-3.90423e+07
-2.1363e+07
-5.80707e+07
-2.15257e+07
-5.94081e+07
-2.8476e+07
-3.21759e+07
-4.09512e+07
-3.23915e+07
-4.10468e+07
-5.17993e+06
-3.21326e+06
-3.17079e+06
-6.11748e+06
-3.21232e+06
-5.25659e+06
-6.08554e+06
-8.5973e+06
-1.25365e+07
-1.29957e+07
-8.49672e+06
-5.18796e+06
-3.02884e+06
-3.18504e+06
-5.0667e+06
-3.27879e+06
-4.95955e+06
-5.7162e+06
-8.72047e+06
-1.28432e+07
-1.27945e+07
-8.78795e+06
-4.08351e+06
-2.91221e+06
-6.09919e+06
-2.32609e+06
-4.87417e+06
-2.74674e+06
-3.38298e+06
-6.02945e+06
-8.26405e+06
-1.09628e+07
-5.23866e+06
-7.67551e+06
-1.30604e+07
-8.93159e+06
-1.26869e+07
-3.27428e+06
-2.01352e+06
-2.56028e+06
-2.03466e+06
-2.59379e+06
-92256.8
-3.47356e+06
-719365
-1.47723e+06
-1.01633e+06
-1.09784e+06
-1.09051e+06
-655165
-668374
-234266
261043
291871
-302205
-703589
-1.56177e+06
-1.00203e+06
-847464
-1.01006e+06
-754102
-759018
-44149.1
932820
1.0146e+06
65754.6
-1.98765e+06
-1.35717e+06
-718096
-922780
-39834
-1.1615e+06
-921830
-396193
491758
-1.22945e+06
165494
427486
-453492
274080
2.29571e+06
939314
1.09838e+06
-1.32462e+06
-1.25151e+06
-686716
-3.28862e+06
-700010
-3.77902e+06
-424392
-320647
-1.89499e+06
-2.56691e+07
-2.03954e+07
-4.39456e+07
-3.56424e+07
-2.51879e+07
-2.02019e+07
-4.61971e+07
-2.13077e+07
-1.43862e+07
-1.71777e+07
-1.80705e+07
-2.25513e+07
-1.80967e+07
-2.14963e+07
-1.88153e+07
-2.5153e+07
-3.46945e+07
-1.81085e+07
-3.77774e+07
-1.94989e+07
-4.48997e+07
-2.16931e+07
-5.96743e+07
-5.90272e+07
-2.85528e+07
-3.96293e+07
-2.22056e+07
-5.8368e+07
-2.17871e+07
-5.87834e+07
-2.9068e+07
-3.23728e+07
-4.17743e+07
-3.24135e+07
-4.18061e+07
-2.86318e+07
-3.89551e+07
-2.13239e+07
-5.81411e+07
-2.84523e+07
-2.14569e+07
-5.93996e+07
-3.22244e+07
-4.08608e+07
-3.2418e+07
-4.1106e+07
-6.24792e+07
-6.06585e+07
-2.96975e+07
-2.24908e+07
-5.93433e+07
-4.12974e+07
-2.20173e+07
-2.97134e+07
-6.09659e+07
-3.14892e+07
-3.29598e+07
-3.89536e+07
-2.61983e+07
-3.40969e+07
-4.18841e+07
-3.3133e+07
-4.34134e+07
-2.94265e+07
-3.99482e+07
-1.94837e+07
-4.98006e+07
-2.11714e+07
-6.0081e+07
-2.42847e+07
-2.0516e+06
-2.99466e+06
2.06577e+06
918688
2.26663e+06
2.32885e+06
1.94977e+06
1.94036e+06
2.20251e+06
1.92488e+06
1.65892e+06
2.36569e+06
1.5804e+06
1.68834e+06
1.70963e+06
1.44359e+06
1.30957e+06
2.25494e+06
2.21021e+06
4.12606e+06
2.28296e+06
2.40228e+06
1.6615e+06
2.36857e+06
2.60741e+06
199680
1.18258e+06
-1.74606e+06
2.34831e+06
1.31802e+06
-2.3033e+06
2.23533e+06
1.45679e+06
463778
908910
556582
1.20419e+06
263391
-58515.9
414092
-42186.6
1.09517e+06
1.26457e+06
-381239
2.43366e+06
-2.52828e+06
2.30018e+06
1.85636e+06
1.7265e+06
962839
1.98094e+06
2.21766e+06
336148
1.82133e+06
2.22562e+06
899385
197435
311301
775720
844022
299737
913362
359617
1.75738e+06
1.79759e+06
-1.05751e+06
2.3437e+06
580517
2.21544e+06
1.68017e+06
-1.97315e+07
-2.53288e+07
-8.3995e+06
-9.49295e+06
-2.53348e+07
-1.98616e+07
-8.22802e+06
-2.80235e+07
-3.38345e+07
-3.85529e+07
-2.47761e+07
-3.10552e+07
-4.17996e+07
-4.36672e+07
-2.99034e+07
-1.91103e+07
-9.52767e+06
-2.08645e+07
-7.55316e+06
-2.48261e+07
-8.04837e+06
-1.54206e+07
-8.89143e+06
-9.12686e+06
-1.92559e+07
-2.47052e+07
-8.2684e+06
-9.26404e+06
-1.93746e+07
-2.48966e+07
-8.23365e+06
-2.93338e+07
-4.13366e+07
-4.11776e+07
-2.9582e+07
-2.93013e+07
-4.02797e+07
-4.07943e+07
-2.90093e+07
-1.93395e+07
-9.51418e+06
-2.55874e+07
-8.41744e+06
-2.51379e+07
-8.3146e+06
-1.97106e+07
794690
-1.15348e+06
1.81297e+06
-281119
-1.26953e+06
1.78098e+06
764668
1.0434e+06
1.20609e+06
654329
1.74954e+06
452095
-80025.9
-34943.4
404838
1.00654e+06
-334651
245671
1.83382e+06
-1.0124e+06
1.78727e+06
1.46796e+06
900189
-973158
-66290.8
1.88394e+06
-963553
894720
1.87073e+06
634555
11604.9
247804
466204
659778
126916
239300
561668
802914
-151733
-1.4096e+06
1.81322e+06
-1.15585e+06
1.811e+06
767685
139222
762549
2.26815e+06
2.54406e+06
2.33661e+06
2.1043e+06
2.3528e+06
857356
2.42631e+06
3.0433e+06
2.19109e+06
1.68286e+06
3.19272e+06
2.29693e+06
2.46792e+06
2.12959e+06
2.14558e+06
2.43635e+06
2.15284e+06
1.55022e+06
2.40424e+06
2.50014e+06
2.37729e+06
2.35175e+06
833462
1.23396e+06
1.86882e+06
1.74975e+06
1.66025e+06
2.26815e+06
745928
2.2834e+06
2.03436e+06
1.08515e+06
282779
716383
454632
1.87119e+06
1.80685e+06
-500561
2.29509e+06
1.67993e+06
279597
2.33211e+06
1.27034e+06
441947
1.3025e+06
651206
1.84362e+06
-221845
2.2931e+06
1.88815e+06
1.176e+06
1.80701e+06
2.21778e+06
1.50281e+06
1.34811e+06
1.35375e+06
1.50893e+06
1.21085e+06
-118823
667307
734047
1.88177e+06
1.87772e+06
1.43251e+06
2.31922e+06
1.22216e+06
2.25146e+06
2.11004e+06
-1.92855e+07
-2.49806e+07
-9.41034e+06
-8.21939e+06
-2.52535e+07
-1.93228e+07
-8.23901e+06
-2.93064e+07
-4.1339e+07
-4.11902e+07
-2.95367e+07
-2.93634e+07
-4.01135e+07
-4.08442e+07
-2.88951e+07
-1.93455e+07
-9.62854e+06
-2.57467e+07
-8.44078e+06
-2.53429e+07
-1.96938e+07
-8.34362e+06
-8.36935e+06
-8.6326e+06
-1.90086e+07
-2.46695e+07
-8.10912e+06
-8.87953e+06
-1.93302e+07
-2.43172e+07
-7.84072e+06
-2.71808e+07
-3.31553e+07
-3.78461e+07
-2.40427e+07
-3.00761e+07
-4.10316e+07
-4.26401e+07
-2.92228e+07
-1.83885e+07
-8.92452e+06
-1.99625e+07
-7.16374e+06
-2.38257e+07
-7.64214e+06
-1.47821e+07
940133
-184716
-1.4332e+06
1.95757e+06
-1.21369e+06
1.92943e+06
868198
698994
233841
622156
333070
850202
-208651
-1.24547e+06
1.83094e+06
-1.23592e+06
839313
1.84308e+06
730855
36085.8
401765
485929
1.13218e+06
-991136
1.96582e+06
191605
-614302
883896
2.00833e+06
1.41195e+06
1.7021e+06
1.18166e+06
1.91444e+06
851959
-97070.4
530717
439458
1.3298e+06
113233
687225
2.03739e+06
-526332
2.02788e+06
1.71131e+06
)
;

boundaryField
{
    inlet
    {
        type            zeroGradient;
    }
    outlet
    {
        type            fixedValue;
        value           uniform 101325;
    }
    rightSide
    {
        type            symmetryPlane;
    }
    leftSide
    {
        type            symmetryPlane;
    }
    duct
    {
        type            zeroGradient;
    }
    cylinder
    {
        type            zeroGradient;
    }
}


// ************************************************************************* //
