/*--------------------------------*- C++ -*----------------------------------*\
| =========                 |                                                 |
| \\      /  F ield         | OpenFOAM: The Open Source CFD Toolbox           |
|  \\    /   O peration     | Version:  4.1                                   |
|   \\  /    A nd           | Web:      www.OpenFOAM.org                      |
|    \\/     M anipulation  |                                                 |
\*---------------------------------------------------------------------------*/
FoamFile
{
    version     2.0;
    format      ascii;
    class       volScalarField;
    location    "98";
    object      omega;
}
// * * * * * * * * * * * * * * * * * * * * * * * * * * * * * * * * * * * * * //

dimensions      [0 0 -1 0 0 0 0];

internalField   nonuniform List<scalar> 
4432
(
0.0111123
0.0114308
0.0118242
0.0121459
0.012516
0.0128403
0.0131873
0.0135127
0.0138386
0.0141614
0.0144682
0.0147842
0.0150748
0.0153804
0.0156572
0.0159494
0.0162141
0.0164918
0.0167455
0.0170089
0.0172526
0.0175043
0.0177398
0.0179827
0.0182136
0.0184508
0.0186802
0.0189149
0.0191431
0.0193769
0.0196031
0.0198344
0.0200478
0.0202703
0.0204678
0.0206817
0.0208626
0.0210687
0.0212338
0.0214332
0.0215836
0.0217747
0.0219107
0.0220923
0.0222143
0.0223851
0.0224936
0.0226555
0.0227534
0.0229079
0.0229964
0.0231473
0.0232336
0.0233923
0.0111112
0.0114321
0.011821
0.0121479
0.0125124
0.0128418
0.0131849
0.0135124
0.0138387
0.0141583
0.0144716
0.0147777
0.0150817
0.0153706
0.015667
0.0159373
0.0162259
0.0164787
0.0167581
0.016996
0.0172648
0.0174928
0.0177508
0.0179732
0.0182227
0.0184436
0.0186874
0.0189095
0.0191487
0.019373
0.0196074
0.0198313
0.0200506
0.0202679
0.0204695
0.0206803
0.0208637
0.0210683
0.0212347
0.021433
0.0215835
0.0217739
0.0219095
0.0220906
0.0222122
0.0223833
0.0224922
0.0226543
0.0227524
0.0229074
0.0229959
0.0231488
0.0232135
0.023414
21.7962
3.38025
1.22847
0.663247
0.436346
0.320355
0.251519
0.20644
0.174808
0.151453
0.133533
0.119373
0.107902
0.0984396
0.0904901
0.0837384
0.0779146
0.0728654
0.0684207
0.0645095
0.0610097
0.0578961
0.0550713
0.0525363
0.0502092
0.0481045
0.0461551
0.0443763
0.042721
0.0411923
0.0397693
0.0384349
0.0371802
0.0359942
0.0348883
0.0338334
0.032864
0.031925
0.0310784
0.0302395
0.0294995
0.0287454
0.0280953
0.0274116
0.0268365
0.0262118
0.0256995
0.0251237
0.0246652
0.024133
0.0237197
0.0232285
0.0228642
0.0222856
21.7962
3.38025
1.22847
0.663246
0.436346
0.320355
0.251519
0.20644
0.174807
0.151453
0.133532
0.119373
0.107901
0.0984398
0.0904887
0.0837388
0.0779126
0.072866
0.0684183
0.0645106
0.0610068
0.0578977
0.0550678
0.0525384
0.0502049
0.0481073
0.0461498
0.0443795
0.0427143
0.0411962
0.0397609
0.0384401
0.0371705
0.036002
0.0348778
0.0338441
0.0328527
0.0319376
0.0310662
0.0302508
0.0294863
0.0287513
0.0280834
0.0274097
0.0268288
0.0262032
0.0256956
0.0251117
0.0246627
0.0241194
0.0237177
0.0232316
0.022769
0.0222579
21.7959
3.38042
1.22871
0.663502
0.436601
0.3206
0.251752
0.206653
0.175
0.151637
0.133714
0.119553
0.108085
0.098623
0.0906775
0.0839261
0.0781064
0.0730567
0.0686163
0.0647035
0.0612084
0.058092
0.0552725
0.0527332
0.050412
0.0483018
0.0463579
0.0445734
0.0429218
0.0413883
0.039968
0.038631
0.0373979
0.0362172
0.0351398
0.0340865
0.0331415
0.0321948
0.0313629
0.0305069
0.0297702
0.028992
0.0283362
0.0276242
0.0270395
0.0263824
0.0258619
0.0252512
0.0247887
0.0242148
0.0238214
0.0232295
0.0230229
0.0220923
21.7959
3.38042
1.22871
0.663501
0.4366
0.3206
0.251751
0.206653
0.175
0.151637
0.133713
0.119553
0.108084
0.0986236
0.0906758
0.0839268
0.0781042
0.0730576
0.0686135
0.0647049
0.0612052
0.058094
0.0552685
0.0527357
0.0504071
0.0483049
0.046352
0.044577
0.0429147
0.0413925
0.03996
0.0386362
0.0373895
0.0362242
0.0351314
0.0340956
0.0331329
0.0322046
0.0313533
0.030515
0.02976
0.0289967
0.0283256
0.0276248
0.0270281
0.0263802
0.0258498
0.0252475
0.024778
0.024208
0.0238172
0.0232074
0.0230292
0.0221087
21.796
3.38034
1.22864
0.663442
0.436548
0.320553
0.251709
0.206613
0.174962
0.151599
0.133678
0.119517
0.108051
0.0985872
0.0906443
0.0838901
0.0780744
0.0730207
0.0685867
0.0646688
0.061183
0.05806
0.0552528
0.0527055
0.050399
0.0482796
0.0463515
0.0445573
0.0429205
0.0413783
0.0399702
0.0386271
0.0374026
0.0362191
0.035146
0.0340924
0.0331472
0.0322012
0.0313659
0.03051
0.02977
0.0289901
0.0283325
0.0276173
0.0270323
0.0263729
0.0258521
0.0252415
0.0247787
0.0242035
0.0238102
0.0232082
0.0230098
0.0220757
21.796
3.38034
1.22864
0.663441
0.436547
0.320553
0.251709
0.206613
0.174962
0.1516
0.133677
0.119517
0.108049
0.0985884
0.090642
0.0838914
0.0780717
0.073022
0.0685836
0.06467
0.0611798
0.0580612
0.0552493
0.0527068
0.0503952
0.0482814
0.0463475
0.0445594
0.0429161
0.0413806
0.0399654
0.0386293
0.0373978
0.0362212
0.0351416
0.0340945
0.0331432
0.0322037
0.0313612
0.0305135
0.0297631
0.0289937
0.0283241
0.0276187
0.0270253
0.026369
0.0258486
0.0252315
0.0247754
0.0241962
0.0237826
0.0232745
0.0227657
0.0222289
21.7961
3.38032
1.22862
0.663421
0.436529
0.320535
0.251691
0.206594
0.174943
0.151579
0.133657
0.119494
0.108027
0.0985626
0.0906174
0.0838631
0.0780452
0.0729922
0.0685565
0.0646404
0.0611542
0.058034
0.0552285
0.0526845
0.0503826
0.0482656
0.0463448
0.0445498
0.0429228
0.0413754
0.0399794
0.0386273
0.0374157
0.0362214
0.0351596
0.0340963
0.0331589
0.0322063
0.0313742
0.030516
0.0297743
0.028996
0.0283335
0.0276231
0.0270315
0.0263786
0.0258508
0.025246
0.0247774
0.0242073
0.0237887
0.0232902
0.0227125
0.0221919
21.7961
3.38032
1.22861
0.66342
0.436529
0.320535
0.251691
0.206594
0.174943
0.151579
0.133657
0.119494
0.108026
0.0985623
0.0906166
0.0838631
0.0780436
0.0729928
0.0685537
0.064642
0.0611499
0.0580371
0.0552224
0.0526896
0.0503748
0.0482727
0.0463357
0.0445581
0.0429129
0.0413835
0.0399701
0.0386334
0.0374084
0.0362247
0.0351554
0.0340968
0.0331574
0.0322048
0.0313742
0.0305129
0.0297743
0.028992
0.0283327
0.0276185
0.0270294
0.0263729
0.025847
0.0252387
0.024769
0.0242019
0.0237764
0.0232586
0.022819
0.0222504
21.7961
3.38032
1.2286
0.663403
0.43651
0.320515
0.251669
0.20657
0.174919
0.151551
0.13363
0.119462
0.107997
0.0985253
0.0905851
0.0838212
0.0780105
0.0729467
0.0685209
0.064594
0.0611202
0.0579911
0.0551999
0.052651
0.0503634
0.0482455
0.0463359
0.044543
0.042922
0.0413792
0.0399838
0.0386379
0.037423
0.0362352
0.0351679
0.0341103
0.0331671
0.0322183
0.0313816
0.0305249
0.0297806
0.0290026
0.0283399
0.0276288
0.0270385
0.0263835
0.0258581
0.0252486
0.0247799
0.0242104
0.0237847
0.0232574
0.0228467
0.0222527
21.7961
3.38031
1.2286
0.663402
0.436509
0.320514
0.251669
0.20657
0.174919
0.151551
0.13363
0.119461
0.107997
0.0985238
0.0905859
0.0838189
0.0780119
0.0729435
0.0685229
0.0645897
0.0611232
0.0579857
0.055204
0.0526445
0.0503686
0.048238
0.0463422
0.0445346
0.0429293
0.0413695
0.0399917
0.0386269
0.0374314
0.0362229
0.0351774
0.0340972
0.0331778
0.0322048
0.0313929
0.0305111
0.0297919
0.0289883
0.0283496
0.0276139
0.0270452
0.0263679
0.0258601
0.0252333
0.0247777
0.0241955
0.0237795
0.0232568
0.0227949
0.0222384
21.7961
3.38031
1.22859
0.663387
0.436492
0.320495
0.251647
0.206547
0.174893
0.151525
0.133601
0.119431
0.107962
0.0984897
0.0905453
0.08378
0.0779661
0.0729002
0.0684737
0.0645444
0.0610745
0.0579432
0.0551623
0.0526113
0.0503407
0.0482199
0.046331
0.0445313
0.0429312
0.0413769
0.0400025
0.0386412
0.0374475
0.036241
0.0351953
0.0341158
0.0331946
0.0322221
0.0314073
0.0305262
0.0298038
0.0290016
0.0283601
0.0276257
0.0270558
0.026378
0.0258714
0.025241
0.0247888
0.0242012
0.0237888
0.0232601
0.0228087
0.0222451
21.7961
3.38031
1.22859
0.663386
0.436491
0.320494
0.251647
0.206547
0.174894
0.151524
0.133601
0.11943
0.107963
0.0984878
0.0905464
0.0837778
0.0779671
0.072898
0.0684743
0.0645424
0.0610746
0.0579414
0.055162
0.05261
0.0503403
0.0482189
0.0463304
0.0445306
0.0429302
0.0413767
0.0400002
0.0386417
0.0374434
0.0362427
0.0351896
0.0341192
0.0331878
0.0322265
0.0314
0.0305304
0.0297961
0.0290043
0.0283517
0.0276263
0.0270454
0.0263768
0.0258588
0.0252379
0.0247759
0.0241932
0.0237864
0.0232172
0.0229458
0.0220107
21.7961
3.3803
1.22858
0.663372
0.436474
0.320475
0.251625
0.206524
0.174867
0.151497
0.133568
0.119398
0.107923
0.098451
0.0904974
0.0837351
0.0779093
0.0728498
0.0684093
0.0644911
0.0610073
0.0578928
0.0551016
0.0525739
0.0502989
0.0482038
0.0463131
0.0445345
0.0429318
0.0413922
0.0400146
0.0386637
0.0374659
0.0362672
0.0352154
0.0341426
0.0332131
0.0322469
0.0314224
0.0305477
0.0298151
0.0290192
0.0283682
0.0276397
0.0270608
0.0263888
0.0258738
0.0252484
0.0247892
0.0242054
0.0237891
0.0232641
0.0228024
0.0222444
21.7961
3.3803
1.22858
0.663371
0.436473
0.320474
0.251625
0.206523
0.174867
0.151496
0.133569
0.119397
0.107924
0.0984483
0.0904997
0.0837313
0.0779124
0.0728448
0.0684132
0.064485
0.0610117
0.0578863
0.0551064
0.0525671
0.0503037
0.0481971
0.0463177
0.0445283
0.042936
0.0413866
0.0400178
0.0386582
0.0374673
0.0362616
0.0352152
0.0341377
0.033212
0.0322433
0.0314211
0.030545
0.0298136
0.0290166
0.0283657
0.0276361
0.0270569
0.0263838
0.0258678
0.0252421
0.0247818
0.0241983
0.0237816
0.0232585
0.0227921
0.0222364
21.7962
3.3803
1.22857
0.663358
0.436456
0.320455
0.251604
0.206499
0.17484
0.151466
0.133536
0.119361
0.107884
0.098405
0.0904502
0.0836792
0.0778521
0.0727838
0.068342
0.0644175
0.0609339
0.0578205
0.0550341
0.0525196
0.050256
0.0481839
0.0463024
0.0445447
0.0429417
0.0414189
0.0400356
0.0386986
0.0374916
0.0363034
0.0352416
0.0341758
0.0332375
0.0322746
0.0314438
0.030569
0.0298322
0.0290345
0.0283801
0.0276504
0.0270675
0.0263962
0.0258759
0.0252537
0.024789
0.0242089
0.0237901
0.0232678
0.0228021
0.0222471
21.7962
3.3803
1.22856
0.663357
0.436456
0.320454
0.251603
0.206499
0.17484
0.151466
0.133536
0.11936
0.107884
0.0984039
0.0904506
0.0836777
0.0778527
0.0727817
0.0683428
0.0644148
0.0609349
0.0578174
0.0550355
0.0525161
0.0502577
0.0481794
0.0463049
0.0445396
0.0429449
0.041413
0.0400389
0.038691
0.0374943
0.0362943
0.0352436
0.0341666
0.0332391
0.0322664
0.0314447
0.0305618
0.0298326
0.0290276
0.0283798
0.0276427
0.027066
0.0263874
0.0258726
0.0252443
0.0247841
0.0242005
0.0237837
0.0232611
0.0227945
0.0222407
21.7962
3.38029
1.22856
0.663345
0.43644
0.320436
0.251582
0.206475
0.174814
0.151437
0.133503
0.119324
0.107842
0.098359
0.0903976
0.0836214
0.0777859
0.0727119
0.0682605
0.0643324
0.0608412
0.0577319
0.0549484
0.0524541
0.050209
0.0481741
0.0463089
0.0445768
0.0429729
0.0414679
0.0400762
0.0387524
0.0375354
0.0363557
0.0352884
0.0342242
0.0332872
0.0323177
0.0314934
0.0306065
0.0298779
0.0290675
0.0284199
0.027679
0.0271022
0.0264205
0.0259069
0.025275
0.0248181
0.0242281
0.0238271
0.0232496
0.0229886
0.0220543
21.7962
3.38029
1.22855
0.663343
0.436439
0.320435
0.251582
0.206475
0.174814
0.151436
0.133503
0.119323
0.107843
0.0983579
0.0903978
0.0836203
0.077786
0.0727107
0.0682605
0.0643312
0.060841
0.057731
0.0549474
0.0524537
0.0502062
0.0481743
0.046306
0.044576
0.042971
0.0414657
0.0400761
0.0387487
0.0375361
0.0363513
0.035288
0.034221
0.0332842
0.0323174
0.0314883
0.0306091
0.0298727
0.0290707
0.028416
0.0276809
0.0270987
0.0264205
0.025903
0.0252729
0.0248138
0.0242245
0.0238195
0.0232506
0.0229751
0.0220416
21.7962
3.38029
1.22855
0.663331
0.436424
0.320418
0.251561
0.206454
0.174786
0.151412
0.133467
0.119293
0.107796
0.09832
0.090337
0.0835711
0.0777068
0.0726459
0.0681595
0.0642476
0.0607204
0.057636
0.0548312
0.052391
0.0501737
0.0482072
0.046361
0.0446653
0.0430584
0.0415722
0.0401748
0.0388516
0.0376294
0.036435
0.0353693
0.0342835
0.033354
0.0323638
0.0315474
0.0306457
0.0299215
0.0291017
0.0284549
0.0277089
0.0271294
0.0264472
0.0259281
0.0252996
0.0248359
0.0242549
0.0238352
0.0233171
0.0228554
0.0222952
21.7962
3.38029
1.22854
0.663329
0.436423
0.320418
0.251562
0.206453
0.174788
0.151409
0.13347
0.119289
0.1078
0.0983143
0.0903429
0.083563
0.0777151
0.0726348
0.0681701
0.0642337
0.0607325
0.057621
0.0548427
0.0523769
0.0501852
0.0481934
0.0463706
0.0446519
0.0430663
0.0415621
0.0401801
0.0388453
0.0376306
0.0364324
0.0353658
0.0342843
0.0333474
0.0323671
0.0315402
0.03065
0.029915
0.029106
0.028449
0.0277117
0.0271236
0.0264473
0.025922
0.0252967
0.02483
0.0242457
0.0238397
0.0232646
0.0230084
0.0220665
21.7962
3.38029
1.22854
0.66332
0.436408
0.320406
0.251538
0.206443
0.174752
0.151403
0.133417
0.119287
0.107726
0.0983154
0.0902408
0.0835651
0.0775764
0.0726323
0.0679855
0.0642177
0.0605069
0.0575843
0.0546514
0.052382
0.0502573
0.0484501
0.0466866
0.0450532
0.0434524
0.0419875
0.0405754
0.0392648
0.0380106
0.0368267
0.0357166
0.0346472
0.0336664
0.032701
0.031832
0.0309607
0.0301869
0.029399
0.0287091
0.0279933
0.0273835
0.0267233
0.0261971
0.0255732
0.0251299
0.0245447
0.024161
0.0236138
0.0233966
0.0224176
21.7962
3.38029
1.22854
0.663318
0.436408
0.320405
0.251539
0.206441
0.174754
0.151399
0.133422
0.11928
0.107734
0.0983044
0.0902536
0.0835488
0.077595
0.0726092
0.0680114
0.0641872
0.0605386
0.0575536
0.0546731
0.052376
0.0502639
0.0484462
0.046687
0.0450319
0.0434491
0.0419749
0.0405769
0.0392622
0.0380116
0.0368304
0.0357139
0.0346509
0.033659
0.0326993
0.0318205
0.030951
0.0301712
0.0293834
0.0286853
0.027978
0.0273423
0.0267143
0.026132
0.0255655
0.0250485
0.0245177
0.0240668
0.0236304
0.0229782
0.0224604
21.7962
3.38028
1.22853
0.663311
0.436395
0.320397
0.251517
0.206436
0.17472
0.1514
0.13337
0.11929
0.107656
0.0983268
0.0901388
0.0835864
0.0774261
0.0726677
0.0677554
0.0642833
0.0601573
0.0577533
0.054294
0.0529788
0.0509755
0.0507213
0.0500486
0.0489263
0.0471458
0.0454633
0.0437426
0.0422125
0.0406749
0.0393378
0.0380116
0.0368267
0.0357031
0.0346649
0.0336734
0.0328026
0.0319084
0.0311751
0.0303361
0.0296878
0.0289231
0.0282717
0.0276139
0.0269845
0.0263461
0.0257917
0.0251469
0.0245177
0.0240132
0.0234464
21.7962
3.38028
1.22853
0.66331
0.436395
0.320396
0.251519
0.206433
0.174724
0.151393
0.133379
0.119277
0.107673
0.0983045
0.0901665
0.0835503
0.0774706
0.0726098
0.067828
0.0641906
0.0602668
0.0576351
0.0543902
0.0529997
0.0510039
0.0505432
0.0492511
0.0479857
0.0462546
0.0445698
0.0429511
0.0414155
0.0399871
0.0386362
0.0373986
0.0362027
0.0351361
0.0340744
0.0331456
0.0322163
0.0313846
0.0305982
0.029817
0.029202
0.0284282
0.0279588
0.027246
0.0267568
0.0259827
0.0255187
0.0247766
0.0241999
0.0236483
0.0227495
21.7962
3.38028
1.22853
0.663303
0.436397
0.320371
0.251536
0.206381
0.174769
0.151302
0.133461
0.119135
0.1078
0.0980972
0.0903467
0.083263
0.0777076
0.0722176
0.0681222
0.0636558
0.0605911
0.0569704
0.0551634
0.0546669
0.0636491
0.115517
0.11237
0.110834
0.109505
0.106172
0.102302
0.0986037
0.0949607
0.0914152
0.0879395
0.0846717
0.081596
0.0787417
0.0761063
0.0736676
0.0714528
0.0693841
0.0675347
0.0657807
0.0642444
0.0627598
0.0615125
0.0602412
0.0592367
0.0582762
0.0565929
0.0558185
0.0543586
0.0527501
21.7962
3.38028
1.22853
0.663301
0.436396
0.320371
0.251535
0.206383
0.174766
0.151306
0.133455
0.119142
0.10779
0.0981095
0.0903313
0.0832806
0.077686
0.0722429
0.0680924
0.0636824
0.0605809
0.0569807
0.0551381
0.0544041
0.0591985
0.0881604
0.0901674
0.0946106
0.0959136
0.0951677
0.0929385
0.0919776
0.0899427
0.0875309
0.0849291
0.0823253
0.0798011
0.0773784
0.0751427
0.0729896
0.0711018
0.0692056
0.0676784
0.0659558
0.0648594
0.0630738
0.0627724
0.0596376
0.0585021
0.0579141
0.0570166
0.0555612
0.0553849
0.0526036
21.7962
3.38028
1.22853
0.663298
0.436396
0.320362
0.25154
0.206362
0.174781
0.151269
0.133484
0.119084
0.107837
0.0980235
0.090401
0.0831543
0.0777879
0.0720558
0.0681978
0.0635856
0.0600313
0.0568087
0.0559758
0.070448
0.326286
0.360908
0.206587
0.12944
0.111042
0.101822
0.0965128
0.0928961
0.089557
0.0861273
0.0826817
0.0793594
0.0762008
0.0732129
0.0704087
0.0677696
0.0653197
0.0630094
0.0608649
0.0588377
0.0569208
0.055144
0.0533716
0.0518315
0.050104
0.0488123
0.0470514
0.0459654
0.0442044
0.043155
21.7962
3.38028
1.22852
0.663296
0.436397
0.320358
0.251545
0.206353
0.174792
0.151254
0.133502
0.119062
0.107862
0.0979952
0.0904301
0.0831248
0.0778159
0.0720169
0.0682974
0.0632591
0.0610201
0.056188
0.056242
0.0682195
0.238679
0.320602
0.177062
0.146286
0.120007
0.104815
0.0973134
0.0930283
0.0894329
0.0859369
0.0825061
0.0792414
0.0761598
0.0732668
0.0705654
0.0680301
0.0656872
0.0634677
0.0614243
0.0594712
0.0576502
0.0559368
0.0542343
0.0527743
0.05104
0.0498631
0.0480613
0.0470563
0.0453515
0.044286
21.7962
3.38028
1.22853
0.663299
0.436397
0.32036
0.251542
0.206358
0.174786
0.151262
0.133494
0.119071
0.107854
0.0980016
0.0904269
0.0831246
0.0778144
0.0720375
0.0682172
0.0634523
0.060758
0.0559483
0.0587111
0.10851
0.197614
0.206907
0.130694
0.112271
0.102434
0.0970021
0.0932764
0.0898713
0.0864013
0.0829395
0.0796233
0.0764566
0.0735099
0.0707072
0.0681607
0.0657283
0.0635783
0.0614677
0.0596966
0.0577831
0.0564476
0.0546406
0.0528416
0.0515946
0.04991
0.0486942
0.0471484
0.046253
0.0443783
21.7962
3.38028
1.22853
0.663298
0.436395
0.320362
0.251538
0.206363
0.17478
0.151268
0.133487
0.119077
0.107849
0.0980048
0.0904255
0.0831214
0.0778267
0.0720058
0.0682706
0.0634314
0.0604398
0.0566767
0.0555308
0.113263
0.171238
0.177625
0.145658
0.119617
0.104779
0.0973414
0.0929913
0.0894077
0.0859395
0.0825776
0.0794174
0.076455
0.0737275
0.0711789
0.0688594
0.0666974
0.0647345
0.0629135
0.0612436
0.0596843
0.0583453
0.0566815
0.0565375
0.0522049
0.0520264
0.0507995
0.0505953
0.0483349
0.0469501
21.7962
3.38028
1.22853
0.663304
0.436397
0.320371
0.251536
0.206381
0.174769
0.151302
0.13346
0.119135
0.107799
0.0980983
0.0903441
0.0832643
0.0777038
0.0722221
0.0681088
0.0636743
0.0605713
0.056961
0.0552217
0.057157
0.106694
0.116264
0.111316
0.110745
0.108802
0.105758
0.102048
0.0983737
0.0947579
0.0911333
0.0875905
0.0842063
0.0809623
0.07797
0.0750454
0.0724703
0.0698292
0.0676694
0.0652527
0.0634765
0.0612252
0.0597714
0.0576546
0.056421
0.054426
0.0533124
0.0513936
0.0502752
0.0484763
0.0472403
21.7962
3.38028
1.22853
0.663303
0.436396
0.320372
0.251534
0.206384
0.174765
0.151306
0.133455
0.11914
0.107793
0.0981029
0.0903397
0.0832675
0.0777013
0.0722212
0.0681165
0.0636547
0.0605916
0.0569709
0.0551679
0.0569598
0.0872423
0.0889087
0.0909971
0.0949436
0.0963637
0.0958214
0.0938825
0.091508
0.0888696
0.0859315
0.0829634
0.079994
0.07717
0.0744631
0.0718841
0.0694997
0.0671366
0.0650846
0.0628613
0.0611433
0.0589679
0.0575823
0.0553764
0.0542716
0.0520444
0.0510586
0.0489723
0.0482253
0.046028
0.0456926
21.7962
3.38028
1.22853
0.663314
0.436395
0.320399
0.251515
0.20644
0.174715
0.151407
0.133361
0.119301
0.107642
0.0983415
0.0901193
0.0836056
0.0774014
0.0726891
0.0677316
0.0642958
0.0601446
0.0577636
0.0542534
0.0530807
0.0509047
0.0505306
0.0499581
0.0487898
0.0470892
0.0453247
0.0436746
0.0420241
0.0405641
0.0391003
0.0378399
0.0365443
0.0354588
0.034305
0.0333671
0.0323318
0.0315182
0.0305821
0.0298736
0.0290195
0.0284
0.0276106
0.0270664
0.0263249
0.0258437
0.0251374
0.0247056
0.0240378
0.023601
0.0229789
21.7962
3.38028
1.22853
0.663312
0.436396
0.320396
0.251519
0.206433
0.174724
0.151393
0.133378
0.119278
0.10767
0.0983065
0.0901616
0.0835543
0.0774625
0.0726165
0.0678155
0.064201
0.060251
0.0576426
0.054383
0.052981
0.0510517
0.050324
0.0492946
0.0479218
0.0461891
0.0444492
0.0428438
0.0412535
0.0398462
0.0384388
0.0372197
0.0359697
0.0349128
0.0337946
0.0328757
0.0318679
0.0310664
0.0301522
0.0294506
0.0286166
0.0280004
0.0272343
0.0266911
0.0259816
0.0254999
0.0248377
0.0244046
0.0237997
0.0233344
0.022766
21.7962
3.38029
1.22854
0.663322
0.436409
0.320407
0.251538
0.206444
0.174751
0.151403
0.133416
0.119288
0.107724
0.0983157
0.0902375
0.0835649
0.0775725
0.0726305
0.0679826
0.0642116
0.0605077
0.0575716
0.054654
0.0523649
0.0502605
0.0484165
0.0466938
0.0450114
0.0434587
0.0419456
0.0405811
0.0392233
0.0380105
0.0367815
0.035705
0.0345903
0.0336374
0.0326235
0.031782
0.0308567
0.030114
0.0292655
0.0286098
0.0278278
0.027248
0.0265237
0.0260101
0.0253355
0.0248788
0.0242486
0.0238348
0.0232658
0.0228025
0.0222436
21.7962
3.38028
1.22854
0.663321
0.436409
0.320405
0.251539
0.20644
0.174755
0.151397
0.133424
0.119278
0.107736
0.0983011
0.0902544
0.0835449
0.0775954
0.0726045
0.0680117
0.0641807
0.0605401
0.0575427
0.0546791
0.0523564
0.0502716
0.0484209
0.0466915
0.0450031
0.0434532
0.0419411
0.0405802
0.0392208
0.0380105
0.0367784
0.0357029
0.0345856
0.0336315
0.0326175
0.031772
0.0308498
0.0301003
0.0292579
0.0285929
0.0278189
0.0272286
0.0265131
0.0259888
0.0253233
0.0248571
0.024235
0.0238156
0.0232509
0.0227901
0.0222328
21.7962
3.38029
1.22855
0.663335
0.436425
0.320419
0.251562
0.206454
0.174787
0.151411
0.133468
0.119291
0.107796
0.098316
0.0903381
0.0835647
0.0777092
0.0726361
0.0681641
0.0642333
0.0607281
0.0576161
0.0548408
0.0523657
0.0501821
0.0481769
0.0463655
0.044631
0.0430601
0.0415383
0.0401713
0.0388191
0.0376155
0.0364036
0.0353411
0.0342505
0.0333106
0.0323247
0.031491
0.0305949
0.0298538
0.0290343
0.0283742
0.02762
0.0270313
0.0263329
0.0258083
0.0251574
0.0246915
0.0240785
0.0236747
0.0230659
0.0228084
0.0218957
21.7962
3.38029
1.22855
0.663333
0.436424
0.320418
0.251562
0.206454
0.174787
0.15141
0.133469
0.119289
0.107798
0.0983137
0.0903402
0.0835616
0.0777117
0.0726324
0.0681663
0.0642294
0.0607285
0.0576132
0.0548391
0.0523643
0.0501799
0.0481763
0.046364
0.04463
0.0430607
0.0415379
0.0401747
0.0388187
0.0376211
0.0364022
0.0353478
0.0342482
0.0333179
0.0323222
0.0314984
0.0305933
0.0298611
0.0290339
0.0283819
0.0276208
0.0270402
0.0263351
0.0258186
0.0251616
0.0247025
0.0240862
0.0236837
0.0230802
0.022815
0.0218951
21.7962
3.38029
1.22856
0.663349
0.436442
0.320436
0.251582
0.206475
0.174814
0.151436
0.133503
0.119322
0.107843
0.0983551
0.0903976
0.0836156
0.0777859
0.0727038
0.0682605
0.0643213
0.0608409
0.0577173
0.0549471
0.0524353
0.0502056
0.0481501
0.0463039
0.0445458
0.0429654
0.0414303
0.040065
0.0387072
0.0375166
0.0363025
0.0352576
0.0341643
0.0332425
0.032252
0.0314352
0.030533
0.029807
0.0289801
0.028334
0.0275711
0.0269959
0.0262879
0.025776
0.0251157
0.0246591
0.0240432
0.0236287
0.0230737
0.0226151
0.0220665
21.7962
3.38029
1.22856
0.663347
0.436441
0.320436
0.251582
0.206475
0.174814
0.151437
0.133502
0.119323
0.107841
0.0983568
0.0903955
0.0836181
0.0777831
0.0727072
0.0682574
0.0643254
0.0608383
0.0577218
0.0549445
0.05244
0.0502032
0.0481546
0.0463016
0.0445503
0.0429641
0.0414351
0.0400652
0.0387121
0.0375182
0.0363073
0.0352606
0.0341689
0.0332466
0.0322566
0.0314402
0.0305379
0.0298124
0.0289859
0.0283395
0.0275784
0.0270017
0.026297
0.0257825
0.0251261
0.0246682
0.024051
0.0236503
0.0230437
0.0227774
0.0218616
21.7962
3.3803
1.22857
0.663363
0.436458
0.320455
0.251604
0.206499
0.17484
0.151466
0.133535
0.11936
0.107882
0.0984031
0.0904473
0.0836761
0.0778482
0.0727791
0.0683372
0.0644105
0.0609281
0.0578107
0.0550271
0.0525061
0.0502466
0.0481658
0.0462898
0.0445207
0.0429253
0.0413866
0.0400136
0.0386545
0.0374618
0.0362458
0.0352031
0.0341058
0.0331897
0.0321937
0.031385
0.0304762
0.029759
0.0289258
0.0282874
0.0275196
0.0269503
0.0262387
0.0257312
0.0250671
0.024615
0.023992
0.0235825
0.0230175
0.0225623
0.0220139
21.7962
3.3803
1.22857
0.663362
0.436457
0.320455
0.251603
0.206499
0.17484
0.151466
0.133535
0.11936
0.107881
0.098404
0.0904459
0.0836778
0.077846
0.0727816
0.068334
0.0644141
0.0609242
0.0578152
0.055023
0.052511
0.0502427
0.0481708
0.0462865
0.0445257
0.0429231
0.0413918
0.0400129
0.0386602
0.0374624
0.0362519
0.0352047
0.0341124
0.0331924
0.0322004
0.0313887
0.0304828
0.029764
0.0289326
0.0282938
0.0275272
0.0269579
0.0262478
0.0257399
0.025078
0.0246255
0.0240021
0.0236052
0.0229921
0.0227243
0.0218203
21.7961
3.3803
1.22859
0.663378
0.436476
0.320475
0.251626
0.206523
0.174867
0.151495
0.133569
0.119395
0.107923
0.0984457
0.090498
0.0837273
0.0779098
0.0728394
0.0684093
0.0644782
0.0610055
0.0578782
0.0550969
0.0525578
0.0502893
0.0481861
0.0462978
0.0445144
0.0429094
0.0413664
0.0399831
0.0386276
0.0374239
0.0362176
0.0351639
0.0340794
0.0331533
0.0321697
0.0313529
0.030454
0.0297313
0.0289047
0.0282635
0.0274994
0.0269289
0.0262193
0.0257105
0.0250482
0.0245938
0.0239719
0.0235619
0.0229939
0.0225437
0.0219901
21.7961
3.3803
1.22858
0.663376
0.436475
0.320475
0.251625
0.206523
0.174867
0.151496
0.133568
0.119396
0.107922
0.0984476
0.0904954
0.0837303
0.0779061
0.0728434
0.0684046
0.0644831
0.0610006
0.0578834
0.0550923
0.0525627
0.0502859
0.04819
0.0462962
0.0445169
0.0429097
0.0413682
0.039985
0.0386293
0.0374268
0.0362203
0.0351671
0.0340836
0.0331562
0.0321754
0.0313557
0.0304609
0.0297347
0.0289125
0.0282681
0.0275078
0.0269351
0.0262284
0.0257184
0.0250583
0.024603
0.0239844
0.0235717
0.0230107
0.0225528
0.0220069
21.7961
3.38031
1.2286
0.663393
0.436494
0.320495
0.251647
0.206548
0.174893
0.151525
0.133599
0.119431
0.10796
0.0984877
0.0905417
0.0837765
0.077961
0.0728952
0.0684669
0.0645376
0.0610656
0.0579342
0.0551507
0.0525999
0.0503258
0.0482049
0.0463121
0.0445112
0.0429068
0.0413488
0.0399698
0.0386025
0.0374046
0.0361906
0.0351416
0.0340534
0.0331291
0.0321454
0.0313273
0.0304309
0.0297049
0.0288819
0.0282369
0.0274759
0.0269023
0.0261942
0.0256834
0.025021
0.024566
0.0239417
0.0235427
0.0229279
0.0226609
0.0217625
21.7961
3.38031
1.2286
0.663392
0.436493
0.320495
0.251647
0.206547
0.174893
0.151524
0.1336
0.11943
0.107961
0.0984869
0.0905424
0.0837756
0.0779618
0.0728943
0.0684677
0.0645368
0.0610667
0.0579335
0.0551523
0.0525992
0.0503277
0.0482048
0.0463139
0.044512
0.0429082
0.0413511
0.039971
0.0386063
0.0374061
0.0361956
0.0351438
0.0340591
0.0331323
0.0321517
0.0313318
0.030438
0.0297107
0.0288901
0.0282442
0.0274854
0.0269113
0.0262051
0.0256943
0.0250337
0.0245781
0.023959
0.0235463
0.0229857
0.0225291
0.0219838
21.7961
3.38031
1.22861
0.663409
0.436511
0.320515
0.251669
0.206571
0.174918
0.151552
0.133628
0.119462
0.107993
0.0985243
0.0905801
0.0838186
0.0780041
0.0729421
0.068513
0.0645869
0.0611107
0.0579812
0.0551885
0.0526372
0.0503495
0.0482269
0.046319
0.0445176
0.0429005
0.0413439
0.0399558
0.0385905
0.0373871
0.0361747
0.0351234
0.0340358
0.0331115
0.0321276
0.0313107
0.030414
0.0296892
0.0288662
0.0282221
0.0274611
0.0268886
0.0261792
0.0256707
0.0250057
0.0245531
0.0239286
0.0235181
0.0229532
0.0224995
0.0219537
21.7961
3.38031
1.22861
0.663408
0.43651
0.320515
0.251669
0.206571
0.174918
0.151552
0.133629
0.119461
0.107994
0.0985232
0.0905812
0.083817
0.0780058
0.0729399
0.0685154
0.0645843
0.0611137
0.0579785
0.0551917
0.0526353
0.0503523
0.0482265
0.0463206
0.0445194
0.0429006
0.0413481
0.0399549
0.0385964
0.0373863
0.0361814
0.0351235
0.0340428
0.0331128
0.0321351
0.0313131
0.0304225
0.0296926
0.0288764
0.0282263
0.0274732
0.0268935
0.0261936
0.0256768
0.0250215
0.0245615
0.0239449
0.023531
0.022969
0.0225161
0.0219689
21.7961
3.38032
1.22862
0.663428
0.436531
0.320536
0.251691
0.206595
0.174943
0.151579
0.133656
0.119493
0.108024
0.0985598
0.0906136
0.0838586
0.0780396
0.0729859
0.0685486
0.0646325
0.0611431
0.0580246
0.0552132
0.0526737
0.0503627
0.0482524
0.0463195
0.0445317
0.042891
0.0413489
0.0399401
0.0385893
0.0373685
0.0361698
0.0351043
0.0340281
0.0330938
0.0321173
0.0312952
0.0304015
0.0296754
0.0288529
0.0282083
0.0274481
0.0268734
0.0261669
0.0256539
0.0249929
0.0245352
0.0239135
0.0235011
0.0229329
0.0224826
0.0219345
21.7961
3.38032
1.22862
0.663426
0.43653
0.320536
0.251691
0.206595
0.174943
0.151579
0.133656
0.119492
0.108025
0.0985579
0.0906159
0.0838556
0.0780431
0.0729818
0.0685532
0.0646278
0.0611483
0.0580203
0.0552182
0.0526709
0.0503662
0.0482522
0.0463208
0.0445344
0.0428904
0.0413538
0.0399393
0.0385945
0.0373699
0.0361731
0.0351096
0.0340288
0.033103
0.0321167
0.0313068
0.0304017
0.029688
0.0288551
0.0282217
0.0274523
0.026888
0.0261731
0.0256697
0.0250018
0.0245517
0.0239262
0.0235175
0.0229492
0.0225007
0.0219491
21.796
3.38034
1.22865
0.663448
0.43655
0.320553
0.251709
0.206613
0.174963
0.151599
0.133678
0.119514
0.108049
0.0985828
0.090642
0.0838832
0.0780711
0.0730113
0.0685818
0.064657
0.0611754
0.0580458
0.0552412
0.0526889
0.0503827
0.04826
0.0463298
0.0445322
0.0428922
0.0413449
0.0399344
0.038583
0.0373584
0.0361624
0.0350924
0.0340198
0.0330825
0.0321076
0.0312865
0.0303902
0.0296695
0.0288409
0.0282044
0.0274361
0.0268705
0.0261553
0.0256515
0.0249816
0.0245323
0.0239038
0.0234952
0.0229239
0.0224767
0.0219253
21.796
3.38034
1.22864
0.663447
0.436549
0.320553
0.251709
0.206613
0.174962
0.151599
0.133678
0.119514
0.108049
0.0985828
0.090642
0.0838831
0.078071
0.0730115
0.0685815
0.0646578
0.0611746
0.0580479
0.0552395
0.0526927
0.05038
0.0482655
0.0463262
0.0445391
0.0428885
0.0413522
0.0399319
0.0385895
0.0373585
0.0361669
0.0350956
0.0340227
0.0330881
0.0321106
0.0312925
0.0303955
0.029675
0.0288489
0.0282096
0.0274464
0.0268765
0.0261672
0.0256591
0.0249948
0.0245426
0.0239151
0.0235181
0.0229013
0.0226317
0.0217307
21.7959
3.38042
1.22872
0.663508
0.436602
0.3206
0.251752
0.206652
0.175
0.151635
0.133714
0.119549
0.108084
0.0986175
0.0906751
0.0839184
0.0781028
0.0730467
0.0686111
0.0646916
0.0612008
0.058078
0.0552607
0.0527167
0.0503945
0.0482821
0.0463332
0.0445488
0.042888
0.0413573
0.0399238
0.0385932
0.0373423
0.0361721
0.0350707
0.0340302
0.0330561
0.0321186
0.0312583
0.0304001
0.0296443
0.0288477
0.0281855
0.0274415
0.0268587
0.0261636
0.025647
0.0249964
0.0245382
0.023925
0.0235256
0.0229266
0.0226569
0.0217623
21.7959
3.38041
1.22872
0.663507
0.436602
0.3206
0.251751
0.206653
0.175
0.151635
0.133713
0.11955
0.108083
0.0986181
0.0906747
0.0839189
0.0781022
0.0730475
0.0686105
0.0646929
0.0612
0.0580798
0.0552599
0.0527191
0.0503941
0.0482845
0.0463342
0.04455
0.0428921
0.0413555
0.0399328
0.038587
0.0373569
0.0361614
0.0350901
0.0340174
0.0330773
0.0321074
0.0312776
0.030394
0.0296595
0.0288482
0.0281967
0.0274475
0.0268677
0.0261731
0.0256557
0.025008
0.0245481
0.0239382
0.023537
0.0229413
0.0226702
0.0217744
21.7962
3.38026
1.22851
0.66327
0.436355
0.320356
0.25152
0.206438
0.174808
0.151449
0.133532
0.119367
0.107902
0.0984326
0.0904898
0.0837301
0.0779138
0.0728559
0.0684186
0.0644994
0.0610048
0.0578853
0.0550616
0.0525238
0.0501938
0.0480886
0.0461337
0.0443529
0.0426938
0.0411572
0.0397378
0.0383818
0.0371361
0.0359203
0.0348211
0.0337325
0.0327556
0.0317864
0.0309099
0.030051
0.0292584
0.0284962
0.027778
0.0270939
0.0264477
0.0258204
0.0252477
0.0246602
0.0241628
0.0236006
0.0231884
0.0226644
0.0222116
0.0217354
21.7962
3.38026
1.22851
0.663269
0.436354
0.320355
0.25152
0.206438
0.174808
0.15145
0.133532
0.119367
0.107902
0.0984323
0.0904903
0.0837294
0.077915
0.0728543
0.0684211
0.0644963
0.0610096
0.0578799
0.0550695
0.0525159
0.0502049
0.0480785
0.0461471
0.0443423
0.0427073
0.0411489
0.0397487
0.0383784
0.0371431
0.0359228
0.0348257
0.0337385
0.032762
0.0317907
0.0309241
0.0300484
0.0292847
0.0284846
0.0278162
0.0270772
0.02649
0.0258102
0.0252821
0.0246652
0.0241876
0.0236174
0.0232073
0.0226892
0.0222292
0.021763
0.0110885
0.011453
0.0118053
0.0121624
0.0125017
0.0128511
0.0131774
0.0135187
0.0138325
0.0141638
0.0144656
0.0147843
0.0150747
0.0153789
0.0156587
0.0159473
0.0162163
0.0164897
0.0167475
0.0170076
0.0172535
0.0175045
0.017739
0.0179849
0.0182111
0.0184549
0.0186765
0.0189197
0.0191397
0.0193812
0.0196017
0.0198358
0.0200478
0.0202679
0.0204708
0.0206763
0.0208687
0.0210609
0.0212406
0.0214222
0.0215867
0.0217602
0.0219075
0.0220749
0.0222051
0.0223666
0.0224808
0.022636
0.0227354
0.0228838
0.0229694
0.0231086
0.0231959
0.0233405
0.0110933
0.0114484
0.0118106
0.0121576
0.0125072
0.0128461
0.013183
0.0135137
0.0138381
0.0141587
0.0144711
0.0147793
0.01508
0.0153743
0.0156638
0.0159432
0.0162209
0.0164865
0.0167512
0.0170054
0.0172558
0.0175034
0.01774
0.0179847
0.0182111
0.018455
0.0186762
0.0189198
0.0191395
0.0193811
0.019602
0.0198356
0.0200486
0.020268
0.0204717
0.0206771
0.0208698
0.0210624
0.0212418
0.0214245
0.021588
0.0217631
0.0219092
0.0220782
0.0222074
0.0223705
0.0224839
0.0226403
0.0227392
0.0228886
0.0229743
0.0231147
0.0231996
0.0233473
0.293341
0.0572569
0.329017
0.112671
0.103136
0.409202
0.382422
0.426528
0.160318
0.153853
0.214336
0.0671433
0.125186
0.109309
0.105451
0.364133
0.122681
0.298359
0.14447
0.145042
0.101692
0.0695619
0.287836
0.064142
0.339186
0.14856
0.145112
0.322213
0.408415
0.378726
0.43664
0.128327
0.0685357
0.212516
0.0616972
0.101699
0.148521
0.141107
0.232888
0.367894
0.129306
0.292182
0.0556091
0.0546873
0.0553326
0.0581265
0.0871621
0.0582135
0.0882206
0.0469331
0.0647262
0.0486688
0.118777
0.181786
0.12167
0.18937
0.056341
0.0543765
0.0559227
0.0567935
0.0784129
0.0567627
0.0744301
0.0517019
0.0576048
0.0499584
0.0912299
0.136791
0.0775091
0.116671
0.0607743
0.0567459
0.0589632
0.0553676
0.0687267
0.0561815
0.0662198
0.416832
0.382133
0.4146
0.461871
0.454025
0.346443
0.363351
0.341369
0.195436
0.234583
0.189568
0.229374
0.0579977
0.0563261
0.0578087
0.056662
0.0632823
0.0569412
0.0586447
0.41393
0.303197
0.189997
0.233708
0.426856
0.263108
0.295276
0.255261
0.173216
0.198663
0.173996
0.19815
0.0614876
0.0573465
0.0626526
0.0567097
0.0595146
0.0564536
0.060116
0.636983
0.100762
0.11498
0.0999465
0.492812
0.500822
0.424287
0.235576
0.193072
0.229364
0.360695
0.346684
0.364741
0.342208
0.0666317
0.0550472
0.0657885
0.056398
0.0588368
0.0563783
0.0585654
0.291644
0.112302
0.0923669
0.406862
0.106501
0.500251
0.513026
0.197863
0.175588
0.198861
0.319084
0.262353
0.294049
0.25621
0.0880906
0.0569159
0.0918702
0.0546566
0.056352
0.0546625
0.0562128
0.184133
0.109223
0.201008
0.0611088
0.0462447
0.0619855
0.0489421
0.0786284
0.0573697
0.0730751
0.0546219
0.0557472
0.054564
0.0552077
0.143789
0.0765842
0.113607
0.0589107
0.0520445
0.0576616
0.0500827
0.721826
0.177281
0.361635
0.193787
0.491927
0.705727
0.340506
0.174578
0.188404
0.671394
0.63422
0.0914028
0.106336
0.0910093
0.444004
1.37437
1.08625
0.62176
0.0952029
0.101379
0.0935463
0.603643
1.3589
1.27564
0.422228
0.3873
0.433408
0.466698
0.430565
0.500625
0.424958
0.430577
0.151521
0.128736
0.155999
0.345445
0.497558
0.497608
0.419243
0.147048
0.137398
0.151933
0.403719
0.308171
0.165207
0.149416
0.150263
0.499683
0.195167
0.127895
0.132421
0.140182
0.130249
0.345228
0.0869345
0.113107
0.402304
0.0982225
0.521291
0.967013
0.201736
0.117837
0.123267
0.121008
0.146961
0.247363
0.0946091
0.423873
0.128785
0.200981
0.200687
0.416157
0.49162
0.513149
0.408004
0.141721
0.146835
0.39647
0.148089
0.496127
0.416205
0.416502
0.155155
0.139275
0.141487
0.343239
1.37393
1.07087
0.651406
0.102451
0.0899206
0.0930174
0.608823
1.42959
1.31776
0.695717
0.169746
0.348815
0.196426
0.504705
0.704635
0.349722
0.19763
0.684845
0.188398
0.426533
0.125269
0.158731
0.155238
0.346322
0.498572
0.489584
0.415222
0.122592
0.146973
0.150389
0.403765
0.416083
0.381632
0.404439
0.45866
0.450875
0.422303
0.391929
0.454422
0.430326
0.470257
0.491816
0.988366
0.18021
0.128886
0.103726
0.110068
0.13125
0.21168
0.0447373
0.298168
0.170847
0.152221
0.507958
0.145438
0.182362
0.122727
0.116974
0.137803
0.108837
0.413809
0.152109
0.145908
0.39445
0.145673
0.503589
0.416799
0.415949
0.138724
0.152838
0.150585
0.338113
0.425458
0.311186
0.158229
0.426629
0.221164
0.425338
0.124448
0.184161
0.195032
0.411097
0.196137
0.0761979
0.0539048
0.0744845
0.101237
0.0728611
0.172951
0.129725
0.0725756
0.0668909
0.0729553
0.0712098
0.146212
0.0712244
0.199748
0.0620675
0.0952642
0.0707104
0.0855678
0.0659565
0.184378
0.464399
0.403632
0.444833
0.386846
0.462652
0.361604
0.468708
0.457727
0.448099
0.432902
0.370059
0.458512
0.361033
0.459013
0.126057
0.0671877
0.0710983
0.0719161
0.0728457
0.073598
0.119293
0.417216
0.335276
0.321536
0.368411
0.278646
0.424228
0.368896
0.409444
0.302182
0.230392
0.384983
0.239773
0.36382
0.425431
0.198589
0.0742381
0.076541
0.0640599
0.0710593
0.0741268
0.168813
0.19752
0.0712478
0.0597982
0.0681398
0.0646623
0.188202
0.092672
0.462228
0.38153
0.402442
0.443414
0.360606
0.460382
0.469782
0.458122
0.36829
0.450287
0.445098
0.356686
0.454836
0.4594
0.125024
0.0741303
0.0727996
0.0677343
0.148834
0.0753768
0.0708296
0.129117
0.0740551
0.0676988
0.0824123
0.0752393
0.0750065
0.122468
0.407165
0.370236
0.343054
0.314337
0.42289
0.362697
0.269568
0.41914
0.373354
0.301019
0.222026
0.357515
0.23865
0.429336
0.563317
0.587073
0.586099
0.414709
0.601397
0.562537
0.602921
0.530678
0.584712
0.715803
0.434145
0.533516
0.744096
0.74534
0.534699
0.574658
0.426985
0.605292
0.547519
0.599723
0.566393
0.532297
0.323892
0.45878
0.413904
0.494817
0.495739
0.252391
0.475091
0.265523
0.530661
0.413136
0.34295
0.354012
0.408678
0.552969
0.493949
0.480704
0.505315
0.43945
0.234532
0.200414
0.295918
0.143335
0.337352
1.19346
0.175495
0.635213
1.19666
0.330369
0.176197
0.619609
0.59011
0.720534
0.497334
0.661134
0.790232
0.787373
0.666212
0.323238
0.633926
0.936605
0.151855
1.13908
0.154109
0.264168
0.497753
0.509685
0.183145
0.481942
0.337603
0.132696
0.546175
0.175749
0.130678
0.299487
0.457527
0.360799
0.386676
0.232523
0.267294
0.281851
0.222299
0.212331
0.359681
0.723139
0.191627
0.226395
0.603302
0.183865
0.475757
0.474273
0.825602
0.320591
1.23696
0.691836
0.317379
0.839043
1.23382
0.665564
0.610758
0.746683
0.542329
0.675871
0.785622
0.788181
0.683789
0.824555
0.703755
0.261057
0.920012
0.264547
1.16813
0.526662
0.818476
0.316237
1.22418
0.693129
0.826249
0.314159
1.2247
0.660207
0.732336
0.757453
0.638401
0.666565
0.775021
0.67428
0.766741
0.80894
0.69527
0.301605
1.17009
0.306134
1.2108
0.786716
0.350099
0.198196
1.23844
0.635864
0.198551
1.22976
0.352017
0.631033
0.598714
0.731756
0.507574
0.670534
0.802903
0.8002
0.672753
0.321553
0.619955
0.206201
0.910088
0.20914
1.15187
0.249179
1.38244
1.33818
0.331332
0.188996
0.629288
1.21517
0.17831
0.339509
1.19636
0.644703
0.758717
0.639188
0.750817
0.312855
0.626603
0.174335
1.14349
0.167252
1.15098
0.31058
0.662239
0.790172
0.659785
0.787334
1.37582
1.41314
0.55581
0.583421
0.591511
0.424347
0.560411
0.582953
0.603524
0.520791
0.690758
0.496911
0.721284
0.52642
0.734262
0.52983
0.724551
0.557731
0.437646
0.571993
0.600434
0.529567
0.58302
0.633047
0.499795
0.508337
0.292028
0.168515
0.643472
0.426816
0.15632
0.638048
0.279948
0.454333
0.395993
0.504126
0.35043
0.436653
0.51485
0.444814
0.49983
0.280478
0.458731
0.209709
0.534344
0.228175
0.661597
0.238667
0.492145
0.503283
0.281289
0.181608
0.413433
0.641265
0.160281
0.288685
0.630153
0.409825
0.499231
0.403884
0.498407
0.289925
0.416365
0.170839
0.625155
0.162682
0.643513
0.28439
0.419022
0.515926
0.424197
0.486957
0.340393
0.170265
0.345505
0.437537
0.157886
0.2855
0.532163
0.317133
0.542157
0.370654
0.449731
0.413947
0.395641
0.220583
0.790391
0.190951
0.557543
0.629891
0.255195
0.213232
0.301256
0.199577
0.154756
0.181025
0.210706
0.153765
0.191359
0.158527
0.126335
0.10492
0.0888786
0.128618
0.0677316
0.0722247
0.116733
0.0992004
0.0957405
0.200923
0.211871
0.144641
0.115687
0.169537
0.200847
0.142687
0.205432
0.354603
0.131521
0.494791
0.134424
0.553711
0.195559
0.295115
0.438459
0.337624
0.369246
0.197099
0.332507
0.201391
0.699692
0.17959
0.220014
0.577058
0.229736
0.253316
0.261781
0.213576
0.632751
0.699167
0.0973324
0.137638
0.208212
0.155391
0.15185
0.107799
0.0940299
0.0306482
0.00845315
0.0334657
0.00791708
0.031007
0.104284
0.0832039
0.0349171
0.0785864
0.176201
0.142159
0.0577875
0.134113
0.163375
0.103287
0.12658
0.224766
0.239889
0.444381
0.548982
0.419571
0.215017
0.472347
0.524863
0.171222
0.109881
0.163645
0.03778
0.096309
0.126266
0.0992725
0.100227
0.344827
0.423795
0.47843
0.421575
0.509384
0.390603
0.262473
0.496303
0.487465
0.27511
0.399857
0.153751
0.625789
0.14724
0.616713
0.275017
0.385759
0.486848
0.404637
0.459353
0.259142
0.393382
0.21353
0.622859
0.265003
0.213335
0.612355
0.400838
0.484566
0.410774
0.486822
0.500255
0.515008
0.271758
0.226348
0.637745
0.424652
0.231652
0.274614
0.635565
0.433584
0.447638
0.522529
0.351274
0.427914
0.510636
0.422401
0.502472
0.288939
0.453735
0.171362
0.536346
0.188202
0.652078
0.246213
1.34901
1.30915
0.344258
1.23605
0.168725
0.643081
0.333007
1.24548
0.176683
0.653514
0.768442
0.648952
0.773161
0.674775
0.804523
0.68676
0.80434
0.321548
0.625313
1.16706
0.182123
0.317174
1.1672
0.180545
1.39994
1.43608
0.816309
1.21075
0.308612
0.684314
1.20524
0.309393
0.821658
0.65721
0.603042
0.736054
0.538805
0.665659
0.773888
0.666573
0.773706
0.813785
0.704121
0.914167
0.270394
1.15325
0.272552
0.524191
0.838661
1.26503
0.717976
0.315184
1.26183
0.839005
0.321366
0.67867
0.753402
0.782833
0.6589
0.693032
0.792551
0.691085
0.792913
0.822972
0.706291
1.2061
0.293818
1.2479
0.298616
0.800876
0.292933
0.642243
0.16434
0.424365
0.637849
0.274015
0.16646
0.454546
0.394396
0.504353
0.351929
0.430502
0.517695
0.488009
0.45566
0.285134
0.458172
0.535949
0.163466
0.656979
0.184904
0.242739
0.487531
0.488811
0.264046
0.634239
0.229139
0.408497
0.269086
0.629667
0.220982
0.420538
0.492069
0.491863
0.395408
0.428
0.50788
0.483522
0.438817
0.27059
0.408655
0.61701
0.229155
0.627615
0.217809
0.277209
0.559301
0.574237
0.585243
0.413497
0.591114
0.598518
0.557615
0.524624
0.577548
0.705802
0.428832
0.528224
0.729629
0.732292
0.527844
0.571574
0.424463
0.537823
0.605375
0.554176
0.599604
0.529393
0.566205
0.598779
0.42413
0.585676
0.619909
0.566589
0.58907
0.538598
0.707304
0.739319
0.505221
0.540337
0.748398
0.749691
0.53776
0.561534
0.43592
0.610987
0.574871
0.643649
0.586792
0.535322
0.611989
0.700663
0.0902504
0.185376
0.147463
0.140714
0.106623
0.0741919
0.143248
0.00381277
0.0136731
0.0195263
0.0111853
0.0224655
0.0949484
0.0771436
0.0282274
0.0863593
0.134731
0.0287587
0.133858
0.0722929
0.140414
0.0989854
0.103767
0.10862
0.301866
0.319894
0.386252
0.176486
0.479411
0.150582
0.252937
0.299176
0.545125
0.450967
0.346576
0.412005
0.405693
0.821173
0.220492
0.57159
0.624425
0.173467
0.227221
0.198596
0.167874
0.268162
0.142714
0.180719
0.170201
0.134558
0.107681
0.178748
0.150595
0.0596198
0.0491435
0.0753054
0.0354207
0.0574334
0.100439
0.0848962
0.0750504
0.139732
0.13816
0.0621179
0.140826
0.10878
0.154227
0.124638
0.266165
0.628545
0.40064
0.223221
0.615213
0.267677
0.228395
0.39884
0.473668
0.45556
0.403864
0.398082
0.486718
0.482563
0.411489
0.251589
0.397435
0.617187
0.217764
0.603812
0.260512
0.219419
0.506133
0.523975
0.279163
0.62997
0.160103
0.415629
0.280938
0.633963
0.155163
0.42878
0.43168
0.510137
0.359031
0.43094
0.477054
0.515412
0.421115
0.291571
0.449167
0.527387
0.154734
0.653639
0.177843
0.231904
0.281863
0.409643
0.592946
0.449347
0.477809
0.476328
0.250463
0.22734
0.53508
0.416843
0.295666
0.314021
0.398739
0.496821
0.554652
0.440974
0.483114
0.495001
0.197695
0.199589
0.25779
0.161656
0.238321
0.563748
0.443283
0.419934
0.519577
0.206654
0.478103
0.164524
0.0926388
0.0905638
0.0844557
0.0774313
0.109746
0.0768293
0.0850285
0.389055
0.422919
0.399226
0.496919
0.381915
0.521284
0.300452
)
;

boundaryField
{
    inlet
    {
        type            fixedValue;
        value           uniform 440.15;
    }
    outlet
    {
        type            zeroGradient;
    }
    rightSide
    {
        type            symmetryPlane;
    }
    leftSide
    {
        type            symmetryPlane;
    }
    duct
    {
        Cmu             0.09;
        kappa           0.41;
        E               9.8;
        beta1           0.075;
        type            omegaWallFunction;
        value           nonuniform List<scalar> 
216
(
0.0111123
0.0111112
0.0114308
0.0114321
0.0118242
0.011821
0.0121459
0.0121479
0.012516
0.0125124
0.0128403
0.0128418
0.0131873
0.0131849
0.0135127
0.0135124
0.0138386
0.0138387
0.0141614
0.0141583
0.0144682
0.0144716
0.0147842
0.0147777
0.0150748
0.0150817
0.0153804
0.0153706
0.0156572
0.015667
0.0159494
0.0159373
0.0162141
0.0162259
0.0164918
0.0164787
0.0167455
0.0167581
0.0170089
0.016996
0.0172526
0.0172648
0.0175043
0.0174928
0.0177398
0.0177508
0.0179827
0.0179732
0.0182136
0.0182227
0.0184508
0.0184436
0.0186802
0.0186874
0.0189149
0.0189095
0.0191431
0.0191487
0.0193769
0.019373
0.0196031
0.0196074
0.0198344
0.0198313
0.0200478
0.0200506
0.0202703
0.0202679
0.0204678
0.0204695
0.0206817
0.0206803
0.0208626
0.0208637
0.0210687
0.0210683
0.0212338
0.0212347
0.0214332
0.021433
0.0215836
0.0215835
0.0217747
0.0217739
0.0219107
0.0219095
0.0220923
0.0220906
0.0222143
0.0222122
0.0223851
0.0223833
0.0224936
0.0224922
0.0226555
0.0226543
0.0227534
0.0227524
0.0229079
0.0229074
0.0229964
0.0229959
0.0231473
0.0231488
0.0232336
0.0232135
0.0233923
0.023414
0.0110885
0.0110933
0.011453
0.0114484
0.0118053
0.0118106
0.0121624
0.0121576
0.0125017
0.0125072
0.0128511
0.0128461
0.0131774
0.013183
0.0135187
0.0135137
0.0138325
0.0138381
0.0141638
0.0141587
0.0144656
0.0144711
0.0147843
0.0147793
0.0150747
0.01508
0.0153789
0.0153743
0.0156587
0.0156638
0.0159473
0.0159432
0.0162163
0.0162209
0.0164897
0.0164865
0.0167475
0.0167512
0.0170076
0.0170054
0.0172535
0.0172558
0.0175045
0.0175034
0.017739
0.01774
0.0179849
0.0179847
0.0182111
0.0182111
0.0184549
0.018455
0.0186765
0.0186762
0.0189197
0.0189198
0.0191397
0.0191395
0.0193812
0.0193811
0.0196017
0.019602
0.0198358
0.0198356
0.0200478
0.0200486
0.0202679
0.020268
0.0204708
0.0204717
0.0206763
0.0206771
0.0208687
0.0208698
0.0210609
0.0210624
0.0212406
0.0212418
0.0214222
0.0214245
0.0215867
0.021588
0.0217602
0.0217631
0.0219075
0.0219092
0.0220749
0.0220782
0.0222051
0.0222074
0.0223666
0.0223705
0.0224808
0.0224839
0.022636
0.0226403
0.0227354
0.0227392
0.0228838
0.0228886
0.0229694
0.0229743
0.0231086
0.0231147
0.0231959
0.0231996
0.0233405
0.0233473
)
;
    }
    cylinder
    {
        Cmu             0.09;
        kappa           0.41;
        E               9.8;
        beta1           0.075;
        type            omegaWallFunction;
        value           nonuniform List<scalar> 
448
(
0.500822
0.424287
0.500251
0.513026
1.37437
1.08625
1.3589
1.27564
0.500625
0.424958
0.497558
0.497608
0.521291
0.967013
0.247363
0.0946091
0.49162
0.513149
0.496127
0.416205
1.37393
1.07087
1.42959
1.31776
0.498572
0.489584
0.491816
0.988366
0.21168
0.0447373
0.503589
0.416799
0.586099
0.602921
0.530678
0.533516
0.547519
0.566393
0.494817
0.475091
0.265523
0.493949
0.43945
0.234532
1.19346
1.19666
0.619609
0.661134
0.497753
0.509685
0.481942
0.546175
0.299487
0.232523
0.475757
0.474273
1.23696
1.23382
0.665564
0.675871
0.920012
1.16813
1.22418
1.2247
0.660207
0.666565
1.17009
1.2108
1.23844
1.22976
0.631033
0.670534
1.38244
1.33818
1.21517
1.19636
0.644703
1.14349
0.662239
1.37582
1.41314
0.591511
0.603524
0.520791
0.52642
0.600434
0.633047
0.499795
0.508337
0.643472
0.638048
0.454333
0.436653
0.492145
0.503283
0.641265
0.630153
0.409825
0.419022
0.437537
0.532163
0.317133
0.790391
0.255195
0.210706
0.126335
0.10492
0.0722247
0.115687
0.200847
0.494791
0.553711
0.295115
0.699692
0.577058
0.229736
0.632751
0.699167
0.208212
0.0940299
0.0306482
0.031007
0.12658
0.224766
0.548982
0.524863
0.171222
0.096309
0.496303
0.487465
0.625789
0.616713
0.385759
0.400838
0.500255
0.515008
0.637745
0.635565
0.433584
0.427914
1.34901
1.30915
1.23605
1.24548
0.653514
0.674775
1.39994
1.43608
0.65721
0.665659
1.26503
1.26183
0.67867
0.693032
0.642243
0.454546
0.430502
0.487531
0.488811
0.420538
0.428
0.574237
0.524624
0.528224
0.538598
0.540337
0.611989
0.700663
0.185376
0.0741919
0.00381277
0.0224655
0.103767
0.10862
0.386252
0.479411
0.299176
0.227221
0.0596198
0.0574334
0.628545
0.615213
0.39884
0.398082
0.506133
0.523975
0.62997
0.633963
0.42878
0.43094
0.592946
0.477809
0.22734
0.197695
0.563748
0.519577
0.164524
0.0774313
0.584712
0.744096
0.530661
0.200414
0.59011
0.790232
0.457527
0.267294
0.610758
0.785622
0.732336
0.775021
0.598714
0.802903
0.758717
0.790172
0.690758
0.734262
0.395993
0.51485
0.499231
0.515926
0.542157
0.213232
0.0888786
0.116733
0.438459
0.253316
0.00845315
0.104284
0.109881
0.126266
0.486848
0.484566
0.447638
0.510636
0.768442
0.804523
0.603042
0.773888
0.753402
0.792551
0.394396
0.517695
0.492069
0.50788
0.577548
0.729629
0.707304
0.748398
0.0136731
0.0949484
0.545125
0.198596
0.0491435
0.100439
0.473668
0.486718
0.43168
0.477054
0.53508
0.199589
0.0926388
0.109746
0.715803
0.434145
0.534699
0.74534
0.413136
0.34295
0.143335
0.295918
0.720534
0.497334
0.936605
1.13908
0.666212
0.787373
0.637849
0.591114
0.535949
0.656979
0.360799
0.386676
0.723139
0.603302
0.222299
0.281851
0.617187
0.603812
0.746683
0.542329
0.683789
0.788181
0.757453
0.638401
0.67428
0.766741
0.731756
0.507574
0.910088
1.15187
0.672753
0.8002
0.639188
0.750817
1.15098
0.659785
0.787334
0.721284
0.496911
0.52983
0.724551
0.504126
0.35043
0.534344
0.661597
0.444814
0.49983
0.403884
0.625155
0.498407
0.643513
0.424197
0.486957
0.449731
0.370654
0.629891
0.199577
0.301256
0.128618
0.0677316
0.0992004
0.0957405
0.369246
0.337624
0.213576
0.261781
0.0334657
0.00791708
0.0577875
0.163375
0.0832039
0.0349171
0.163645
0.03778
0.421575
0.390603
0.0992725
0.100227
0.404637
0.622859
0.459353
0.612355
0.410774
0.486822
0.536346
0.652078
0.522529
0.351274
0.422401
0.502472
1.21075
1.20524
0.773161
0.648952
1.16706
1.1672
0.68676
0.80434
1.2061
1.2479
0.736054
0.538805
0.914167
1.15325
0.666573
0.773706
0.782833
0.6589
0.691085
0.792913
0.504353
0.351929
0.45566
0.488009
0.634239
0.598779
0.629667
0.619909
0.610987
0.491863
0.395408
0.61701
0.627615
0.438817
0.483522
0.705802
0.428832
0.537823
0.554176
0.527844
0.732292
0.739319
0.505221
0.643649
0.53776
0.749691
0.0195263
0.0111853
0.0287587
0.0722929
0.0771436
0.0282274
0.180719
0.107681
0.450967
0.821173
0.346576
0.624425
0.167874
0.268162
0.0753054
0.0354207
0.0621179
0.10878
0.0848962
0.0750504
0.45556
0.403864
0.411489
0.482563
0.653639
0.510137
0.359031
0.527387
0.421115
0.515412
0.416843
0.496821
0.295666
0.440974
0.161656
0.25779
0.0905638
0.0844557
0.399226
0.381915
0.0850285
0.0768293
)
;
    }
}


// ************************************************************************* //
