/*--------------------------------*- C++ -*----------------------------------*\
| =========                 |                                                 |
| \\      /  F ield         | OpenFOAM: The Open Source CFD Toolbox           |
|  \\    /   O peration     | Version:  4.1                                   |
|   \\  /    A nd           | Web:      www.OpenFOAM.org                      |
|    \\/     M anipulation  |                                                 |
\*---------------------------------------------------------------------------*/
FoamFile
{
    version     2.0;
    format      ascii;
    class       volScalarField;
    location    "23";
    object      omega;
}
// * * * * * * * * * * * * * * * * * * * * * * * * * * * * * * * * * * * * * //

dimensions      [0 0 -1 0 0 0 0];

internalField   nonuniform List<scalar> 
4432
(
0.0110954
0.0114466
0.0117964
0.0121302
0.0124276
0.0127089
0.0130065
0.0132441
0.0135746
0.0137984
0.0141291
0.0143501
0.0146475
0.014899
0.0151297
0.0154334
0.0157114
0.0159974
0.0162827
0.0165521
0.0167156
0.0169339
0.0172087
0.0177498
0.0205924
0.0244912
0.0288813
0.0323771
0.0355788
0.0381089
0.0403355
0.0421358
0.0434233
0.0446732
0.0456723
0.0464278
0.0470695
0.0474745
0.0479865
0.0485172
0.0484625
0.0483806
0.0480497
0.0467021
0.0446242
0.0412679
0.0371403
0.0331158
0.0284723
0.0270092
0.026108
0.0228761
0.0222173
0.0217058
0.0110982
0.0114447
0.0117928
0.0121459
0.0124173
0.0127631
0.0129918
0.0133472
0.0135705
0.0139183
0.0141598
0.0144518
0.0147092
0.01495
0.0152233
0.0154957
0.0157443
0.015986
0.0162054
0.0164026
0.0167198
0.0171599
0.0177019
0.0189898
0.0219128
0.0260705
0.0290461
0.0315801
0.0346249
0.0374566
0.0395874
0.0410395
0.0414229
0.0415479
0.0416273
0.0416725
0.0416791
0.0420969
0.0422264
0.0421981
0.0421522
0.0415048
0.041145
0.0404241
0.0387529
0.0361712
0.0330191
0.0293168
0.0253541
0.0246683
0.0241267
0.0257569
0.0195259
0.0099339
21.8288
3.40103
1.30632
0.713307
0.457716
0.328562
0.254911
0.208469
0.176452
0.153307
0.135594
0.121915
0.110987
0.102167
0.0950025
0.0889555
0.0838713
0.0794877
0.0752503
0.0712368
0.0673568
0.0630063
0.0598831
0.0562321
0.0557232
0.0484472
0.0497816
0.0449964
0.0442141
0.046997
0.0433832
0.0467284
0.0485906
0.0536192
0.0488114
0.052509
0.054946
0.0536146
0.0541718
0.0551094
0.0647869
0.0533547
0.0534924
0.0638934
0.0626084
0.078613
0.0624139
0.0616461
0.0674277
0.0767426
0.0996286
0.342436
0.670645
0.772606
21.8283
3.40161
1.30715
0.71382
0.457969
0.32859
0.254979
0.208375
0.176501
0.153207
0.135641
0.121919
0.110944
0.102239
0.094684
0.0888051
0.0832236
0.0787436
0.0742608
0.0699995
0.066408
0.0623175
0.0594097
0.0565215
0.054334
0.0517051
0.0507577
0.0470397
0.0459187
0.0464012
0.046442
0.046284
0.0458264
0.0462977
0.0447559
0.0456549
0.0444956
0.0447544
0.0446358
0.0445993
0.0454084
0.0435933
0.0431828
0.0428283
0.0446491
0.0451216
0.0555567
0.0643993
0.0730817
0.0924194
0.0990178
0.155633
0.5555
0.724716
21.8288
3.40105
1.30809
0.714465
0.458281
0.328813
0.255085
0.208476
0.176558
0.153302
0.135641
0.121878
0.110783
0.101855
0.0944714
0.0884357
0.0834462
0.0793654
0.075486
0.0722459
0.0683725
0.0655899
0.0617877
0.0602265
0.0557597
0.056735
0.0497897
0.0487236
0.0478866
0.047409
0.0473643
0.0514669
0.0559524
0.0530346
0.0551222
0.0629965
0.0763897
0.0739897
0.0730271
0.0748456
0.0784052
0.104226
0.0842831
0.10604
0.0910477
0.0912329
0.10633
0.0924045
0.0925969
0.10919
0.124895
0.445969
0.474899
0.514257
21.8283
3.40174
1.30804
0.714311
0.458145
0.328651
0.255
0.208372
0.176552
0.153155
0.135762
0.121813
0.111161
0.102295
0.0952311
0.0893412
0.0842987
0.0801068
0.0758516
0.0723537
0.0684127
0.0649277
0.0621317
0.058528
0.0578647
0.0524715
0.0508028
0.0504002
0.0516358
0.0474492
0.0491584
0.0508628
0.0503093
0.05189
0.0536383
0.0567858
0.056063
0.0561403
0.0563947
0.0552061
0.0643007
0.0552953
0.0542895
0.0569182
0.058358
0.0689879
0.066679
0.0687625
0.073213
0.0859933
0.0989211
0.197933
0.308879
0.475211
21.8289
3.4006
1.30748
0.713466
0.457346
0.328284
0.254938
0.208343
0.176584
0.15325
0.135898
0.122085
0.111374
0.102387
0.0953534
0.0891555
0.0843691
0.0799212
0.076063
0.0726477
0.0685431
0.0656302
0.0627415
0.0584467
0.0561487
0.0549597
0.0572276
0.0606422
0.0657137
0.0646051
0.0731976
0.0769347
0.0717414
0.0747785
0.0830502
0.0827273
0.0921212
0.091471
0.0955989
0.10357
0.126769
0.103902
0.113075
0.122545
0.112112
0.110079
0.115835
0.106844
0.113809
0.105376
0.190051
0.772889
0.684487
0.796958
21.8284
3.40009
1.30608
0.713142
0.457537
0.328401
0.254862
0.208379
0.176458
0.153175
0.135777
0.122122
0.111817
0.10305
0.0965239
0.0902924
0.085727
0.0808943
0.0769984
0.0730655
0.0693405
0.0655842
0.0632265
0.0588586
0.0567182
0.0548547
0.0561285
0.058311
0.0593986
0.0627123
0.063398
0.0683219
0.0688369
0.0668047
0.0690981
0.070438
0.0807193
0.0757735
0.0791696
0.0765581
0.0930582
0.0797132
0.0872727
0.0942101
0.0871829
0.0867218
0.08574
0.0850604
0.0950019
0.111156
0.122436
0.253402
0.608195
0.689711
21.8294
3.39724
1.3034
0.711811
0.45686
0.327827
0.254578
0.208089
0.176459
0.153354
0.136371
0.122814
0.112551
0.103596
0.0968796
0.0903615
0.0856805
0.0806185
0.0770457
0.072581
0.0691214
0.0660429
0.0614526
0.0595403
0.0577039
0.0609747
0.0624108
0.066672
0.0890813
0.0712481
0.0762197
0.0912469
0.109175
0.0981623
0.115044
0.104694
0.112158
0.103288
0.104349
0.106028
0.118427
0.105445
0.107016
0.114045
0.10539
0.101721
0.115676
0.102613
0.104488
0.119944
0.159142
0.3449
0.516364
0.683231
21.8284
3.40091
1.309
0.714645
0.458048
0.328438
0.25477
0.208182
0.176289
0.153019
0.135485
0.12179
0.11087
0.101953
0.0946408
0.0882819
0.0832816
0.0784358
0.0745907
0.0707172
0.0675938
0.0643072
0.0603029
0.0552145
0.0564534
0.0588171
0.0620367
0.0648579
0.0703894
0.0732129
0.0859027
0.0764805
0.0798477
0.0818471
0.0831491
0.0852996
0.085214
0.0946715
0.103678
0.0939297
0.0998905
0.0923924
0.0945926
0.0981964
0.089689
0.0970816
0.106252
0.112241
0.12549
0.129748
0.149453
0.186058
0.363569
0.527117
21.829
3.40012
1.30589
0.712094
0.456843
0.328021
0.254589
0.208242
0.176229
0.153064
0.135355
0.121801
0.111039
0.10238
0.0956086
0.0891442
0.0848441
0.0792726
0.0761568
0.0712742
0.0688265
0.0636047
0.0615117
0.0598168
0.0646311
0.0650585
0.0856993
0.0686802
0.0731488
0.0835374
0.101677
0.121853
0.105415
0.106544
0.10734
0.108855
0.112454
0.107928
0.115977
0.123969
0.108636
0.108115
0.105476
0.102986
0.101002
0.100267
0.0997774
0.0997778
0.0999901
0.117819
0.137625
0.235674
0.296358
0.293949
21.8284
3.40101
1.30799
0.713804
0.457625
0.328295
0.254747
0.208245
0.176314
0.153051
0.135331
0.121463
0.110252
0.101249
0.0937076
0.0875544
0.0822173
0.0779624
0.0737344
0.0701374
0.0676525
0.0623994
0.0609642
0.060899
0.0624197
0.066642
0.0727765
0.0781984
0.0858361
0.0945481
0.0854306
0.0888166
0.102494
0.0959158
0.0991573
0.101821
0.10158
0.0979467
0.0969898
0.095489
0.0939004
0.093528
0.0916504
0.0923079
0.0910939
0.0894265
0.0901207
0.118709
0.103731
0.109692
0.123685
0.180231
0.207601
0.319888
21.8291
3.40058
1.30611
0.712739
0.457046
0.327922
0.254435
0.207972
0.175999
0.152767
0.13492
0.121348
0.110192
0.101849
0.0943557
0.0887651
0.0835067
0.0791554
0.0745584
0.0717806
0.0672306
0.0614227
0.0615486
0.0631358
0.0700314
0.0828354
0.0687948
0.0759471
0.0915606
0.0994063
0.118981
0.101951
0.106197
0.110143
0.111694
0.123379
0.114708
0.118578
0.11679
0.121436
0.124191
0.119678
0.121584
0.107875
0.105909
0.114142
0.101969
0.110027
0.105199
0.120833
0.134495
0.233076
0.229041
0.22343
21.8285
3.40057
1.30802
0.713836
0.457536
0.328146
0.254505
0.207981
0.175987
0.152727
0.134989
0.121222
0.110107
0.10123
0.0937675
0.0876897
0.0822487
0.0779954
0.0734638
0.0700982
0.066567
0.0608736
0.0614471
0.0616302
0.0657772
0.0736632
0.0802915
0.094897
0.0817652
0.0892536
0.0988318
0.109282
0.105338
0.106417
0.104618
0.113608
0.104069
0.112408
0.112848
0.1103
0.113696
0.102141
0.100627
0.0985005
0.0979156
0.0951993
0.0945223
0.0978632
0.111973
0.113267
0.122335
0.150297
0.176866
0.183053
21.8289
3.39868
1.30494
0.712147
0.457003
0.327984
0.254586
0.207914
0.175974
0.152521
0.13496
0.121238
0.110428
0.101886
0.0944565
0.0886243
0.0833363
0.0781615
0.0743687
0.0705198
0.0650184
0.0626479
0.0605066
0.0648645
0.0715787
0.089963
0.076829
0.0815415
0.0958819
0.104594
0.114394
0.106227
0.116048
0.118135
0.119029
0.123652
0.123042
0.125587
0.144453
0.129544
0.144801
0.126082
0.126095
0.12574
0.110704
0.107902
0.103028
0.101134
0.0984791
0.0997564
0.123267
0.174995
0.262297
0.253643
21.8284
3.39932
1.30522
0.712249
0.456846
0.327935
0.254488
0.208017
0.175916
0.152639
0.134729
0.121116
0.109792
0.101225
0.0933778
0.087525
0.0818195
0.0773817
0.072818
0.0696532
0.0654235
0.0600135
0.0609092
0.0632806
0.0701947
0.0766088
0.085465
0.0995093
0.0959342
0.109198
0.100315
0.106999
0.101472
0.101779
0.102362
0.103082
0.101994
0.100214
0.0986863
0.0961245
0.099199
0.102747
0.0933347
0.099497
0.100121
0.108898
0.0930485
0.0947228
0.0962206
0.105439
0.119576
0.137002
0.148193
0.152834
21.829
3.39952
1.30574
0.711571
0.455863
0.327059
0.253915
0.207527
0.175651
0.152259
0.134733
0.12086
0.109932
0.100964
0.0932903
0.087187
0.0814262
0.0763159
0.0728223
0.0687366
0.0633327
0.0625344
0.05908
0.0647123
0.0722737
0.0877858
0.0840208
0.0879433
0.0924746
0.100033
0.12254
0.112998
0.116218
0.123681
0.138443
0.143148
0.145615
0.155611
0.162377
0.175564
0.144313
0.155921
0.141525
0.133327
0.123955
0.116556
0.109803
0.104906
0.10829
0.0936415
0.0970792
0.144956
0.21766
0.283436
21.828
3.40083
1.30849
0.713985
0.457117
0.327631
0.254145
0.207733
0.175768
0.152487
0.134564
0.120693
0.109084
0.100233
0.0919514
0.0861903
0.0799259
0.075917
0.0710091
0.0682692
0.0641469
0.0596129
0.0593244
0.0673237
0.0619387
0.0660505
0.0772921
0.0864125
0.103715
0.0959436
0.103171
0.104762
0.109501
0.103835
0.101807
0.1001
0.0965821
0.0948302
0.092575
0.0898077
0.0874916
0.09311
0.0813766
0.0802323
0.0801712
0.0866906
0.11799
0.0908523
0.0916777
0.0948764
0.109372
0.147712
0.229008
0.262754
21.8284
3.39956
1.30642
0.712906
0.45686
0.327728
0.254213
0.207598
0.175665
0.152051
0.134355
0.12
0.108916
0.0996506
0.0920915
0.0859475
0.0805377
0.0754178
0.072277
0.0679481
0.0619251
0.0612732
0.0606662
0.0622781
0.0717445
0.0817917
0.0819319
0.0883885
0.0917369
0.110752
0.10982
0.113587
0.120874
0.141612
0.161523
0.181213
0.191239
0.192422
0.179391
0.109857
0.123777
0.163719
0.132184
0.153414
0.119265
0.131477
0.136001
0.121183
0.130728
0.107514
0.101851
0.140289
0.229162
0.284898
21.8281
3.39967
1.30716
0.713347
0.457114
0.32774
0.254201
0.207702
0.175669
0.152275
0.134303
0.120323
0.108749
0.0998804
0.0917523
0.085883
0.0797756
0.0755806
0.0705462
0.0676508
0.0629561
0.0610998
0.0584217
0.0644899
0.0703552
0.0820376
0.10144
0.0919786
0.0984663
0.0999075
0.102681
0.102646
0.107681
0.0994307
0.0982579
0.118837
0.100941
0.102089
0.100529
0.0960477
0.113659
0.0839701
0.103615
0.0799776
0.0828618
0.087186
0.0971817
0.115186
0.0970468
0.103075
0.117781
0.154269
0.350051
0.459534
21.8289
3.39806
1.3026
0.710589
0.455649
0.327196
0.254045
0.207536
0.175601
0.151798
0.134234
0.119826
0.109233
0.0998003
0.092778
0.0862764
0.0809883
0.0757087
0.072082
0.0675312
0.0615006
0.0638354
0.062658
0.0610086
0.0709151
0.0858014
0.0998192
0.107615
0.11473
0.114804
0.127248
0.132647
0.160977
0.204803
0.180136
0.176941
0.212362
0.197901
0.189793
0.196406
0.207938
0.185912
0.159403
0.151688
0.132915
0.13945
0.125452
0.118436
0.127893
0.115621
0.132462
0.156885
0.325465
0.489266
21.8282
3.39987
1.30514
0.71213
0.456855
0.327959
0.254414
0.207757
0.175673
0.152108
0.134197
0.120044
0.108608
0.0994823
0.0915516
0.0852588
0.0796139
0.0745782
0.0701661
0.0674764
0.0615333
0.0587216
0.0562035
0.0583311
0.0815974
0.0835359
0.0956503
0.0994706
0.107302
0.106843
0.108557
0.10447
0.104895
0.115859
0.128003
0.146706
0.129139
0.128157
0.134599
0.150888
0.169736
0.154901
0.165432
0.155207
0.140326
0.101911
0.0974046
0.109805
0.11623
0.111249
0.0993524
0.35203
0.803292
0.690425
21.8285
3.39838
1.30206
0.710232
0.455788
0.327201
0.253902
0.207271
0.17535
0.151582
0.134097
0.119616
0.109235
0.0994801
0.0928642
0.08557
0.0807729
0.075208
0.0704484
0.0667628
0.0606536
0.0606834
0.0562092
0.0655527
0.087893
0.113256
0.13062
0.133805
0.125951
0.124873
0.139071
0.171514
0.231453
0.230385
0.214878
0.198945
0.200646
0.183035
0.183371
0.169203
0.153004
0.133907
0.127412
0.124314
0.125403
0.0995987
0.0873945
0.0874082
0.103095
0.0967744
0.117748
0.18755
0.297443
0.378808
21.8278
3.40034
1.30598
0.71155
0.455677
0.32709
0.253867
0.20732
0.175389
0.151752
0.13392
0.11955
0.108172
0.0986991
0.0908503
0.084225
0.0787472
0.073746
0.0690599
0.0665053
0.0609681
0.0589955
0.0555554
0.0543429
0.0872775
0.109722
0.121126
0.128238
0.129395
0.12077
0.123787
0.123763
0.134169
0.144277
0.165144
0.178533
0.182017
0.186838
0.190147
0.230903
0.238729
0.146303
0.137155
0.111722
0.103435
0.0902601
0.0845101
0.0875231
0.0918482
0.0822735
0.0856456
0.465596
0.645337
0.505941
21.8284
3.39781
1.3017
0.709977
0.455631
0.327159
0.253923
0.207318
0.175282
0.151569
0.133887
0.119658
0.108814
0.0992548
0.092152
0.0846363
0.0798972
0.073504
0.0699087
0.063315
0.0598603
0.0565316
0.0572941
0.0751596
0.110694
0.162309
0.168027
0.144777
0.121691
0.140698
0.177876
0.24159
0.194009
0.184483
0.18264
0.175716
0.170257
0.163345
0.148753
0.13871
0.126707
0.117219
0.118719
0.11399
0.0793602
0.049163
0.0461216
0.0986801
0.110304
0.106585
0.11706
0.157719
0.171913
0.212038
21.8276
3.40018
1.30648
0.712758
0.456753
0.327686
0.254119
0.207515
0.175418
0.151826
0.133783
0.119462
0.107886
0.0983779
0.0903774
0.083719
0.0782211
0.0732683
0.0687288
0.0663178
0.0596333
0.0574793
0.0565906
0.0600929
0.114193
0.150987
0.160956
0.157845
0.149288
0.144104
0.143663
0.155057
0.142755
0.201124
0.184578
0.196445
0.188631
0.208789
0.19869
0.151379
0.12137
0.109091
0.114887
0.127315
0.126462
0.110739
0.0943742
0.123622
0.0990054
0.123964
0.157406
0.214666
0.292849
0.411983
21.8276
3.39882
1.30549
0.712143
0.456447
0.327336
0.253869
0.207243
0.175105
0.151506
0.133357
0.119118
0.107316
0.0978472
0.0897205
0.0827111
0.0773889
0.0716358
0.0677967
0.063103
0.0577763
0.0530772
0.0596564
0.0831066
0.14906
0.219088
0.188972
0.133788
0.13673
0.180612
0.207012
0.172896
0.162934
0.167194
0.162039
0.168098
0.163361
0.159666
0.145706
0.132234
0.12628
0.11348
0.0857388
0.065922
0.0696637
0.0750304
0.0912368
0.0975105
0.0940794
0.091127
0.0920149
0.160599
0.154932
0.304937
21.8275
3.39941
1.30361
0.711574
0.455758
0.327122
0.253777
0.207316
0.175149
0.151702
0.133507
0.119339
0.107674
0.0981774
0.0903618
0.0834042
0.0779769
0.0731404
0.0680171
0.0655028
0.0590889
0.0572619
0.0586432
0.0625123
0.1526
0.251176
0.225145
0.168806
0.154024
0.146243
0.168115
0.168313
0.176843
0.160394
0.161501
0.156927
0.194397
0.197508
0.191819
0.132206
0.0929254
0.0886392
0.0997483
0.103184
0.10928
0.10059
0.0978201
0.140326
0.115278
0.114017
0.119785
0.363237
0.3845
0.544262
21.8276
3.39863
1.30513
0.711891
0.456419
0.327426
0.253925
0.20728
0.175147
0.151451
0.13341
0.118817
0.10739
0.097302
0.0897573
0.0821095
0.0774351
0.0709263
0.067829
0.0610471
0.0587061
0.0545051
0.0582243
0.187818
0.308242
0.219295
0.203568
0.153345
0.176886
0.210509
0.173182
0.164104
0.158985
0.164786
0.168315
0.166029
0.160771
0.155513
0.167316
0.173132
0.162661
0.11709
0.0897655
0.0984357
0.098796
0.09439
0.0898897
0.081114
0.0774513
0.0769978
0.091058
0.223019
0.344967
0.498567
21.8274
3.39955
1.30447
0.711558
0.456371
0.327496
0.253968
0.20737
0.175117
0.151647
0.133378
0.119217
0.107429
0.0980397
0.0899774
0.0832217
0.0778583
0.072682
0.0684927
0.064752
0.0604358
0.0551603
0.054403
0.0859
0.277179
0.28582
0.184484
0.163877
0.155937
0.165961
0.15622
0.141906
0.186813
0.163488
0.173621
0.189989
0.194648
0.17435
0.193893
0.17391
0.192231
0.198591
0.168854
0.156732
0.140315
0.119653
0.115977
0.11068
0.100061
0.0893842
0.179496
0.670978
0.668762
0.598326
21.8269
3.3995
1.30574
0.712429
0.456642
0.327493
0.253886
0.207196
0.17501
0.151287
0.13331
0.118581
0.107366
0.0970448
0.0894969
0.0820027
0.0769065
0.0703054
0.0667942
0.0596556
0.0562269
0.0546685
0.0652988
0.180492
0.291594
0.228495
0.178932
0.18999
0.214622
0.160003
0.169933
0.169469
0.170896
0.173831
0.172697
0.178561
0.183132
0.179234
0.165658
0.146179
0.13255
0.127889
0.115134
0.0980979
0.086769
0.0711872
0.0667255
0.0647738
0.0682723
0.117336
0.248381
0.333625
0.381509
21.8269
3.39871
1.30452
0.711954
0.456628
0.327584
0.25398
0.207362
0.175144
0.151592
0.133437
0.119116
0.10756
0.0979601
0.0902566
0.083544
0.0780438
0.0734067
0.0686126
0.0647699
0.0618123
0.0551703
0.0609623
0.173732
0.411563
0.240157
0.206732
0.174582
0.189377
0.207136
0.218138
0.223369
0.22964
0.225499
0.221161
0.205031
0.190216
0.179744
0.167936
0.158694
0.149738
0.144299
0.119059
0.132021
0.126183
0.111516
0.0938954
0.0838747
0.0856817
0.26406
0.518554
0.691075
0.573287
21.827
3.39865
1.30358
0.710986
0.455913
0.327018
0.253663
0.207104
0.174922
0.151294
0.133176
0.118708
0.107129
0.09717
0.089364
0.0819528
0.0765531
0.0713152
0.066097
0.061422
0.0590998
0.051664
0.0546793
0.0721335
0.104921
0.148831
0.162085
0.135814
0.164457
0.209614
0.184459
0.192774
0.18979
0.192061
0.180117
0.176532
0.166929
0.163498
0.160688
0.160976
0.150328
0.143604
0.131216
0.10462
0.0817998
0.0682297
0.0598985
0.0579802
0.0564637
0.0591713
0.103634
0.18643
0.355786
0.482733
21.827
3.39838
1.3035
0.710553
0.455608
0.327091
0.253861
0.207322
0.175178
0.151609
0.133697
0.119497
0.108158
0.0988048
0.090872
0.0846821
0.0783823
0.0743719
0.0693273
0.0650448
0.06209
0.0548415
0.0535551
0.061909
0.154593
0.107029
0.104467
0.104966
0.117741
0.150168
0.183499
0.190885
0.194158
0.195532
0.193581
0.178398
0.18499
0.180527
0.172768
0.159559
0.14646
0.137863
0.124944
0.108615
0.0955104
0.0853428
0.0753639
0.0675065
0.0588925
0.0704585
0.0785292
0.38138
0.759003
0.527265
21.8265
3.39916
1.30387
0.711174
0.456312
0.327476
0.253971
0.20734
0.175147
0.151483
0.133313
0.118879
0.107141
0.0974611
0.0891962
0.0825976
0.0763636
0.0720582
0.0670559
0.0642115
0.0586382
0.0577144
0.0495492
0.0560755
0.0687934
0.073043
0.0699456
0.0738772
0.123345
0.19455
0.179619
0.181173
0.175848
0.176615
0.164029
0.151569
0.146044
0.146097
0.144741
0.13926
0.133999
0.125984
0.104482
0.0775515
0.0628235
0.0547053
0.051011
0.0498242
0.0526006
0.0509173
0.0799563
0.148383
0.332442
0.416632
21.8276
3.39402
1.29719
0.707836
0.454984
0.327039
0.253857
0.207297
0.175251
0.15202
0.134531
0.120891
0.109928
0.100781
0.0929608
0.0863036
0.0802167
0.0752173
0.0705604
0.0660411
0.0633699
0.0577501
0.0546481
0.0616
0.0671402
0.080777
0.0926017
0.0934891
0.111987
0.144717
0.15886
0.16659
0.164915
0.165635
0.163142
0.156701
0.151724
0.149863
0.14735
0.142285
0.138897
0.124926
0.109601
0.0931222
0.0794223
0.066147
0.0623924
0.0577357
0.0525404
0.059742
0.0376435
0.372689
0.69308
0.540247
21.8268
3.39841
1.30325
0.710566
0.455704
0.327109
0.253746
0.207194
0.175042
0.151457
0.133308
0.118962
0.107251
0.097648
0.0895155
0.0828154
0.0769087
0.0721322
0.0679223
0.0639314
0.0614175
0.0556448
0.0604411
0.0505836
0.0816311
0.0891451
0.0862349
0.0867153
0.124187
0.175401
0.166584
0.166561
0.158986
0.15824
0.145235
0.137178
0.134468
0.134473
0.135556
0.135138
0.132145
0.102621
0.0729424
0.0580139
0.0515545
0.0477746
0.0448816
0.046281
0.0454545
0.0452914
0.0770233
0.0814357
0.184557
0.359277
21.8269
3.39719
1.30143
0.70965
0.45546
0.327087
0.253894
0.20743
0.175226
0.151725
0.133587
0.119592
0.108076
0.0990016
0.0910971
0.0847409
0.0790628
0.0742563
0.0699695
0.0663486
0.0621811
0.060364
0.0521534
0.0559513
0.0599807
0.0787982
0.0991394
0.0909507
0.104115
0.131993
0.143012
0.149584
0.145767
0.149287
0.143403
0.14328
0.143286
0.142642
0.140404
0.137524
0.123755
0.105812
0.086779
0.07024
0.0596198
0.0532433
0.0479643
0.0463296
0.0463271
0.0506625
0.0856303
0.0577761
0.423603
0.542731
21.8263
3.39826
1.30343
0.711243
0.456299
0.327456
0.253918
0.207331
0.175102
0.151527
0.133323
0.118998
0.10727
0.0976053
0.0896389
0.0826108
0.0772383
0.0719139
0.0680443
0.0646685
0.0607307
0.0587399
0.0510791
0.0562137
0.0586387
0.0848297
0.107204
0.11401
0.141022
0.164118
0.155582
0.152838
0.149966
0.147716
0.141445
0.136184
0.131189
0.127738
0.126883
0.120018
0.0891146
0.0665434
0.0543161
0.0489796
0.0453869
0.0437856
0.0417422
0.0435051
0.0443063
0.046342
0.0690399
0.0764821
0.0976167
0.144007
21.8261
3.39846
1.30318
0.711161
0.456357
0.327544
0.25407
0.207494
0.175313
0.151737
0.133592
0.119255
0.10754
0.0979047
0.0897714
0.0830674
0.0771235
0.0726795
0.0679357
0.0652519
0.0615959
0.0585221
0.0544122
0.0543461
0.0529992
0.0619169
0.0740207
0.0902074
0.107389
0.126909
0.131547
0.132353
0.132781
0.132603
0.131431
0.132536
0.131837
0.128511
0.121256
0.106445
0.0881634
0.0718811
0.0607262
0.0529351
0.0487626
0.0464259
0.0457152
0.0434012
0.0457767
0.045153
0.0579881
0.0685617
0.176756
0.339778
21.8264
3.39782
1.30217
0.710601
0.456158
0.327498
0.254046
0.207441
0.175236
0.151641
0.133485
0.119169
0.107517
0.0979465
0.0899917
0.0831851
0.0776861
0.0724883
0.0689421
0.0646862
0.0607515
0.0581843
0.0534199
0.0530342
0.0555857
0.0580696
0.071987
0.100972
0.12644
0.161795
0.153519
0.146655
0.142655
0.139423
0.137665
0.13336
0.129529
0.122593
0.103703
0.0785937
0.0609195
0.0515355
0.0456884
0.0436104
0.0417333
0.041095
0.0404396
0.040826
0.0419179
0.049657
0.0566097
0.0749478
0.106117
0.135213
21.8261
3.39801
1.30251
0.71079
0.456249
0.327594
0.254125
0.207533
0.175365
0.151787
0.133655
0.119341
0.107724
0.0981435
0.0902567
0.0834247
0.0779558
0.0728143
0.0689866
0.0650626
0.0622193
0.0594064
0.057705
0.0518328
0.0505776
0.0530502
0.0562099
0.0637784
0.0860179
0.103535
0.110896
0.112952
0.117829
0.11648
0.111087
0.105478
0.0982463
0.0891038
0.0780867
0.0674093
0.0586447
0.0524597
0.0487091
0.045804
0.0448328
0.0429444
0.041771
0.0432355
0.0430748
0.0480679
0.0572612
0.120431
0.124068
0.173551
21.8259
3.39851
1.30336
0.711036
0.456216
0.327468
0.254037
0.207451
0.175281
0.151698
0.133566
0.119238
0.107554
0.0979603
0.0899108
0.0831843
0.0774709
0.07275
0.0684738
0.0654271
0.0618009
0.0587101
0.0547982
0.0522111
0.0503271
0.0525033
0.0570059
0.0630466
0.0878634
0.116734
0.137662
0.136007
0.13245
0.127714
0.120671
0.112787
0.101029
0.0828666
0.065582
0.054111
0.0478358
0.0447664
0.0426077
0.0419765
0.039986
0.0399688
0.0395331
0.0412377
0.0431806
0.0481206
0.0583117
0.099192
0.161432
0.201517
21.8257
3.39866
1.30343
0.711371
0.456557
0.327742
0.254246
0.207619
0.175471
0.151864
0.133775
0.119452
0.107866
0.0983184
0.0904428
0.0836732
0.0782527
0.073067
0.0695874
0.0648875
0.06397
0.0570886
0.054804
0.0531491
0.0523441
0.0476817
0.0497894
0.0506226
0.0601256
0.0682473
0.0828865
0.0811835
0.0787614
0.076436
0.0729956
0.0686349
0.0633191
0.0583743
0.0538592
0.0502127
0.0474095
0.0455817
0.0443019
0.0434214
0.0424888
0.0407035
0.0404173
0.0404113
0.0438973
0.0513558
0.0772811
0.136848
0.154007
0.167571
21.8259
3.3982
1.30345
0.711411
0.456526
0.327673
0.254167
0.207555
0.175408
0.151823
0.133744
0.119399
0.107756
0.0980971
0.0900361
0.0831995
0.0774526
0.0725477
0.0684286
0.0650085
0.0616953
0.0604897
0.0540242
0.0524184
0.0514739
0.0470136
0.049276
0.0491954
0.057234
0.062831
0.0824437
0.0801781
0.0772102
0.0740669
0.0699151
0.0646923
0.0580384
0.0518766
0.0472889
0.0444876
0.0427097
0.0418626
0.0415746
0.0409852
0.0395112
0.0390124
0.0383631
0.0398374
0.0409226
0.0493501
0.070894
0.135719
0.212772
0.243336
21.8258
3.39868
1.30302
0.711164
0.456521
0.327765
0.254316
0.207715
0.175554
0.151991
0.133858
0.119593
0.107847
0.0983739
0.0901845
0.0836168
0.0777657
0.073111
0.0689595
0.0655026
0.0626265
0.059813
0.0578424
0.0556217
0.0545165
0.0522463
0.0530485
0.0485674
0.0514366
0.0533069
0.0578245
0.0578204
0.0568757
0.0553517
0.0534886
0.0514013
0.0492308
0.0473488
0.0458068
0.0446937
0.0439908
0.042853
0.041718
0.0411764
0.0390385
0.0385112
0.0387408
0.0391764
0.0447034
0.0564035
0.113484
0.285791
0.345435
0.272628
21.8258
3.39784
1.30257
0.710918
0.456389
0.327655
0.254224
0.207604
0.175498
0.151877
0.133847
0.11947
0.10788
0.0982383
0.0902298
0.0834592
0.0777587
0.0729306
0.0688823
0.0653831
0.0625965
0.0599331
0.0578759
0.055592
0.0544142
0.0518471
0.0525246
0.0478481
0.0501541
0.0516637
0.0548058
0.0545245
0.0536185
0.0520301
0.0499743
0.0477191
0.0456476
0.0440695
0.0428591
0.0422861
0.0416933
0.0412702
0.0405832
0.0398563
0.0384878
0.037611
0.0362393
0.0372584
0.0393
0.0521606
0.108639
0.196344
0.226686
0.180328
21.8255
3.39879
1.30357
0.711519
0.456714
0.327879
0.254384
0.207778
0.175647
0.152082
0.13401
0.119685
0.108032
0.0984051
0.0903694
0.083562
0.0779155
0.0730907
0.0689982
0.0657
0.0626203
0.0602919
0.0579909
0.0561076
0.0545625
0.0531455
0.0521089
0.0513042
0.0507841
0.0505821
0.0504452
0.0500711
0.0493862
0.0484213
0.0473337
0.0461923
0.045086
0.0441269
0.0431774
0.0424185
0.0415963
0.0408265
0.0402031
0.0394022
0.0387923
0.0372049
0.0372982
0.0382838
0.0494385
0.0630348
0.209663
0.339723
0.347278
0.286968
21.8258
3.39816
1.30305
0.711224
0.456549
0.327754
0.254293
0.207684
0.175573
0.151993
0.133957
0.119619
0.108018
0.098382
0.090373
0.0835997
0.077936
0.07312
0.0691428
0.0656971
0.0628744
0.0603559
0.0582286
0.0562868
0.0546579
0.0531385
0.0518351
0.0508429
0.05
0.0496272
0.0492528
0.0489043
0.0480888
0.0472632
0.0460482
0.0450887
0.0439169
0.0431527
0.0421911
0.0415905
0.0407402
0.0401486
0.0392855
0.0384153
0.0372612
0.0360469
0.035926
0.039008
0.0414756
0.0615801
0.131152
0.21691
0.409668
0.342678
21.8256
3.3983
1.30281
0.711122
0.456572
0.32786
0.254423
0.20784
0.175718
0.152165
0.134111
0.119796
0.108161
0.0985221
0.0904797
0.0836728
0.078004
0.0731883
0.069121
0.0657419
0.0628008
0.0603349
0.0581554
0.0562547
0.0546164
0.0532456
0.0520417
0.0510182
0.0500629
0.0492844
0.0485128
0.0477237
0.0468781
0.0459649
0.0450246
0.0441008
0.0432372
0.042425
0.041682
0.0410156
0.0403534
0.0397335
0.0391658
0.038283
0.0373242
0.0366271
0.0377567
0.0432102
0.0611713
0.0867536
0.345748
0.492019
0.499657
0.570366
21.8258
3.39793
1.3025
0.710926
0.456453
0.327755
0.254331
0.207737
0.175629
0.152065
0.134042
0.119729
0.108148
0.0985276
0.0905305
0.0837594
0.0780906
0.0732737
0.0692706
0.0658134
0.0629672
0.060405
0.0583222
0.0563783
0.0546693
0.0531948
0.0518727
0.0506387
0.0495402
0.0485106
0.0476131
0.0466726
0.0458147
0.0447881
0.0438748
0.0428428
0.0419583
0.0410984
0.040276
0.0396509
0.0388347
0.0382283
0.0370879
0.0364807
0.0353267
0.0363352
0.0378774
0.0448745
0.0525756
0.100054
0.13346
0.239566
0.246891
0.275143
21.8256
3.39836
1.30292
0.711198
0.456643
0.327924
0.254478
0.207907
0.175781
0.152245
0.134192
0.119889
0.108266
0.0986282
0.0905894
0.083783
0.0780786
0.0732456
0.069153
0.0657471
0.0627717
0.0603329
0.0581324
0.0562611
0.0545718
0.0530945
0.0516984
0.0506147
0.0494914
0.048561
0.0475706
0.0467148
0.0457245
0.044877
0.043852
0.0430492
0.0421341
0.0414117
0.0406316
0.0399746
0.0391952
0.0386324
0.0377981
0.035913
0.0357455
0.0375203
0.042327
0.0545361
0.085272
0.121127
0.245061
0.340398
0.325157
0.294918
21.8257
3.39827
1.30286
0.711135
0.45656
0.327821
0.254387
0.207799
0.175693
0.152139
0.134116
0.119809
0.108231
0.0985966
0.0905735
0.0837371
0.0780182
0.0731334
0.0690904
0.0656292
0.0628106
0.0603655
0.058284
0.056386
0.0547042
0.0531808
0.0518308
0.0505222
0.04939
0.048185
0.0471249
0.0459783
0.0449379
0.0438403
0.0428018
0.0417896
0.0408252
0.0400067
0.0390702
0.0384565
0.0374078
0.0367986
0.0352082
0.0351879
0.0359341
0.0397467
0.0469298
0.056309
0.086089
0.167687
0.251821
0.40095
0.385389
0.397128
21.8257
3.39832
1.30286
0.711204
0.456661
0.32795
0.254515
0.207944
0.175838
0.152301
0.13427
0.119977
0.108378
0.0987745
0.0907528
0.0839876
0.0783019
0.0734891
0.0694543
0.0660135
0.0631204
0.0606142
0.0584353
0.0565336
0.0548215
0.0533293
0.0518203
0.0506303
0.0493854
0.0482785
0.0471639
0.0460925
0.0450721
0.0439998
0.0430374
0.0420074
0.0411223
0.0402518
0.0393235
0.0387051
0.0376329
0.036935
0.0355546
0.0353733
0.0359952
0.0441618
0.0573982
0.0786472
0.102279
0.171553
0.253458
0.374284
0.46699
0.52949
21.8258
3.39816
1.30259
0.710997
0.456518
0.327834
0.254409
0.20784
0.175733
0.152201
0.134182
0.119908
0.108344
0.0987708
0.090787
0.0840369
0.0783523
0.0735188
0.0694443
0.0659681
0.0630165
0.060469
0.05825
0.0563092
0.0545486
0.0530017
0.0515509
0.0502079
0.0489315
0.0476721
0.0464953
0.0452823
0.0441691
0.0430073
0.0419629
0.0408688
0.0400081
0.0388748
0.038281
0.0370823
0.0367345
0.0352747
0.0357278
0.037505
0.0406756
0.0490287
0.0578771
0.060781
0.161266
0.163099
0.375834
0.576539
0.424822
0.258177
21.8256
3.39853
1.30286
0.711157
0.456642
0.327961
0.254538
0.207975
0.175877
0.152351
0.134335
0.120055
0.108481
0.0988979
0.0909027
0.0841555
0.0784723
0.0736659
0.0695916
0.066165
0.0631942
0.0607012
0.0584806
0.0565754
0.0548483
0.0533152
0.0518571
0.0505268
0.0492412
0.0479967
0.0468054
0.0456118
0.0445023
0.0433431
0.0423289
0.0412409
0.0403266
0.0392795
0.0386552
0.0369371
0.0364739
0.03508
0.0358289
0.0370006
0.0406543
0.0568912
0.0658076
0.0752318
0.108492
0.142332
0.382481
0.40735
0.496414
0.649951
21.8261
3.39813
1.30295
0.711086
0.456417
0.327664
0.25422
0.207656
0.175547
0.152064
0.13417
0.120167
0.108941
0.0997876
0.092153
0.0857329
0.080213
0.0754968
0.0713581
0.0677938
0.0646129
0.0618472
0.059391
0.057207
0.0553187
0.0535449
0.0520497
0.0505288
0.049283
0.0478969
0.0467912
0.0455244
0.0444387
0.0433834
0.0423027
0.0408481
0.0396541
0.037971
0.037342
0.035519
0.0358005
0.0366279
0.0388647
0.0428171
0.0463831
0.053445
0.0541271
0.0587584
0.145521
0.0720093
0.249646
0.608041
0.716324
0.933557
21.8264
3.39868
1.3024
0.710737
0.456359
0.327739
0.25434
0.207801
0.175714
0.152225
0.134227
0.120013
0.108485
0.0990165
0.0911292
0.0845281
0.0789794
0.0742594
0.0702838
0.0668174
0.0638922
0.0612768
0.0590521
0.0570531
0.0552906
0.0537105
0.0522234
0.0508887
0.0495711
0.0483317
0.047139
0.0459352
0.0447905
0.0437134
0.0425952
0.0410432
0.0398219
0.0379568
0.0374555
0.0355236
0.0357372
0.0364208
0.0396146
0.0420165
0.0465971
0.0523805
0.0522435
0.0722321
0.110935
0.104238
0.282675
0.401495
0.609143
0.448298
0.0110806
0.0114565
0.0117889
0.0121365
0.0124874
0.0128243
0.0131775
0.0134811
0.0137987
0.0140502
0.014337
0.0145521
0.01483
0.0150226
0.0152922
0.0154632
0.0157026
0.0158534
0.0160363
0.0161582
0.0162657
0.0163771
0.0164468
0.0165662
0.0166536
0.0168268
0.0169604
0.0172378
0.017515
0.0179858
0.0184272
0.0190126
0.0196663
0.0204698
0.0212317
0.0219188
0.0225298
0.0231227
0.0235834
0.0239024
0.0238532
0.0238044
0.0234804
0.0229247
0.0220356
0.0224099
0.0223459
0.0236513
0.0262103
0.0238777
0.023821
0.0218545
0.0128166
0.010252
0.0110937
0.0114455
0.0117912
0.0121498
0.012487
0.0128504
0.0131638
0.0135131
0.0137753
0.014083
0.0143214
0.0145794
0.0148303
0.0150509
0.0152986
0.0154999
0.0156998
0.0158923
0.016031
0.0162081
0.0163015
0.0164836
0.0165861
0.0168227
0.0169566
0.0172699
0.0174486
0.0178257
0.0180597
0.0184787
0.0188559
0.0192978
0.0199093
0.0205479
0.0212672
0.0219542
0.0225998
0.0232218
0.0237544
0.0243827
0.0244664
0.0244306
0.024287
0.0234117
0.0241166
0.02534
0.0259491
0.0262538
0.0268547
0.0253172
0.0247778
0.0234174
0.0192139
0.0313566
0.335951
0.120891
0.236729
0.278812
0.240232
0.321449
0.277862
0.347064
0.287085
0.304934
0.213653
0.0775289
0.14456
0.148865
0.125396
0.480401
0.218599
0.535543
0.321901
0.475607
0.290434
0.113537
0.3304
0.172285
0.299603
0.354781
0.477156
0.281798
0.205826
0.297929
0.292034
0.117374
0.0991835
0.244178
0.0638196
0.177667
0.421437
0.503373
0.288672
0.268838
0.213579
0.194668
0.130429
0.0747227
0.128567
0.1093
0.191157
0.100508
0.195009
0.204501
0.158798
0.216232
0.240979
0.267864
0.249821
0.301141
0.0890933
0.0632293
0.0842773
0.0732639
0.146589
0.0690607
0.113247
0.201701
0.149748
0.211736
0.278523
0.319565
0.237689
0.31973
0.117159
0.053402
0.0992636
0.0758779
0.124536
0.0592615
0.124394
0.437542
0.353851
0.303352
0.346161
0.661602
0.199843
0.26516
0.238519
0.254227
0.23048
0.310368
0.274201
0.0688614
0.0569955
0.0638031
0.0586985
0.0705598
0.0569691
0.0643991
0.592133
0.466567
0.26944
0.559688
0.363295
0.267938
0.417137
0.311552
0.315481
0.313873
0.249779
0.308723
0.0981698
0.0552549
0.0900213
0.0515275
0.0865235
0.0513155
0.0626793
1.06442
0.266738
0.172146
0.281585
0.940807
0.593512
0.582143
0.24554
0.391342
0.320034
0.267507
0.229505
0.33979
0.296478
0.0660073
0.0591792
0.0628869
0.0574852
0.0678594
0.0548551
0.0578762
0.23336
0.140681
0.173386
0.278967
0.143514
0.72162
0.781822
0.342789
0.453451
0.345832
0.323935
0.26595
0.306609
0.237059
0.11329
0.115689
0.194763
0.0652042
0.0715664
0.0682419
0.153929
0.136477
0.200272
0.244213
0.074432
0.0855598
0.0921677
0.120565
0.133482
0.0594784
0.105974
0.0691311
0.0620042
0.0605482
0.0952048
0.224639
0.118085
0.118274
0.0707036
0.0918064
0.0845971
0.0872275
0.534891
0.381238
0.330282
0.402973
0.966848
0.459968
0.314082
0.288871
0.377902
0.344881
0.620427
0.339468
0.295774
0.306475
1.08948
0.486966
0.349932
0.884582
0.229204
0.401791
0.388503
0.523462
0.385501
0.303688
0.374705
0.322209
0.407841
0.368386
0.407371
0.247026
0.141092
0.253439
0.239128
0.294656
0.259891
0.428866
0.240898
0.215972
0.227987
0.37805
0.343369
0.284373
0.238574
0.254134
0.243236
0.181364
0.194316
0.31353
0.240286
0.180426
0.146012
0.191681
0.178736
0.231348
0.158938
0.128413
0.455061
0.115391
0.195597
0.26677
0.231524
0.117883
0.127699
0.116234
0.179694
0.20439
0.118285
0.661871
0.284219
0.475721
0.45809
1.0972
0.311225
0.217196
0.588676
0.446609
0.330525
0.204622
0.497008
0.442536
1.52078
0.658046
0.456873
0.413417
0.480667
0.857297
0.989238
0.630057
1.1745
0.418669
0.358934
0.402551
0.303563
1.34753
0.268654
1.02056
0.231792
0.47785
0.324343
0.84143
1.14879
0.52121
0.339098
0.32841
0.618215
0.551096
0.371216
0.362859
0.400161
0.442166
0.594274
0.899907
0.52798
0.486356
0.575969
0.508782
0.745642
0.507299
0.302962
0.37724
0.414097
0.490515
0.563945
0.531155
0.297178
0.647453
0.464251
0.161108
0.183604
0.219436
0.146109
0.115303
0.153302
0.214031
0.150976
0.0880054
0.212735
0.260922
0.221435
0.246706
0.222621
0.19849
0.202595
0.173197
0.202259
0.170771
0.658696
0.372381
0.561519
0.614021
0.590034
0.729406
0.447934
0.68335
0.373445
0.579076
0.633433
0.517358
0.414234
0.267723
0.253826
0.611809
0.235196
0.438968
0.23357
0.205419
0.239183
0.497874
0.481858
0.232622
0.198757
0.252354
0.291798
0.248591
0.426021
0.206754
0.16586
0.0755126
0.108013
0.140939
0.294491
0.0926769
0.445179
0.176699
0.203622
0.169329
0.270705
0.23448
0.343089
0.348299
0.384505
0.302849
0.309428
0.368505
0.250645
0.435285
0.322955
0.296139
0.396815
0.405619
0.367429
0.275605
0.289444
0.170444
0.0808999
0.0937992
0.0855602
0.100498
0.101382
0.140873
0.713336
0.433746
0.443371
0.526836
0.428591
0.546253
0.325578
0.506142
0.450742
0.488054
0.611238
0.482724
0.530333
0.658469
0.340121
0.172017
0.164617
0.214606
0.182538
0.205207
0.316387
0.623768
0.241928
0.170541
0.289411
0.210112
0.367657
0.334084
0.384489
0.262704
0.240941
0.285198
0.349634
0.312334
0.337054
0.457076
0.446805
0.379992
0.295668
0.449711
0.42317
0.430263
0.213503
0.105236
0.176421
0.0857071
0.249504
0.0856806
0.089496
0.20393
0.0770559
0.0672286
0.0951149
0.0902127
0.091739
0.16932
0.370043
0.398969
0.256996
0.233024
0.361915
0.397559
0.240633
0.297646
0.35633
0.225388
0.193858
0.389413
0.199551
0.297407
0.267224
0.363279
0.344383
0.397498
0.368312
0.282189
0.327221
0.087987
0.0960086
0.149433
0.0646176
0.0994481
0.135997
0.1467
0.0944145
0.256343
0.482259
0.497755
0.176704
0.405864
0.375884
0.271003
0.714657
0.559117
0.89581
0.438714
1.03933
0.716955
0.214876
0.127842
0.135482
0.112546
0.132533
0.490585
0.57676
0.463795
0.245223
0.454385
0.45398
0.212379
0.123823
0.130269
0.132977
0.114002
0.829654
0.905407
0.618658
0.994809
0.79873
0.738871
0.613606
0.541462
0.335261
0.592272
0.369396
0.491997
0.612824
0.543615
0.581711
0.809118
0.870225
0.701148
0.555449
0.806363
0.626924
0.446959
0.595778
0.716786
0.128632
0.138176
0.235162
0.217414
0.150407
0.119071
0.209436
0.0880909
0.124626
0.114303
0.0950769
0.0717288
0.080605
0.0928749
0.0659175
0.144519
0.267477
0.169581
0.252665
0.138628
0.156599
0.243464
0.574869
0.693727
0.578842
0.540579
0.250999
0.649196
0.608121
0.472255
0.304393
0.19988
0.11229
0.184833
0.143553
0.162364
0.157062
0.172239
0.15808
0.536806
0.715111
0.515187
0.204524
0.755218
0.219708
0.649034
0.403808
0.512382
0.290968
0.442298
0.507987
0.477727
0.263589
0.125339
0.143316
0.142056
0.129852
0.118054
0.143246
0.137734
0.131228
0.356691
0.412706
0.357385
0.230939
0.376063
0.252065
0.333762
0.414004
0.440016
0.491899
0.825395
0.374129
0.418174
0.536583
0.337576
0.314428
0.525179
0.263841
0.199073
0.561162
0.474079
0.41974
0.562361
1.23025
0.384421
0.386367
0.389419
0.399102
0.759086
0.486242
0.451921
0.54426
0.458629
0.70294
0.371759
0.390766
0.619267
0.294329
0.134158
0.141238
0.125989
0.147528
0.575588
0.655217
0.330243
0.23824
0.378878
0.246714
0.522622
0.137347
0.506781
0.317812
0.198341
0.34228
0.318302
0.331543
0.422294
0.310235
0.354233
0.31125
0.420021
0.307428
0.0924665
0.138369
0.11063
0.136006
0.0990935
0.136158
0.0940354
0.136093
0.415879
0.469627
0.509254
0.271423
0.443562
0.482983
0.29732
0.262443
0.295267
0.145588
0.234699
0.258197
0.372011
0.295798
0.285073
0.168828
0.173636
0.167448
0.23721
0.125525
0.164352
0.211244
0.162947
0.235636
0.211602
0.553888
0.228654
0.166729
0.484165
0.24432
0.208328
0.220866
0.218668
0.168662
0.199729
0.223683
0.241684
0.221952
0.17436
0.239934
0.153113
0.217724
0.13892
0.240067
0.169152
0.226955
0.254034
0.237487
0.247981
0.23981
0.197349
0.160277
0.213106
0.165378
0.214583
0.250603
0.231212
0.299858
0.186955
0.25356
0.277006
0.18799
0.113658
0.141912
0.137191
0.124752
0.294536
0.315373
0.379151
0.240354
0.30136
0.340177
0.20842
0.107555
0.1319
0.134116
0.112159
0.21167
0.205914
0.178563
0.251787
0.212673
0.189347
0.187788
0.115453
0.0920252
0.214875
0.0538995
0.120957
0.139087
0.117454
0.164445
0.186324
0.214048
0.168972
0.106587
0.203743
0.153318
0.159988
0.269779
0.297955
0.176135
0.145718
0.265205
0.159791
0.251082
0.097152
0.132426
0.108868
0.118724
0.342393
0.338459
0.382324
0.206847
0.297107
0.475352
0.17595
0.0689901
0.0778605
0.0847994
0.0647204
0.202183
0.221942
0.204946
0.177579
0.11915
0.237841
0.155943
0.182457
0.115426
0.0308414
0.0317788
0.0433185
0.023118
0.0407824
0.0595457
0.0379478
0.0564063
0.182442
0.204912
0.156716
0.0725764
0.162292
0.117335
0.172131
0.20474
0.174078
0.295949
0.558186
0.471846
0.546266
0.436825
0.449904
0.55064
0.308294
0.122912
0.298852
0.0499525
0.0973589
0.138887
0.108535
0.161491
0.677176
0.853808
0.840316
1.11828
0.586413
1.28163
0.742042
0.265253
0.206027
0.814658
1.01056
0.406922
0.409369
0.98179
0.378991
0.652989
0.131101
0.207207
0.143048
0.217733
0.37142
0.454782
0.270434
0.232017
0.216968
0.545659
0.282155
0.108041
0.243666
0.231425
0.238346
0.606745
1.51323
0.676701
0.58757
0.657056
0.798328
0.629255
0.606645
0.961563
0.537465
0.351095
0.51065
0.376139
0.358543
0.289078
0.327461
0.346465
1.01954
1.10793
0.634201
1.04418
0.664279
1.5114
0.785588
0.979722
0.829792
0.451397
1.35563
0.645099
0.825562
0.652218
1.09262
0.556065
0.128447
0.140525
0.109469
0.157492
0.327336
0.582688
0.530664
0.4283
0.27466
0.453184
0.194593
0.318518
0.171766
0.447907
0.353174
1.26387
0.665968
0.859021
1.0463
0.657977
0.725353
0.963277
0.541606
0.86345
0.383981
0.357574
0.444807
0.302459
0.418738
0.500401
0.563422
0.446151
0.666406
0.78571
0.702499
0.4503
0.773434
0.517977
0.582077
0.852524
1.09394
0.966829
0.887624
0.928559
0.909636
0.791724
0.215195
0.119699
0.189514
0.10819
0.42074
0.53154
0.560562
0.432207
0.464656
0.546458
0.260468
0.383032
0.490716
0.47054
0.32657
0.518234
0.48571
0.475303
0.546021
0.528049
0.462258
0.493456
0.333745
0.222656
0.314593
0.295926
0.264174
0.270216
0.273054
0.283344
0.54521
0.641503
0.53172
0.446769
0.658117
0.524913
0.524807
0.609135
0.787097
0.502384
0.510731
0.532668
0.552111
0.534325
0.52474
0.560307
0.346545
0.307074
0.331289
0.3002
0.332123
0.285717
0.294965
0.321238
0.559501
0.662029
0.667995
0.676252
0.570445
0.670095
0.657121
0.332855
0.625551
0.384906
0.443606
0.506931
0.34974
0.360759
0.310859
0.288572
0.391157
0.250577
0.292976
0.424374
0.363387
0.343882
0.308777
0.512002
0.485235
0.322355
0.577768
0.302056
0.365639
0.355656
0.627271
0.553782
0.415273
0.650758
0.357933
0.407145
0.214599
0.260717
0.242095
0.219958
0.330389
0.428333
0.406711
0.341818
0.218292
0.700246
0.758674
0.331253
0.787822
0.302353
0.273818
0.167681
0.172176
0.0826902
0.114492
0.219889
0.218509
0.0897949
0.116415
0.211527
0.0273603
0.0273916
0.0384817
0.0197534
0.0341597
0.0415581
0.0446901
0.0482395
0.0875614
0.22172
0.0674571
0.167204
0.110787
0.181326
0.132152
0.160293
0.162659
0.292929
0.219598
0.148737
0.287738
0.151245
0.322769
0.280769
0.0719732
0.095857
0.0753622
0.0952577
0.280174
0.242671
0.160188
0.314939
0.28084
0.150646
0.3117
0.0723632
0.122866
0.0723226
0.1177
0.255809
0.149352
0.266358
0.206372
0.153864
0.26265
0.272487
0.0799596
0.0606484
0.103659
0.0492038
0.0762902
0.118742
0.0770929
0.102272
0.242767
0.199073
0.0955587
0.259129
0.152632
0.264622
0.237893
0.565402
0.738308
0.503913
0.683644
0.751811
0.604423
0.545579
0.301593
0.276356
0.314047
0.309193
0.324479
0.245631
0.282822
0.337594
0.609311
0.565263
0.771889
0.591652
0.737422
0.692792
0.569236
0.730313
0.619789
0.670359
0.69318
0.771198
0.636965
0.453326
0.678365
0.614785
0.362418
0.375878
0.547992
0.411483
0.308525
0.330238
0.400031
0.254616
0.965593
0.748587
0.519057
0.46864
0.875506
0.681056
0.764143
0.158421
0.404649
0.409249
0.243805
0.349467
0.246384
0.169146
0.206474
0.17005
0.206095
0.174078
0.244317
0.590872
0.671623
0.303086
0.64998
0.25211
0.286254
0.132065
0.161056
0.150568
0.137716
0.174662
0.414845
0.238532
0.437497
0.421387
0.167828
0.211473
0.10134
0.0776223
0.12198
0.0848964
0.141654
0.160939
0.161012
0.139666
0.132165
0.382245
0.470371
0.237952
0.324953
0.183118
0.194989
)
;

boundaryField
{
    inlet
    {
        type            fixedValue;
        value           uniform 440.15;
    }
    outlet
    {
        type            zeroGradient;
    }
    rightSide
    {
        type            symmetryPlane;
    }
    leftSide
    {
        type            symmetryPlane;
    }
    duct
    {
        Cmu             0.09;
        kappa           0.41;
        E               9.8;
        beta1           0.075;
        type            omegaWallFunction;
        value           nonuniform List<scalar> 
216
(
0.0110954
0.0110982
0.0114466
0.0114447
0.0117964
0.0117928
0.0121302
0.0121459
0.0124276
0.0124173
0.0127089
0.0127631
0.0130065
0.0129918
0.0132441
0.0133472
0.0135746
0.0135705
0.0137984
0.0139183
0.0141291
0.0141598
0.0143501
0.0144518
0.0146475
0.0147092
0.014899
0.01495
0.0151297
0.0152233
0.0154334
0.0154957
0.0157114
0.0157443
0.0159974
0.015986
0.0162827
0.0162054
0.0165521
0.0164026
0.0167156
0.0167198
0.0169339
0.0171599
0.0172087
0.0177019
0.0177498
0.0189898
0.0205924
0.0219128
0.0244912
0.0260705
0.0288813
0.0290461
0.0323771
0.0315801
0.0355788
0.0346249
0.0381089
0.0374566
0.0403355
0.0395874
0.0421358
0.0410395
0.0434233
0.0414229
0.0446732
0.0415479
0.0456723
0.0416273
0.0464278
0.0416725
0.0470695
0.0416791
0.0474745
0.0420969
0.0479865
0.0422264
0.0485172
0.0421981
0.0484625
0.0421522
0.0483806
0.0415048
0.0480497
0.041145
0.0467021
0.0404241
0.0446242
0.0387529
0.0412679
0.0361712
0.0371403
0.0330191
0.0331158
0.0293168
0.0284723
0.0253541
0.0270092
0.0246683
0.026108
0.0241267
0.0228761
0.0257569
0.0222173
0.0195259
0.0217058
0.0099339
0.0110806
0.0110937
0.0114565
0.0114455
0.0117889
0.0117912
0.0121365
0.0121498
0.0124874
0.012487
0.0128243
0.0128504
0.0131775
0.0131638
0.0134811
0.0135131
0.0137987
0.0137753
0.0140502
0.014083
0.014337
0.0143214
0.0145521
0.0145794
0.01483
0.0148303
0.0150226
0.0150509
0.0152922
0.0152986
0.0154632
0.0154999
0.0157026
0.0156998
0.0158534
0.0158923
0.0160363
0.016031
0.0161582
0.0162081
0.0162657
0.0163015
0.0163771
0.0164836
0.0164468
0.0165861
0.0165662
0.0168227
0.0166536
0.0169566
0.0168268
0.0172699
0.0169604
0.0174486
0.0172378
0.0178257
0.017515
0.0180597
0.0179858
0.0184787
0.0184272
0.0188559
0.0190126
0.0192978
0.0196663
0.0199093
0.0204698
0.0205479
0.0212317
0.0212672
0.0219188
0.0219542
0.0225298
0.0225998
0.0231227
0.0232218
0.0235834
0.0237544
0.0239024
0.0243827
0.0238532
0.0244664
0.0238044
0.0244306
0.0234804
0.024287
0.0229247
0.0234117
0.0220356
0.0241166
0.0224099
0.02534
0.0223459
0.0259491
0.0236513
0.0262538
0.0262103
0.0268547
0.0238777
0.0253172
0.023821
0.0247778
0.0218545
0.0234174
0.0128166
0.0192139
0.010252
0.0313566
)
;
    }
    cylinder
    {
        Cmu             0.09;
        kappa           0.41;
        E               9.8;
        beta1           0.075;
        type            omegaWallFunction;
        value           nonuniform List<scalar> 
448
(
0.593512
0.582143
0.72162
0.781822
0.486966
0.349932
0.385501
0.303688
0.247026
0.141092
0.240898
0.215972
0.195597
0.26677
0.20439
0.118285
0.311225
0.217196
0.442536
1.52078
0.989238
0.630057
1.34753
0.268654
0.594274
0.899907
0.161108
0.183604
0.150976
0.0880054
0.729406
0.447934
0.344383
0.327221
0.087987
0.0994481
0.176704
0.375884
0.438714
0.214876
0.127842
0.245223
0.212379
0.123823
0.905407
0.79873
0.541462
0.491997
0.595778
0.716786
0.138176
0.150407
0.0880909
0.0717288
0.574869
0.693727
0.250999
0.304393
0.19988
0.162364
0.204524
0.219708
0.290968
0.263589
0.125339
0.118054
0.230939
0.252065
0.491899
0.418174
0.337576
0.199073
0.486242
0.451921
0.371759
0.294329
0.134158
0.23824
0.137347
0.34228
0.318302
0.310235
0.307428
0.0924665
0.0990935
0.271423
0.29732
0.262443
0.295267
0.258197
0.285073
0.173636
0.164352
0.220866
0.218668
0.241684
0.239934
0.153113
0.160277
0.186955
0.18799
0.113658
0.240354
0.107555
0.178563
0.187788
0.115453
0.120957
0.106587
0.153318
0.145718
0.159791
0.097152
0.206847
0.17595
0.0689901
0.202183
0.221942
0.11915
0.115426
0.0308414
0.0407824
0.20474
0.174078
0.471846
0.55064
0.308294
0.0973589
0.265253
0.206027
0.409369
0.378991
0.131101
0.108041
0.606745
1.51323
0.657056
0.961563
0.537465
0.358543
0.979722
0.829792
1.35563
1.09262
0.128447
0.327336
1.26387
0.665968
0.383981
0.418738
1.09394
0.928559
0.215195
0.42074
0.48571
0.333745
0.264174
0.609135
0.787097
0.346545
0.332123
0.625551
0.310859
0.292976
0.214599
0.330389
0.167681
0.172176
0.114492
0.116415
0.0273603
0.0341597
0.160293
0.162659
0.148737
0.151245
0.0719732
0.0723632
0.0799596
0.0762902
0.738308
0.751811
0.301593
0.324479
0.730313
0.619789
0.69318
0.678365
0.362418
0.308525
0.409249
0.349467
0.206474
0.132065
0.414845
0.421387
0.10134
0.141654
0.0960086
0.135997
0.135482
0.130269
0.335261
0.612824
0.124626
0.080605
0.11229
0.157062
0.143316
0.143246
0.314428
0.561162
0.141238
0.506781
0.138369
0.136158
0.167448
0.211244
0.217724
0.213106
0.141912
0.1319
0.0920252
0.139087
0.132426
0.0778605
0.0317788
0.0595457
0.122912
0.138887
0.207207
0.243666
0.351095
0.289078
0.140525
0.582688
0.357574
0.500401
0.119699
0.53154
0.222656
0.270216
0.307074
0.285717
0.288572
0.424374
0.260717
0.428333
0.0273916
0.0415581
0.095857
0.122866
0.0606484
0.118742
0.276356
0.245631
0.375878
0.330238
0.17005
0.161056
0.0776223
0.160939
0.149433
0.0646176
0.0944145
0.1467
0.112546
0.132533
0.114002
0.132977
0.592272
0.369396
0.701148
0.806363
0.581711
0.543615
0.528049
0.506931
0.53172
0.658117
0.114303
0.0950769
0.169581
0.156599
0.0659175
0.0928749
0.771889
0.737422
0.184833
0.143553
0.15808
0.172239
0.142056
0.129852
0.137734
0.131228
0.525179
0.263841
0.386367
0.399102
0.41974
0.474079
0.125989
0.147528
0.246714
0.317812
0.198341
0.136006
0.11063
0.0940354
0.136093
0.23721
0.125525
0.166729
0.24432
0.162947
0.235636
0.13892
0.237487
0.240067
0.23981
0.165378
0.214583
0.124752
0.137191
0.20842
0.112159
0.134116
0.214875
0.0538995
0.117454
0.164445
0.118724
0.108868
0.0647204
0.0847994
0.0433185
0.023118
0.0725764
0.117335
0.0379478
0.0564063
0.298852
0.0499525
1.11828
1.28163
0.108535
0.161491
0.143048
0.232017
0.217733
0.282155
0.231425
0.238346
1.04418
1.5114
0.51065
0.376139
0.327461
0.346465
1.0463
0.963277
0.157492
0.109469
0.194593
0.447907
0.530664
0.4283
0.260468
0.490716
0.444807
0.302459
0.702499
0.773434
0.563422
0.446151
0.189514
0.10819
0.560562
0.432207
0.314593
0.295926
0.283344
0.273054
0.510731
0.627271
0.52474
0.650758
0.758674
0.331289
0.3002
0.667995
0.570445
0.321238
0.294965
0.391157
0.250577
0.485235
0.577768
0.343882
0.363387
0.242095
0.219958
0.787822
0.341818
0.406711
0.0384817
0.0197534
0.0674571
0.110787
0.0446901
0.0482395
0.149352
0.153864
0.0753622
0.160188
0.0952577
0.150646
0.0723226
0.1177
0.103659
0.0492038
0.0955587
0.152632
0.0770929
0.102272
0.314047
0.309193
0.337594
0.282822
0.875506
0.547992
0.411483
0.519057
0.254616
0.400031
0.206095
0.671623
0.174078
0.64998
0.137716
0.150568
0.12198
0.0848964
0.470371
0.324953
0.139666
0.161012
)
;
    }
}


// ************************************************************************* //
