/*--------------------------------*- C++ -*----------------------------------*\
| =========                 |                                                 |
| \\      /  F ield         | OpenFOAM: The Open Source CFD Toolbox           |
|  \\    /   O peration     | Version:  4.1                                   |
|   \\  /    A nd           | Web:      www.OpenFOAM.org                      |
|    \\/     M anipulation  |                                                 |
\*---------------------------------------------------------------------------*/
FoamFile
{
    version     2.0;
    format      ascii;
    class       volScalarField;
    location    "25";
    object      omega;
}
// * * * * * * * * * * * * * * * * * * * * * * * * * * * * * * * * * * * * * //

dimensions      [0 0 -1 0 0 0 0];

internalField   nonuniform List<scalar> 
4432
(
0.0110927
0.0114489
0.0118009
0.0121427
0.0124856
0.0127616
0.0130961
0.0133192
0.0136438
0.0138654
0.0141703
0.0144172
0.0146743
0.0149505
0.0151785
0.0154442
0.0157206
0.0160274
0.0163169
0.0166266
0.016859
0.0170152
0.0171858
0.0173946
0.0177643
0.0192375
0.0226991
0.0262172
0.0297934
0.0329321
0.0356136
0.0380734
0.0398787
0.0415145
0.0428784
0.0441648
0.0452513
0.0460172
0.0467838
0.047348
0.0471009
0.0467998
0.0464516
0.0467059
0.0463592
0.0450524
0.0419091
0.0385957
0.0342232
0.0312933
0.0321428
0.0293438
0.0245467
0.0217201
0.0110854
0.011457
0.0117798
0.012175
0.0124474
0.0128232
0.0130542
0.0134004
0.0136337
0.013943
0.0142095
0.0144793
0.0147527
0.0149971
0.0152433
0.0155058
0.0157718
0.0160441
0.0163245
0.0165492
0.0167387
0.0170191
0.0172977
0.0177418
0.018367
0.0206855
0.0240443
0.0267624
0.0295422
0.0325804
0.0352314
0.0376887
0.0393314
0.0402818
0.0409744
0.041241
0.0416145
0.0417317
0.0418456
0.0418323
0.0417919
0.0419151
0.0416875
0.0412671
0.040652
0.0390619
0.0366464
0.0331011
0.0284806
0.0262056
0.0247815
0.031331
0.0293354
0.0203258
21.8297
3.39325
1.27782
0.695765
0.450395
0.325752
0.253731
0.207697
0.17578
0.152471
0.134653
0.120692
0.109476
0.100356
0.0928256
0.0866575
0.0814423
0.0771553
0.0732578
0.06951
0.0659661
0.0625992
0.0587013
0.0566067
0.0527927
0.0503194
0.0484853
0.0469754
0.0444611
0.0438365
0.0413048
0.042068
0.0401916
0.0397744
0.0394107
0.0395707
0.0397432
0.0412402
0.0408581
0.0444898
0.0451179
0.0463064
0.0433698
0.0446641
0.0430493
0.0449263
0.0502072
0.0546161
0.0591926
0.0616682
0.0997568
0.329357
0.510027
0.693687
21.8296
3.39384
1.27852
0.696168
0.450567
0.325766
0.253742
0.207631
0.175745
0.152413
0.134582
0.120696
0.109386
0.100408
0.0927366
0.0865964
0.0812716
0.0767466
0.0727878
0.0687163
0.0653336
0.0617175
0.0586575
0.0558128
0.0535077
0.0516473
0.049236
0.0483286
0.0450973
0.0438306
0.0427289
0.0419071
0.0416081
0.041151
0.0408384
0.0402772
0.0406549
0.0390928
0.039081
0.0399635
0.0383571
0.0401232
0.037766
0.0374581
0.0376414
0.0384601
0.0406143
0.0506242
0.0536387
0.0595191
0.0671364
0.155233
0.411584
0.590107
21.8274
3.39192
1.27779
0.695951
0.450527
0.325849
0.253853
0.20779
0.175912
0.152586
0.134767
0.120817
0.109543
0.100387
0.0927241
0.0865134
0.0811174
0.0770197
0.0730029
0.0701314
0.0665867
0.0641207
0.0606858
0.058587
0.0552803
0.0528595
0.0506022
0.0486852
0.0469456
0.0456975
0.0434995
0.04376
0.0430088
0.0436926
0.0439407
0.0427274
0.0435554
0.0453414
0.0466739
0.0576736
0.0525036
0.0564782
0.0507463
0.0489376
0.0474582
0.0521764
0.0557385
0.0599387
0.0587129
0.0693259
0.0808692
0.197326
0.334915
0.401311
21.8273
3.39262
1.27815
0.696065
0.450556
0.325764
0.253809
0.207678
0.175899
0.152457
0.134773
0.120715
0.109565
0.10046
0.0929528
0.0868756
0.0816476
0.0774766
0.0735941
0.0702266
0.0670409
0.0639281
0.0608472
0.0586911
0.0553676
0.05266
0.0507049
0.0479086
0.0471927
0.0435398
0.0430347
0.0440634
0.0421701
0.044827
0.0418562
0.0418934
0.0429465
0.0425728
0.0450621
0.0480175
0.0443136
0.0439843
0.0431255
0.0426252
0.0462298
0.0411068
0.0422349
0.0500578
0.0530203
0.0566454
0.0643929
0.119301
0.247263
0.401997
21.8268
3.39135
1.27723
0.695306
0.450101
0.325565
0.253773
0.207699
0.175927
0.152486
0.134813
0.120754
0.109737
0.100513
0.0931769
0.0868892
0.0818046
0.0775373
0.0737493
0.0705624
0.0675667
0.0641493
0.0621021
0.0586503
0.0562619
0.0526651
0.0508168
0.0488092
0.0473494
0.0489088
0.0451877
0.0450084
0.0482116
0.0469939
0.048286
0.0571683
0.0664725
0.0647169
0.0755353
0.0652355
0.0657212
0.0655454
0.0664814
0.0667147
0.067809
0.0752626
0.0829084
0.0730885
0.077279
0.0758768
0.0798873
0.528612
0.625641
0.70335
21.8267
3.39159
1.27642
0.694996
0.450062
0.325609
0.253754
0.207685
0.175884
0.152434
0.134783
0.120642
0.10974
0.100501
0.093448
0.0871777
0.082384
0.0779439
0.0743687
0.0707204
0.0679868
0.0643109
0.0620321
0.0588804
0.056229
0.0529302
0.0521584
0.0487074
0.0477856
0.0473275
0.0470975
0.0473803
0.0536864
0.0507047
0.0580599
0.0535719
0.0536992
0.0582367
0.0548177
0.0544794
0.0539948
0.0536236
0.0546878
0.0550778
0.0618928
0.0725985
0.0626191
0.0583906
0.0619488
0.0696069
0.0749602
0.198071
0.733588
0.684179
21.8265
3.38987
1.2738
0.693403
0.449416
0.325391
0.253668
0.207594
0.175835
0.152358
0.134813
0.12075
0.110025
0.100793
0.0938479
0.0873927
0.0826249
0.0780111
0.074366
0.0711847
0.0674862
0.0652756
0.0616179
0.0587316
0.055201
0.0554399
0.0533857
0.049366
0.0482307
0.0483858
0.0527994
0.047454
0.0496412
0.0610259
0.0719724
0.0745128
0.0801323
0.0743388
0.0748958
0.0800954
0.0847741
0.0771745
0.0765191
0.0751296
0.074581
0.0737674
0.0737884
0.0736853
0.0754076
0.088299
0.092355
0.16132
0.605188
0.680447
21.826
3.39138
1.2777
0.69583
0.450369
0.325713
0.253752
0.207647
0.175769
0.152391
0.134603
0.120617
0.10949
0.100284
0.0928935
0.0864093
0.0812909
0.076555
0.0728732
0.0691119
0.0663366
0.0628533
0.0613392
0.0562475
0.0562647
0.0499577
0.0541909
0.0505489
0.0591473
0.051981
0.0518773
0.0526371
0.0584242
0.070938
0.0594096
0.0617428
0.0635081
0.0638178
0.0688869
0.0705285
0.0731954
0.0665262
0.0660665
0.0654261
0.0650426
0.0724803
0.0769051
0.0928234
0.0745082
0.0762535
0.0921431
0.145682
0.298013
0.435194
21.825
3.39045
1.2758
0.694302
0.44951
0.325291
0.253497
0.207577
0.175699
0.152378
0.134583
0.120519
0.10953
0.10015
0.093237
0.0864839
0.0820806
0.0769888
0.0740225
0.0699211
0.067407
0.0639706
0.0606295
0.0572378
0.0552102
0.0533434
0.0558623
0.0497562
0.0548056
0.0603258
0.052163
0.0546918
0.0639373
0.0758692
0.0910869
0.0794427
0.0882812
0.0786186
0.0787292
0.0776872
0.077442
0.0765051
0.0886292
0.0767229
0.0747708
0.0740743
0.078481
0.0831288
0.076345
0.085953
0.0899983
0.115634
0.260745
0.238451
21.8249
3.391
1.27692
0.695257
0.44999
0.325478
0.253645
0.207622
0.17574
0.152404
0.13457
0.120616
0.109314
0.100126
0.0924273
0.0860374
0.0806615
0.0759984
0.0723783
0.0687407
0.0652438
0.0632764
0.0575081
0.0549482
0.0552629
0.0533059
0.0604528
0.0552901
0.0530842
0.0531777
0.062968
0.0554281
0.056852
0.0662654
0.0618631
0.0636619
0.0711344
0.0855306
0.0750088
0.0839093
0.0758686
0.0797538
0.080614
0.0719754
0.0702392
0.0681541
0.0702296
0.0748617
0.0769041
0.0860563
0.0928692
0.115681
0.18617
0.211087
21.8242
3.3904
1.27554
0.694359
0.44965
0.325375
0.253526
0.207561
0.175591
0.152342
0.13432
0.12051
0.109014
0.100147
0.0923913
0.0864623
0.0810125
0.0769197
0.0730183
0.0693307
0.0674869
0.0626554
0.0607555
0.0549632
0.053791
0.0523969
0.0551185
0.0542669
0.0709682
0.0545975
0.0594358
0.0697816
0.0863802
0.0822684
0.0896828
0.0931321
0.0857831
0.0855338
0.0836772
0.0833664
0.0820344
0.080771
0.078979
0.0772183
0.0815864
0.0837372
0.0814461
0.0848418
0.0748272
0.0858498
0.0905301
0.100315
0.123578
0.125747
21.8241
3.39043
1.2765
0.69472
0.449614
0.325283
0.253518
0.207537
0.175628
0.152289
0.134404
0.12044
0.10912
0.100007
0.0923204
0.0860465
0.0805897
0.076055
0.0722303
0.0686676
0.065215
0.0628099
0.0565405
0.0543044
0.0556446
0.0579149
0.0508296
0.0514679
0.0565216
0.0664054
0.0575267
0.0592036
0.0684614
0.080227
0.0719256
0.0806105
0.0734071
0.0745382
0.0776674
0.0827302
0.0727569
0.0779827
0.0885818
0.0748068
0.0729683
0.0714401
0.0697587
0.0747154
0.0712085
0.0755561
0.0838252
0.100984
0.121902
0.128522
21.8228
3.38884
1.27386
0.693327
0.449295
0.325299
0.253566
0.207529
0.175642
0.152224
0.134308
0.120348
0.109004
0.100047
0.0924715
0.0862745
0.0810278
0.0766913
0.0721608
0.0697986
0.0655953
0.0625419
0.05933
0.0573724
0.0552306
0.0537589
0.0552912
0.057411
0.0741439
0.0612647
0.0663953
0.0771147
0.0857788
0.100411
0.0930493
0.0958926
0.102277
0.110002
0.102043
0.106442
0.104259
0.106843
0.104494
0.106828
0.0935328
0.0953962
0.0968931
0.0874491
0.0833581
0.0826971
0.0827461
0.108471
0.126567
0.142845
21.8227
3.38946
1.27427
0.693607
0.449312
0.325268
0.253514
0.20758
0.175589
0.152328
0.134266
0.120447
0.108888
0.0999859
0.0920864
0.0859519
0.0803272
0.0758218
0.071847
0.0678574
0.0660235
0.0609228
0.0598724
0.0541938
0.0573564
0.0559585
0.0521522
0.0521385
0.0608007
0.0664961
0.0769012
0.0707363
0.0750735
0.0850916
0.07587
0.0770188
0.0769758
0.0764762
0.0756009
0.0738463
0.0727397
0.0766699
0.0710176
0.0706777
0.0748015
0.0779651
0.0704991
0.0764533
0.0805461
0.0812557
0.0920642
0.0990839
0.10204
0.108748
21.822
3.38887
1.27436
0.693256
0.448898
0.32499
0.253354
0.207329
0.175466
0.15201
0.134157
0.120131
0.108821
0.0997301
0.0920269
0.0856192
0.0801895
0.0753685
0.0709117
0.0683809
0.0642777
0.0618087
0.0576657
0.0565983
0.0543472
0.0537467
0.0573087
0.0629876
0.0775956
0.0699733
0.0731226
0.0787032
0.088015
0.0981621
0.111441
0.116371
0.131251
0.110156
0.107458
0.113398
0.117287
0.100591
0.111962
0.0969795
0.105931
0.106309
0.104337
0.099642
0.09643
0.0942546
0.0925697
0.10317
0.107945
0.143939
21.8215
3.38946
1.27587
0.694675
0.449818
0.32544
0.253503
0.207465
0.175466
0.152196
0.134133
0.120338
0.108605
0.0997318
0.0913928
0.0853815
0.0791606
0.0749928
0.0702034
0.0673707
0.0635878
0.0617264
0.0568122
0.0555456
0.0517449
0.0536448
0.0587897
0.0527062
0.0568315
0.064849
0.0811535
0.0716762
0.074784
0.0845081
0.079623
0.0863152
0.0869079
0.0897172
0.0823021
0.0809698
0.08027
0.079561
0.0748888
0.0735708
0.0721435
0.0707856
0.0689079
0.0688851
0.0735428
0.0771181
0.0808147
0.1133
0.1541
0.182988
21.8202
3.3881
1.27393
0.693403
0.449246
0.325066
0.253371
0.207282
0.175457
0.151919
0.134098
0.119871
0.108473
0.0990978
0.0913094
0.0847358
0.0793036
0.0745986
0.0701122
0.0678526
0.0635054
0.0609527
0.0583349
0.054991
0.05784
0.0548255
0.0590008
0.0696547
0.0787684
0.0865952
0.0911034
0.0996975
0.104663
0.122528
0.101619
0.100205
0.0996162
0.0971042
0.0954471
0.106382
0.0939569
0.0895204
0.089428
0.0885066
0.088083
0.0857562
0.090906
0.0848151
0.086872
0.0856994
0.084595
0.123759
0.137263
0.198935
21.8202
3.38834
1.27451
0.693422
0.448989
0.324993
0.253333
0.207402
0.175447
0.152127
0.134062
0.120149
0.108425
0.0994077
0.0911591
0.085078
0.0788836
0.0748382
0.0698218
0.0671903
0.063255
0.060319
0.0575709
0.0570238
0.0569893
0.0554101
0.0576837
0.0638433
0.079083
0.0741899
0.0775389
0.0791231
0.086687
0.0811387
0.0814151
0.0878765
0.0932589
0.0963668
0.0988529
0.0954854
0.0986697
0.0967463
0.09297
0.0884355
0.085526
0.0792716
0.0759825
0.0718054
0.0680293
0.0895083
0.0451941
0.247143
0.504686
0.529406
21.8198
3.38757
1.27155
0.691778
0.448419
0.324704
0.253273
0.207223
0.175493
0.151804
0.134087
0.11963
0.10845
0.0989412
0.0913754
0.0848189
0.0793834
0.0746769
0.070167
0.0674123
0.0634441
0.0586613
0.0567483
0.0550138
0.055878
0.0609941
0.0783257
0.0884309
0.10517
0.105266
0.110344
0.122597
0.109177
0.110896
0.108176
0.107589
0.119952
0.105572
0.103204
0.0995352
0.0958309
0.091472
0.107311
0.108613
0.106521
0.106263
0.0880812
0.0927652
0.0820634
0.0841433
0.0960175
0.20881
0.606528
0.599138
21.8194
3.38844
1.2734
0.692984
0.449118
0.325216
0.253499
0.207457
0.175521
0.152055
0.134064
0.119944
0.108379
0.0990614
0.091082
0.0845524
0.078701
0.0742426
0.0692157
0.0665138
0.0625329
0.0599338
0.0565841
0.0527686
0.0570775
0.0640157
0.0725813
0.0850026
0.0921727
0.0976141
0.0999624
0.100074
0.100348
0.102994
0.104165
0.109801
0.120124
0.126519
0.123555
0.122819
0.127935
0.134063
0.108124
0.10021
0.104731
0.108239
0.0919802
0.0872492
0.0824496
0.0864137
0.0864919
0.924066
0.538544
0.598199
21.8182
3.38715
1.27104
0.691362
0.44825
0.324698
0.253217
0.207132
0.175394
0.151616
0.13399
0.119346
0.108398
0.0985807
0.0912816
0.0845075
0.0789144
0.0744511
0.0693742
0.0663595
0.0617429
0.0590418
0.0540218
0.053665
0.059187
0.0790064
0.104226
0.10841
0.117341
0.115252
0.123009
0.120086
0.124777
0.137951
0.146231
0.157059
0.189609
0.147848
0.145901
0.172347
0.134601
0.130212
0.1526
0.126332
0.129435
0.101114
0.0977505
0.0898499
0.0741948
0.0762815
0.087211
0.269176
0.415583
0.389055
21.8179
3.38788
1.27357
0.692787
0.448728
0.324914
0.25332
0.207249
0.175364
0.151833
0.133909
0.119665
0.108152
0.0986558
0.090637
0.0839626
0.0779497
0.0734589
0.0684295
0.0654539
0.0617822
0.0586035
0.0563509
0.0528076
0.0543668
0.0760789
0.0939288
0.110793
0.109936
0.117486
0.109211
0.115857
0.122239
0.125883
0.139813
0.147292
0.16367
0.141235
0.171832
0.140616
0.173648
0.153717
0.158985
0.150802
0.146113
0.123672
0.114787
0.0989465
0.0917779
0.0831481
0.114466
0.627502
1.2372
0.57253
21.8175
3.38666
1.27028
0.691113
0.448196
0.324745
0.253203
0.207158
0.17532
0.151657
0.133849
0.119337
0.108257
0.0983407
0.0911804
0.0837022
0.078819
0.0727588
0.0692303
0.0640735
0.0612467
0.056651
0.0526645
0.0558421
0.0703374
0.118465
0.126524
0.132863
0.129014
0.131455
0.160832
0.133611
0.148631
0.164036
0.210124
0.206821
0.194006
0.189019
0.171577
0.15412
0.147274
0.140591
0.12938
0.133359
0.144695
0.092102
0.09974
0.0764453
0.067997
0.0896478
0.118276
0.136239
0.165786
0.199714
21.8171
3.38751
1.27328
0.692995
0.44905
0.325
0.253348
0.207315
0.175367
0.151876
0.133872
0.119626
0.108044
0.0984819
0.0904093
0.0836101
0.0776034
0.0729164
0.0680417
0.0648574
0.0608118
0.05824
0.0541232
0.0533953
0.0654535
0.102087
0.132275
0.123321
0.130542
0.120175
0.121686
0.132589
0.145005
0.15344
0.16447
0.170428
0.175996
0.165749
0.186743
0.165317
0.18195
0.178617
0.169788
0.154162
0.151722
0.121776
0.111383
0.094403
0.0849201
0.0751324
0.0947838
0.159061
0.346033
0.420409
21.816
3.38611
1.27184
0.692176
0.448604
0.32488
0.253223
0.207189
0.175193
0.151685
0.133619
0.119314
0.107762
0.09793
0.0901121
0.0826905
0.0771541
0.0715072
0.0671233
0.0628995
0.0595324
0.0544312
0.0545809
0.0578269
0.117125
0.194829
0.194442
0.158402
0.148381
0.17833
0.180359
0.200671
0.188972
0.188156
0.18904
0.177315
0.17196
0.157731
0.131868
0.113399
0.120586
0.127986
0.118362
0.0939885
0.0581653
0.0616122
0.0759163
0.0776983
0.0735014
0.0862987
0.104372
0.130702
0.206227
0.336954
21.8159
3.38694
1.27133
0.691844
0.448552
0.324838
0.253225
0.207261
0.175252
0.151802
0.133743
0.119477
0.107921
0.0982497
0.0902586
0.0834009
0.0773349
0.0725637
0.067879
0.0638037
0.0609485
0.0562522
0.0554455
0.0563254
0.0954631
0.148837
0.199235
0.172817
0.139616
0.140374
0.149081
0.156442
0.166849
0.176387
0.187337
0.187216
0.188275
0.196804
0.197031
0.114117
0.112029
0.132496
0.133063
0.109235
0.103073
0.105865
0.0964275
0.0906999
0.0952765
0.113739
0.126363
0.200416
0.605908
0.587885
21.8154
3.38589
1.27143
0.691925
0.448523
0.324852
0.253259
0.207174
0.175279
0.151593
0.133758
0.11911
0.1079
0.0976153
0.0901998
0.0822296
0.0773124
0.0708351
0.067478
0.0617237
0.0589072
0.0541381
0.0531927
0.103345
0.261313
0.257675
0.221552
0.162481
0.163434
0.190659
0.190491
0.192582
0.193247
0.199182
0.190802
0.188835
0.190731
0.187948
0.178987
0.161199
0.130629
0.114851
0.11332
0.101051
0.106113
0.0823306
0.10067
0.0996666
0.0851999
0.0965006
0.0906927
0.156798
0.31899
0.46964
21.8153
3.38674
1.27159
0.692055
0.44871
0.325034
0.253357
0.207363
0.175295
0.151833
0.133712
0.11946
0.107822
0.0981505
0.090166
0.0830801
0.0773814
0.0720621
0.0679444
0.0634139
0.061072
0.0560976
0.0551134
0.0707312
0.161537
0.314515
0.207726
0.175788
0.139999
0.147255
0.162112
0.183936
0.200882
0.204018
0.204282
0.2232
0.223716
0.218524
0.235777
0.246411
0.203836
0.1689
0.177925
0.143923
0.163849
0.13897
0.130505
0.126266
0.106287
0.131706
0.110505
0.419467
0.564808
0.435574
21.8141
3.3858
1.27168
0.692118
0.448629
0.32488
0.253261
0.207152
0.175258
0.151525
0.133714
0.119021
0.107789
0.0975886
0.0899842
0.0821699
0.0770932
0.0706258
0.0670541
0.0613109
0.0582388
0.0532185
0.053043
0.127574
0.357969
0.216105
0.154044
0.157304
0.202293
0.182728
0.191623
0.198287
0.202298
0.202783
0.203308
0.200254
0.19518
0.189837
0.184939
0.165664
0.146566
0.140995
0.145732
0.144858
0.138212
0.119693
0.0918615
0.0904194
0.082929
0.089777
0.102346
0.214605
0.25908
21.8142
3.38579
1.27099
0.691528
0.448475
0.324948
0.25334
0.207333
0.175327
0.151794
0.133753
0.119411
0.107842
0.0981576
0.0901072
0.0832565
0.0774133
0.0722828
0.0682988
0.0634472
0.0611212
0.0564967
0.0568932
0.12788
0.420744
0.195447
0.172897
0.134525
0.155918
0.174657
0.197007
0.187659
0.193327
0.1978
0.20198
0.206998
0.20618
0.20065
0.198624
0.199066
0.175578
0.187296
0.173579
0.173481
0.166997
0.161548
0.155697
0.142035
0.1309
0.133443
0.110415
0.370852
0.472173
21.8139
3.38557
1.27038
0.691279
0.448338
0.32478
0.25322
0.207174
0.175204
0.151594
0.133613
0.119144
0.107661
0.0977617
0.0897394
0.082608
0.0764671
0.0713899
0.0665341
0.0624118
0.0577637
0.0554519
0.0511019
0.0548907
0.0950311
0.0871257
0.0949011
0.0800199
0.104861
0.193162
0.177779
0.181634
0.183168
0.185017
0.183193
0.18276
0.181606
0.177785
0.171613
0.163111
0.153502
0.142655
0.140849
0.141867
0.130092
0.106434
0.0834958
0.0695424
0.0615248
0.0569289
0.067827
0.0849739
0.244539
0.352601
21.8139
3.38566
1.27042
0.691153
0.448242
0.324826
0.253295
0.2073
0.175337
0.151806
0.133755
0.119556
0.107896
0.0986147
0.0903187
0.0839701
0.0778295
0.0729996
0.0686611
0.0646126
0.0608899
0.0579842
0.0545856
0.0556509
0.102884
0.0710005
0.087315
0.0732295
0.0832203
0.125037
0.149796
0.170243
0.161776
0.164954
0.176424
0.169366
0.174969
0.172907
0.170836
0.167536
0.159776
0.1496
0.142568
0.133804
0.123554
0.108777
0.101867
0.0894276
0.0818187
0.0809419
0.0786487
0.12063
0.531819
0.514653
21.8129
3.38545
1.2705
0.691388
0.448406
0.324841
0.253279
0.207265
0.175271
0.151749
0.133649
0.119385
0.107606
0.0981033
0.0896254
0.0829857
0.0765349
0.0716892
0.0669406
0.0627379
0.0600446
0.0549754
0.0525121
0.0472874
0.0491602
0.0618563
0.0620321
0.0636113
0.0805882
0.171414
0.16912
0.166851
0.175054
0.175412
0.171675
0.167946
0.164132
0.160768
0.153517
0.143787
0.134777
0.133954
0.137239
0.119998
0.0924509
0.0723258
0.0608832
0.0545531
0.0523805
0.0511716
0.056425
0.0618209
0.211873
0.359403
21.8137
3.38394
1.26573
0.688552
0.447325
0.324615
0.253316
0.207369
0.175387
0.151869
0.133903
0.119817
0.108494
0.0992805
0.0914885
0.084927
0.0792002
0.0740436
0.0697355
0.0655449
0.0616036
0.0594768
0.0542823
0.0537183
0.0538422
0.0588835
0.0525806
0.0566595
0.0644656
0.114112
0.122141
0.129427
0.143034
0.149729
0.152674
0.154742
0.153943
0.15023
0.145601
0.142139
0.13672
0.133454
0.128005
0.114662
0.101958
0.0871583
0.0788264
0.0664879
0.0698213
0.0647154
0.0648117
0.0990945
0.484218
0.39413
21.8129
3.38515
1.26994
0.69106
0.448308
0.324854
0.253298
0.207282
0.175273
0.151751
0.133673
0.119389
0.107725
0.0980991
0.0899406
0.0829563
0.0771157
0.0716453
0.0676799
0.0630637
0.0601359
0.0556514
0.0539982
0.0477793
0.0528865
0.0598061
0.058422
0.0588781
0.0653888
0.146792
0.157815
0.160494
0.168007
0.170444
0.1713
0.174555
0.171507
0.166361
0.156988
0.143434
0.14602
0.14378
0.121639
0.0893139
0.0689162
0.057864
0.0515965
0.0478075
0.0466615
0.0456045
0.0539935
0.0614723
0.071607
0.228561
21.813
3.38499
1.26879
0.690317
0.448004
0.324854
0.253382
0.207446
0.175415
0.151967
0.133828
0.11966
0.108007
0.0986014
0.09059
0.08394
0.0781694
0.0732905
0.0688652
0.0652295
0.0614181
0.0592268
0.0526832
0.0504899
0.048473
0.0484139
0.0488992
0.0538012
0.053855
0.0961477
0.105663
0.113079
0.127228
0.136919
0.144981
0.143726
0.145972
0.145029
0.143144
0.140061
0.137601
0.129522
0.114602
0.0977307
0.0818946
0.0690567
0.0605289
0.0524428
0.0502295
0.0479937
0.0480489
0.0573433
0.163314
0.413229
21.8122
3.38481
1.26976
0.691035
0.448316
0.324912
0.253352
0.207361
0.175355
0.151832
0.133774
0.119433
0.107875
0.098097
0.090135
0.0830076
0.0771853
0.0720324
0.0674002
0.0638508
0.059936
0.0580784
0.0513162
0.0491304
0.0471462
0.0495973
0.0651304
0.0719033
0.0837727
0.11625
0.140958
0.145117
0.149644
0.152976
0.153732
0.152755
0.149035
0.143995
0.150481
0.146044
0.137783
0.112113
0.0813962
0.0635392
0.0532282
0.0481842
0.0443887
0.0428883
0.0423224
0.0418904
0.0484099
0.056561
0.0666356
0.103559
21.8121
3.38516
1.26977
0.691075
0.448408
0.325056
0.253503
0.207511
0.175514
0.152014
0.133939
0.119694
0.108012
0.0984886
0.0901886
0.0835178
0.0772222
0.0724837
0.0677161
0.0640278
0.0608378
0.0576044
0.055258
0.0519052
0.0475611
0.0485718
0.0510821
0.0635491
0.0646453
0.090167
0.11546
0.123777
0.128253
0.13023
0.131491
0.131059
0.130166
0.128643
0.127016
0.123244
0.11241
0.0964155
0.0808081
0.0671703
0.0575309
0.0514871
0.0462959
0.0444782
0.0413154
0.041541
0.0419564
0.0577598
0.0707064
0.222072
21.8123
3.38481
1.26908
0.690614
0.44818
0.324927
0.253426
0.207442
0.175454
0.151932
0.133884
0.11957
0.108007
0.0983041
0.0903576
0.0832882
0.0776205
0.0723389
0.0680034
0.0643441
0.0607553
0.0573229
0.0551776
0.0508454
0.0487594
0.0470164
0.0486734
0.0642502
0.0680815
0.120233
0.136656
0.135818
0.136107
0.135009
0.132842
0.129323
0.126031
0.122496
0.124349
0.122326
0.100218
0.0752048
0.0589006
0.0505172
0.0456991
0.0424264
0.0410476
0.0402548
0.0402665
0.0410901
0.047664
0.0495933
0.0852317
0.0911772
21.8121
3.38505
1.26934
0.69082
0.448344
0.325077
0.253568
0.207577
0.175596
0.152074
0.134046
0.119731
0.108192
0.0984961
0.0905602
0.0835414
0.0778519
0.0726221
0.0683489
0.0645093
0.0610081
0.058466
0.0553236
0.0536574
0.0495368
0.0486759
0.0487636
0.0498182
0.0533473
0.0811346
0.102137
0.109469
0.113203
0.111424
0.112501
0.111213
0.107441
0.102397
0.0950596
0.084561
0.0730246
0.0628007
0.055075
0.0495433
0.0459889
0.043649
0.0414601
0.0405695
0.0395883
0.0417273
0.0486858
0.0710813
0.115582
0.130977
21.8117
3.38485
1.26983
0.691047
0.44839
0.325031
0.253489
0.207491
0.175503
0.151998
0.133945
0.119687
0.108065
0.0984891
0.0903456
0.083553
0.0774874
0.0726618
0.0679283
0.064573
0.0608656
0.0584672
0.0551086
0.0526317
0.0495113
0.0478832
0.0484945
0.0512518
0.0518036
0.079859
0.113292
0.127171
0.120524
0.123997
0.123287
0.120679
0.117503
0.114018
0.105768
0.0872778
0.0673296
0.0544009
0.0470753
0.0436696
0.0411473
0.0397114
0.0378138
0.0382792
0.0393127
0.0409239
0.0471664
0.0586381
0.117608
0.126615
21.8116
3.38513
1.2699
0.69119
0.448526
0.325172
0.253648
0.207645
0.175681
0.152157
0.134143
0.119841
0.10831
0.0986449
0.0907132
0.0837596
0.0780088
0.0730594
0.0682667
0.0655665
0.060636
0.0577728
0.0545759
0.0524617
0.0506553
0.0466651
0.0453038
0.0442932
0.0465445
0.0535597
0.0735681
0.0817866
0.0881506
0.087101
0.084739
0.0812209
0.0765857
0.0707583
0.0638577
0.0569448
0.0514722
0.0474694
0.0446085
0.042538
0.0414881
0.0400758
0.03873
0.0382094
0.0383466
0.0438391
0.058476
0.0979139
0.155795
0.174644
21.8117
3.38476
1.26972
0.691063
0.448415
0.325064
0.25355
0.207557
0.175596
0.152083
0.13407
0.119799
0.108233
0.0986236
0.0905588
0.0836377
0.0777516
0.0725602
0.0682808
0.0641724
0.0613942
0.0579671
0.0549335
0.0525411
0.0502354
0.0472792
0.0464891
0.0431367
0.0458516
0.0501533
0.0678707
0.0795801
0.0913846
0.0929977
0.0901056
0.0853798
0.080513
0.0728832
0.0629552
0.0537431
0.0471353
0.0434581
0.0412382
0.0400729
0.0389491
0.0382058
0.0369567
0.0374908
0.0374583
0.0409211
0.0497495
0.0826079
0.156585
0.182439
21.8117
3.38527
1.2698
0.691117
0.448523
0.325203
0.253689
0.207722
0.175734
0.152273
0.134196
0.12001
0.108346
0.0988466
0.0906961
0.0838826
0.0779826
0.0728699
0.0686419
0.0646225
0.0618781
0.0580937
0.0573606
0.0518146
0.0500121
0.0486258
0.0478437
0.0441116
0.0451824
0.046476
0.0517847
0.0558987
0.0608564
0.0604293
0.058946
0.0565898
0.0537025
0.0504697
0.0474285
0.0448368
0.0431407
0.0417944
0.0409393
0.0399097
0.0393116
0.0376978
0.0369243
0.0367364
0.036998
0.0488683
0.0667241
0.15447
0.278499
0.320898
21.8116
3.38462
1.2692
0.690747
0.448315
0.325053
0.253594
0.207607
0.175675
0.152154
0.134165
0.119892
0.108342
0.09875
0.0907056
0.0838229
0.0779719
0.072838
0.0685618
0.0646523
0.0615658
0.0586839
0.0560902
0.0550199
0.0493609
0.0483293
0.0476279
0.0437037
0.0445442
0.0458394
0.0493017
0.0524665
0.0560305
0.0559317
0.0546445
0.0524008
0.049279
0.0463943
0.0438423
0.0421153
0.0407888
0.0400514
0.0395416
0.0391891
0.0383899
0.0377553
0.0357822
0.0357636
0.0357822
0.0429875
0.0568166
0.124096
0.231473
0.290467
21.8114
3.38518
1.27003
0.691294
0.448616
0.325265
0.253752
0.207772
0.175819
0.152327
0.134321
0.120076
0.108516
0.098929
0.0908672
0.0840018
0.0780731
0.0730711
0.0685977
0.0649644
0.0616254
0.0589238
0.0565542
0.0544147
0.0526362
0.0509715
0.0499749
0.047956
0.0485403
0.0445882
0.0461933
0.045637
0.0466532
0.0476809
0.0475674
0.0466731
0.0453975
0.0441219
0.0428772
0.041879
0.0410922
0.0401975
0.0395979
0.0388838
0.0380842
0.0372211
0.0357742
0.0359156
0.0376476
0.0595777
0.0772459
0.213499
0.409481
0.459271
21.8117
3.38483
1.26958
0.690986
0.448428
0.325129
0.25365
0.207673
0.175737
0.152234
0.134249
0.119995
0.10846
0.0988766
0.0908473
0.0839687
0.0781243
0.0730269
0.068726
0.0649374
0.0617856
0.0590027
0.0566624
0.0546318
0.0527409
0.0511383
0.0500201
0.0479196
0.048293
0.0440794
0.0443683
0.0438908
0.0457106
0.0465228
0.046145
0.0454152
0.0441773
0.0431854
0.0420484
0.0413209
0.0404444
0.0398177
0.0389274
0.038306
0.0368998
0.0357646
0.0347412
0.0359224
0.0388664
0.0527532
0.0755923
0.138236
0.269366
0.287757
21.8116
3.38512
1.2696
0.690983
0.44849
0.325241
0.253777
0.207818
0.17588
0.152395
0.134404
0.120164
0.108624
0.0990429
0.0909972
0.0841228
0.0782208
0.073177
0.0687739
0.0650548
0.0618114
0.0590585
0.056639
0.0546294
0.0527948
0.0512373
0.0499132
0.0487775
0.0478453
0.047103
0.046592
0.0461457
0.0457131
0.0451906
0.0445203
0.0437131
0.0428413
0.0419845
0.0411679
0.0404211
0.0397434
0.0390193
0.0385225
0.0378484
0.0370374
0.0351105
0.0357609
0.0376906
0.0441096
0.0774237
0.107573
0.161258
0.384799
0.508333
21.8117
3.38481
1.2693
0.690816
0.448383
0.325133
0.253682
0.20772
0.175793
0.1523
0.134322
0.12008
0.108561
0.0989958
0.0909817
0.0841255
0.0782872
0.0732105
0.0688993
0.0651186
0.0619318
0.0591339
0.0567603
0.0547032
0.052908
0.0513437
0.0499627
0.048692
0.047631
0.0466325
0.0458703
0.0451229
0.0445774
0.0439247
0.0432262
0.0424092
0.0414981
0.0407007
0.0397628
0.0390953
0.0382088
0.0375905
0.0366257
0.035897
0.0343243
0.0341703
0.0356159
0.0396338
0.0478635
0.0785641
0.110181
0.220148
0.213419
0.224611
21.8116
3.38516
1.26971
0.691091
0.448573
0.325315
0.253836
0.207878
0.17594
0.152461
0.134477
0.120245
0.108713
0.0991454
0.0911029
0.0842447
0.0783416
0.073295
0.0688791
0.0651588
0.061854
0.0591232
0.0566711
0.0546452
0.0528027
0.0512667
0.0498311
0.0486605
0.0475726
0.0467798
0.0459559
0.0453263
0.044562
0.0439184
0.043083
0.0423387
0.0414745
0.04076
0.0399567
0.0393279
0.0385943
0.0379093
0.037353
0.0362583
0.0346085
0.0343211
0.0376651
0.0426265
0.0656456
0.099766
0.159502
0.198019
0.239
0.252098
21.8119
3.38505
1.26966
0.691037
0.448486
0.3252
0.25373
0.207767
0.175842
0.152355
0.134385
0.120146
0.108637
0.0990724
0.0910666
0.0841982
0.0783433
0.073236
0.0688824
0.0650721
0.0618542
0.0590653
0.056722
0.0546841
0.0529201
0.0513241
0.0499633
0.0486971
0.0476291
0.0466037
0.0457098
0.0447947
0.0439233
0.0430461
0.0421119
0.0412418
0.0402517
0.0394801
0.0385483
0.0378158
0.0370953
0.036064
0.035342
0.0340009
0.0341374
0.0345572
0.0413678
0.0480334
0.0655959
0.117748
0.212551
0.39462
0.421275
0.371332
21.8118
3.38526
1.26971
0.691143
0.448604
0.325337
0.253863
0.207908
0.17598
0.152506
0.13453
0.120309
0.108785
0.0992352
0.0912123
0.084366
0.0785084
0.073447
0.0691041
0.0653454
0.0621286
0.0593548
0.0569657
0.0549087
0.0530883
0.0515286
0.0501029
0.0488308
0.0476829
0.0467124
0.0458019
0.0448991
0.0440661
0.0431761
0.0423127
0.0414432
0.0405192
0.0397741
0.038851
0.0381345
0.0374025
0.0363059
0.0356431
0.0343357
0.0341169
0.0353864
0.0405364
0.0491915
0.0912581
0.138828
0.211981
0.386463
0.393647
0.427916
21.8118
3.38506
1.2695
0.690952
0.448467
0.325217
0.253755
0.207803
0.175877
0.152404
0.134433
0.120216
0.108708
0.0991747
0.0911788
0.0843609
0.0785266
0.0734835
0.0691378
0.0653726
0.0621201
0.0593111
0.0568826
0.0547765
0.0529211
0.0512905
0.0498546
0.0485408
0.0473847
0.0462519
0.0452501
0.0441991
0.0432765
0.0422215
0.0413623
0.040249
0.0394955
0.0384073
0.0376351
0.0368318
0.0358002
0.0351252
0.033768
0.034787
0.0369199
0.0409038
0.0510228
0.0542968
0.108855
0.137283
0.323669
0.521583
0.568323
0.956813
21.8117
3.38536
1.26978
0.691117
0.448611
0.325348
0.253884
0.207934
0.176013
0.152545
0.134579
0.120366
0.108853
0.0993197
0.0913065
0.0844893
0.0786312
0.0736073
0.0692386
0.0655142
0.0622494
0.0594871
0.057057
0.0549777
0.0531498
0.0515441
0.0501315
0.0488326
0.0476755
0.0465705
0.0455731
0.0445391
0.0436229
0.0425954
0.041715
0.0406807
0.0398664
0.0388163
0.0381172
0.036921
0.0363561
0.034517
0.034189
0.0351173
0.0366078
0.0419942
0.0459622
0.0508067
0.128372
0.134533
0.380267
0.493859
0.517845
0.690878
21.8111
3.3846
1.26921
0.690679
0.44821
0.324983
0.253532
0.207592
0.175664
0.152203
0.134232
0.120071
0.108641
0.0992885
0.0914869
0.0849409
0.0793312
0.0745295
0.0703298
0.0666714
0.0634411
0.0605713
0.05806
0.0557698
0.0538221
0.0519768
0.0504684
0.0489659
0.0477638
0.0465019
0.0454656
0.0443573
0.0434293
0.0423005
0.0416209
0.0403727
0.0393786
0.0378932
0.0366585
0.0357011
0.0339197
0.0346058
0.0353863
0.0382637
0.0418333
0.046777
0.0536551
0.0509924
0.141505
0.087497
0.17223
0.392875
0.500698
0.604897
21.8114
3.38524
1.26933
0.690742
0.448318
0.325109
0.253663
0.207725
0.175801
0.152348
0.134383
0.120196
0.108701
0.0992044
0.0912493
0.084488
0.0787444
0.07378
0.0695499
0.0658514
0.0626884
0.0599074
0.0574997
0.0553941
0.053526
0.0519009
0.0504341
0.0491255
0.0479391
0.0468052
0.0457911
0.0447328
0.0438301
0.0426962
0.0420197
0.0407632
0.0396889
0.0382562
0.0367462
0.0358111
0.0341333
0.0343038
0.0353509
0.0389782
0.0423126
0.0465826
0.0536291
0.0570794
0.120493
0.0866331
0.104105
0.293074
0.552337
0.26859
0.0110866
0.0114505
0.0118001
0.012134
0.0124862
0.0128079
0.0131675
0.0134769
0.0138244
0.0140933
0.0144108
0.0146338
0.0149262
0.0151235
0.0153949
0.015585
0.0158226
0.0160087
0.0161952
0.0163645
0.0164815
0.0166158
0.0166877
0.0167943
0.0168658
0.01698
0.0170631
0.0172449
0.0173922
0.0177089
0.0180427
0.0185118
0.0190084
0.0196909
0.0204616
0.0212212
0.0218804
0.0224648
0.0230736
0.023369
0.0235425
0.023476
0.0233111
0.022993
0.022175
0.0208904
0.0202843
0.0245604
0.0683926
0.0356603
0.0226686
0.0223127
0.0156137
0.0110451
0.0110871
0.0114515
0.0117896
0.0121532
0.012475
0.0128449
0.0131538
0.0135176
0.0138114
0.0141251
0.0144059
0.0146595
0.0149267
0.0151552
0.0153949
0.0156271
0.0158212
0.0160485
0.0161936
0.0163945
0.0164974
0.0166609
0.0167585
0.016934
0.0170352
0.0172673
0.0174025
0.0176917
0.0179136
0.0182166
0.0185807
0.0189371
0.01941
0.0199767
0.0206608
0.0213516
0.0219717
0.0226504
0.0230823
0.0237571
0.0240416
0.0240588
0.0240057
0.0236615
0.0231627
0.0231607
0.0232866
0.0265131
0.0415252
0.0360961
0.0238444
0.0239153
0.0200369
0.0283463
0.331714
0.0811234
0.190027
0.121181
0.155203
0.270659
0.19448
0.359095
0.294745
0.302538
0.166861
0.0681006
0.122835
0.107985
0.155304
0.376269
0.136111
0.341002
0.352505
0.390051
0.13715
0.079687
0.225279
0.0653537
0.237838
0.41753
0.417652
0.237696
0.162696
0.277313
0.227268
0.127529
0.0671757
0.188878
0.0548412
0.152996
0.332599
0.381129
0.243613
0.186811
0.177955
0.124042
0.0876031
0.0575353
0.082651
0.0702176
0.152045
0.0669203
0.133956
0.144417
0.112939
0.147265
0.201167
0.209658
0.180769
0.231608
0.0620957
0.0566139
0.0588911
0.0590447
0.0870434
0.0593991
0.0785484
0.123336
0.0846318
0.104419
0.158966
0.182064
0.12463
0.158104
0.0663772
0.053686
0.0636741
0.0540405
0.0792712
0.0537177
0.0785854
0.255535
0.25488
0.254816
0.275489
0.292911
0.252052
0.287859
0.246586
0.317119
0.275746
0.257246
0.294341
0.0587769
0.0567651
0.0593224
0.0566228
0.0640857
0.0584429
0.0661759
0.468495
0.235137
0.153159
0.22737
0.358526
0.289538
0.374078
0.366717
0.263225
0.232747
0.269681
0.2494
0.0683773
0.053439
0.0560568
0.0507551
0.0536992
0.0516289
0.0506389
0.67146
0.121647
0.118553
0.126752
0.399297
0.633056
0.516479
0.29134
0.444614
0.380667
0.239248
0.190358
0.305934
0.208146
0.0597779
0.0571212
0.0567214
0.055229
0.0557779
0.0552782
0.0559832
0.201459
0.126757
0.124874
0.243073
0.120281
0.586403
0.631554
0.353552
0.374598
0.333373
0.243074
0.161534
0.218751
0.178495
0.0988375
0.0547971
0.116818
0.0536916
0.0637866
0.051734
0.0533924
0.093801
0.129313
0.157578
0.055853
0.0530605
0.0547584
0.0511917
0.095927
0.0564076
0.0872739
0.0544207
0.0545069
0.0544479
0.0544162
0.134069
0.0807623
0.0889942
0.060095
0.0533288
0.0580182
0.0503969
0.519547
0.344982
0.306622
0.31973
0.718247
0.430176
0.246997
0.21893
0.29208
0.322028
0.536656
0.123378
0.095961
0.145883
0.516011
0.600598
0.649281
0.474332
0.154439
0.134036
0.192296
0.356941
0.438112
0.299334
0.279151
0.268019
0.255996
0.279337
0.315949
0.331823
0.410319
0.309447
0.330414
0.321006
0.320818
0.460615
0.307765
0.311533
0.3274
0.32031
0.326119
0.336263
0.398352
0.230168
0.185816
0.144922
0.157011
0.284727
0.222809
0.147541
0.12844
0.157477
0.174418
0.226602
0.106849
0.125746
0.285705
0.0925336
0.191602
0.250499
0.213037
0.130315
0.160463
0.126341
0.182829
0.158827
0.0971441
0.521056
0.157238
0.2322
0.265064
0.50317
0.555302
0.309647
0.460356
0.388639
0.365927
0.459837
0.403877
0.529118
1.33107
0.507463
0.495933
0.442332
0.46483
0.630882
1.1448
0.788427
0.681074
0.214351
0.176076
0.202629
0.28733
1.32176
0.243893
0.811742
0.207841
0.344959
0.267539
0.448164
1.0076
0.415834
0.24829
0.26227
0.394778
0.557999
0.412767
0.425047
0.470833
0.490593
0.628999
0.657999
0.551252
0.451667
0.6207
0.517286
0.655261
0.55978
0.225155
0.336407
0.31855
0.404784
0.587666
0.468884
0.275027
0.595608
0.449002
0.168566
0.207993
0.182197
0.170114
0.110671
0.146833
0.176162
0.146165
0.0906582
0.19637
0.186214
0.188044
0.231304
0.18416
0.179442
0.173498
0.154756
0.175665
0.145783
0.937354
0.319584
0.676118
0.657517
0.586296
0.585606
0.498057
1.16286
0.375523
0.598013
0.528075
1.0756
0.647285
0.20855
0.187714
0.567897
0.201381
0.795312
0.190796
0.155918
0.195285
0.582811
0.275654
0.170277
0.0991972
0.102672
0.174877
0.102444
0.276327
0.14087
0.088198
0.0692999
0.0828799
0.0730178
0.189523
0.0781759
0.291508
0.0970601
0.121312
0.106126
0.187538
0.126076
0.237287
0.297
0.257503
0.303478
0.32013
0.285894
0.330843
0.33094
0.338992
0.347894
0.309767
0.381498
0.317585
0.368985
0.427058
0.141144
0.0725776
0.0797949
0.0783034
0.0757923
0.0875324
0.123671
0.4602
0.317801
0.334467
0.361672
0.279452
0.433465
0.405148
0.498189
0.368506
0.322437
0.555972
0.338327
0.464977
0.531063
0.229853
0.0885275
0.0910278
0.0765679
0.11168
0.0980688
0.191613
0.341004
0.0922057
0.0798388
0.138279
0.10523
0.234131
0.109325
0.352439
0.245968
0.209644
0.244478
0.370123
0.27839
0.330003
0.401646
0.341339
0.34429
0.266436
0.437201
0.319193
0.397257
0.17824
0.077746
0.0789513
0.0647052
0.184117
0.0761277
0.0829305
0.182362
0.074981
0.0631812
0.094774
0.0857706
0.089285
0.149678
0.350164
0.339491
0.195528
0.183636
0.313863
0.397559
0.198991
0.376038
0.342113
0.142544
0.141859
0.410152
0.152086
0.39215
0.160498
0.247653
0.292759
0.26235
0.259629
0.155938
0.289745
0.159684
0.159824
0.208755
0.113293
0.141157
0.161054
0.193629
0.134739
0.169591
0.282019
0.249488
0.0864305
0.246294
0.311821
0.164285
0.252131
0.457084
0.38177
0.510958
0.347361
0.282626
0.328167
0.101243
0.134611
0.102859
0.125688
0.159153
0.374851
0.3264
0.304958
0.170476
0.345996
0.323858
0.0943872
0.12944
0.127824
0.0964509
0.262116
0.900231
0.189552
0.682723
0.965033
0.229319
0.204439
0.340113
0.272739
0.404869
0.240009
0.430001
0.519796
0.523367
0.373707
0.270067
0.699316
0.727343
0.179504
0.934302
0.176235
0.20917
0.641044
0.674158
0.094488
0.136664
0.207056
0.168084
0.145805
0.0848159
0.161767
0.0946204
0.118049
0.105229
0.0986438
0.062592
0.0584415
0.0746566
0.0524457
0.113074
0.226576
0.182456
0.190018
0.108291
0.166036
0.175118
0.502647
0.585418
0.557561
0.418571
0.484465
0.615053
0.493903
0.456519
0.53681
0.290514
0.19852
0.280089
0.222013
0.233492
0.211231
0.248576
0.202614
0.586997
0.714215
0.54183
0.368649
0.521793
0.578574
0.654275
0.344151
0.383685
0.320335
0.373516
0.399125
0.356788
0.290204
0.13383
0.140401
0.149749
0.12232
0.139097
0.167239
0.155635
0.151631
0.32568
0.35692
0.299154
0.238925
0.336346
0.258008
0.291357
0.293203
0.248745
0.669136
0.509289
0.214371
0.666828
0.327483
0.312737
0.27522
0.404352
0.208314
0.368597
0.49949
0.506508
0.389247
0.496522
0.634294
0.210523
0.558471
0.274552
0.689841
0.297852
0.666219
0.752709
0.376752
0.315458
0.448231
0.289678
0.277476
0.430569
0.278415
0.117853
0.133389
0.114142
0.145431
0.292973
0.420147
0.211936
0.247067
0.234442
0.275574
0.260229
0.157716
0.395903
0.295208
0.148274
0.373904
0.322093
0.137197
0.294554
0.275767
0.283734
0.149846
0.297313
0.282927
0.113251
0.135506
0.108927
0.1422
0.119682
0.145248
0.116635
0.148546
0.172126
0.331065
0.31351
0.294745
0.160147
0.321694
0.295545
0.338974
0.447631
0.303008
0.34099
0.283604
0.333757
0.407978
0.264653
0.325946
0.260285
0.207703
0.302735
0.179475
0.240074
0.225775
0.173519
0.273509
0.390177
0.418011
0.348868
0.27439
0.411896
0.390255
0.389678
0.292937
0.325382
0.288877
0.382895
0.336824
0.248536
0.365609
0.324918
0.239913
0.144961
0.207948
0.155912
0.208731
0.291
0.379463
0.351344
0.23991
0.343456
0.232814
0.33121
0.130065
0.238591
0.150935
0.209632
0.224817
0.203952
0.241555
0.180279
0.221783
0.217092
0.190706
0.101419
0.14993
0.124872
0.125162
0.242374
0.253032
0.283599
0.215746
0.239384
0.265332
0.207567
0.0992973
0.128483
0.121038
0.101327
0.194089
0.209297
0.166625
0.213617
0.209958
0.195261
0.172085
0.0961993
0.0879457
0.140218
0.0524324
0.0993899
0.130364
0.102139
0.146617
0.18467
0.211535
0.165583
0.10286
0.190258
0.159666
0.16033
0.186744
0.234321
0.156814
0.131292
0.139455
0.142505
0.179402
0.0748338
0.112656
0.0827984
0.0908438
0.21766
0.255674
0.194901
0.194267
0.175353
0.258311
0.165765
0.0482464
0.0644842
0.0719765
0.0447456
0.205807
0.216674
0.227069
0.177171
0.0993852
0.208819
0.170144
0.217138
0.094002
0.0337324
0.0319435
0.0403088
0.0238827
0.0368195
0.0571598
0.0430239
0.0472528
0.205579
0.197556
0.173205
0.0524082
0.170469
0.110706
0.183597
0.163789
0.173837
0.238296
0.524358
0.514237
0.478655
0.212865
0.354953
0.543044
0.0787613
0.100708
0.162242
0.12159
0.134211
0.139583
0.104576
0.171353
0.485208
0.360641
0.574871
1.16884
0.510024
1.25019
0.529894
0.543918
0.3907
0.531936
0.481134
0.512597
0.497983
0.592209
0.547308
0.444158
0.363697
0.198035
0.172001
0.317851
0.507511
0.484329
0.368042
0.309015
0.421592
0.552825
0.443751
0.350007
0.318133
0.306366
0.346328
0.676882
1.31183
0.59482
0.505758
0.661192
0.59662
0.515442
0.540849
0.832102
0.559036
0.414507
0.545511
0.471258
0.402525
0.395555
0.340547
0.456941
0.745841
0.834388
0.454247
0.790021
0.576589
1.18912
0.548383
1.12921
1.06731
0.215737
0.996544
0.258101
0.500657
0.216296
0.647612
0.286323
0.134047
0.142737
0.116703
0.154662
0.195671
0.341607
0.287233
0.210639
0.169108
0.309537
0.232356
0.230522
0.137226
0.268911
0.221904
0.824449
0.436897
0.704329
1.11699
0.435153
0.76252
0.975737
0.342845
0.862924
0.535721
0.375415
0.53439
0.379274
0.607756
0.683929
0.61109
0.620599
0.727039
0.757081
0.719957
0.335132
0.941791
0.36259
0.409869
0.717623
1.20866
0.619718
0.718825
0.860456
1.0068
0.607056
0.205325
0.128655
0.213312
0.112464
0.408688
0.678136
0.615307
0.440073
0.427859
0.367923
0.269478
0.291892
0.442578
0.381804
0.296461
0.536589
0.56168
0.505078
0.53642
0.548744
0.56497
0.471019
0.330783
0.208361
0.329006
0.300559
0.287871
0.31383
0.314026
0.295794
0.644126
0.585196
0.446428
0.4208
0.61978
0.518754
0.543254
0.613609
0.631623
0.572184
0.544389
0.513063
0.556888
0.54903
0.534146
0.544815
0.287458
0.241038
0.242819
0.187343
0.298492
0.330069
0.297339
0.313508
0.591425
0.599481
0.535725
0.681813
0.579155
0.60298
0.488808
0.367031
0.673394
0.348704
0.51311
0.66033
0.337485
0.363456
0.363512
0.339925
0.452509
0.261774
0.426333
0.568644
0.553429
0.404815
0.271595
0.536748
0.467525
0.263777
0.685961
0.264766
0.281586
0.318393
0.662542
0.533583
0.394633
0.563898
0.386322
0.330839
0.169529
0.15089
0.211177
0.128803
0.311384
0.578204
0.401642
0.396772
0.193246
0.491448
0.566096
0.18691
0.502417
0.204674
0.170561
0.179364
0.198409
0.0835145
0.103847
0.180701
0.181589
0.0783551
0.0912443
0.178537
0.0232276
0.0280414
0.0356813
0.0184058
0.0303068
0.0413784
0.0370519
0.0392258
0.0819294
0.187813
0.0577379
0.14765
0.0980908
0.157558
0.104704
0.143814
0.157407
0.240069
0.206408
0.168672
0.224851
0.176196
0.244781
0.228281
0.0901493
0.111458
0.0877053
0.108313
0.240984
0.224467
0.19
0.26122
0.263177
0.172134
0.233333
0.0855159
0.108421
0.0845842
0.110255
0.212402
0.152167
0.221364
0.186641
0.149844
0.217675
0.2249
0.0860801
0.0693128
0.106283
0.0500882
0.0819341
0.10577
0.0807063
0.109682
0.214537
0.198746
0.105702
0.197522
0.163694
0.222466
0.185641
0.332403
0.734964
0.839316
0.735611
0.530782
0.314594
0.891836
0.209507
0.261566
0.304679
0.20208
0.242011
0.321886
0.315645
0.261471
0.398527
0.745933
0.48295
0.781675
0.486615
0.421935
0.802743
0.58224
0.924168
0.44201
0.851144
0.624714
0.936999
0.391798
0.911503
0.941867
0.434953
0.337894
0.49323
0.270389
0.368836
0.366162
0.442614
0.313805
0.494788
1.14134
0.772348
0.96227
1.27039
0.783195
0.540992
0.144449
0.395435
0.233456
0.138535
0.15308
0.126507
0.152564
0.10251
0.124504
0.098978
0.139468
0.150231
0.47453
0.510785
0.169562
0.437254
0.137994
0.158351
0.105233
0.134959
0.122668
0.114166
0.154382
0.250555
0.117213
0.375386
0.0810061
0.152761
0.092185
0.0974159
0.0803143
0.114557
0.0344895
0.102681
0.132005
0.119555
0.112207
0.138058
0.877308
0.297222
0.13822
0.254887
0.131689
0.121181
)
;

boundaryField
{
    inlet
    {
        type            fixedValue;
        value           uniform 440.15;
    }
    outlet
    {
        type            zeroGradient;
    }
    rightSide
    {
        type            symmetryPlane;
    }
    leftSide
    {
        type            symmetryPlane;
    }
    duct
    {
        Cmu             0.09;
        kappa           0.41;
        E               9.8;
        beta1           0.075;
        type            omegaWallFunction;
        value           nonuniform List<scalar> 
216
(
0.0110927
0.0110854
0.0114489
0.011457
0.0118009
0.0117798
0.0121427
0.012175
0.0124856
0.0124474
0.0127616
0.0128232
0.0130961
0.0130542
0.0133192
0.0134004
0.0136438
0.0136337
0.0138654
0.013943
0.0141703
0.0142095
0.0144172
0.0144793
0.0146743
0.0147527
0.0149505
0.0149971
0.0151785
0.0152433
0.0154442
0.0155058
0.0157206
0.0157718
0.0160274
0.0160441
0.0163169
0.0163245
0.0166266
0.0165492
0.016859
0.0167387
0.0170152
0.0170191
0.0171858
0.0172977
0.0173946
0.0177418
0.0177643
0.018367
0.0192375
0.0206855
0.0226991
0.0240443
0.0262172
0.0267624
0.0297934
0.0295422
0.0329321
0.0325804
0.0356136
0.0352314
0.0380734
0.0376887
0.0398787
0.0393314
0.0415145
0.0402818
0.0428784
0.0409744
0.0441648
0.041241
0.0452513
0.0416145
0.0460172
0.0417317
0.0467838
0.0418456
0.047348
0.0418323
0.0471009
0.0417919
0.0467998
0.0419151
0.0464516
0.0416875
0.0467059
0.0412671
0.0463592
0.040652
0.0450524
0.0390619
0.0419091
0.0366464
0.0385957
0.0331011
0.0342232
0.0284806
0.0312933
0.0262056
0.0321428
0.0247815
0.0293438
0.031331
0.0245467
0.0293354
0.0217201
0.0203258
0.0110866
0.0110871
0.0114505
0.0114515
0.0118001
0.0117896
0.012134
0.0121532
0.0124862
0.012475
0.0128079
0.0128449
0.0131675
0.0131538
0.0134769
0.0135176
0.0138244
0.0138114
0.0140933
0.0141251
0.0144108
0.0144059
0.0146338
0.0146595
0.0149262
0.0149267
0.0151235
0.0151552
0.0153949
0.0153949
0.015585
0.0156271
0.0158226
0.0158212
0.0160087
0.0160485
0.0161952
0.0161936
0.0163645
0.0163945
0.0164815
0.0164974
0.0166158
0.0166609
0.0166877
0.0167585
0.0167943
0.016934
0.0168658
0.0170352
0.01698
0.0172673
0.0170631
0.0174025
0.0172449
0.0176917
0.0173922
0.0179136
0.0177089
0.0182166
0.0180427
0.0185807
0.0185118
0.0189371
0.0190084
0.01941
0.0196909
0.0199767
0.0204616
0.0206608
0.0212212
0.0213516
0.0218804
0.0219717
0.0224648
0.0226504
0.0230736
0.0230823
0.023369
0.0237571
0.0235425
0.0240416
0.023476
0.0240588
0.0233111
0.0240057
0.022993
0.0236615
0.022175
0.0231627
0.0208904
0.0231607
0.0202843
0.0232866
0.0245604
0.0265131
0.0683926
0.0415252
0.0356603
0.0360961
0.0226686
0.0238444
0.0223127
0.0239153
0.0156137
0.0200369
0.0110451
0.0283463
)
;
    }
    cylinder
    {
        Cmu             0.09;
        kappa           0.41;
        E               9.8;
        beta1           0.075;
        type            omegaWallFunction;
        value           nonuniform List<scalar> 
448
(
0.633056
0.516479
0.586403
0.631554
0.600598
0.649281
0.438112
0.299334
0.331823
0.410319
0.307765
0.311533
0.191602
0.250499
0.158827
0.0971441
0.555302
0.309647
0.529118
1.33107
1.1448
0.788427
1.32176
0.243893
0.628999
0.657999
0.168566
0.207993
0.146165
0.0906582
0.585606
0.498057
0.292759
0.289745
0.159684
0.141157
0.0864305
0.311821
0.510958
0.328167
0.101243
0.304958
0.323858
0.0943872
0.900231
0.965033
0.340113
0.430001
0.641044
0.674158
0.136664
0.145805
0.0946204
0.062592
0.502647
0.585418
0.484465
0.53681
0.290514
0.233492
0.368649
0.578574
0.320335
0.290204
0.13383
0.139097
0.238925
0.258008
0.669136
0.666828
0.312737
0.368597
0.666219
0.752709
0.289678
0.278415
0.117853
0.247067
0.157716
0.373904
0.322093
0.275767
0.282927
0.113251
0.119682
0.294745
0.295545
0.338974
0.447631
0.283604
0.264653
0.260285
0.240074
0.292937
0.325382
0.248536
0.239913
0.144961
0.130065
0.180279
0.190706
0.101419
0.215746
0.0992973
0.166625
0.172085
0.0961993
0.0993899
0.10286
0.159666
0.131292
0.142505
0.0748338
0.194267
0.165765
0.0482464
0.205807
0.216674
0.0993852
0.094002
0.0337324
0.0368195
0.163789
0.173837
0.514237
0.543044
0.0787613
0.134211
0.543918
0.3907
0.497983
0.547308
0.363697
0.350007
0.676882
1.31183
0.661192
0.832102
0.559036
0.402525
1.12921
1.06731
0.996544
0.647612
0.134047
0.195671
0.824449
0.436897
0.535721
0.607756
1.20866
0.860456
0.205325
0.408688
0.56168
0.330783
0.287871
0.613609
0.631623
0.287458
0.298492
0.673394
0.363512
0.426333
0.169529
0.311384
0.179364
0.198409
0.103847
0.0912443
0.0232276
0.0303068
0.143814
0.157407
0.168672
0.176196
0.0901493
0.0855159
0.0860801
0.0819341
0.734964
0.530782
0.209507
0.242011
0.58224
0.924168
0.851144
0.911503
0.434953
0.368836
0.233456
0.15308
0.10251
0.105233
0.250555
0.0810061
0.0974159
0.102681
0.159824
0.161054
0.134611
0.12944
0.272739
0.519796
0.118049
0.0584415
0.19852
0.211231
0.140401
0.167239
0.27522
0.49949
0.133389
0.395903
0.135506
0.145248
0.207703
0.225775
0.207948
0.238591
0.14993
0.128483
0.0879457
0.130364
0.112656
0.0644842
0.0319435
0.0571598
0.100708
0.139583
0.198035
0.318133
0.414507
0.395555
0.142737
0.341607
0.375415
0.683929
0.128655
0.678136
0.208361
0.31383
0.241038
0.330069
0.339925
0.568644
0.15089
0.578204
0.0280414
0.0413784
0.111458
0.108421
0.0693128
0.10577
0.261566
0.321886
0.337894
0.366162
0.124504
0.134959
0.0803143
0.132005
0.208755
0.113293
0.134739
0.193629
0.102859
0.125688
0.0964509
0.127824
0.404869
0.240009
0.727343
0.934302
0.373707
0.523367
0.548744
0.66033
0.446428
0.61978
0.105229
0.0986438
0.182456
0.166036
0.0524457
0.0746566
0.48295
0.486615
0.280089
0.222013
0.202614
0.248576
0.149749
0.12232
0.155635
0.151631
0.404352
0.208314
0.558471
0.689841
0.389247
0.506508
0.114142
0.145431
0.275574
0.295208
0.148274
0.1422
0.108927
0.116635
0.148546
0.302735
0.179475
0.27439
0.390255
0.173519
0.273509
0.155912
0.23991
0.208731
0.232814
0.150935
0.209632
0.125162
0.124872
0.207567
0.101327
0.121038
0.140218
0.0524324
0.102139
0.146617
0.0908438
0.0827984
0.0447456
0.0719765
0.0403088
0.0238827
0.0524082
0.110706
0.0430239
0.0472528
0.162242
0.12159
1.16884
1.25019
0.104576
0.171353
0.172001
0.309015
0.317851
0.443751
0.306366
0.346328
0.790021
1.18912
0.545511
0.471258
0.340547
0.456941
1.11699
0.975737
0.154662
0.116703
0.232356
0.268911
0.287233
0.210639
0.269478
0.442578
0.53439
0.379274
0.719957
0.941791
0.61109
0.620599
0.213312
0.112464
0.615307
0.440073
0.329006
0.300559
0.295794
0.314026
0.544389
0.662542
0.534146
0.563898
0.566096
0.242819
0.187343
0.535725
0.579155
0.313508
0.297339
0.452509
0.261774
0.467525
0.685961
0.404815
0.553429
0.211177
0.128803
0.502417
0.396772
0.401642
0.0356813
0.0184058
0.0577379
0.0980908
0.0370519
0.0392258
0.152167
0.149844
0.0877053
0.19
0.108313
0.172134
0.0845842
0.110255
0.106283
0.0500882
0.105702
0.163694
0.0807063
0.109682
0.304679
0.20208
0.261471
0.315645
1.27039
0.49323
0.270389
0.772348
0.313805
0.442614
0.098978
0.510785
0.139468
0.437254
0.114166
0.122668
0.114557
0.0344895
0.297222
0.254887
0.112207
0.119555
)
;
    }
}


// ************************************************************************* //
