/*--------------------------------*- C++ -*----------------------------------*\
| =========                 |                                                 |
| \\      /  F ield         | OpenFOAM: The Open Source CFD Toolbox           |
|  \\    /   O peration     | Version:  4.1                                   |
|   \\  /    A nd           | Web:      www.OpenFOAM.org                      |
|    \\/     M anipulation  |                                                 |
\*---------------------------------------------------------------------------*/
FoamFile
{
    version     2.0;
    format      ascii;
    class       volScalarField;
    location    "79";
    object      p;
}
// * * * * * * * * * * * * * * * * * * * * * * * * * * * * * * * * * * * * * //

dimensions      [0 2 -2 0 0 0 0];

internalField   nonuniform List<scalar> 
4432
(
-3.65205e+10
-3.66034e+10
-3.68811e+10
-3.68826e+10
-3.69314e+10
-3.70383e+10
-3.71209e+10
-3.71954e+10
-3.72625e+10
-3.73256e+10
-3.73859e+10
-3.74414e+10
-3.74875e+10
-3.75193e+10
-3.75347e+10
-3.75312e+10
-3.75046e+10
-3.74523e+10
-3.73742e+10
-3.72718e+10
-3.71474e+10
-3.70054e+10
-3.68515e+10
-3.66921e+10
-3.6533e+10
-3.63791e+10
-3.62337e+10
-3.6099e+10
-3.59764e+10
-3.58677e+10
-3.57752e+10
-3.57029e+10
-3.56555e+10
-3.56367e+10
-3.56474e+10
-3.56831e+10
-3.57335e+10
-3.57839e+10
-3.58178e+10
-3.58222e+10
-3.57899e+10
-3.57226e+10
-3.56331e+10
-3.55633e+10
-3.56201e+10
-3.59571e+10
-3.65413e+10
-3.67286e+10
-3.54084e+10
-3.30268e+10
-3.44552e+10
-4.53996e+10
-5.60988e+10
-2.75685e+10
-3.6659e+10
-3.66399e+10
-3.67965e+10
-3.69059e+10
-3.69463e+10
-3.70352e+10
-3.71217e+10
-3.71934e+10
-3.72573e+10
-3.73199e+10
-3.7381e+10
-3.74372e+10
-3.74833e+10
-3.75154e+10
-3.7531e+10
-3.7527e+10
-3.74989e+10
-3.74449e+10
-3.73655e+10
-3.72619e+10
-3.71364e+10
-3.69937e+10
-3.68392e+10
-3.66795e+10
-3.65201e+10
-3.63664e+10
-3.62214e+10
-3.60874e+10
-3.59657e+10
-3.5858e+10
-3.57666e+10
-3.56953e+10
-3.56486e+10
-3.56302e+10
-3.56411e+10
-3.5677e+10
-3.57277e+10
-3.57783e+10
-3.5812e+10
-3.58155e+10
-3.57825e+10
-3.57154e+10
-3.56275e+10
-3.55615e+10
-3.56261e+10
-3.59778e+10
-3.65779e+10
-3.67251e+10
-3.51164e+10
-3.18671e+10
-3.19383e+10
-4.32664e+10
-5.80682e+10
-3.34212e+10
-3.67755e+10
-3.67457e+10
-3.68309e+10
-3.69659e+10
-3.70144e+10
-3.70794e+10
-3.71712e+10
-3.72486e+10
-3.7319e+10
-3.73886e+10
-3.7456e+10
-3.7521e+10
-3.75776e+10
-3.7618e+10
-3.76381e+10
-3.76368e+10
-3.76114e+10
-3.75586e+10
-3.74785e+10
-3.73713e+10
-3.72395e+10
-3.70871e+10
-3.69201e+10
-3.67461e+10
-3.65719e+10
-3.64042e+10
-3.62465e+10
-3.61021e+10
-3.59719e+10
-3.58576e+10
-3.5761e+10
-3.56853e+10
-3.56348e+10
-3.56127e+10
-3.56196e+10
-3.56513e+10
-3.5698e+10
-3.57449e+10
-3.57751e+10
-3.57749e+10
-3.57375e+10
-3.56635e+10
-3.55641e+10
-3.54805e+10
-3.55273e+10
-3.58695e+10
-3.64394e+10
-3.64176e+10
-3.44313e+10
-3.1029e+10
-3.21238e+10
-4.50123e+10
-5.96207e+10
-3.61891e+10
-3.67667e+10
-3.67767e+10
-3.68722e+10
-3.69623e+10
-3.70164e+10
-3.70848e+10
-3.71765e+10
-3.72514e+10
-3.73217e+10
-3.73911e+10
-3.74597e+10
-3.75257e+10
-3.75823e+10
-3.76217e+10
-3.76411e+10
-3.764e+10
-3.76145e+10
-3.75611e+10
-3.74805e+10
-3.73729e+10
-3.72404e+10
-3.70874e+10
-3.69197e+10
-3.67451e+10
-3.65705e+10
-3.64026e+10
-3.62451e+10
-3.61011e+10
-3.59716e+10
-3.58586e+10
-3.57636e+10
-3.56897e+10
-3.5641e+10
-3.56205e+10
-3.5629e+10
-3.56623e+10
-3.57104e+10
-3.57587e+10
-3.57902e+10
-3.57915e+10
-3.57559e+10
-3.56841e+10
-3.5587e+10
-3.55059e+10
-3.55573e+10
-3.59086e+10
-3.64835e+10
-3.64016e+10
-3.41601e+10
-3.04398e+10
-3.23536e+10
-4.79949e+10
-6.0805e+10
-2.97381e+10
-3.69317e+10
-3.69455e+10
-3.68997e+10
-3.70021e+10
-3.70623e+10
-3.71169e+10
-3.71882e+10
-3.72617e+10
-3.73342e+10
-3.74053e+10
-3.74747e+10
-3.7543e+10
-3.76032e+10
-3.76463e+10
-3.76686e+10
-3.767e+10
-3.76498e+10
-3.76051e+10
-3.75339e+10
-3.74347e+10
-3.73079e+10
-3.71562e+10
-3.69859e+10
-3.68044e+10
-3.66204e+10
-3.64412e+10
-3.6272e+10
-3.61161e+10
-3.59753e+10
-3.58514e+10
-3.57462e+10
-3.56622e+10
-3.56017e+10
-3.55674e+10
-3.55596e+10
-3.55741e+10
-3.56021e+10
-3.56305e+10
-3.56451e+10
-3.5634e+10
-3.55916e+10
-3.55173e+10
-3.54191e+10
-3.53412e+10
-3.54193e+10
-3.58601e+10
-3.661e+10
-3.67486e+10
-3.47111e+10
-3.11189e+10
-3.24153e+10
-4.57541e+10
-5.87171e+10
-2.97562e+10
-3.68744e+10
-3.69361e+10
-3.69647e+10
-3.69921e+10
-3.70506e+10
-3.71187e+10
-3.71927e+10
-3.72643e+10
-3.73385e+10
-3.74112e+10
-3.74828e+10
-3.75528e+10
-3.76146e+10
-3.76593e+10
-3.76835e+10
-3.76873e+10
-3.76681e+10
-3.7623e+10
-3.75503e+10
-3.74485e+10
-3.73179e+10
-3.71616e+10
-3.69858e+10
-3.67985e+10
-3.66087e+10
-3.64243e+10
-3.62508e+10
-3.60918e+10
-3.59491e+10
-3.58244e+10
-3.57196e+10
-3.5637e+10
-3.55795e+10
-3.55494e+10
-3.55469e+10
-3.55674e+10
-3.56016e+10
-3.56359e+10
-3.56554e+10
-3.56481e+10
-3.56075e+10
-3.5533e+10
-3.54333e+10
-3.5353e+10
-3.54259e+10
-3.58512e+10
-3.65479e+10
-3.65058e+10
-3.39896e+10
-2.9573e+10
-3.03107e+10
-4.46008e+10
-6.00696e+10
-3.27858e+10
-3.69143e+10
-3.69633e+10
-3.69857e+10
-3.70133e+10
-3.70796e+10
-3.71511e+10
-3.72242e+10
-3.72991e+10
-3.73781e+10
-3.74596e+10
-3.75429e+10
-3.76273e+10
-3.7706e+10
-3.77704e+10
-3.78153e+10
-3.78368e+10
-3.783e+10
-3.77927e+10
-3.77232e+10
-3.76202e+10
-3.74828e+10
-3.73134e+10
-3.71187e+10
-3.69087e+10
-3.66952e+10
-3.64883e+10
-3.62954e+10
-3.61209e+10
-3.5967e+10
-3.58361e+10
-3.57297e+10
-3.56492e+10
-3.55952e+10
-3.55699e+10
-3.55734e+10
-3.55997e+10
-3.56387e+10
-3.56761e+10
-3.56966e+10
-3.56873e+10
-3.56399e+10
-3.55491e+10
-3.54167e+10
-3.52809e+10
-3.52777e+10
-3.56269e+10
-3.63045e+10
-3.64151e+10
-3.43281e+10
-3.03878e+10
-3.09452e+10
-4.46376e+10
-6.2647e+10
-4.08655e+10
-3.69352e+10
-3.69892e+10
-3.70073e+10
-3.70155e+10
-3.7078e+10
-3.71592e+10
-3.72331e+10
-3.73078e+10
-3.73888e+10
-3.74715e+10
-3.75561e+10
-3.76408e+10
-3.77192e+10
-3.77832e+10
-3.78278e+10
-3.78489e+10
-3.78414e+10
-3.78025e+10
-3.77302e+10
-3.7623e+10
-3.74803e+10
-3.73045e+10
-3.71026e+10
-3.6885e+10
-3.66637e+10
-3.64496e+10
-3.62505e+10
-3.60712e+10
-3.5914e+10
-3.57809e+10
-3.56734e+10
-3.55933e+10
-3.55424e+10
-3.55215e+10
-3.55289e+10
-3.55589e+10
-3.56006e+10
-3.56384e+10
-3.56562e+10
-3.56412e+10
-3.55848e+10
-3.54828e+10
-3.53402e+10
-3.52002e+10
-3.52048e+10
-3.55769e+10
-3.62735e+10
-3.63218e+10
-3.40205e+10
-3.01042e+10
-3.21597e+10
-4.8372e+10
-6.19404e+10
-3.04297e+10
-3.69605e+10
-3.69911e+10
-3.70245e+10
-3.70403e+10
-3.70887e+10
-3.71544e+10
-3.72267e+10
-3.73018e+10
-3.73826e+10
-3.74703e+10
-3.75629e+10
-3.76563e+10
-3.77449e+10
-3.78219e+10
-3.7882e+10
-3.79196e+10
-3.79292e+10
-3.79067e+10
-3.78479e+10
-3.7749e+10
-3.76058e+10
-3.74188e+10
-3.71944e+10
-3.69455e+10
-3.66881e+10
-3.64363e+10
-3.62006e+10
-3.59872e+10
-3.57992e+10
-3.56388e+10
-3.55074e+10
-3.54062e+10
-3.53361e+10
-3.52987e+10
-3.52934e+10
-3.53151e+10
-3.53535e+10
-3.5394e+10
-3.54202e+10
-3.54174e+10
-3.53748e+10
-3.52844e+10
-3.51457e+10
-3.49965e+10
-3.49729e+10
-3.52987e+10
-3.59747e+10
-3.61664e+10
-3.42629e+10
-3.03575e+10
-3.01683e+10
-4.25423e+10
-6.08721e+10
-3.88803e+10
-3.69868e+10
-3.70253e+10
-3.70316e+10
-3.70401e+10
-3.70894e+10
-3.7159e+10
-3.72327e+10
-3.73096e+10
-3.73908e+10
-3.74774e+10
-3.75689e+10
-3.7661e+10
-3.77472e+10
-3.78211e+10
-3.78779e+10
-3.79121e+10
-3.79189e+10
-3.78945e+10
-3.78347e+10
-3.77351e+10
-3.75922e+10
-3.74063e+10
-3.71837e+10
-3.69371e+10
-3.66822e+10
-3.64331e+10
-3.62003e+10
-3.59902e+10
-3.58059e+10
-3.56491e+10
-3.55215e+10
-3.54245e+10
-3.53596e+10
-3.53274e+10
-3.53263e+10
-3.53509e+10
-3.53905e+10
-3.54301e+10
-3.54524e+10
-3.54426e+10
-3.53906e+10
-3.52894e+10
-3.514e+10
-3.49835e+10
-3.49618e+10
-3.5304e+10
-3.60022e+10
-3.6173e+10
-3.41954e+10
-3.0573e+10
-3.19992e+10
-4.63603e+10
-6.06591e+10
-3.09549e+10
-3.70322e+10
-3.70507e+10
-3.70741e+10
-3.71004e+10
-3.71454e+10
-3.72084e+10
-3.72823e+10
-3.73617e+10
-3.74481e+10
-3.75467e+10
-3.76569e+10
-3.77707e+10
-3.78822e+10
-3.79856e+10
-3.80738e+10
-3.8138e+10
-3.81698e+10
-3.81627e+10
-3.81122e+10
-3.80127e+10
-3.78577e+10
-3.76435e+10
-3.73775e+10
-3.70781e+10
-3.67689e+10
-3.64709e+10
-3.61984e+10
-3.59593e+10
-3.57561e+10
-3.55888e+10
-3.54565e+10
-3.53585e+10
-3.52949e+10
-3.52655e+10
-3.52679e+10
-3.5296e+10
-3.53391e+10
-3.53815e+10
-3.54055e+10
-3.53954e+10
-3.53392e+10
-3.52285e+10
-3.50641e+10
-3.48866e+10
-3.48359e+10
-3.51442e+10
-3.58417e+10
-3.61488e+10
-3.45013e+10
-3.10686e+10
-3.179e+10
-4.44837e+10
-5.79739e+10
-2.97334e+10
-3.7041e+10
-3.70629e+10
-3.70821e+10
-3.71049e+10
-3.71516e+10
-3.72118e+10
-3.72824e+10
-3.73621e+10
-3.74491e+10
-3.75463e+10
-3.76532e+10
-3.77645e+10
-3.78743e+10
-3.79766e+10
-3.80646e+10
-3.81294e+10
-3.81616e+10
-3.81543e+10
-3.81026e+10
-3.80018e+10
-3.78453e+10
-3.76298e+10
-3.73625e+10
-3.70621e+10
-3.67523e+10
-3.64538e+10
-3.61811e+10
-3.59417e+10
-3.57381e+10
-3.55701e+10
-3.54366e+10
-3.53372e+10
-3.52716e+10
-3.52396e+10
-3.52386e+10
-3.52629e+10
-3.53016e+10
-3.534e+10
-3.53613e+10
-3.53505e+10
-3.52972e+10
-3.51947e+10
-3.50448e+10
-3.48882e+10
-3.48635e+10
-3.51976e+10
-3.5903e+10
-3.61563e+10
-3.4317e+10
-3.04346e+10
-3.04074e+10
-4.2806e+10
-5.78134e+10
-3.07643e+10
-3.70153e+10
-3.70269e+10
-3.70417e+10
-3.70718e+10
-3.71185e+10
-3.71836e+10
-3.7261e+10
-3.73457e+10
-3.74408e+10
-3.75516e+10
-3.76763e+10
-3.78085e+10
-3.79424e+10
-3.80714e+10
-3.81862e+10
-3.82761e+10
-3.83298e+10
-3.83386e+10
-3.82977e+10
-3.82003e+10
-3.80354e+10
-3.77915e+10
-3.74737e+10
-3.71076e+10
-3.67294e+10
-3.63701e+10
-3.60493e+10
-3.57759e+10
-3.55507e+10
-3.53702e+10
-3.52299e+10
-3.51264e+10
-3.50577e+10
-3.5022e+10
-3.50158e+10
-3.50326e+10
-3.50615e+10
-3.50872e+10
-3.5092e+10
-3.50587e+10
-3.49743e+10
-3.48301e+10
-3.46268e+10
-3.4405e+10
-3.43034e+10
-3.45545e+10
-3.51952e+10
-3.54356e+10
-3.35908e+10
-2.95261e+10
-2.91447e+10
-4.19063e+10
-5.93095e+10
-3.36568e+10
-3.70031e+10
-3.7014e+10
-3.70343e+10
-3.70684e+10
-3.7116e+10
-3.71766e+10
-3.72505e+10
-3.73362e+10
-3.74342e+10
-3.75463e+10
-3.76715e+10
-3.78051e+10
-3.7941e+10
-3.80719e+10
-3.81885e+10
-3.8279e+10
-3.83321e+10
-3.83399e+10
-3.82979e+10
-3.81994e+10
-3.80323e+10
-3.77856e+10
-3.74639e+10
-3.70937e+10
-3.67119e+10
-3.63499e+10
-3.60276e+10
-3.57539e+10
-3.55294e+10
-3.53507e+10
-3.52131e+10
-3.5113e+10
-3.50479e+10
-3.50159e+10
-3.50138e+10
-3.50355e+10
-3.5071e+10
-3.51056e+10
-3.51224e+10
-3.51056e+10
-3.50433e+10
-3.49282e+10
-3.47627e+10
-3.45885e+10
-3.45436e+10
-3.48574e+10
-3.55583e+10
-3.58411e+10
-3.39505e+10
-2.94336e+10
-2.75799e+10
-3.8515e+10
-5.70304e+10
-3.30534e+10
-3.70379e+10
-3.70403e+10
-3.70502e+10
-3.70804e+10
-3.71304e+10
-3.71963e+10
-3.7274e+10
-3.73633e+10
-3.74706e+10
-3.75998e+10
-3.77472e+10
-3.79085e+10
-3.80785e+10
-3.82488e+10
-3.8408e+10
-3.8542e+10
-3.8635e+10
-3.86758e+10
-3.8659e+10
-3.85803e+10
-3.84208e+10
-3.81526e+10
-3.77699e+10
-3.73126e+10
-3.68442e+10
-3.64146e+10
-3.60495e+10
-3.57556e+10
-3.55282e+10
-3.53573e+10
-3.52334e+10
-3.51488e+10
-3.5099e+10
-3.50806e+10
-3.50901e+10
-3.51215e+10
-3.51651e+10
-3.52072e+10
-3.52323e+10
-3.5226e+10
-3.51772e+10
-3.5079e+10
-3.49344e+10
-3.47859e+10
-3.47727e+10
-3.51305e+10
-3.59046e+10
-3.63033e+10
-3.45609e+10
-3.02988e+10
-2.90558e+10
-4.04647e+10
-5.74879e+10
-3.26062e+10
-3.70394e+10
-3.70368e+10
-3.70539e+10
-3.70934e+10
-3.71441e+10
-3.72055e+10
-3.72817e+10
-3.73718e+10
-3.74786e+10
-3.76042e+10
-3.77468e+10
-3.79028e+10
-3.80666e+10
-3.82302e+10
-3.83827e+10
-3.85103e+10
-3.8598e+10
-3.86352e+10
-3.86179e+10
-3.85413e+10
-3.83869e+10
-3.8126e+10
-3.77516e+10
-3.73008e+10
-3.68354e+10
-3.64054e+10
-3.60374e+10
-3.57393e+10
-3.55073e+10
-3.53322e+10
-3.52048e+10
-3.51177e+10
-3.50663e+10
-3.50474e+10
-3.50577e+10
-3.50914e+10
-3.51386e+10
-3.5186e+10
-3.52179e+10
-3.52197e+10
-3.51797e+10
-3.50903e+10
-3.49541e+10
-3.48145e+10
-3.48144e+10
-3.51981e+10
-3.60306e+10
-3.65496e+10
-3.50069e+10
-3.09719e+10
-2.99372e+10
-4.12905e+10
-5.66032e+10
-2.92748e+10
-3.69559e+10
-3.69611e+10
-3.69744e+10
-3.70092e+10
-3.70676e+10
-3.7141e+10
-3.72271e+10
-3.73307e+10
-3.74582e+10
-3.76113e+10
-3.77886e+10
-3.7987e+10
-3.8201e+10
-3.84211e+10
-3.86344e+10
-3.88232e+10
-3.89666e+10
-3.90479e+10
-3.90621e+10
-3.901e+10
-3.88657e+10
-3.85673e+10
-3.80764e+10
-3.74532e+10
-3.68212e+10
-3.62687e+10
-3.58279e+10
-3.55001e+10
-3.52689e+10
-3.5113e+10
-3.50132e+10
-3.49557e+10
-3.49319e+10
-3.49365e+10
-3.49653e+10
-3.50128e+10
-3.5071e+10
-3.51286e+10
-3.51726e+10
-3.51913e+10
-3.51766e+10
-3.51241e+10
-3.50399e+10
-3.49706e+10
-3.50647e+10
-3.55764e+10
-3.65827e+10
-3.73264e+10
-3.60913e+10
-3.26601e+10
-3.28554e+10
-4.51427e+10
-5.885e+10
-2.93617e+10
-3.69767e+10
-3.6977e+10
-3.69949e+10
-3.70339e+10
-3.70877e+10
-3.71545e+10
-3.72379e+10
-3.73385e+10
-3.7459e+10
-3.76028e+10
-3.777e+10
-3.79584e+10
-3.81627e+10
-3.83747e+10
-3.85824e+10
-3.87693e+10
-3.89149e+10
-3.90017e+10
-3.9024e+10
-3.89818e+10
-3.88502e+10
-3.85669e+10
-3.80915e+10
-3.74807e+10
-3.68557e+10
-3.63048e+10
-3.58613e+10
-3.55275e+10
-3.52884e+10
-3.51237e+10
-3.50153e+10
-3.49504e+10
-3.49212e+10
-3.49229e+10
-3.49518e+10
-3.50028e+10
-3.5068e+10
-3.51358e+10
-3.51927e+10
-3.52252e+10
-3.52221e+10
-3.51755e+10
-3.5086e+10
-3.49948e+10
-3.5045e+10
-3.54891e+10
-3.64098e+10
-3.70631e+10
-3.57272e+10
-3.21121e+10
-3.20043e+10
-4.45648e+10
-6.01578e+10
-3.42696e+10
-3.69887e+10
-3.7012e+10
-3.70349e+10
-3.70734e+10
-3.71314e+10
-3.7202e+10
-3.72844e+10
-3.73845e+10
-3.75065e+10
-3.76535e+10
-3.78295e+10
-3.80355e+10
-3.82691e+10
-3.85235e+10
-3.87865e+10
-3.90385e+10
-3.92527e+10
-3.94021e+10
-3.94791e+10
-3.94941e+10
-3.94271e+10
-3.91676e+10
-3.85951e+10
-3.77701e+10
-3.69203e+10
-3.62096e+10
-3.56777e+10
-3.53149e+10
-3.5083e+10
-3.49432e+10
-3.48647e+10
-3.48276e+10
-3.48205e+10
-3.4838e+10
-3.48762e+10
-3.49306e+10
-3.49948e+10
-3.50596e+10
-3.51135e+10
-3.51453e+10
-3.51457e+10
-3.51073e+10
-3.50315e+10
-3.49603e+10
-3.50393e+10
-3.55238e+10
-3.64897e+10
-3.71618e+10
-3.57606e+10
-3.19442e+10
-3.15522e+10
-4.4362e+10
-6.21317e+10
-3.71039e+10
-3.69888e+10
-3.70112e+10
-3.70328e+10
-3.70699e+10
-3.71234e+10
-3.71927e+10
-3.72751e+10
-3.73745e+10
-3.74952e+10
-3.7642e+10
-3.78187e+10
-3.80266e+10
-3.8263e+10
-3.85209e+10
-3.87876e+10
-3.90427e+10
-3.9258e+10
-3.9407e+10
-3.94831e+10
-3.94992e+10
-3.9434e+10
-3.91761e+10
-3.86033e+10
-3.7774e+10
-3.69202e+10
-3.62112e+10
-3.56867e+10
-3.53355e+10
-3.51172e+10
-3.49913e+10
-3.49265e+10
-3.49023e+10
-3.49072e+10
-3.49353e+10
-3.49829e+10
-3.50457e+10
-3.51167e+10
-3.51857e+10
-3.52406e+10
-3.52692e+10
-3.52615e+10
-3.52091e+10
-3.51114e+10
-3.5008e+10
-3.50409e+10
-3.54615e+10
-3.63446e+10
-3.69139e+10
-3.53341e+10
-3.10017e+10
-2.94197e+10
-4.19262e+10
-6.44969e+10
-4.52223e+10
-3.69104e+10
-3.69282e+10
-3.69447e+10
-3.69706e+10
-3.70079e+10
-3.70559e+10
-3.7116e+10
-3.71944e+10
-3.72994e+10
-3.74413e+10
-3.76308e+10
-3.78765e+10
-3.81811e+10
-3.85388e+10
-3.89332e+10
-3.93339e+10
-3.96944e+10
-3.99641e+10
-4.0123e+10
-4.02053e+10
-4.02347e+10
-4.00622e+10
-3.93866e+10
-3.8187e+10
-3.69072e+10
-3.59547e+10
-3.5344e+10
-3.49897e+10
-3.47989e+10
-3.47067e+10
-3.46712e+10
-3.46686e+10
-3.46873e+10
-3.47232e+10
-3.47759e+10
-3.48441e+10
-3.4923e+10
-3.50048e+10
-3.508e+10
-3.51388e+10
-3.51722e+10
-3.5172e+10
-3.51367e+10
-3.51036e+10
-3.52132e+10
-3.57098e+10
-3.66465e+10
-3.72089e+10
-3.55318e+10
-3.10644e+10
-2.94322e+10
-4.13798e+10
-6.11569e+10
-3.61162e+10
-3.68992e+10
-3.69149e+10
-3.69302e+10
-3.69549e+10
-3.69935e+10
-3.70436e+10
-3.71048e+10
-3.71848e+10
-3.72913e+10
-3.74341e+10
-3.76235e+10
-3.78674e+10
-3.81678e+10
-3.85188e+10
-3.89038e+10
-3.92928e+10
-3.96404e+10
-3.98975e+10
-4.00461e+10
-4.01229e+10
-4.01515e+10
-3.99884e+10
-3.93389e+10
-3.81656e+10
-3.68963e+10
-3.5943e+10
-3.53272e+10
-3.49726e+10
-3.47887e+10
-3.47094e+10
-3.46911e+10
-3.4708e+10
-3.47468e+10
-3.48022e+10
-3.48718e+10
-3.49526e+10
-3.5038e+10
-3.51184e+10
-3.5183e+10
-3.52219e+10
-3.52274e+10
-3.51937e+10
-3.51239e+10
-3.5063e+10
-3.51619e+10
-3.56804e+10
-3.66918e+10
-3.74006e+10
-3.59373e+10
-3.16963e+10
-3.02966e+10
-4.25314e+10
-6.15786e+10
-3.53875e+10
-3.68519e+10
-3.68657e+10
-3.68864e+10
-3.6919e+10
-3.69621e+10
-3.7018e+10
-3.70903e+10
-3.71865e+10
-3.73183e+10
-3.75006e+10
-3.77488e+10
-3.80744e+10
-3.84801e+10
-3.89547e+10
-3.94712e+10
-3.99857e+10
-4.04338e+10
-4.07466e+10
-4.08968e+10
-4.09622e+10
-4.10824e+10
-4.11346e+10
-4.04344e+10
-3.84999e+10
-3.62674e+10
-3.49991e+10
-3.44268e+10
-3.42028e+10
-3.41662e+10
-3.42156e+10
-3.42958e+10
-3.43801e+10
-3.44601e+10
-3.4536e+10
-3.46117e+10
-3.46891e+10
-3.47662e+10
-3.48371e+10
-3.48941e+10
-3.49302e+10
-3.494e+10
-3.49196e+10
-3.48737e+10
-3.48502e+10
-3.50028e+10
-3.55809e+10
-3.6618e+10
-3.72779e+10
-3.5792e+10
-3.19378e+10
-3.15277e+10
-4.36856e+10
-5.91267e+10
-3.14624e+10
-3.68366e+10
-3.68418e+10
-3.68627e+10
-3.68937e+10
-3.69373e+10
-3.69929e+10
-3.70649e+10
-3.7161e+10
-3.72926e+10
-3.74743e+10
-3.77212e+10
-3.80448e+10
-3.84487e+10
-3.8923e+10
-3.94424e+10
-3.99639e+10
-4.04234e+10
-4.07462e+10
-4.09012e+10
-4.09675e+10
-4.10777e+10
-4.11102e+10
-4.04321e+10
-3.85672e+10
-3.63839e+10
-3.51182e+10
-3.45079e+10
-3.42496e+10
-3.41893e+10
-3.42265e+10
-3.43045e+10
-3.43952e+10
-3.44883e+10
-3.45826e+10
-3.4679e+10
-3.47768e+10
-3.48714e+10
-3.49539e+10
-3.50129e+10
-3.50376e+10
-3.5019e+10
-3.49504e+10
-3.48358e+10
-3.47258e+10
-3.47827e+10
-3.52737e+10
-3.62617e+10
-3.69449e+10
-3.55771e+10
-3.1974e+10
-3.21387e+10
-4.49543e+10
-5.89844e+10
-2.98255e+10
-3.67641e+10
-3.67694e+10
-3.67868e+10
-3.68155e+10
-3.6852e+10
-3.6895e+10
-3.69459e+10
-3.70111e+10
-3.7103e+10
-3.72409e+10
-3.74479e+10
-3.77467e+10
-3.8153e+10
-3.86668e+10
-3.9266e+10
-3.99055e+10
-4.05096e+10
-4.09773e+10
-4.1259e+10
-4.14804e+10
-4.19549e+10
-4.2689e+10
-4.2413e+10
-3.93268e+10
-3.54084e+10
-3.37408e+10
-3.31807e+10
-3.31064e+10
-3.32803e+10
-3.35196e+10
-3.3748e+10
-3.39427e+10
-3.41051e+10
-3.42441e+10
-3.43678e+10
-3.44796e+10
-3.45772e+10
-3.46533e+10
-3.46975e+10
-3.46995e+10
-3.46512e+10
-3.45471e+10
-3.43945e+10
-3.42502e+10
-3.42815e+10
-3.47432e+10
-3.56496e+10
-3.61598e+10
-3.46793e+10
-3.14589e+10
-3.25537e+10
-4.57111e+10
-5.92582e+10
-2.97743e+10
-3.675e+10
-3.67497e+10
-3.67681e+10
-3.67977e+10
-3.68366e+10
-3.68829e+10
-3.69385e+10
-3.70095e+10
-3.71084e+10
-3.72542e+10
-3.74698e+10
-3.77769e+10
-3.81904e+10
-3.87101e+10
-3.9315e+10
-3.99601e+10
-4.05698e+10
-4.10388e+10
-4.13009e+10
-4.14801e+10
-4.18734e+10
-4.24957e+10
-4.2249e+10
-3.94507e+10
-3.55813e+10
-3.39188e+10
-3.33177e+10
-3.32088e+10
-3.33495e+10
-3.35606e+10
-3.3768e+10
-3.39487e+10
-3.41026e+10
-3.42369e+10
-3.43589e+10
-3.44709e+10
-3.45697e+10
-3.46461e+10
-3.46875e+10
-3.46807e+10
-3.46142e+10
-3.44788e+10
-3.42782e+10
-3.40655e+10
-3.40064e+10
-3.43568e+10
-3.51321e+10
-3.54783e+10
-3.37205e+10
-2.98139e+10
-2.93711e+10
-4.14561e+10
-5.95309e+10
-3.82815e+10
-3.66106e+10
-3.66172e+10
-3.66285e+10
-3.66483e+10
-3.66715e+10
-3.66923e+10
-3.67093e+10
-3.67299e+10
-3.67751e+10
-3.68804e+10
-3.70933e+10
-3.74661e+10
-3.80419e+10
-3.88313e+10
-3.97958e+10
-4.08651e+10
-4.19185e+10
-4.27962e+10
-4.34295e+10
-4.40261e+10
-4.50277e+10
-4.64673e+10
-4.68613e+10
-4.27293e+10
-3.67588e+10
-3.25153e+10
-3.20248e+10
-3.23449e+10
-3.27931e+10
-3.3185e+10
-3.35011e+10
-3.37546e+10
-3.39641e+10
-3.41452e+10
-3.43094e+10
-3.44618e+10
-3.46009e+10
-3.47187e+10
-3.48035e+10
-3.48432e+10
-3.48275e+10
-3.47496e+10
-3.46156e+10
-3.44814e+10
-3.45108e+10
-3.49453e+10
-3.57688e+10
-3.61132e+10
-3.44251e+10
-3.10581e+10
-3.1885e+10
-4.43e+10
-5.80914e+10
-2.96558e+10
-3.66192e+10
-3.66294e+10
-3.66431e+10
-3.66661e+10
-3.66935e+10
-3.672e+10
-3.67438e+10
-3.67723e+10
-3.6826e+10
-3.69396e+10
-3.71585e+10
-3.75316e+10
-3.80979e+10
-3.88682e+10
-3.98134e+10
-4.08587e+10
-4.18817e+10
-4.27048e+10
-4.31903e+10
-4.35666e+10
-4.43218e+10
-4.55788e+10
-4.61269e+10
-4.30826e+10
-3.73135e+10
-3.23852e+10
-3.19753e+10
-3.2349e+10
-3.28221e+10
-3.32211e+10
-3.35343e+10
-3.37795e+10
-3.39779e+10
-3.4146e+10
-3.4295e+10
-3.44303e+10
-3.45509e+10
-3.46494e+10
-3.47154e+10
-3.47382e+10
-3.47088e+10
-3.46217e+10
-3.44842e+10
-3.43523e+10
-3.43881e+10
-3.48274e+10
-3.56325e+10
-3.58642e+10
-3.37985e+10
-2.95018e+10
-2.87709e+10
-4.07221e+10
-5.85205e+10
-3.57255e+10
-3.65784e+10
-3.66013e+10
-3.66144e+10
-3.66341e+10
-3.66508e+10
-3.66582e+10
-3.66537e+10
-3.6649e+10
-3.66747e+10
-3.678e+10
-3.70275e+10
-3.74801e+10
-3.81776e+10
-3.90999e+10
-4.01701e+10
-4.129e+10
-4.23324e+10
-4.31691e+10
-4.37967e+10
-4.44929e+10
-4.55589e+10
-4.69679e+10
-4.79644e+10
-4.64901e+10
-4.12278e+10
-2.64954e+10
-2.89198e+10
-3.09885e+10
-3.21411e+10
-3.28318e+10
-3.32797e+10
-3.35912e+10
-3.38247e+10
-3.40135e+10
-3.41767e+10
-3.43234e+10
-3.44542e+10
-3.45632e+10
-3.46407e+10
-3.46777e+10
-3.46676e+10
-3.46071e+10
-3.45055e+10
-3.4418e+10
-3.45008e+10
-3.49798e+10
-3.58177e+10
-3.61154e+10
-3.42673e+10
-3.05746e+10
-3.10793e+10
-4.40033e+10
-6.04179e+10
-3.71536e+10
-3.6564e+10
-3.65944e+10
-3.66044e+10
-3.66256e+10
-3.66462e+10
-3.66603e+10
-3.66649e+10
-3.66708e+10
-3.67068e+10
-3.6821e+10
-3.7075e+10
-3.75285e+10
-3.82164e+10
-3.91265e+10
-4.01979e+10
-4.13231e+10
-4.23636e+10
-4.31525e+10
-4.36015e+10
-4.40109e+10
-4.50093e+10
-4.67998e+10
-4.78663e+10
-4.67661e+10
-4.36397e+10
-2.63752e+10
-2.87691e+10
-3.09002e+10
-3.21107e+10
-3.28344e+10
-3.32997e+10
-3.36172e+10
-3.38485e+10
-3.40288e+10
-3.41785e+10
-3.43067e+10
-3.44142e+10
-3.44956e+10
-3.45425e+10
-3.45475e+10
-3.45065e+10
-3.44192e+10
-3.42981e+10
-3.42017e+10
-3.42886e+10
-3.47832e+10
-3.56271e+10
-3.5837e+10
-3.36993e+10
-2.98677e+10
-3.17916e+10
-4.75843e+10
-6.07329e+10
-2.97723e+10
-3.65439e+10
-3.65622e+10
-3.65755e+10
-3.65921e+10
-3.66063e+10
-3.66103e+10
-3.66023e+10
-3.65947e+10
-3.66206e+10
-3.67302e+10
-3.69857e+10
-3.74504e+10
-3.81586e+10
-3.90821e+10
-4.0155e+10
-4.12785e+10
-4.23283e+10
-4.31886e+10
-4.3849e+10
-4.46018e+10
-4.57666e+10
-4.7097e+10
-4.68441e+10
-4.19403e+10
-1.96862e+10
-2.83697e+10
-3.06215e+10
-3.19246e+10
-3.27102e+10
-3.3212e+10
-3.35502e+10
-3.37921e+10
-3.39762e+10
-3.41247e+10
-3.42479e+10
-3.43472e+10
-3.44178e+10
-3.44518e+10
-3.44426e+10
-3.43868e+10
-3.42854e+10
-3.4151e+10
-3.40388e+10
-3.40991e+10
-3.45514e+10
-3.53745e+10
-3.57169e+10
-3.39929e+10
-3.03747e+10
-3.05771e+10
-4.28652e+10
-6.03112e+10
-3.94919e+10
-3.6528e+10
-3.65532e+10
-3.65626e+10
-3.65803e+10
-3.65976e+10
-3.66075e+10
-3.66075e+10
-3.66087e+10
-3.66415e+10
-3.67557e+10
-3.70147e+10
-3.74785e+10
-3.81792e+10
-3.90998e+10
-4.01761e+10
-4.13044e+10
-4.23499e+10
-4.31456e+10
-4.36401e+10
-4.40818e+10
-4.50186e+10
-4.66823e+10
-4.82539e+10
-4.73955e+10
-2.05581e+10
-2.83115e+10
-3.05392e+10
-3.18593e+10
-3.26612e+10
-3.31731e+10
-3.35165e+10
-3.37605e+10
-3.39453e+10
-3.40938e+10
-3.4217e+10
-3.43169e+10
-3.43885e+10
-3.44236e+10
-3.44151e+10
-3.43598e+10
-3.42587e+10
-3.41245e+10
-3.40127e+10
-3.40737e+10
-3.45286e+10
-3.53462e+10
-3.56299e+10
-3.37737e+10
-3.03392e+10
-3.21092e+10
-4.66921e+10
-6.05043e+10
-3.07102e+10
-3.6576e+10
-3.65839e+10
-3.66031e+10
-3.66251e+10
-3.66484e+10
-3.66647e+10
-3.6672e+10
-3.66803e+10
-3.67181e+10
-3.6829e+10
-3.7067e+10
-3.74923e+10
-3.81458e+10
-3.90159e+10
-4.00448e+10
-4.11254e+10
-4.21326e+10
-4.29757e+10
-4.35974e+10
-4.41328e+10
-4.48742e+10
-4.5926e+10
-4.6741e+10
-4.51365e+10
-3.47527e+10
-3.0871e+10
-3.09286e+10
-3.16935e+10
-3.24277e+10
-3.29758e+10
-3.33662e+10
-3.36472e+10
-3.38583e+10
-3.40263e+10
-3.41679e+10
-3.42911e+10
-3.43962e+10
-3.4478e+10
-3.45289e+10
-3.45426e+10
-3.45156e+10
-3.44483e+10
-3.43505e+10
-3.427e+10
-3.43434e+10
-3.47799e+10
-3.55778e+10
-3.59612e+10
-3.44489e+10
-3.1303e+10
-3.23447e+10
-4.50225e+10
-5.78745e+10
-3.02625e+10
-3.65801e+10
-3.65926e+10
-3.66087e+10
-3.66317e+10
-3.66584e+10
-3.66822e+10
-3.67008e+10
-3.67225e+10
-3.6772e+10
-3.68908e+10
-3.7132e+10
-3.75493e+10
-3.81753e+10
-3.90008e+10
-3.99738e+10
-4.09951e+10
-4.19318e+10
-4.26419e+10
-4.31325e+10
-4.3653e+10
-4.45582e+10
-4.5794e+10
-4.6168e+10
-4.47047e+10
-3.58699e+10
-3.06652e+10
-3.07057e+10
-3.15349e+10
-3.23262e+10
-3.29095e+10
-3.33184e+10
-3.36091e+10
-3.38255e+10
-3.39973e+10
-3.41429e+10
-3.42711e+10
-3.43827e+10
-3.44727e+10
-3.4533e+10
-3.45564e+10
-3.45385e+10
-3.44787e+10
-3.43861e+10
-3.43077e+10
-3.43785e+10
-3.48042e+10
-3.55761e+10
-3.59005e+10
-3.42253e+10
-3.05734e+10
-3.05459e+10
-4.2689e+10
-5.79334e+10
-3.1393e+10
-3.67274e+10
-3.6736e+10
-3.67588e+10
-3.67918e+10
-3.68333e+10
-3.68794e+10
-3.69288e+10
-3.69874e+10
-3.7071e+10
-3.72052e+10
-3.74218e+10
-3.77527e+10
-3.82183e+10
-3.88141e+10
-3.95069e+10
-4.02289e+10
-4.08852e+10
-4.13755e+10
-4.16336e+10
-4.17326e+10
-4.19305e+10
-4.23714e+10
-4.21769e+10
-3.91763e+10
-3.56234e+10
-3.38324e+10
-3.31571e+10
-3.30196e+10
-3.31539e+10
-3.33524e+10
-3.35432e+10
-3.37043e+10
-3.38381e+10
-3.39524e+10
-3.40545e+10
-3.4148e+10
-3.42317e+10
-3.42997e+10
-3.43444e+10
-3.4359e+10
-3.43397e+10
-3.42851e+10
-3.42008e+10
-3.41261e+10
-3.41841e+10
-3.45713e+10
-3.52934e+10
-3.5622e+10
-3.41088e+10
-3.08485e+10
-3.13393e+10
-4.35946e+10
-5.83635e+10
-2.9894e+10
-3.67231e+10
-3.67305e+10
-3.67527e+10
-3.67841e+10
-3.6825e+10
-3.68719e+10
-3.69244e+10
-3.69885e+10
-3.70798e+10
-3.72234e+10
-3.745e+10
-3.77889e+10
-3.82555e+10
-3.88411e+10
-3.95088e+10
-4.01906e+10
-4.07925e+10
-4.12158e+10
-4.14362e+10
-4.15935e+10
-4.1956e+10
-4.25148e+10
-4.21922e+10
-3.92812e+10
-3.55738e+10
-3.36581e+10
-3.29794e+10
-3.28877e+10
-3.30723e+10
-3.33093e+10
-3.35266e+10
-3.37061e+10
-3.38536e+10
-3.39795e+10
-3.40924e+10
-3.41965e+10
-3.42902e+10
-3.43679e+10
-3.44216e+10
-3.44438e+10
-3.44301e+10
-3.43794e+10
-3.42988e+10
-3.4229e+10
-3.42927e+10
-3.46841e+10
-3.54075e+10
-3.57274e+10
-3.40776e+10
-3.00243e+10
-2.82706e+10
-3.85254e+10
-5.74077e+10
-3.70248e+10
-3.68223e+10
-3.68303e+10
-3.68521e+10
-3.68859e+10
-3.69318e+10
-3.699e+10
-3.70625e+10
-3.71555e+10
-3.72798e+10
-3.74509e+10
-3.76862e+10
-3.80004e+10
-3.8398e+10
-3.88674e+10
-3.93778e+10
-3.98795e+10
-4.03086e+10
-4.06011e+10
-4.07215e+10
-4.07095e+10
-4.06786e+10
-4.05633e+10
-3.97895e+10
-3.79221e+10
-3.5873e+10
-3.46451e+10
-3.4024e+10
-3.37525e+10
-3.37007e+10
-3.37533e+10
-3.38459e+10
-3.39455e+10
-3.40411e+10
-3.41314e+10
-3.42181e+10
-3.43006e+10
-3.43756e+10
-3.4436e+10
-3.44733e+10
-3.44805e+10
-3.4453e+10
-3.439e+10
-3.42985e+10
-3.422e+10
-3.42801e+10
-3.46813e+10
-3.5444e+10
-3.58657e+10
-3.45287e+10
-3.15574e+10
-3.24106e+10
-4.47553e+10
-5.88775e+10
-3.13357e+10
-3.68158e+10
-3.68198e+10
-3.6842e+10
-3.68736e+10
-3.69174e+10
-3.69732e+10
-3.70438e+10
-3.71359e+10
-3.72615e+10
-3.7437e+10
-3.76809e+10
-3.80079e+10
-3.84226e+10
-3.89126e+10
-3.94456e+10
-3.9969e+10
-4.04136e+10
-4.07127e+10
-4.08419e+10
-4.08626e+10
-4.08852e+10
-4.07881e+10
-3.99546e+10
-3.79666e+10
-3.57854e+10
-3.45079e+10
-3.39028e+10
-3.36635e+10
-3.36425e+10
-3.37188e+10
-3.38287e+10
-3.39421e+10
-3.405e+10
-3.41525e+10
-3.42517e+10
-3.43474e+10
-3.4436e+10
-3.451e+10
-3.45604e+10
-3.45797e+10
-3.45635e+10
-3.45107e+10
-3.44289e+10
-3.43594e+10
-3.44258e+10
-3.48256e+10
-3.55729e+10
-3.59433e+10
-3.44033e+10
-3.07914e+10
-3.05401e+10
-4.27468e+10
-5.89831e+10
-3.10813e+10
-3.69202e+10
-3.69282e+10
-3.69499e+10
-3.69806e+10
-3.70221e+10
-3.70753e+10
-3.71436e+10
-3.72327e+10
-3.73512e+10
-3.75095e+10
-3.77182e+10
-3.79848e+10
-3.83095e+10
-3.86816e+10
-3.90775e+10
-3.94612e+10
-3.97871e+10
-4.00112e+10
-4.01136e+10
-4.01177e+10
-4.00401e+10
-3.97403e+10
-3.89251e+10
-3.76008e+10
-3.62488e+10
-3.52718e+10
-3.46722e+10
-3.43451e+10
-3.41945e+10
-3.41466e+10
-3.41545e+10
-3.41905e+10
-3.42409e+10
-3.43003e+10
-3.43659e+10
-3.44338e+10
-3.44969e+10
-3.45455e+10
-3.45688e+10
-3.45579e+10
-3.45077e+10
-3.44183e+10
-3.43002e+10
-3.42022e+10
-3.42629e+10
-3.46997e+10
-3.55329e+10
-3.6019e+10
-3.46632e+10
-3.15379e+10
-3.22014e+10
-4.53279e+10
-6.34691e+10
-4.12353e+10
-3.69196e+10
-3.69258e+10
-3.69478e+10
-3.69778e+10
-3.70181e+10
-3.70694e+10
-3.71347e+10
-3.72199e+10
-3.73335e+10
-3.74862e+10
-3.76889e+10
-3.79497e+10
-3.82698e+10
-3.86403e+10
-3.90398e+10
-3.94333e+10
-3.9774e+10
-4.00146e+10
-4.01368e+10
-4.01683e+10
-4.01209e+10
-3.98371e+10
-3.90138e+10
-3.76555e+10
-3.62645e+10
-3.52729e+10
-3.46761e+10
-3.43533e+10
-3.42043e+10
-3.41554e+10
-3.4161e+10
-3.4195e+10
-3.4245e+10
-3.43059e+10
-3.43753e+10
-3.4449e+10
-3.45205e+10
-3.458e+10
-3.46176e+10
-3.46246e+10
-3.45968e+10
-3.45335e+10
-3.44436e+10
-3.43712e+10
-3.44465e+10
-3.48745e+10
-3.56532e+10
-3.59834e+10
-3.43055e+10
-3.09776e+10
-3.27084e+10
-4.79955e+10
-6.31861e+10
-3.25279e+10
-3.70022e+10
-3.70139e+10
-3.70376e+10
-3.70714e+10
-3.71163e+10
-3.71734e+10
-3.72452e+10
-3.7336e+10
-3.74509e+10
-3.75959e+10
-3.77756e+10
-3.79917e+10
-3.82405e+10
-3.85122e+10
-3.87896e+10
-3.90478e+10
-3.92559e+10
-3.93864e+10
-3.94311e+10
-3.94024e+10
-3.92838e+10
-3.89679e+10
-3.83317e+10
-3.74404e+10
-3.65333e+10
-3.57885e+10
-3.52483e+10
-3.48913e+10
-3.46713e+10
-3.45446e+10
-3.44792e+10
-3.44546e+10
-3.44589e+10
-3.4486e+10
-3.45311e+10
-3.45883e+10
-3.46483e+10
-3.46992e+10
-3.47286e+10
-3.4726e+10
-3.46852e+10
-3.46051e+10
-3.44963e+10
-3.44115e+10
-3.4497e+10
-3.49766e+10
-3.58553e+10
-3.6318e+10
-3.47169e+10
-3.09124e+10
-3.04868e+10
-4.33453e+10
-6.60554e+10
-5.2662e+10
-3.70113e+10
-3.70252e+10
-3.70498e+10
-3.70856e+10
-3.71324e+10
-3.71911e+10
-3.72639e+10
-3.73544e+10
-3.74674e+10
-3.76084e+10
-3.77815e+10
-3.79882e+10
-3.82254e+10
-3.84839e+10
-3.8748e+10
-3.8994e+10
-3.91923e+10
-3.93161e+10
-3.93579e+10
-3.93309e+10
-3.92192e+10
-3.89173e+10
-3.83056e+10
-3.74417e+10
-3.6556e+10
-3.58248e+10
-3.52899e+10
-3.49309e+10
-3.47038e+10
-3.45673e+10
-3.44907e+10
-3.44544e+10
-3.4447e+10
-3.44625e+10
-3.44964e+10
-3.45427e+10
-3.45928e+10
-3.46354e+10
-3.46597e+10
-3.46563e+10
-3.46203e+10
-3.45507e+10
-3.44565e+10
-3.43849e+10
-3.44729e+10
-3.49305e+10
-3.57305e+10
-3.598e+10
-3.40181e+10
-3.03339e+10
-3.20422e+10
-4.80331e+10
-6.47405e+10
-3.58773e+10
-3.7089e+10
-3.70988e+10
-3.71224e+10
-3.71555e+10
-3.72002e+10
-3.72576e+10
-3.733e+10
-3.74204e+10
-3.75322e+10
-3.76684e+10
-3.78303e+10
-3.8016e+10
-3.82195e+10
-3.84302e+10
-3.8633e+10
-3.88087e+10
-3.89347e+10
-3.89924e+10
-3.89756e+10
-3.88851e+10
-3.87005e+10
-3.8367e+10
-3.78506e+10
-3.72098e+10
-3.65634e+10
-3.59997e+10
-3.55527e+10
-3.52228e+10
-3.49914e+10
-3.48353e+10
-3.4735e+10
-3.4677e+10
-3.46533e+10
-3.46592e+10
-3.46906e+10
-3.47416e+10
-3.4803e+10
-3.48625e+10
-3.49068e+10
-3.49247e+10
-3.49095e+10
-3.48599e+10
-3.47881e+10
-3.47509e+10
-3.49021e+10
-3.54701e+10
-3.64476e+10
-3.69933e+10
-3.54846e+10
-3.19803e+10
-3.22553e+10
-4.50851e+10
-6.16674e+10
-3.51859e+10
-3.70945e+10
-3.7106e+10
-3.71298e+10
-3.71647e+10
-3.72112e+10
-3.72704e+10
-3.73443e+10
-3.74357e+10
-3.75479e+10
-3.76834e+10
-3.78432e+10
-3.80253e+10
-3.82234e+10
-3.84269e+10
-3.86207e+10
-3.87859e+10
-3.8902e+10
-3.8952e+10
-3.89294e+10
-3.88342e+10
-3.86468e+10
-3.83161e+10
-3.78104e+10
-3.71851e+10
-3.65521e+10
-3.59965e+10
-3.55527e+10
-3.52226e+10
-3.49894e+10
-3.48312e+10
-3.47291e+10
-3.46694e+10
-3.46437e+10
-3.46466e+10
-3.46734e+10
-3.47177e+10
-3.47703e+10
-3.48188e+10
-3.48502e+10
-3.48541e+10
-3.48246e+10
-3.47606e+10
-3.46733e+10
-3.46162e+10
-3.47382e+10
-3.52599e+10
-3.61479e+10
-3.64875e+10
-3.46076e+10
-3.09095e+10
-3.20875e+10
-4.64504e+10
-6.08775e+10
-3.09686e+10
-3.71805e+10
-3.71884e+10
-3.72079e+10
-3.72354e+10
-3.72724e+10
-3.73198e+10
-3.73793e+10
-3.74528e+10
-3.75427e+10
-3.76507e+10
-3.77768e+10
-3.79187e+10
-3.80713e+10
-3.82257e+10
-3.83699e+10
-3.84879e+10
-3.85625e+10
-3.85817e+10
-3.85399e+10
-3.84309e+10
-3.82382e+10
-3.79382e+10
-3.75297e+10
-3.70538e+10
-3.65713e+10
-3.61292e+10
-3.57509e+10
-3.54415e+10
-3.51947e+10
-3.50005e+10
-3.485e+10
-3.47368e+10
-3.46575e+10
-3.46099e+10
-3.4591e+10
-3.45952e+10
-3.46131e+10
-3.46315e+10
-3.4636e+10
-3.46137e+10
-3.45563e+10
-3.44614e+10
-3.43414e+10
-3.4256e+10
-3.43645e+10
-3.48959e+10
-3.58308e+10
-3.63316e+10
-3.49213e+10
-3.20662e+10
-3.38034e+10
-4.73606e+10
-6.04148e+10
-3.00293e+10
-3.71715e+10
-3.71786e+10
-3.71984e+10
-3.72269e+10
-3.72654e+10
-3.73148e+10
-3.73767e+10
-3.74533e+10
-3.75469e+10
-3.7659e+10
-3.77898e+10
-3.79366e+10
-3.80937e+10
-3.82521e+10
-3.83989e+10
-3.85189e+10
-3.85957e+10
-3.86169e+10
-3.85754e+10
-3.84643e+10
-3.82656e+10
-3.79552e+10
-3.75334e+10
-3.70433e+10
-3.65481e+10
-3.60962e+10
-3.57119e+10
-3.54001e+10
-3.51542e+10
-3.49633e+10
-3.48175e+10
-3.47097e+10
-3.46353e+10
-3.45913e+10
-3.45737e+10
-3.45763e+10
-3.4589e+10
-3.45982e+10
-3.45893e+10
-3.45498e+10
-3.44723e+10
-3.43559e+10
-3.42145e+10
-3.41093e+10
-3.42002e+10
-3.47133e+10
-3.56075e+10
-3.59758e+10
-3.41852e+10
-3.04048e+10
-3.03812e+10
-4.27078e+10
-5.99612e+10
-3.69145e+10
-3.72313e+10
-3.7245e+10
-3.72647e+10
-3.72944e+10
-3.73333e+10
-3.73818e+10
-3.74406e+10
-3.75104e+10
-3.75922e+10
-3.76858e+10
-3.77898e+10
-3.79007e+10
-3.80126e+10
-3.81176e+10
-3.82067e+10
-3.82711e+10
-3.83035e+10
-3.82963e+10
-3.82421e+10
-3.8133e+10
-3.79576e+10
-3.77062e+10
-3.7384e+10
-3.70154e+10
-3.66344e+10
-3.62702e+10
-3.59416e+10
-3.56565e+10
-3.54155e+10
-3.52154e+10
-3.50531e+10
-3.49265e+10
-3.48347e+10
-3.47773e+10
-3.47518e+10
-3.47528e+10
-3.47703e+10
-3.47905e+10
-3.47972e+10
-3.47763e+10
-3.4718e+10
-3.46183e+10
-3.44889e+10
-3.43904e+10
-3.44824e+10
-3.49856e+10
-3.585e+10
-3.61942e+10
-3.4545e+10
-3.14617e+10
-3.28558e+10
-4.55096e+10
-5.84473e+10
-3.0187e+10
-3.72387e+10
-3.72496e+10
-3.7271e+10
-3.73009e+10
-3.73398e+10
-3.7388e+10
-3.74463e+10
-3.75156e+10
-3.75968e+10
-3.769e+10
-3.7794e+10
-3.79057e+10
-3.80199e+10
-3.81293e+10
-3.82248e+10
-3.82963e+10
-3.83341e+10
-3.83298e+10
-3.82767e+10
-3.81672e+10
-3.79888e+10
-3.77311e+10
-3.73997e+10
-3.70213e+10
-3.6632e+10
-3.62627e+10
-3.59317e+10
-3.56465e+10
-3.5407e+10
-3.52093e+10
-3.50498e+10
-3.49261e+10
-3.48373e+10
-3.47824e+10
-3.47588e+10
-3.47603e+10
-3.47766e+10
-3.47936e+10
-3.47953e+10
-3.4768e+10
-3.47027e+10
-3.45968e+10
-3.4464e+10
-3.43671e+10
-3.44678e+10
-3.4985e+10
-3.58491e+10
-3.61069e+10
-3.41062e+10
-3.01034e+10
-3.0025e+10
-4.24412e+10
-5.91946e+10
-3.42555e+10
-3.72843e+10
-3.72976e+10
-3.73162e+10
-3.73448e+10
-3.73824e+10
-3.74296e+10
-3.74867e+10
-3.75539e+10
-3.76315e+10
-3.77185e+10
-3.78128e+10
-3.79102e+10
-3.8005e+10
-3.80894e+10
-3.81548e+10
-3.81922e+10
-3.81939e+10
-3.81543e+10
-3.80693e+10
-3.79339e+10
-3.77424e+10
-3.74932e+10
-3.71946e+10
-3.68654e+10
-3.6529e+10
-3.62058e+10
-3.591e+10
-3.56484e+10
-3.54225e+10
-3.5231e+10
-3.50725e+10
-3.49465e+10
-3.48536e+10
-3.4794e+10
-3.47655e+10
-3.47622e+10
-3.47737e+10
-3.47863e+10
-3.47842e+10
-3.47527e+10
-3.46816e+10
-3.45679e+10
-3.4426e+10
-3.43206e+10
-3.44163e+10
-3.49334e+10
-3.58036e+10
-3.60839e+10
-3.41788e+10
-3.05057e+10
-3.1137e+10
-4.40929e+10
-6.11718e+10
-3.95614e+10
-3.72941e+10
-3.73055e+10
-3.73258e+10
-3.73549e+10
-3.73927e+10
-3.74395e+10
-3.74954e+10
-3.75608e+10
-3.76355e+10
-3.77187e+10
-3.7808e+10
-3.78997e+10
-3.79883e+10
-3.80668e+10
-3.81271e+10
-3.81608e+10
-3.81605e+10
-3.81206e+10
-3.80372e+10
-3.79058e+10
-3.77209e+10
-3.74808e+10
-3.71925e+10
-3.68736e+10
-3.65463e+10
-3.62293e+10
-3.59371e+10
-3.56762e+10
-3.54483e+10
-3.52531e+10
-3.509e+10
-3.4959e+10
-3.48612e+10
-3.47971e+10
-3.47647e+10
-3.47579e+10
-3.4766e+10
-3.47744e+10
-3.47671e+10
-3.47296e+10
-3.46525e+10
-3.45338e+10
-3.43889e+10
-3.42838e+10
-3.43844e+10
-3.49117e+10
-3.57842e+10
-3.5995e+10
-3.38618e+10
-3.01368e+10
-3.23409e+10
-4.84085e+10
-6.14354e+10
-3.05641e+10
-3.73346e+10
-3.73457e+10
-3.7363e+10
-3.73884e+10
-3.74215e+10
-3.74622e+10
-3.75106e+10
-3.75666e+10
-3.76296e+10
-3.76984e+10
-3.77707e+10
-3.78428e+10
-3.79098e+10
-3.79656e+10
-3.80038e+10
-3.80179e+10
-3.80019e+10
-3.79511e+10
-3.78619e+10
-3.77314e+10
-3.75581e+10
-3.73435e+10
-3.70946e+10
-3.68235e+10
-3.6544e+10
-3.62696e+10
-3.60107e+10
-3.57731e+10
-3.55595e+10
-3.53707e+10
-3.52076e+10
-3.5072e+10
-3.49661e+10
-3.48914e+10
-3.48474e+10
-3.48292e+10
-3.48264e+10
-3.48244e+10
-3.48066e+10
-3.47579e+10
-3.46685e+10
-3.45366e+10
-3.43783e+10
-3.42613e+10
-3.4355e+10
-3.48912e+10
-3.58279e+10
-3.62489e+10
-3.45268e+10
-3.09684e+10
-3.16053e+10
-4.45812e+10
-6.09815e+10
-3.64866e+10
-3.73358e+10
-3.73454e+10
-3.73632e+10
-3.7389e+10
-3.74226e+10
-3.7464e+10
-3.75131e+10
-3.75699e+10
-3.76337e+10
-3.77031e+10
-3.77758e+10
-3.78479e+10
-3.79142e+10
-3.79686e+10
-3.80046e+10
-3.80161e+10
-3.79976e+10
-3.79448e+10
-3.78543e+10
-3.77233e+10
-3.755e+10
-3.73359e+10
-3.70883e+10
-3.68185e+10
-3.65399e+10
-3.62666e+10
-3.60079e+10
-3.577e+10
-3.55558e+10
-3.53666e+10
-3.52034e+10
-3.50681e+10
-3.49628e+10
-3.48888e+10
-3.48453e+10
-3.4827e+10
-3.48236e+10
-3.48198e+10
-3.47991e+10
-3.47471e+10
-3.4655e+10
-3.4522e+10
-3.43653e+10
-3.42522e+10
-3.43495e+10
-3.48825e+10
-3.57903e+10
-3.61061e+10
-3.41304e+10
-3.03416e+10
-3.17188e+10
-4.6602e+10
-6.0879e+10
-3.03128e+10
-3.73733e+10
-3.73856e+10
-3.74015e+10
-3.74254e+10
-3.74564e+10
-3.74946e+10
-3.75394e+10
-3.75903e+10
-3.76461e+10
-3.77052e+10
-3.77649e+10
-3.78213e+10
-3.78698e+10
-3.79054e+10
-3.79228e+10
-3.79172e+10
-3.78842e+10
-3.78206e+10
-3.77241e+10
-3.75939e+10
-3.74307e+10
-3.72382e+10
-3.7022e+10
-3.67901e+10
-3.65525e+10
-3.63179e+10
-3.60933e+10
-3.58836e+10
-3.5691e+10
-3.55172e+10
-3.53641e+10
-3.52347e+10
-3.51327e+10
-3.50617e+10
-3.5023e+10
-3.50135e+10
-3.50242e+10
-3.50405e+10
-3.50451e+10
-3.50217e+10
-3.49578e+10
-3.48473e+10
-3.46992e+10
-3.45714e+10
-3.46249e+10
-3.50961e+10
-3.59755e+10
-3.64031e+10
-3.47557e+10
-3.12531e+10
-3.20848e+10
-4.53665e+10
-5.93186e+10
-3.01957e+10
-3.73776e+10
-3.73856e+10
-3.74025e+10
-3.74262e+10
-3.74571e+10
-3.74949e+10
-3.75392e+10
-3.75897e+10
-3.76452e+10
-3.7704e+10
-3.77637e+10
-3.78204e+10
-3.78696e+10
-3.7906e+10
-3.79241e+10
-3.79187e+10
-3.78855e+10
-3.78213e+10
-3.77239e+10
-3.75924e+10
-3.74276e+10
-3.72334e+10
-3.70151e+10
-3.67816e+10
-3.65435e+10
-3.63089e+10
-3.60858e+10
-3.58783e+10
-3.56886e+10
-3.55182e+10
-3.53688e+10
-3.5243e+10
-3.51441e+10
-3.50748e+10
-3.50357e+10
-3.50231e+10
-3.50279e+10
-3.50355e+10
-3.50286e+10
-3.49922e+10
-3.49158e+10
-3.4796e+10
-3.46447e+10
-3.45225e+10
-3.45889e+10
-3.50711e+10
-3.59407e+10
-3.63019e+10
-3.44049e+10
-3.00409e+10
-2.8854e+10
-4.08451e+10
-5.99512e+10
-3.80055e+10
-3.73882e+10
-3.74067e+10
-3.74186e+10
-3.74417e+10
-3.74718e+10
-3.7509e+10
-3.75525e+10
-3.76015e+10
-3.76546e+10
-3.77097e+10
-3.77638e+10
-3.78131e+10
-3.7853e+10
-3.78788e+10
-3.78858e+10
-3.78701e+10
-3.78288e+10
-3.77596e+10
-3.76613e+10
-3.7534e+10
-3.73789e+10
-3.7199e+10
-3.69991e+10
-3.67867e+10
-3.65684e+10
-3.63508e+10
-3.6139e+10
-3.59357e+10
-3.57429e+10
-3.55631e+10
-3.53995e+10
-3.52567e+10
-3.51404e+10
-3.50565e+10
-3.50083e+10
-3.49946e+10
-3.5008e+10
-3.50356e+10
-3.50604e+10
-3.50648e+10
-3.50331e+10
-3.49531e+10
-3.48237e+10
-3.46896e+10
-3.47053e+10
-3.51247e+10
-3.59827e+10
-3.64545e+10
-3.48075e+10
-3.08623e+10
-3.03454e+10
-4.24442e+10
-5.92726e+10
-3.34831e+10
-3.74012e+10
-3.74081e+10
-3.74245e+10
-3.74473e+10
-3.74772e+10
-3.75138e+10
-3.75564e+10
-3.7604e+10
-3.76553e+10
-3.7708e+10
-3.77594e+10
-3.78059e+10
-3.78432e+10
-3.78671e+10
-3.78731e+10
-3.78571e+10
-3.78164e+10
-3.77488e+10
-3.76528e+10
-3.75279e+10
-3.73754e+10
-3.7198e+10
-3.70014e+10
-3.67925e+10
-3.65779e+10
-3.63652e+10
-3.6158e+10
-3.59595e+10
-3.57718e+10
-3.5597e+10
-3.5438e+10
-3.52993e+10
-3.5186e+10
-3.51032e+10
-3.50539e+10
-3.50364e+10
-3.50437e+10
-3.50625e+10
-3.50759e+10
-3.50667e+10
-3.5021e+10
-3.49283e+10
-3.4791e+10
-3.46593e+10
-3.46926e+10
-3.51452e+10
-3.60559e+10
-3.66045e+10
-3.50082e+10
-3.07713e+10
-2.89541e+10
-3.92575e+10
-5.77407e+10
-3.86323e+10
-3.74458e+10
-3.74438e+10
-3.7459e+10
-3.7479e+10
-3.75062e+10
-3.75394e+10
-3.75782e+10
-3.76217e+10
-3.76688e+10
-3.77171e+10
-3.77644e+10
-3.78072e+10
-3.78414e+10
-3.78631e+10
-3.78682e+10
-3.78529e+10
-3.78143e+10
-3.77505e+10
-3.76608e+10
-3.75455e+10
-3.74063e+10
-3.72475e+10
-3.70742e+10
-3.68929e+10
-3.671e+10
-3.65298e+10
-3.63536e+10
-3.61837e+10
-3.60214e+10
-3.58695e+10
-3.57313e+10
-3.56122e+10
-3.55183e+10
-3.54551e+10
-3.54262e+10
-3.54319e+10
-3.54673e+10
-3.55214e+10
-3.55776e+10
-3.56167e+10
-3.56194e+10
-3.55677e+10
-3.54537e+10
-3.53177e+10
-3.53229e+10
-3.57644e+10
-3.67436e+10
-3.74469e+10
-3.59917e+10
-3.19944e+10
-3.14517e+10
-4.36434e+10
-5.75026e+10
-2.99054e+10
-3.74359e+10
-3.74369e+10
-3.74525e+10
-3.74727e+10
-3.75002e+10
-3.7534e+10
-3.75737e+10
-3.76185e+10
-3.76671e+10
-3.77171e+10
-3.77662e+10
-3.78109e+10
-3.78471e+10
-3.78708e+10
-3.7878e+10
-3.78649e+10
-3.78288e+10
-3.77672e+10
-3.768e+10
-3.75675e+10
-3.74315e+10
-3.72762e+10
-3.71061e+10
-3.69281e+10
-3.67483e+10
-3.65702e+10
-3.6396e+10
-3.62278e+10
-3.60667e+10
-3.59156e+10
-3.57781e+10
-3.56595e+10
-3.55664e+10
-3.55046e+10
-3.54785e+10
-3.54883e+10
-3.5529e+10
-3.55897e+10
-3.56531e+10
-3.56989e+10
-3.57059e+10
-3.56542e+10
-3.55353e+10
-3.53906e+10
-3.53856e+10
-3.58151e+10
-3.67894e+10
-3.75154e+10
-3.61387e+10
-3.23181e+10
-3.19789e+10
-4.3743e+10
-5.60855e+10
-2.84272e+10
-3.74991e+10
-3.74892e+10
-3.75055e+10
-3.75252e+10
-3.75514e+10
-3.75825e+10
-3.7618e+10
-3.76569e+10
-3.76978e+10
-3.77389e+10
-3.77779e+10
-3.78117e+10
-3.78369e+10
-3.78503e+10
-3.78484e+10
-3.78286e+10
-3.77887e+10
-3.77269e+10
-3.76429e+10
-3.75373e+10
-3.74124e+10
-3.72722e+10
-3.71211e+10
-3.69657e+10
-3.681e+10
-3.66562e+10
-3.6505e+10
-3.63574e+10
-3.62143e+10
-3.60782e+10
-3.59531e+10
-3.58443e+10
-3.57582e+10
-3.57e+10
-3.56735e+10
-3.56792e+10
-3.57124e+10
-3.57627e+10
-3.58136e+10
-3.58439e+10
-3.58296e+10
-3.5748e+10
-3.55887e+10
-3.53913e+10
-3.53215e+10
-3.5694e+10
-3.66614e+10
-3.7404e+10
-3.58054e+10
-3.10012e+10
-2.89648e+10
-4.1171e+10
-6.08884e+10
-3.79306e+10
-3.74747e+10
-3.74851e+10
-3.74957e+10
-3.75152e+10
-3.75408e+10
-3.7572e+10
-3.76077e+10
-3.76472e+10
-3.76891e+10
-3.77316e+10
-3.77724e+10
-3.78084e+10
-3.78361e+10
-3.78523e+10
-3.78533e+10
-3.78362e+10
-3.77987e+10
-3.77391e+10
-3.76569e+10
-3.75529e+10
-3.74291e+10
-3.72891e+10
-3.71374e+10
-3.69802e+10
-3.68211e+10
-3.66627e+10
-3.65061e+10
-3.63525e+10
-3.62032e+10
-3.60613e+10
-3.5931e+10
-3.58185e+10
-3.57308e+10
-3.56741e+10
-3.56526e+10
-3.56668e+10
-3.57121e+10
-3.57782e+10
-3.58482e+10
-3.58997e+10
-3.59073e+10
-3.58454e+10
-3.56992e+10
-3.5505e+10
-3.54299e+10
-3.57924e+10
-3.67415e+10
-3.74531e+10
-3.58421e+10
-3.1156e+10
-2.94498e+10
-4.19526e+10
-6.09356e+10
-3.77015e+10
-4.21211e+10
-4.68964e+10
-4.36423e+10
-4.39346e+10
-4.65692e+10
-3.03567e+10
-4.30223e+10
-3.11701e+10
-1.25473e+10
-1.22369e+10
-4.51683e+10
-4.82107e+10
-4.34667e+10
-4.73512e+10
-4.68279e+10
-3.065e+10
-4.40323e+10
-2.98084e+10
-1.1701e+10
-1.07698e+10
-4.58492e+10
-4.48706e+10
-3.92475e+10
-4.61799e+10
-4.21102e+10
-1.2873e+10
-1.34422e+10
-3.7361e+10
-2.80471e+10
-4.00315e+10
-2.90291e+10
-4.67848e+10
-4.67331e+10
-4.34564e+10
-4.67495e+10
-4.45752e+10
-1.36308e+10
-1.36869e+10
-4.1051e+10
-2.92208e+10
-4.19627e+10
-2.89894e+10
-4.02205e+10
-4.28868e+10
-4.06473e+10
-4.5056e+10
-4.12912e+10
-4.51837e+10
-4.18863e+10
-3.41767e+10
-3.73364e+10
-3.50574e+10
-3.71652e+10
-3.38139e+10
-3.76717e+10
-3.4687e+10
-4.07425e+10
-4.31649e+10
-4.07406e+10
-4.51004e+10
-4.24064e+10
-4.62333e+10
-4.29362e+10
-3.48553e+10
-3.69143e+10
-3.43255e+10
-3.76704e+10
-3.42417e+10
-3.73697e+10
-3.36731e+10
-4.84144e+10
-4.79758e+10
-4.8814e+10
-4.7906e+10
-4.73322e+10
-4.81981e+10
-4.80173e+10
-4.18195e+10
-3.74613e+10
-4.15964e+10
-3.75676e+10
-4.01806e+10
-2.75499e+10
-2.68948e+10
-2.8228e+10
-1.96763e+10
-2.4095e+10
-1.98524e+10
-2.47381e+10
-4.8633e+10
-4.69244e+10
-4.7971e+10
-4.83128e+10
-4.83688e+10
-4.79492e+10
-4.80407e+10
-4.04902e+10
-3.83678e+10
-4.43422e+10
-3.85571e+10
-4.07193e+10
-2.797e+10
-2.57823e+10
-2.74429e+10
-1.93362e+10
-2.43795e+10
-1.88304e+10
-2.38097e+10
-4.54496e+10
-4.78982e+10
-4.72157e+10
-4.69532e+10
-4.63439e+10
-4.75183e+10
-4.74452e+10
-4.28938e+10
-4.25113e+10
-4.31972e+10
-4.39246e+10
-4.16828e+10
-3.54194e+10
-3.37053e+10
-2.38699e+10
-2.02186e+10
-2.44849e+10
-2.51935e+10
-2.65763e+10
-2.57928e+10
-2.70838e+10
-4.82898e+10
-4.78861e+10
-4.80799e+10
-4.79091e+10
-4.82967e+10
-4.69729e+10
-4.78056e+10
-4.62657e+10
-4.77987e+10
-4.79202e+10
-4.62842e+10
-4.78186e+10
-3.98484e+10
-3.83062e+10
-2.4588e+10
-2.04623e+10
-2.41134e+10
-2.59835e+10
-2.7056e+10
-2.57814e+10
-2.65734e+10
-4.00035e+10
-4.49873e+10
-4.0661e+10
-4.20972e+10
-3.95048e+10
-4.2377e+10
-3.99636e+10
-3.10299e+10
-3.54389e+10
-3.17259e+10
-3.58775e+10
-3.32398e+10
-3.64876e+10
-3.39264e+10
-4.13459e+10
-4.46929e+10
-4.1534e+10
-4.2533e+10
-4.00673e+10
-4.27017e+10
-4.01336e+10
-3.17156e+10
-3.59222e+10
-3.1383e+10
-3.65427e+10
-3.39293e+10
-3.64084e+10
-3.35251e+10
-4.42704e+10
-4.1492e+10
-4.24365e+10
-4.16646e+10
-4.39027e+10
-4.46448e+10
-4.29468e+10
-4.26332e+10
-4.22577e+10
-4.5762e+10
-4.59589e+10
-4.64559e+10
-4.43097e+10
-4.66266e+10
-4.57197e+10
-4.62613e+10
-4.58281e+10
-4.58531e+10
-4.74511e+10
-4.55981e+10
-4.72519e+10
-4.64548e+10
-4.60247e+10
-4.74803e+10
-4.18052e+10
-4.23059e+10
-3.84039e+10
-3.79923e+10
-4.13823e+10
-3.8995e+10
-3.72948e+10
-2.86789e+10
-1.85166e+10
-1.21605e+10
-1.84035e+10
-2.76819e+10
-3.8808e+10
-3.74618e+10
-2.84474e+10
-1.80933e+10
-1.22547e+10
-1.82807e+10
-2.70031e+10
-4.66956e+10
-4.4369e+10
-4.61727e+10
-4.55028e+10
-4.61064e+10
-4.78066e+10
-4.54472e+10
-4.19161e+10
-4.36749e+10
-4.61508e+10
-4.68832e+10
-4.78381e+10
-4.77981e+10
-4.66679e+10
-4.79283e+10
-4.69773e+10
-4.69989e+10
-4.70037e+10
-4.70987e+10
-4.7843e+10
-4.75426e+10
-4.62729e+10
-4.78333e+10
-4.95093e+10
-4.05502e+10
-4.46113e+10
-3.86463e+10
-3.86763e+10
-3.91467e+10
-3.54003e+10
-3.65e+10
-2.4797e+10
-1.72489e+10
-1.11084e+10
-2.61022e+10
-1.66064e+10
-3.51376e+10
-3.32542e+10
-2.4395e+10
-1.59929e+10
-1.03917e+10
-1.59564e+10
-2.31315e+10
-4.3075e+10
-4.18832e+10
-4.40326e+10
-4.42876e+10
-4.68701e+10
-4.55902e+10
-4.5788e+10
-4.43021e+10
-4.60866e+10
-4.27776e+10
-4.01432e+10
-3.98069e+10
-4.05849e+10
-4.18994e+10
-4.36329e+10
-4.1031e+10
-4.2658e+10
-4.49711e+10
-4.16504e+10
-2.72468e+10
-1.25877e+10
-1.84029e+10
-1.84746e+10
-2.59578e+10
-3.59767e+10
-3.75453e+10
-2.77033e+10
-1.30483e+10
-1.95032e+10
-1.89814e+10
-2.89915e+10
-3.71304e+10
-3.38799e+10
-3.78373e+10
-3.39855e+10
-3.57079e+10
-3.75872e+10
-3.89075e+10
-3.54949e+10
-3.90165e+10
-3.46595e+10
-4.65013e+10
-4.64701e+10
-4.57769e+10
-4.7779e+10
-4.6983e+10
-4.75308e+10
-4.46762e+10
-4.75249e+10
-4.60092e+10
-4.58899e+10
-4.39349e+10
-4.45612e+10
-4.55156e+10
-4.50262e+10
-4.57459e+10
-4.44334e+10
-4.50519e+10
-4.44048e+10
-4.60662e+10
-3.09665e+10
-1.35457e+10
-2.00567e+10
-2.96375e+10
-2.02829e+10
-4.026e+10
-3.92832e+10
-3.12463e+10
-1.33055e+10
-2.04418e+10
-2.04034e+10
-3.03908e+10
-4.09553e+10
-3.60705e+10
-4.18696e+10
-3.9684e+10
-3.64991e+10
-4.13169e+10
-4.2075e+10
-3.67961e+10
-3.66719e+10
-4.03617e+10
-4.54285e+10
-4.32369e+10
-4.65105e+10
-4.76797e+10
-4.3239e+10
-4.76779e+10
-4.53844e+10
-4.67532e+10
-4.4842e+10
-4.69025e+10
-4.87163e+10
-4.55383e+10
-4.67384e+10
-4.84821e+10
-4.55203e+10
-4.66618e+10
-4.44421e+10
-4.84963e+10
-4.39932e+10
-4.8089e+10
-4.62683e+10
-3.07784e+10
-3.32448e+10
-3.05771e+10
-2.58249e+10
-3.34201e+10
-2.59358e+10
-3.04715e+10
-3.07902e+10
-3.08489e+10
-3.39837e+10
-2.59774e+10
-3.37354e+10
-2.59722e+10
-3.05638e+10
-4.66841e+10
-4.77934e+10
-4.76749e+10
-4.86619e+10
-4.5739e+10
-4.85621e+10
-4.69616e+10
-2.94702e+10
-3.35961e+10
-3.04729e+10
-2.51816e+10
-3.34917e+10
-2.97911e+10
-2.47907e+10
-2.9307e+10
-3.00397e+10
-3.3163e+10
-2.41772e+10
-3.33283e+10
-2.43386e+10
-2.88994e+10
-4.43495e+10
-4.53799e+10
-4.29106e+10
-4.51447e+10
-4.59797e+10
-4.32384e+10
-4.37641e+10
-4.55956e+10
-4.78843e+10
-4.59715e+10
-4.44764e+10
-4.7222e+10
-4.66269e+10
-4.39153e+10
-2.82467e+10
-2.43441e+10
-3.01977e+10
-2.82831e+10
-2.45647e+10
-3.03524e+10
-2.7917e+10
-2.87262e+10
-2.54286e+10
-2.87429e+10
-3.13138e+10
-2.50201e+10
-2.9271e+10
-3.08082e+10
-4.69149e+10
-4.86808e+10
-4.50062e+10
-4.65233e+10
-4.69427e+10
-4.86075e+10
-4.53426e+10
-4.68178e+10
-4.79364e+10
-4.67434e+10
-4.56997e+10
-4.85658e+10
-4.50496e+10
-4.66264e+10
-3.03712e+10
-2.59082e+10
-3.16073e+10
-2.91361e+10
-2.99428e+10
-2.60534e+10
-3.17497e+10
-3.06496e+10
-2.60808e+10
-2.90905e+10
-3.18189e+10
-2.61582e+10
-3.18103e+10
-3.05426e+10
-4.77915e+10
-3.92079e+10
-5.43728e+10
-4.16735e+10
-3.89464e+10
-4.83847e+10
-5.39977e+10
-4.77005e+10
-4.57625e+10
-4.6055e+10
-4.74836e+10
-4.73257e+10
-4.70939e+10
-4.62733e+10
-4.80884e+10
-4.85184e+10
-4.19313e+10
-3.90781e+10
-5.29296e+10
-3.90807e+10
-5.45423e+10
-4.71079e+10
-5.06734e+10
-3.9547e+10
-4.03156e+10
-5.57453e+10
-3.93058e+10
-5.13498e+10
-5.52716e+10
-5.15982e+10
-5.12133e+10
-5.12576e+10
-5.15588e+10
-5.04457e+10
-4.05237e+10
-3.93398e+10
-5.5039e+10
-5.0241e+10
-3.93913e+10
-5.50636e+10
-5.20417e+10
-5.31163e+10
-5.20459e+10
-5.29348e+10
-4.07298e+10
-4.06745e+10
-4.34535e+10
-4.21174e+10
-3.93677e+10
-4.15221e+10
-4.27945e+10
-3.91497e+10
-3.95099e+10
-3.92051e+10
-3.94603e+10
-3.9697e+10
-4.05321e+10
-3.97501e+10
-4.05136e+10
-4.00504e+10
-4.15765e+10
-3.95394e+10
-4.22716e+10
-3.93189e+10
-4.22417e+10
-4.0422e+10
-3.52651e+10
-3.50553e+10
-4.67696e+10
-4.68857e+10
-4.59266e+10
-4.64607e+10
-4.67721e+10
-4.67594e+10
-4.66356e+10
-4.63133e+10
-4.55158e+10
-4.62434e+10
-4.57745e+10
-4.68403e+10
-4.71328e+10
-4.6894e+10
-4.69485e+10
-4.66183e+10
-4.6414e+10
-4.55605e+10
-4.69971e+10
-4.64418e+10
-4.62808e+10
-4.69139e+10
-3.93976e+10
-3.88809e+10
-4.29407e+10
-4.36935e+10
-4.39497e+10
-4.3887e+10
-4.33572e+10
-4.32938e+10
-4.35768e+10
-4.28424e+10
-4.37669e+10
-4.38065e+10
-4.2684e+10
-4.29637e+10
-4.48521e+10
-4.39699e+10
-4.34759e+10
-4.27181e+10
-4.39083e+10
-4.31782e+10
-4.3203e+10
-4.32568e+10
-4.33464e+10
-4.23006e+10
-4.43543e+10
-4.40466e+10
-4.48703e+10
-4.50102e+10
-4.38464e+10
-4.40791e+10
-4.59839e+10
-4.64584e+10
-4.93714e+10
-4.86709e+10
-4.66363e+10
-4.57118e+10
-4.63603e+10
-4.45793e+10
-4.77737e+10
-4.46344e+10
-4.51012e+10
-4.49633e+10
-4.67694e+10
-4.43245e+10
-4.70287e+10
-4.4809e+10
-4.52942e+10
-4.58493e+10
-4.58883e+10
-4.57514e+10
-4.57557e+10
-4.58057e+10
-4.54834e+10
-4.31402e+10
-4.11063e+10
-4.08013e+10
-4.32202e+10
-4.3462e+10
-4.18689e+10
-4.12183e+10
-4.38833e+10
-4.50741e+10
-4.58229e+10
-4.57336e+10
-4.5506e+10
-4.57186e+10
-4.56869e+10
-4.52109e+10
-4.60802e+10
-4.60471e+10
-4.597e+10
-4.60323e+10
-4.58772e+10
-4.62131e+10
-4.59353e+10
-4.59918e+10
-4.62312e+10
-4.5275e+10
-4.48586e+10
-4.58024e+10
-4.41773e+10
-4.60045e+10
-4.62587e+10
-4.6429e+10
-4.66849e+10
-4.59344e+10
-4.65207e+10
-4.64387e+10
-4.4953e+10
-4.28886e+10
-4.46631e+10
-4.35476e+10
-4.64455e+10
-4.77661e+10
-4.94355e+10
-3.94247e+10
-5.47262e+10
-4.17306e+10
-4.89314e+10
-3.95656e+10
-5.50343e+10
-5.06306e+10
-5.1311e+10
-5.11457e+10
-5.07841e+10
-4.99472e+10
-4.84786e+10
-4.89964e+10
-4.98142e+10
-4.98131e+10
-4.15269e+10
-3.97241e+10
-5.53575e+10
-5.0247e+10
-3.9535e+10
-5.52256e+10
-3.91478e+10
-3.90298e+10
-1.57602e+10
-2.3382e+10
-1.93886e+10
-2.89055e+10
-2.34563e+10
-1.97387e+10
-1.56541e+10
-1.01616e+10
-7.79216e+09
-7.21143e+09
-1.05298e+10
-1.03575e+10
-7.7451e+09
-1.04025e+10
-7.49376e+09
-1.53872e+10
-2.86152e+10
-2.31097e+10
-1.87612e+10
-2.32155e+10
-1.92121e+10
-1.58772e+10
-3.84804e+10
-3.80353e+10
-1.50394e+10
-2.31884e+10
-2.80759e+10
-1.90389e+10
-2.29591e+10
-1.54144e+10
-1.84929e+10
-9.71476e+09
-7.32361e+09
-9.32673e+09
-7.53654e+09
-1.4614e+10
-2.75815e+10
-2.22707e+10
-1.69869e+10
-2.26183e+10
-1.77953e+10
-1.41056e+10
-1.00518e+10
-7.81023e+09
-1.03107e+10
-7.71268e+09
-4.64157e+10
-4.65152e+10
-4.63859e+10
-4.69436e+10
-4.63911e+10
-4.68351e+10
-4.65576e+10
-4.69855e+10
-4.91662e+10
-4.9542e+10
-4.67147e+10
-4.59701e+10
-4.62353e+10
-4.57652e+10
-4.63492e+10
-4.60856e+10
-4.56407e+10
-4.63062e+10
-4.74124e+10
-5.08598e+10
-4.99934e+10
-4.82389e+10
-4.96357e+10
-4.59353e+10
-4.86193e+10
-4.68276e+10
-4.70235e+10
-4.38632e+10
-5.49508e+10
-5.74481e+10
-5.55409e+10
-5.67884e+10
-5.13979e+10
-5.48234e+10
-5.34362e+10
-5.05774e+10
-5.64502e+10
-5.36279e+10
-4.62142e+10
-4.24549e+10
-6.68168e+10
-4.2711e+10
-7.2814e+10
-4.32038e+10
-4.73767e+10
-4.68387e+10
-4.70665e+10
-4.71715e+10
-4.71302e+10
-4.71734e+10
-4.73547e+10
-4.67726e+10
-4.56499e+10
-4.62681e+10
-4.63847e+10
-4.71609e+10
-4.68183e+10
-4.68261e+10
-4.68927e+10
-4.70357e+10
-4.68807e+10
-4.70731e+10
-4.71912e+10
-4.71793e+10
-4.68607e+10
-4.736e+10
-4.6849e+10
-4.68934e+10
-4.65271e+10
-4.68242e+10
-4.69943e+10
-4.70618e+10
-4.64043e+10
-4.70921e+10
-4.68859e+10
-4.64582e+10
-4.6404e+10
-4.65049e+10
-4.64129e+10
-4.67671e+10
-4.72991e+10
-4.72912e+10
-4.69105e+10
-4.6412e+10
-4.6672e+10
-4.64212e+10
-4.69298e+10
-4.62921e+10
-4.70447e+10
-4.64722e+10
-4.86618e+10
-5.04716e+10
-5.29139e+10
-3.96132e+10
-5.63489e+10
-4.07163e+10
-5.22109e+10
-3.97531e+10
-5.69555e+10
-5.65939e+10
-5.78708e+10
-5.86473e+10
-5.59789e+10
-5.57916e+10
-5.54955e+10
-5.44346e+10
-5.80459e+10
-5.4059e+10
-4.09392e+10
-3.99239e+10
-5.59092e+10
-3.99168e+10
-5.78124e+10
-5.19078e+10
-3.5557e+10
-3.59672e+10
-1.21953e+10
-2.50609e+10
-2.04585e+10
-1.39567e+10
-2.0671e+10
-1.44144e+10
-1.17984e+10
-8.35827e+09
-7.01582e+09
-8.79752e+09
-6.75427e+09
-1.27251e+10
-2.55344e+10
-2.14832e+10
-1.59814e+10
-1.32966e+10
-2.10628e+10
-1.52066e+10
-7.86367e+09
-6.13698e+09
-7.47741e+09
-6.41274e+09
-3.52489e+10
-3.50005e+10
-1.08826e+10
-2.00557e+10
-1.33061e+10
-2.43641e+10
-1.99031e+10
-1.11926e+10
-1.30779e+10
-6.02108e+09
-5.41373e+09
-4.7086e+09
-6.65779e+09
-6.51949e+09
-5.65631e+09
-6.93235e+09
-5.1282e+09
-1.01826e+10
-2.37669e+10
-1.94891e+10
-1.21442e+10
-1.94537e+10
-1.22192e+10
-1.10911e+10
-4.2292e+10
-4.19792e+10
-4.32216e+10
-4.20175e+10
-4.45972e+10
-4.45167e+10
-4.27414e+10
-4.19589e+10
-4.50881e+10
-4.32971e+10
-4.44081e+10
-4.44967e+10
-4.34459e+10
-4.23037e+10
-4.16405e+10
-4.1631e+10
-4.25181e+10
-4.43909e+10
-4.51579e+10
-4.37608e+10
-4.63273e+10
-4.52895e+10
-4.15189e+10
-4.60247e+10
-4.48423e+10
-4.59432e+10
-4.08176e+10
-4.21363e+10
-4.25456e+10
-4.2221e+10
-4.15914e+10
-4.21155e+10
-4.12838e+10
-3.93565e+10
-3.86552e+10
-3.87346e+10
-3.92171e+10
-3.94785e+10
-3.95605e+10
-4.01186e+10
-3.87916e+10
-4.0357e+10
-4.18278e+10
-4.11323e+10
-4.1756e+10
-4.13049e+10
-4.18391e+10
-4.01022e+10
-4.29321e+10
-4.2901e+10
-4.39431e+10
-4.32855e+10
-4.36813e+10
-4.20166e+10
-4.3631e+10
-4.32972e+10
-4.40115e+10
-4.28873e+10
-4.39795e+10
-4.23003e+10
-4.06685e+10
-4.10745e+10
-4.18083e+10
-4.39063e+10
-4.44248e+10
-4.51839e+10
-4.48062e+10
-4.46201e+10
-4.42846e+10
-4.42022e+10
-1.5906e+10
-1.97407e+10
-2.26855e+10
-2.712e+10
-1.96028e+10
-1.61404e+10
-2.2499e+10
-1.06271e+10
-8.04666e+09
-7.46454e+09
-1.09427e+10
-1.09589e+10
-8.11271e+09
-7.78147e+09
-1.12561e+10
-1.53744e+10
-2.67483e+10
-1.8443e+10
-2.2114e+10
-1.88754e+10
-2.21856e+10
-1.58433e+10
-3.63768e+10
-3.69842e+10
-1.68429e+10
-2.02464e+10
-2.30343e+10
-2.80502e+10
-1.65455e+10
-2.0662e+10
-2.32738e+10
-1.21393e+10
-8.42621e+09
-8.43266e+09
-1.24227e+10
-1.18259e+10
-8.30907e+09
-8.37626e+09
-1.15693e+10
-1.724e+10
-2.85033e+10
-2.18735e+10
-2.39178e+10
-2.13243e+10
-2.35902e+10
-1.76482e+10
-4.0905e+10
-4.65412e+10
-3.47603e+10
-3.6802e+10
-4.61249e+10
-3.44659e+10
-4.14368e+10
-4.00208e+10
-3.8818e+10
-3.89826e+10
-4.01324e+10
-3.96959e+10
-3.99074e+10
-3.91315e+10
-4.04599e+10
-4.1542e+10
-3.69973e+10
-4.55555e+10
-3.46958e+10
-4.66339e+10
-3.45811e+10
-4.05853e+10
-4.28027e+10
-4.71864e+10
-3.79631e+10
-3.52363e+10
-4.78433e+10
-4.20839e+10
-3.5627e+10
-4.31578e+10
-4.42519e+10
-4.31953e+10
-4.39817e+10
-4.22257e+10
-4.0919e+10
-4.20675e+10
-4.12829e+10
-4.35506e+10
-3.85032e+10
-4.91423e+10
-3.65081e+10
-4.85145e+10
-3.61377e+10
-4.4159e+10
-4.70843e+10
-4.67438e+10
-4.64978e+10
-4.82559e+10
-4.56823e+10
-4.37442e+10
-4.66925e+10
-5.2465e+10
-4.59963e+10
-4.65018e+10
-4.65002e+10
-4.65429e+10
-4.64618e+10
-4.67817e+10
-4.72354e+10
-4.69951e+10
-4.69135e+10
-4.62448e+10
-4.47597e+10
-4.62108e+10
-4.55644e+10
-4.67672e+10
-4.59022e+10
-4.58853e+10
-5.00347e+10
-4.64491e+10
-4.55493e+10
-4.60146e+10
-4.58853e+10
-4.59687e+10
-4.58641e+10
-4.60297e+10
-4.58514e+10
-4.52537e+10
-4.4898e+10
-4.46981e+10
-4.56393e+10
-4.51784e+10
-4.58526e+10
-4.54629e+10
-4.53567e+10
-4.47563e+10
-4.57449e+10
-4.57497e+10
-4.5742e+10
-4.68746e+10
-4.6324e+10
-4.62596e+10
-4.60227e+10
-4.67158e+10
-4.58085e+10
-4.62825e+10
-4.64178e+10
-4.64019e+10
-4.60832e+10
-4.64613e+10
-4.71478e+10
-4.72777e+10
-4.64034e+10
-4.65128e+10
-4.71949e+10
-4.69251e+10
-4.74364e+10
-4.61278e+10
-4.62215e+10
-4.62146e+10
-4.61017e+10
-4.61866e+10
-4.6194e+10
-4.60756e+10
-1.88393e+10
-2.41003e+10
-3.05517e+10
-2.52757e+10
-2.36628e+10
-1.91561e+10
-2.5001e+10
-1.29011e+10
-8.34172e+09
-8.29414e+09
-1.26532e+10
-1.30538e+10
-8.08885e+09
-8.19218e+09
-1.32192e+10
-1.8536e+10
-3.01067e+10
-2.25613e+10
-2.44229e+10
-2.32135e+10
-1.81505e+10
-2.47118e+10
-4.05752e+10
-4.07592e+10
-1.93971e+10
-2.43168e+10
-2.54507e+10
-3.14903e+10
-1.92785e+10
-2.46642e+10
-2.5544e+10
-1.2946e+10
-7.83524e+09
-7.17362e+09
-1.29832e+10
-1.30994e+10
-7.75049e+09
-7.43855e+09
-1.31347e+10
-1.90744e+10
-3.14507e+10
-2.3634e+10
-2.52445e+10
-2.43813e+10
-2.53799e+10
-1.92627e+10
-4.54146e+10
-4.04323e+10
-5.12251e+10
-3.77608e+10
-5.07251e+10
-3.74286e+10
-4.58839e+10
-4.51928e+10
-4.50663e+10
-4.46477e+10
-4.57348e+10
-4.50009e+10
-4.00282e+10
-4.98083e+10
-3.69728e+10
-5.02617e+10
-4.46513e+10
-3.71276e+10
-4.57397e+10
-4.69642e+10
-4.63409e+10
-4.62711e+10
-4.63479e+10
-5.1724e+10
-3.79231e+10
-4.136e+10
-5.19107e+10
-4.62919e+10
-3.79367e+10
-4.7407e+10
-4.74135e+10
-4.76823e+10
-4.73541e+10
-4.6901e+10
-4.75193e+10
-4.77323e+10
-4.67786e+10
-4.72645e+10
-4.18523e+10
-5.14744e+10
-3.83364e+10
-5.27469e+10
-3.82369e+10
-4.59133e+10
)
;

boundaryField
{
    inlet
    {
        type            zeroGradient;
    }
    outlet
    {
        type            fixedValue;
        value           uniform 101325;
    }
    rightSide
    {
        type            symmetryPlane;
    }
    leftSide
    {
        type            symmetryPlane;
    }
    duct
    {
        type            zeroGradient;
    }
    cylinder
    {
        type            zeroGradient;
    }
}


// ************************************************************************* //
