/*--------------------------------*- C++ -*----------------------------------*\
| =========                 |                                                 |
| \\      /  F ield         | OpenFOAM: The Open Source CFD Toolbox           |
|  \\    /   O peration     | Version:  4.1                                   |
|   \\  /    A nd           | Web:      www.OpenFOAM.org                      |
|    \\/     M anipulation  |                                                 |
\*---------------------------------------------------------------------------*/
FoamFile
{
    version     2.0;
    format      ascii;
    class       volScalarField;
    location    "1";
    object      omega;
}
// * * * * * * * * * * * * * * * * * * * * * * * * * * * * * * * * * * * * * //

dimensions      [0 0 -1 0 0 0 0];

internalField   nonuniform List<scalar> 
4432
(
0.0109076
0.0109076
0.0109076
0.0109076
0.0109076
0.0109076
0.0109077
0.0109076
0.0109076
0.0109075
0.0109074
0.0109074
0.0109072
0.0109071
0.0109069
0.0109067
0.0109063
0.010906
0.0109057
0.0109052
0.0109049
0.0109046
0.0109044
0.0109043
0.0109043
0.0109044
0.0109046
0.0109049
0.0109052
0.0109057
0.010906
0.0109063
0.0109067
0.0109069
0.0109071
0.0109072
0.0109074
0.0109074
0.0109075
0.0109076
0.0109076
0.0109077
0.0109076
0.0109076
0.0109076
0.0109076
0.0109076
0.0109076
0.0109076
0.0109076
0.0109076
0.0109076
0.0109076
0.0109076
0.0109076
0.0109076
0.0109076
0.0109076
0.0109076
0.0109076
0.0109077
0.0109076
0.0109076
0.0109075
0.0109074
0.0109074
0.0109072
0.0109071
0.0109069
0.0109067
0.0109063
0.010906
0.0109057
0.0109052
0.0109049
0.0109046
0.0109044
0.0109043
0.0109043
0.0109044
0.0109046
0.0109049
0.0109052
0.0109057
0.010906
0.0109063
0.0109067
0.0109069
0.0109071
0.0109072
0.0109074
0.0109074
0.0109075
0.0109076
0.0109076
0.0109077
0.0109076
0.0109076
0.0109076
0.0109076
0.0109076
0.0109076
0.0109076
0.0109076
0.0109076
0.0109076
0.0109076
0.0109076
44.9643
44.0175
44.0164
44.0164
44.0162
44.0651
44.0656
44.016
44.0643
44.1129
44.0645
44.0635
44.0635
44.0147
44.0145
44.0145
44.0145
44.0145
44.0144
44.0144
44.0144
44.0629
44.0634
44.063
44.0635
44.0631
44.1121
44.1123
44.1123
44.1123
44.1123
44.1124
44.1124
44.1124
44.1125
44.1126
44.0639
44.0633
44.0639
44.0144
44.0634
44.0639
44.0635
44.064
44.0145
44.0144
44.0145
44.0145
44.0147
44.0148
44.0146
44.0141
44.0128
44.0628
44.9642
44.0169
44.0158
44.0158
44.0157
44.0646
44.0651
44.0155
44.0638
44.1125
44.0641
44.0631
44.0634
44.0146
44.0145
44.0145
44.0145
44.0145
44.0145
44.0145
44.0144
44.0629
44.0634
44.063
44.0635
44.0631
44.1121
44.1123
44.1123
44.1123
44.1124
44.1124
44.1124
44.1125
44.1125
44.1126
44.0639
44.0633
44.0639
44.0145
44.0634
44.0639
44.0635
44.0641
44.0145
44.0145
44.0145
44.0145
44.0146
44.0147
44.0145
44.0141
44.0127
44.0628
44.9643
44.0176
44.0164
44.0164
44.0163
44.0162
44.0649
44.0653
44.0644
44.1129
44.0646
44.0155
44.0632
44.1111
44.1109
44.063
44.0625
44.063
44.0145
44.0145
44.0144
44.0629
44.1118
44.0636
44.0631
44.0636
44.0145
44.0631
44.1122
44.0639
44.0632
44.0638
44.0632
44.0638
44.0146
44.0145
44.0633
44.1126
44.0641
44.0146
44.0145
44.0145
44.0145
44.0145
44.0145
44.0145
44.0145
44.0145
44.0147
44.0147
44.0145
44.0143
44.0141
44.0654
44.9643
44.0169
44.0158
44.0158
44.0157
44.0156
44.0644
44.0648
44.0639
44.1125
44.0642
44.0151
44.0629
44.111
44.1109
44.063
44.0625
44.063
44.0145
44.0145
44.0144
44.0629
44.1118
44.0636
44.0631
44.0637
44.0146
44.0631
44.1122
44.0639
44.0632
44.0638
44.0632
44.0639
44.0146
44.0145
44.0633
44.1126
44.0641
44.0146
44.0145
44.0145
44.0145
44.0145
44.0145
44.0145
44.0145
44.0145
44.0146
44.0146
44.0145
44.0143
44.0142
44.0655
44.9643
44.0176
44.0165
44.0164
44.0163
44.0651
44.0656
44.016
44.0643
44.1129
44.0645
44.0637
44.1119
44.0635
44.0628
44.0628
44.0625
44.0629
44.0144
44.0627
44.1114
44.1118
44.112
44.0636
44.0631
44.0637
44.0146
44.0146
44.0631
44.1123
44.1123
44.0639
44.0634
44.0639
44.0633
44.064
44.0145
44.0633
44.0639
44.0146
44.0145
44.0145
44.0145
44.0145
44.0145
44.0145
44.0145
44.0145
44.0145
44.0145
44.0144
44.0143
44.0141
44.0647
44.9643
44.017
44.0158
44.0158
44.0157
44.0646
44.0651
44.0155
44.0639
44.1125
44.0642
44.0633
44.1116
44.0635
44.0626
44.0629
44.0625
44.0629
44.0145
44.0627
44.0632
44.0629
44.1119
44.0636
44.0631
44.0639
44.0148
44.0631
44.0639
44.0633
44.1123
44.0639
44.0634
44.0639
44.0634
44.064
44.0146
44.0633
44.064
44.0146
44.0145
44.0145
44.0145
44.0145
44.0145
44.0145
44.0145
44.0145
44.0145
44.0145
44.0144
44.0143
44.0143
44.0647
44.9643
44.0176
44.0165
44.0164
44.0163
44.0651
44.0655
44.0646
44.1133
44.0647
44.0639
44.1124
44.1121
44.0638
44.0628
44.0628
44.0624
44.0628
44.0625
44.0631
44.0145
44.063
44.0634
44.0632
44.0636
44.0633
44.0639
44.0633
44.1125
44.064
44.0631
44.0638
44.0633
44.064
44.0632
44.064
44.0147
44.0145
44.0633
44.064
44.0146
44.0145
44.0145
44.0145
44.0145
44.0145
44.0145
44.0145
44.0145
44.0145
44.0144
44.0143
44.0142
44.0644
44.9643
44.017
44.0159
44.0158
44.0157
44.0646
44.065
44.0641
44.1128
44.0644
44.0636
44.112
44.1119
44.0635
44.0626
44.1107
44.1108
44.063
44.0626
44.0632
44.0145
44.0145
44.063
44.1121
44.0639
44.0148
44.0633
44.1122
44.1128
44.064
44.0632
44.0639
44.0147
44.0147
44.0632
44.0639
44.0147
44.0145
44.0633
44.064
44.0146
44.0145
44.0145
44.0145
44.0145
44.0145
44.0145
44.0145
44.0145
44.0145
44.0144
44.0143
44.0143
44.0644
44.9643
44.0176
44.0165
44.0164
44.0654
44.0659
44.0161
44.0646
44.0649
44.0641
44.1126
44.0645
44.0637
44.0639
44.0629
44.1108
44.1107
44.0629
44.0625
44.1112
44.0633
44.063
44.0635
44.0145
44.0631
44.1126
44.064
44.0635
44.0644
44.0151
44.0634
44.0641
44.0147
44.0146
44.0633
44.0638
44.0635
44.064
44.0146
44.0633
44.0641
44.0145
44.0145
44.0145
44.0145
44.0145
44.0145
44.0145
44.0145
44.0145
44.0144
44.0143
44.0142
44.0643
44.9643
44.017
44.0159
44.0158
44.0648
44.0654
44.0156
44.0641
44.0645
44.0637
44.1123
44.0642
44.0633
44.0637
44.0628
44.1107
44.1108
44.0629
44.0625
44.1112
44.0633
44.063
44.0635
44.0145
44.0633
44.1126
44.0642
44.0636
44.0644
44.0151
44.0634
44.0642
44.0148
44.0146
44.0634
44.0639
44.0636
44.0641
44.0146
44.0634
44.0641
44.0145
44.0145
44.0145
44.0145
44.0145
44.0145
44.0145
44.0145
44.0145
44.0144
44.0144
44.0143
44.0643
44.9643
44.0177
44.0165
44.0164
44.0654
44.0659
44.0161
44.0646
44.0649
44.0641
44.1126
44.0645
44.0159
44.0155
44.0633
44.1109
44.0629
44.0624
44.0628
44.0627
44.063
44.0629
44.0636
44.0144
44.0635
44.1128
44.113
44.0648
44.0635
44.1124
44.064
44.0634
44.0641
44.0147
44.0635
44.1123
44.1126
44.0641
44.0146
44.0633
44.064
44.0145
44.0145
44.0145
44.0145
44.0145
44.0145
44.0145
44.0145
44.0145
44.0144
44.0143
44.0142
44.0642
44.9643
44.017
44.0159
44.0158
44.0648
44.0653
44.0156
44.0641
44.0644
44.0637
44.1123
44.0641
44.0154
44.0153
44.0629
44.1108
44.0629
44.0624
44.0628
44.0628
44.0632
44.063
44.0636
44.0145
44.0633
44.1126
44.1129
44.0648
44.0635
44.1129
44.064
44.0634
44.0642
44.0147
44.0633
44.1125
44.1127
44.0642
44.0146
44.0633
44.064
44.0145
44.0145
44.0145
44.0145
44.0145
44.0145
44.0145
44.0145
44.0145
44.0144
44.0144
44.0143
44.0642
44.9643
44.0177
44.0166
44.0164
44.0655
44.0658
44.0649
44.0652
44.0157
44.064
44.0645
44.0638
44.0644
44.0637
44.064
44.015
44.0623
44.1104
44.0628
44.0627
44.0632
44.0144
44.0632
44.0637
44.064
44.0645
44.0638
44.1129
44.0644
44.0636
44.064
44.0148
44.0633
44.0641
44.0633
44.0638
44.0632
44.1127
44.064
44.0634
44.1127
44.0641
44.0145
44.0146
44.0145
44.0145
44.0145
44.0145
44.0145
44.0145
44.0144
44.0143
44.0143
44.0641
44.9643
44.017
44.0159
44.0158
44.0649
44.0653
44.0644
44.0648
44.0153
44.0636
44.0642
44.0635
44.064
44.0633
44.0636
44.0149
44.0623
44.1105
44.0629
44.0627
44.1116
44.0635
44.0633
44.0638
44.0635
44.0645
44.0633
44.0643
44.0631
44.1125
44.0642
44.0149
44.0633
44.0641
44.0632
44.0638
44.0633
44.1126
44.064
44.0634
44.1127
44.0642
44.0145
44.0146
44.0145
44.0145
44.0145
44.0145
44.0145
44.0145
44.0144
44.0144
44.0143
44.0642
44.9643
44.0177
44.0166
44.0164
44.0654
44.0659
44.0161
44.0645
44.0649
44.0156
44.0638
44.0643
44.0639
44.0646
44.0156
44.0629
44.1105
44.0628
44.0144
44.0625
44.0631
44.0634
44.1126
44.1131
44.0649
44.0158
44.0154
44.0641
44.1126
44.0641
44.0634
44.0642
44.063
44.064
44.0631
44.064
44.0147
44.0145
44.0634
44.1126
44.064
44.0635
44.064
44.0146
44.0145
44.0145
44.0145
44.0145
44.0145
44.0145
44.0144
44.0143
44.0143
44.0641
44.9643
44.017
44.0159
44.0158
44.0648
44.0653
44.0156
44.0641
44.0645
44.0153
44.0635
44.0641
44.0635
44.0641
44.0153
44.0626
44.1105
44.0628
44.0145
44.0626
44.0632
44.0634
44.0637
44.0636
44.0645
44.0641
44.0651
44.0642
44.112
44.0635
44.0634
44.0643
44.063
44.0641
44.0631
44.064
44.0147
44.0144
44.0634
44.1126
44.0641
44.0635
44.064
44.0146
44.0145
44.0145
44.0145
44.0145
44.0145
44.0145
44.0144
44.0144
44.0143
44.0641
44.9643
44.0177
44.0166
44.0164
44.0654
44.0659
44.0161
44.0645
44.0649
44.0155
44.0637
44.1124
44.0646
44.016
44.0158
44.0155
44.0624
44.0626
44.0623
44.0629
44.0143
44.0632
44.1131
44.0641
44.0644
44.0654
44.0172
44.0641
44.0647
44.0637
44.1114
44.0643
44.0633
44.064
44.0144
44.0633
44.064
44.0145
44.0634
44.1126
44.0641
44.0634
44.064
44.0146
44.0145
44.0145
44.0145
44.0145
44.0145
44.0144
44.0144
44.0143
44.0143
44.0641
44.9643
44.017
44.0159
44.0158
44.0648
44.0653
44.0156
44.064
44.0645
44.0152
44.0635
44.1121
44.0643
44.0156
44.0153
44.0628
44.0629
44.0145
44.0623
44.1108
44.063
44.0633
44.1128
44.0643
44.0644
44.0657
44.0176
44.0642
44.0647
44.0637
44.1114
44.1121
44.0639
44.0151
44.0144
44.0633
44.064
44.0146
44.0634
44.1126
44.0641
44.0635
44.064
44.0146
44.0145
44.0145
44.0145
44.0145
44.0145
44.0145
44.0144
44.0144
44.0143
44.0641
44.9643
44.0177
44.0166
44.0164
44.0654
44.0659
44.0161
44.0645
44.0648
44.0155
44.0637
44.0644
44.0639
44.1124
44.1122
44.064
44.015
44.0621
44.1102
44.0629
44.0146
44.063
44.0645
44.0644
44.0648
44.0662
44.0677
44.0149
44.0652
44.0639
44.0151
44.0631
44.1118
44.0637
44.0147
44.0144
44.0632
44.0638
44.0634
44.1126
44.064
44.0634
44.064
44.0146
44.0145
44.0145
44.0145
44.0145
44.0145
44.0144
44.0144
44.0143
44.0143
44.0641
44.9643
44.017
44.0159
44.0158
44.0648
44.0653
44.0155
44.064
44.0644
44.0152
44.0635
44.0641
44.0634
44.1119
44.1117
44.0637
44.0147
44.0621
44.0626
44.0145
44.0147
44.063
44.0643
44.0644
44.0653
44.0662
44.0691
44.015
44.0637
44.1119
44.0638
44.0627
44.1118
44.0638
44.0147
44.0144
44.0634
44.0639
44.0634
44.1126
44.064
44.0635
44.064
44.0146
44.0145
44.0145
44.0145
44.0145
44.0145
44.0145
44.0144
44.0144
44.0143
44.0641
44.9643
44.0177
44.0166
44.0165
44.0164
44.0162
44.016
44.0159
44.0156
44.0155
44.0154
44.0637
44.0646
44.016
44.064
44.064
44.0152
44.0621
44.1101
44.0628
44.0627
44.0628
44.0644
44.0642
44.0657
44.0713
44.0677
44.0666
44.0636
44.0637
44.0159
44.0624
44.1111
44.0635
44.0632
44.1119
44.0638
44.0633
44.1124
44.1127
44.1128
44.064
44.0635
44.064
44.0146
44.0145
44.0145
44.0145
44.0145
44.0144
44.0144
44.0143
44.0143
44.0641
44.9643
44.0171
44.0159
44.0158
44.0158
44.0157
44.0155
44.0154
44.0153
44.0152
44.0151
44.0635
44.0641
44.0156
44.0635
44.0636
44.0149
44.0621
44.0626
44.0146
44.0631
44.0638
44.0658
44.0645
44.0661
44.1201
44.0717
44.0173
44.062
44.1114
44.0643
44.0625
44.1115
44.0636
44.0632
44.1119
44.0639
44.0633
44.1124
44.1127
44.1128
44.064
44.0635
44.0641
44.0145
44.0145
44.0145
44.0145
44.0145
44.0145
44.0144
44.0144
44.0143
44.0641
44.9643
44.0674
44.0668
44.0658
44.0663
44.0162
44.0648
44.0652
44.0157
44.0155
44.0154
44.0638
44.1124
44.0647
44.0162
44.0158
44.063
44.1102
44.11
44.1101
44.0626
44.0154
44.064
44.0664
44.0155
44.0681
44.0694
44.0682
44.0638
44.0154
44.0158
44.0147
44.0625
44.1115
44.1117
44.0637
44.0147
44.0631
44.1123
44.1126
44.1127
44.064
44.0635
44.113
44.0642
44.0145
44.0145
44.0145
44.0145
44.0144
44.0144
44.0143
44.0143
44.0641
44.9642
44.0667
44.0661
44.0651
44.0657
44.0157
44.0643
44.0648
44.0153
44.0152
44.0151
44.0635
44.1121
44.1121
44.0642
44.0631
44.0633
44.0622
44.1099
44.1104
44.1108
44.0635
44.068
44.1178
44.1217
44.0763
44.0172
44.0635
44.0639
44.0155
44.0159
44.0148
44.0629
44.0636
44.0629
44.0636
44.0147
44.0631
44.1123
44.1126
44.1128
44.064
44.0635
44.113
44.0642
44.0146
44.0145
44.0145
44.0145
44.0145
44.0144
44.0144
44.0143
44.0641
44.9643
44.0674
44.0668
44.0658
44.0662
44.0651
44.1141
44.1138
44.0649
44.0639
44.0643
44.0638
44.1125
44.0647
44.064
44.0642
44.0633
44.0631
44.0619
44.1096
44.0631
44.0165
44.0333
44.1176
44.0257
44.1021
44.1133
44.1071
44.0633
44.015
44.0148
44.0624
44.1106
44.1112
44.1116
44.0638
44.0146
44.0631
44.0637
44.0633
44.1126
44.064
44.0145
44.0635
44.0641
44.0636
44.0642
44.0146
44.0145
44.0144
44.0144
44.0143
44.0143
44.0641
44.9642
44.0668
44.0661
44.0652
44.0656
44.0646
44.1136
44.1133
44.113
44.0644
44.0151
44.0635
44.1122
44.1122
44.0642
44.0156
44.0629
44.0628
44.062
44.1098
44.0625
44.0617
44.0689
43.9915
44.02
44.1108
44.1143
44.0583
44.062
44.0615
44.0157
44.0626
44.1106
44.1115
44.1116
44.0638
44.0146
44.0631
44.0637
44.0633
44.1126
44.0641
44.0145
44.0635
44.0641
44.0636
44.0642
44.0146
44.0145
44.0145
44.0144
44.0144
44.0143
44.0641
44.9643
44.0176
44.066
44.1157
44.0663
44.0652
44.1142
44.0653
44.0157
44.0155
44.0154
44.0638
44.1126
44.0647
44.0642
44.0645
44.0159
44.0153
44.0618
44.0624
44.0619
44.0649
44.2109
44.2754
44.222
44.1491
44.0492
44.0545
44.1019
44.06
44.0141
44.062
44.0626
44.0627
44.1114
44.112
44.0636
44.0631
44.1123
44.0638
44.0634
44.1127
44.0641
44.0145
44.0635
44.1131
44.1132
44.0642
44.0637
44.0642
44.0144
44.0638
44.1139
44.1143
44.9642
44.0668
44.1155
44.1151
44.0657
44.0646
44.065
44.064
44.0644
44.0636
44.0641
44.0636
44.1123
44.1123
44.0644
44.0157
44.063
44.0629
44.0619
44.1093
44.0629
44.0027
44.097
44.4375
44.3379
44.0855
44.0483
44.0144
44.0581
44.0602
44.0147
44.062
44.1105
44.1112
44.0633
44.0146
44.0145
44.0631
44.1124
44.0639
44.0145
44.0634
44.064
44.0146
44.0144
44.0636
44.0641
44.0637
44.1132
44.1134
44.1135
44.0644
44.0144
44.0641
44.9643
44.0177
44.0661
44.0665
44.0163
44.0651
44.1142
44.0653
44.0156
44.0639
44.0645
44.0156
44.0639
44.0648
44.0164
44.0638
44.0641
44.0627
44.0627
44.015
44.0158
44.0636
44.2205
44.3398
44.272
44.0528
44.0508
44.0576
44.0585
44.0616
44.1095
44.0627
44.0627
44.0631
44.0631
44.112
44.0636
44.0632
44.0637
44.0634
44.1127
44.064
44.0635
44.064
44.0636
44.0641
44.0637
44.0641
44.0637
44.1134
44.0644
44.0143
44.0641
44.9642
44.0667
44.1156
44.066
44.0157
44.0646
44.065
44.0154
44.0638
44.1126
44.1125
44.0643
44.0637
44.0645
44.0159
44.0633
44.1109
44.0632
44.0148
44.0616
44.0639
44.0484
44.145
44.3642
44.2048
44.0544
44.052
44.0137
44.0603
44.0611
44.0144
44.0145
44.0145
44.0628
44.1117
44.0636
44.0632
44.0637
44.0145
44.0144
44.0634
44.1128
44.113
44.0641
44.0636
44.1131
44.1133
44.0642
44.0637
44.0643
44.0144
44.064
44.1142
44.9643
44.0673
44.0667
44.0658
44.0662
44.0162
44.0648
44.0652
44.0156
44.0639
44.0645
44.0639
44.1126
44.065
44.0165
44.0163
44.016
44.0627
44.1099
44.0627
44.0621
44.0632
44.0694
44.2439
44.1458
44.127
44.0704
44.0638
44.0584
44.0617
44.1092
44.0622
44.0624
44.063
44.0144
44.0629
44.1119
44.1122
44.0637
44.0633
44.0638
44.0144
44.0634
44.1129
44.0641
44.0636
44.0642
44.0145
44.0145
44.0144
44.0144
44.0143
44.0143
44.0641
44.9642
44.0667
44.0661
44.0651
44.0656
44.0157
44.0643
44.0648
44.0152
44.0636
44.0642
44.0636
44.0642
44.0637
44.0644
44.0158
44.0154
44.0624
44.1099
44.0625
44.062
44.0635
44.0344
44.1357
44.2373
44.0625
44.023
44.0698
44.0614
44.0609
44.1093
44.0623
44.0145
44.0144
44.0628
44.1117
44.112
44.0638
44.0145
44.0632
44.0638
44.0145
44.0634
44.1129
44.0641
44.0636
44.0642
44.0145
44.0145
44.0144
44.0144
44.0144
44.0143
44.0641
44.9643
44.0176
44.0164
44.0657
44.0661
44.0651
44.1142
44.1138
44.0649
44.064
44.0645
44.0156
44.0639
44.1128
44.0649
44.0638
44.0641
44.0628
44.0629
44.0149
44.062
44.0637
44.0166
44.0162
44.0682
44.1255
44.0705
44.0609
44.063
44.0635
44.1098
44.0627
44.0625
44.063
44.0628
44.0633
44.0631
44.0636
44.0632
44.0637
44.0144
44.0633
44.0639
44.0635
44.0641
44.0145
44.0145
44.0145
44.0145
44.0144
44.0144
44.0143
44.0143
44.0641
44.9643
44.017
44.0158
44.0158
44.0157
44.0646
44.1137
44.1134
44.0646
44.0637
44.0642
44.0153
44.0635
44.0643
44.0636
44.1115
44.0639
44.0625
44.0629
44.0625
44.0633
44.0623
44.1126
44.119
44.0677
44.0192
44.0746
44.1145
44.1125
44.0617
44.0624
44.0627
44.0626
44.0631
44.0145
44.0629
44.1119
44.0637
44.0632
44.0638
44.0145
44.0634
44.0639
44.0635
44.0641
44.0145
44.0145
44.0145
44.0145
44.0144
44.0144
44.0144
44.0143
44.0641
44.9643
44.0176
44.0165
44.0163
44.0654
44.0658
44.016
44.0645
44.1133
44.1131
44.1129
44.1128
44.0648
44.0641
44.1125
44.0646
44.0157
44.0628
44.0634
44.0155
44.0623
44.0634
44.0636
44.1147
44.0659
44.0157
44.0691
44.0656
44.0637
44.1119
44.0632
44.0627
44.0631
44.0146
44.0144
44.063
44.0635
44.0145
44.0145
44.0144
44.0144
44.0144
44.0634
44.064
44.0145
44.0145
44.0145
44.0145
44.0145
44.0144
44.0144
44.0143
44.0143
44.0641
44.9643
44.017
44.0158
44.0157
44.0648
44.0653
44.0155
44.0641
44.113
44.1128
44.1126
44.1125
44.0643
44.0637
44.1118
44.064
44.063
44.0632
44.0149
44.0155
44.063
44.1121
44.0641
44.0665
44.0658
44.0145
44.0693
44.0658
44.0639
44.0635
44.0629
44.1109
44.0633
44.0146
44.0145
44.063
44.0635
44.0145
44.0145
44.0145
44.0145
44.0145
44.0145
44.0145
44.0145
44.0145
44.0145
44.0145
44.0145
44.0144
44.0144
44.0144
44.0143
44.0641
44.9643
44.0176
44.0164
44.0163
44.0654
44.0658
44.016
44.0645
44.0649
44.064
44.1128
44.1128
44.1128
44.1127
44.0648
44.016
44.063
44.0633
44.0627
44.0632
44.0149
44.0636
44.0637
44.0642
44.065
44.0657
44.0674
44.0647
44.0633
44.0161
44.063
44.0629
44.0629
44.1116
44.0635
44.0146
44.0145
44.0145
44.0144
44.0632
44.0637
44.0634
44.0639
44.0145
44.0145
44.0145
44.0145
44.0145
44.0145
44.0144
44.0144
44.0143
44.0142
44.0641
44.9643
44.0169
44.0158
44.0157
44.0648
44.0653
44.0155
44.0641
44.0645
44.0637
44.1125
44.1126
44.1125
44.1124
44.0643
44.0156
44.0627
44.0632
44.0627
44.0633
44.015
44.0157
44.0645
44.1145
44.0653
44.0145
44.0657
44.1154
44.0635
44.0162
44.063
44.063
44.0629
44.1116
44.0635
44.0146
44.0145
44.0145
44.0144
44.0632
44.0638
44.0634
44.0639
44.0146
44.0145
44.0145
44.0145
44.0145
44.0145
44.0144
44.0144
44.0144
44.0143
44.0642
44.9643
44.0175
44.0164
44.0163
44.0163
44.016
44.0648
44.0652
44.0643
44.113
44.0646
44.0639
44.1127
44.0648
44.0161
44.0636
44.1113
44.0636
44.0149
44.0149
44.0154
44.0628
44.0639
44.0637
44.0646
44.0145
44.0153
44.0145
44.0635
44.1127
44.0637
44.0145
44.0146
44.0629
44.1119
44.1121
44.0636
44.0632
44.0637
44.0145
44.0633
44.0639
44.0144
44.0635
44.064
44.0145
44.0145
44.0145
44.0145
44.0144
44.0144
44.0143
44.0142
44.0642
44.9642
44.0169
44.0158
44.0157
44.0157
44.0155
44.0643
44.0647
44.0639
44.1127
44.0643
44.0636
44.1124
44.0644
44.0156
44.0632
44.111
44.0634
44.0153
44.0145
44.0154
44.0636
44.1123
44.114
44.0648
44.015
44.0146
44.0157
44.0635
44.1121
44.0638
44.0145
44.0146
44.063
44.1118
44.1121
44.0636
44.0632
44.0637
44.0145
44.0633
44.0639
44.0145
44.0635
44.064
44.0145
44.0145
44.0145
44.0145
44.0144
44.0144
44.0144
44.0143
44.0642
44.9643
44.0175
44.0164
44.0163
44.0163
44.016
44.0647
44.0652
44.0642
44.113
44.1129
44.1128
44.0647
44.0158
44.0638
44.0641
44.0153
44.0153
44.0151
44.0629
44.0639
44.0633
44.1121
44.064
44.0637
44.0645
44.0646
44.1131
44.065
44.0634
44.112
44.0634
44.0632
44.0635
44.0631
44.112
44.0637
44.0145
44.0145
44.0144
44.0633
44.0638
44.0144
44.0635
44.064
44.0145
44.0145
44.0145
44.0145
44.0144
44.0144
44.0143
44.0142
44.0642
44.9643
44.0169
44.0158
44.0157
44.0157
44.0155
44.0643
44.0648
44.0639
44.1127
44.1127
44.1126
44.0644
44.0154
44.0634
44.0638
44.0151
44.0152
44.0151
44.0629
44.064
44.0634
44.1122
44.0641
44.0638
44.0648
44.015
44.0637
44.065
44.0149
44.0632
44.0633
44.0633
44.0635
44.063
44.112
44.0637
44.0146
44.0145
44.0144
44.0633
44.0639
44.0145
44.0635
44.064
44.0145
44.0145
44.0145
44.0145
44.0144
44.0144
44.0144
44.0143
44.0642
44.9643
44.0175
44.0164
44.0163
44.0163
44.016
44.0647
44.0652
44.0642
44.1131
44.113
44.0646
44.0156
44.0638
44.1122
44.0643
44.0153
44.0631
44.0637
44.0626
44.0635
44.0152
44.0146
44.0637
44.0638
44.0639
44.1132
44.1131
44.1131
44.1123
44.0638
44.0147
44.0631
44.0635
44.0146
44.0145
44.0631
44.1122
44.0638
44.0145
44.0633
44.0638
44.0145
44.0634
44.064
44.0145
44.0145
44.0145
44.0145
44.0144
44.0144
44.0143
44.0142
44.0642
44.9642
44.0169
44.0158
44.0157
44.0158
44.0155
44.0643
44.0648
44.0639
44.1128
44.1127
44.0643
44.0153
44.0634
44.1119
44.064
44.0151
44.0629
44.0636
44.063
44.0635
44.0153
44.0146
44.0636
44.0639
44.0636
44.1135
44.1131
44.1131
44.1124
44.0639
44.0147
44.0631
44.0635
44.0146
44.0144
44.0631
44.1122
44.0638
44.0145
44.0633
44.0639
44.0145
44.0635
44.064
44.0145
44.0145
44.0145
44.0145
44.0144
44.0144
44.0144
44.0143
44.0642
44.9643
44.0175
44.0163
44.0162
44.0162
44.0161
44.0158
44.0646
44.1134
44.0648
44.0154
44.0154
44.0638
44.0644
44.0636
44.1119
44.0638
44.0629
44.1114
44.0634
44.063
44.1119
44.0639
44.0634
44.1125
44.0642
44.0147
44.0145
44.0636
44.1123
44.0639
44.0632
44.0635
44.0146
44.0145
44.0631
44.1121
44.1123
44.1124
44.0639
44.0145
44.0144
44.0634
44.064
44.0145
44.0145
44.0145
44.0145
44.0145
44.0144
44.0144
44.0143
44.0142
44.0643
44.9642
44.0168
44.0157
44.0157
44.0157
44.0156
44.0154
44.0642
44.113
44.0645
44.0152
44.0151
44.0635
44.064
44.0633
44.1117
44.0636
44.0628
44.1113
44.0634
44.063
44.1119
44.064
44.0634
44.0639
44.0148
44.0148
44.0145
44.0636
44.112
44.0639
44.0632
44.0635
44.0146
44.0631
44.0636
44.0632
44.1122
44.1124
44.0639
44.0145
44.0144
44.0634
44.064
44.0145
44.0145
44.0145
44.0145
44.0145
44.0144
44.0144
44.0144
44.0143
44.0643
44.9643
44.0174
44.0163
44.0162
44.0161
44.0162
44.0158
44.0157
44.0642
44.0647
44.0639
44.0645
44.0156
44.0155
44.0635
44.064
44.0633
44.1115
44.0636
44.063
44.0634
44.0631
44.0638
44.0144
44.0632
44.1124
44.064
44.0633
44.1124
44.0637
44.0147
44.0144
44.0631
44.0636
44.0631
44.1121
44.1123
44.0637
44.0632
44.0637
44.0633
44.0638
44.0634
44.064
44.0145
44.0145
44.0145
44.0145
44.0145
44.0144
44.0144
44.0143
44.0142
44.0643
44.9642
44.0168
44.0157
44.0156
44.0156
44.0157
44.0154
44.0153
44.0639
44.0644
44.0637
44.0642
44.0152
44.0151
44.0632
44.0637
44.0631
44.1113
44.0635
44.0629
44.0634
44.0631
44.0638
44.0146
44.0633
44.1125
44.064
44.0633
44.1124
44.0637
44.0146
44.0144
44.0631
44.0636
44.0631
44.1122
44.1123
44.0638
44.0633
44.0637
44.0633
44.0638
44.0634
44.064
44.0145
44.0145
44.0145
44.0145
44.0145
44.0144
44.0144
44.0143
44.0143
44.0644
44.9643
44.0174
44.0162
44.0161
44.016
44.016
44.0158
44.0644
44.1134
44.0648
44.0155
44.0154
44.0154
44.0153
44.0635
44.064
44.0151
44.015
44.063
44.0632
44.0146
44.063
44.0636
44.0631
44.0637
44.0632
44.0637
44.0633
44.0637
44.0146
44.0631
44.112
44.1122
44.0636
44.0632
44.1121
44.1123
44.1124
44.1124
44.0639
44.0145
44.0144
44.0634
44.0639
44.0145
44.0145
44.0145
44.0145
44.0145
44.0144
44.0144
44.0143
44.0142
44.0645
44.9642
44.0168
44.0157
44.0156
44.0155
44.0155
44.0154
44.064
44.1131
44.0645
44.0152
44.0151
44.0152
44.0151
44.0632
44.0638
44.0149
44.0629
44.1114
44.0633
44.0146
44.063
44.0636
44.0631
44.0636
44.0632
44.0638
44.0633
44.1121
44.0639
44.0145
44.0631
44.1121
44.0636
44.0632
44.1122
44.1123
44.1124
44.1124
44.0639
44.0145
44.0144
44.0634
44.064
44.0145
44.0145
44.0145
44.0145
44.0145
44.0144
44.0144
44.0143
44.0143
44.0645
44.9642
44.0173
44.0162
44.0161
44.016
44.0159
44.0158
44.0157
44.0154
44.064
44.0645
44.0154
44.0153
44.0153
44.0634
44.112
44.0639
44.0632
44.0635
44.0628
44.1115
44.1117
44.0637
44.0145
44.0631
44.1122
44.0639
44.0146
44.0145
44.0631
44.0637
44.0146
44.0145
44.0145
44.0631
44.1121
44.1123
44.1124
44.0638
44.0633
44.0637
44.0634
44.0639
44.0145
44.0145
44.0145
44.0145
44.0145
44.0145
44.0144
44.0144
44.0143
44.014
44.0647
44.9642
44.0167
44.0156
44.0156
44.0155
44.0154
44.0154
44.0153
44.0151
44.0637
44.0643
44.0152
44.0151
44.015
44.0632
44.1117
44.0637
44.0629
44.0634
44.0627
44.1115
44.1117
44.0637
44.0145
44.0631
44.1122
44.0638
44.0146
44.0145
44.0631
44.0637
44.0146
44.0145
44.0145
44.0631
44.1122
44.1123
44.1124
44.0638
44.0633
44.0638
44.0634
44.0639
44.0145
44.0145
44.0145
44.0145
44.0145
44.0145
44.0145
44.0144
44.0144
44.0141
44.0648
44.9642
44.0173
44.0162
44.0161
44.016
44.0159
44.0158
44.0157
44.0154
44.0639
44.1129
44.0645
44.0153
44.0153
44.0152
44.015
44.0632
44.0637
44.015
44.0146
44.0145
44.0629
44.0634
44.0631
44.0635
44.0631
44.0636
44.0632
44.1122
44.0637
44.0632
44.0636
44.0631
44.1121
44.1122
44.1122
44.1123
44.0638
44.0145
44.0144
44.0632
44.0638
44.0145
44.0145
44.0145
44.0145
44.0145
44.0145
44.0145
44.0146
44.0147
44.0146
44.0147
44.0667
44.9642
44.0168
44.0157
44.0157
44.0156
44.0155
44.0154
44.0154
44.0151
44.0637
44.1127
44.0643
44.0151
44.015
44.015
44.0149
44.063
44.0635
44.0148
44.0146
44.0145
44.0629
44.0635
44.0146
44.0631
44.1121
44.0637
44.0632
44.1122
44.0637
44.0632
44.0636
44.0632
44.1121
44.1122
44.1123
44.1123
44.0638
44.0145
44.0144
44.0633
44.0639
44.0145
44.0145
44.0145
44.0145
44.0145
44.0145
44.0146
44.0146
44.0147
44.0145
44.0152
44.067
44.9642
44.0173
44.0162
44.0161
44.016
44.065
44.0654
44.0156
44.0642
44.0647
44.0153
44.0637
44.0643
44.0153
44.0152
44.0151
44.0151
44.015
44.0149
44.0146
44.0145
44.0628
44.0634
44.063
44.0636
44.0631
44.1121
44.1122
44.1122
44.1122
44.1122
44.1122
44.1122
44.1122
44.1122
44.1123
44.0637
44.0632
44.0637
44.0145
44.0633
44.0638
44.0634
44.0639
44.0145
44.0145
44.0145
44.0145
44.0145
44.0145
44.0145
44.0144
44.0153
44.0648
44.9642
44.0168
44.0157
44.0156
44.0155
44.0645
44.065
44.0153
44.0639
44.0644
44.0151
44.0635
44.064
44.0151
44.015
44.0149
44.0149
44.0148
44.0147
44.0146
44.0145
44.0628
44.0634
44.063
44.0636
44.0631
44.1121
44.1122
44.1122
44.1122
44.1122
44.1122
44.1122
44.1122
44.1122
44.1123
44.0638
44.0632
44.0638
44.0145
44.0633
44.0638
44.0634
44.064
44.0145
44.0145
44.0145
44.0145
44.0145
44.0145
44.0145
44.0158
44.015
44.0645
0.0109076
0.0109076
0.0109076
0.0109076
0.0109076
0.0109076
0.0109077
0.0109076
0.0109075
0.0109074
0.0109074
0.0109074
0.0109072
0.0109071
0.0109069
0.0109067
0.0109063
0.010906
0.0109057
0.0109052
0.0109049
0.0109046
0.0109044
0.0109043
0.0109043
0.0109044
0.0109046
0.0109049
0.0109052
0.0109057
0.010906
0.0109063
0.0109067
0.0109069
0.0109071
0.0109072
0.0109074
0.0109074
0.0109075
0.0109076
0.0109076
0.0109077
0.0109076
0.0109076
0.0109076
0.0109076
0.0109076
0.0109076
0.0109076
0.0109076
0.0109076
0.0109076
0.0109076
0.0109076
0.0109076
0.0109076
0.0109076
0.0109076
0.0109076
0.0109076
0.0109077
0.0109076
0.0109075
0.0109074
0.0109074
0.0109074
0.0109072
0.0109071
0.0109069
0.0109067
0.0109063
0.010906
0.0109057
0.0109052
0.0109049
0.0109046
0.0109044
0.0109043
0.0109043
0.0109044
0.0109046
0.0109049
0.0109052
0.0109057
0.010906
0.0109063
0.0109067
0.0109069
0.0109071
0.0109072
0.0109074
0.0109074
0.0109075
0.0109076
0.0109076
0.0109077
0.0109076
0.0109076
0.0109076
0.0109076
0.0109076
0.0109076
0.0109076
0.0109076
0.0109076
0.0109076
0.0109076
0.0109076
44.4145
43.9943
44.3479
44.5146
44.6209
44.5371
44.0485
44.3559
45.2567
45.6468
44.2738
44.0368
43.9916
44.2879
44.5738
44.0988
44.0179
44.122
44.7476
45.0495
44.4018
44.4867
44.0326
44.2918
44.3101
45.4598
44.8287
44.0385
44.3013
44.0337
44.3671
44.2932
44.5137
44.0376
44.4595
43.9967
44.8003
45.1554
44.0305
44.12
44.0139
44.5317
44.0191
44.0913
44.1176
44.2129
44.1288
44.0068
44.0291
44.1277
44.0251
44.0464
44.0303
44.1388
44.027
44.0577
44.0192
44.0829
44.1166
44.2299
44.1299
44.0003
44.0249
44.05
44.0235
44.1315
44.1385
44.1763
44.0319
44.0641
44.1458
44.0903
44.2018
44.0024
44.0565
44.1011
44.1464
43.6189
44.3032
44.2464
44.3066
45.0942
44.0398
44.1642
44.1095
44.1935
44.217
44.304
44.2295
44.2003
43.9999
44.1024
44.0115
44.0914
44.0926
44.1847
44.0059
44.1226
44.2912
44.0754
43.6436
44.0763
44.2284
44.3362
44.0862
44.0693
44.3325
44.2613
44.1627
44.2101
44.1417
44.1165
44.0298
44.2143
44.1712
45.0081
44.4815
44.4823
44.0815
45.58
0.152445
0.109581
44.1855
44.0924
43.9802
44.1209
44.0892
44.265
44.2487
44.0894
44.0061
44.0956
44.1181
44.1114
44.2071
44.1421
45.3313
44.3025
44.2783
44.9594
44.3026
0.152021
0.152145
44.2042
44.3206
44.1232
44.2475
44.304
44.149
44.0953
44.141
44.2369
44.1347
44.2219
44.1297
44.1259
44.1219
44.2609
44.0276
44.1419
44.1286
44.2379
44.1269
44.1274
44.1332
44.0058
44.0313
44.1252
44.0144
43.9908
44.0232
44.2624
44.0321
44.0567
44.0127
44.0511
44.1344
44.2409
44.409
44.3477
44.4529
44.3512
44.8236
44.7059
44.0396
44.3843
44.1125
44.7881
45.195
44.2575
44.2994
44.2217
45.6154
0.152447
0.109573
45.2573
44.2415
44.2919
44.1577
45.3615
0.152019
0.152143
44.0183
44.0332
44.2753
44.0494
43.6472
0.152444
0.109575
45.5982
43.9999
45.0856
44.0254
44.92
0.152021
0.152142
45.6092
44.4174
44.8751
44.6248
45.706
44.7624
44.1121
44.467
44.5395
44.4291
44.3463
44.2309
44.3269
44.5082
45.2245
45.3534
44.4124
44.2785
45.162
44.4895
0.152019
0.152142
44.8153
44.2646
44.4921
44.346
45.0455
0.152445
0.109573
43.6584
44.0447
44.3149
44.2901
45.1862
0.15202
0.152142
45.5986
44.3267
45.3596
45.6827
44.3424
0.152442
0.109572
45.5345
44.1607
45.5931
44.2627
44.8596
0.152444
0.10958
45.2787
44.1827
44.2407
44.2067
44.8026
0.15202
0.152143
45.0509
44.3642
44.2521
44.3931
45.5399
44.9243
44.2592
44.5796
45.2165
44.5422
46.0033
45.0105
44.5337
44.6899
45.2134
0.152021
0.152142
46.1125
45.4505
44.5749
44.0173
45.7908
43.702
44.076
44.041
44.2805
45.1388
43.8027
44.0374
44.2806
43.7051
44.046
0.152021
0.152142
44.8858
44.3627
44.4638
44.3214
45.4328
0.152445
0.10958
44.7123
44.3625
44.0389
44.9965
44.3844
44.8897
44.0141
44.1312
44.1601
45.4353
45.7464
44.8256
44.7563
45.6295
44.3763
0.152444
0.10958
45.7864
45.5767
44.2133
44.6763
44.9958
43.7528
44.0437
44.0314
43.6901
44.0528
43.6544
44.0312
44.2911
44.0793
45.0308
44.3507
44.0875
44.0223
44.0398
44.0246
43.973
44.2716
44.3037
44.3039
44.1996
44.2784
44.5006
44.1747
44.2088
44.2754
44.281
44.1317
44.4081
44.0181
44.1996
44.3598
44.5017
44.5597
44.367
44.5998
44.5026
44.6675
44.6588
44.4984
44.5548
44.5188
44.6113
44.2647
44.6193
44.5776
44.5462
44.4729
44.2815
44.4608
44.5054
44.3956
44.3032
44.3594
44.1038
44.1098
44.4229
44.0631
44.6384
44.3532
44.3138
44.5497
44.2496
44.3894
44.583
44.1503
44.6016
44.4459
44.1039
44.5532
44.229
43.9941
44.3146
44.1287
44.3048
44.3262
44.0489
44.349
43.9916
44.3261
44.3031
44.6452
44.5903
44.0605
44.5552
44.4693
44.6116
44.6019
44.6395
44.4271
44.551
44.5799
44.6645
44.6295
44.3533
44.5633
44.4611
44.5925
44.0642
44.3871
44.4392
44.2517
44.497
44.1853
44.2214
44.3562
44.1693
44.2837
44.3189
44.3266
44.378
44.0149
44.526
44.2536
44.1678
44.3537
44.2725
44.3042
44.2954
44.5733
44.1235
44.0086
44.3049
43.7026
44.8668
0.1442
44.3248
44.102
44.006
0.145463
0.080152
0.0716348
0.0943589
0.059902
0.0791867
0.0945793
0.0967597
0.0782839
43.7583
44.3671
45.0327
0.103302
44.4237
0.146852
44.1386
43.7345
44.6144
44.2316
0.143324
44.1456
44.0581
0.143067
0.0770817
0.0932621
0.0771751
0.0931686
43.7256
44.4744
44.8996
0.143231
44.0473
44.4106
0.143127
0.0771585
0.093517
0.0932318
0.0774304
44.7136
0.144097
44.3941
44.9172
0.145348
44.3842
44.0872
0.0803321
0.0715616
0.0942367
0.0599933
0.0793704
0.0944016
0.0965854
0.0784721
44.5731
44.9203
0.103178
45.2107
0.146732
44.7093
44.5242
0.154071
0.156065
44.5966
0.143229
44.9303
44.7684
0.142971
44.3582
44.0526
0.0772849
0.0930969
0.0930037
0.0773782
0.0773608
0.0933503
0.0930673
0.0776295
44.3056
45.0666
0.143135
44.2869
44.2211
0.143031
44.2977
0.151914
0.152025
44.8073
44.9401
0.144198
44.653
44.9112
44.6687
0.145459
0.0801468
0.0715983
0.0943526
0.0599008
0.0791828
0.094567
0.0967407
0.0782817
44.5461
44.5991
45.121
0.103302
44.4319
0.146849
44.777
44.8132
44.4229
0.143323
44.7369
44.6582
44.4738
0.143066
0.077082
0.0932617
0.0931685
0.077175
0.0771581
0.0935123
0.0774296
0.0932301
44.806
44.2904
44.2244
0.143232
44.4083
0.143126
44.3887
44.9518
45.2892
0.144099
45.0516
44.4184
0.145348
44.7498
0.080324
0.071529
0.0942172
0.059994
0.0793682
0.0944008
0.0965817
0.0784708
44.6414
44.8781
45.2526
0.103181
44.6854
0.146728
44.5178
0.154073
0.156069
45.0544
45.1704
45.289
0.14323
44.3979
44.5461
0.142972
0.0772848
0.0930969
0.0773781
0.0930037
44.7763
44.7173
45.2835
0.143134
43.9015
0.143032
44.5505
0.0773606
0.0933501
0.0776292
0.0930672
0.151913
0.152024
43.7273
44.5892
0.143325
44.1999
44.0403
44.191
0.143066
0.0770822
0.0932622
0.0771755
0.0931681
0.0771591
0.093518
0.0774314
0.0932311
43.7265
44.4524
44.8544
0.143231
44.0243
44.4188
0.143126
0.154075
0.156073
46.7103
44.9459
0.144098
45.0499
44.2469
0.145349
45.5078
0.0803322
0.0715616
0.0942371
0.0599933
0.0793703
0.0944017
0.0784722
0.0965857
45.4227
44.6659
44.6076
0.103178
44.294
0.146732
44.427
0.151915
0.152024
47.8011
44.6216
45.3968
0.143229
44.0896
45.9606
0.142972
0.0772852
0.0930969
0.0773783
0.0930041
45.8989
45.2866
44.981
0.143136
44.3907
0.143031
44.7731
0.077361
0.0933503
0.0776294
0.0930677
44.8235
44.4457
44.3968
0.143324
44.4657
44.6941
0.143067
0.0770822
0.093262
0.0931678
0.0771753
44.5191
44.2914
44.5789
0.143231
44.0203
44.3274
0.143127
0.0771581
0.0935119
0.0932297
0.0774296
44.765
44.9347
0.144197
44.6198
44.6477
44.9203
0.145461
0.0801487
0.0716079
0.0943538
0.0599003
0.0791836
0.0945656
0.0782815
0.0967409
44.7274
44.2812
44.4698
0.1033
44.3441
0.146851
44.7664
45.2851
45.2854
45.305
0.143228
44.8558
0.142971
44.7564
0.0772846
0.0930969
0.0930037
0.0773779
44.5466
45.0184
45.1046
0.143134
44.7039
44.1261
0.14303
0.0773604
0.0933503
0.0930673
0.0776287
0.151913
0.152024
45.1224
44.4492
0.144097
44.7514
44.4493
44.3786
0.145347
0.0803275
0.0715361
0.094228
0.059993
0.079368
0.0944006
0.0784703
0.0965831
44.5993
44.6121
44.8404
0.103181
44.3145
0.146731
44.5115
0.154074
0.15607
43.7034
44.8557
0.144195
44.3732
44.03
44.1545
0.14546
0.0801495
0.0716195
0.0943577
0.0599014
0.0791833
0.0945758
0.0782813
0.0967556
43.8055
44.3877
44.9496
0.103299
44.3241
0.146851
44.1403
0.151914
0.152024
46.6419
45.285
44.9338
0.14323
44.2459
0.142972
45.3078
0.0772849
0.0930969
0.0773781
0.0930041
45.7759
45.217
44.8281
0.143136
44.5086
44.2845
0.14303
0.0773608
0.0933501
0.0776286
0.0930677
0.154073
0.15607
46.3853
44.8513
0.144098
45.0039
44.1948
45.1978
0.145347
0.0803273
0.0715362
0.094228
0.0599928
0.079368
0.0944007
0.0784706
0.0965831
45.1789
44.605
44.5319
0.103179
44.2804
0.146729
44.4299
0.154071
0.156066
44.845
0.143229
45.04
45.2358
44.4804
0.142972
44.767
0.0772852
0.0930969
0.0773782
0.0930041
0.077361
0.0933502
0.0776295
0.0930676
44.5242
45.068
0.143136
44.668
44.3312
0.143031
44.7432
0.151914
0.152024
44.8167
0.144197
44.6216
44.8036
0.145461
44.5722
44.7187
0.0801471
0.0715983
0.0943526
0.0599011
0.0791831
0.0945675
0.0782816
0.0967408
44.8878
44.2574
0.103304
44.2794
0.146851
44.3408
44.3301
45.1197
0.143324
44.5176
44.171
0.143065
44.3597
44.4475
0.0770819
0.0932625
0.0931687
0.0771751
0.0771581
0.0935126
0.0774298
0.0932305
44.7164
44.3271
0.143231
45.1908
0.143126
44.5171
44.7436
47.8984
0.1441
45.1289
45.2656
0.145349
46.5196
44.026
0.0803237
0.071529
0.0942176
0.0599935
0.0793686
0.0944007
0.0965821
0.0784714
46.1896
44.8235
0.103182
44.642
0.146728
44.3677
45.8287
0.151915
0.152025
47.1164
0.143229
44.9999
45.5894
45.21
0.142972
44.018
0.0772847
0.0930969
0.0930036
0.0773782
0.0773607
0.0933502
0.0930673
0.0776295
46.9015
45.3006
0.143135
44.7218
0.143032
44.4436
44.8196
43.7213
0.144198
44.5537
44.0275
0.145461
44.4625
44.0082
0.080152
0.0716348
0.094359
0.059902
0.0791863
0.0945799
0.0967597
0.0782841
43.8967
44.0869
0.103302
44.7295
0.146852
44.1004
44.1388
43.7411
0.143324
44.0589
44.787
0.143067
44.0346
44.1758
0.0770823
0.0932627
0.0931685
0.0771754
0.077159
0.0935182
0.0932315
0.0774309
43.7838
43.9654
0.143231
44.8511
0.143127
44.0943
44.0249
0.151915
0.152025
44.5993
0.1441
44.2737
45.1389
44.29
0.14535
44.833
0.0803289
0.0715551
0.0942273
0.0599944
0.0793709
0.0944012
0.0784722
0.0965851
44.4791
44.8653
0.103179
45.1335
0.146729
44.6395
44.5098
0.154071
0.156064
45.0755
44.8898
0.143325
44.691
0.143067
45.0742
44.7059
0.0770822
0.093262
0.0771752
0.0931684
44.6911
44.3119
0.143231
44.6138
44.6264
0.143127
43.9276
0.0771581
0.0935123
0.07743
0.0932301
45.0079
0.144196
44.5176
44.427
0.145459
44.6475
44.5184
0.080149
0.0716079
0.0943544
0.0599004
0.0791842
0.094566
0.0782821
0.0967412
44.5913
44.2285
0.1033
44.6557
0.146849
43.947
44.7675
46.8048
0.14323
45.4305
44.8813
0.142972
45.3875
44.0378
0.077285
0.0930969
0.0930037
0.0773782
0.077361
0.0933503
0.0930673
0.0776296
46.8359
45.4562
0.143136
45.0279
0.143031
45.5582
44.7351
0.154072
0.156065
47.4863
0.144098
45.2106
45.2639
46.1989
0.145349
44.6233
0.0803289
0.0715551
0.0942273
0.0599944
0.0793709
0.0944012
0.0965851
0.0784719
45.2474
44.6576
0.10318
44.495
0.146731
44.1637
44.4508
43.7265
44.011
0.143324
44.8527
0.143067
44.1847
44.0566
0.0770822
0.0932625
0.0771755
0.093169
43.7422
43.9289
0.143231
44.5566
0.143127
44.0217
44.1013
0.0771588
0.0935173
0.0932322
0.0774301
43.7083
0.144196
44.8501
43.9625
0.145461
44.027
44.2276
0.0801499
0.0716195
0.0943582
0.0599014
0.0791835
0.0945763
0.0967559
0.0782815
43.8261
44.041
0.1033
44.8265
0.146852
44.2045
44.143
)
;

boundaryField
{
    inlet
    {
        type            fixedValue;
        value           uniform 440.15;
    }
    outlet
    {
        type            zeroGradient;
    }
    rightSide
    {
        type            symmetryPlane;
    }
    leftSide
    {
        type            symmetryPlane;
    }
    duct
    {
        Cmu             0.09;
        kappa           0.41;
        E               9.8;
        beta1           0.075;
        type            omegaWallFunction;
        value           nonuniform List<scalar> 
216
(
0.0109076
0.0109076
0.0109076
0.0109076
0.0109076
0.0109076
0.0109076
0.0109076
0.0109076
0.0109076
0.0109076
0.0109076
0.0109077
0.0109077
0.0109076
0.0109076
0.0109076
0.0109076
0.0109075
0.0109075
0.0109074
0.0109074
0.0109074
0.0109074
0.0109072
0.0109072
0.0109071
0.0109071
0.0109069
0.0109069
0.0109067
0.0109067
0.0109063
0.0109063
0.010906
0.010906
0.0109057
0.0109057
0.0109052
0.0109052
0.0109049
0.0109049
0.0109046
0.0109046
0.0109044
0.0109044
0.0109043
0.0109043
0.0109043
0.0109043
0.0109044
0.0109044
0.0109046
0.0109046
0.0109049
0.0109049
0.0109052
0.0109052
0.0109057
0.0109057
0.010906
0.010906
0.0109063
0.0109063
0.0109067
0.0109067
0.0109069
0.0109069
0.0109071
0.0109071
0.0109072
0.0109072
0.0109074
0.0109074
0.0109074
0.0109074
0.0109075
0.0109075
0.0109076
0.0109076
0.0109076
0.0109076
0.0109077
0.0109077
0.0109076
0.0109076
0.0109076
0.0109076
0.0109076
0.0109076
0.0109076
0.0109076
0.0109076
0.0109076
0.0109076
0.0109076
0.0109076
0.0109076
0.0109076
0.0109076
0.0109076
0.0109076
0.0109076
0.0109076
0.0109076
0.0109076
0.0109076
0.0109076
0.0109076
0.0109076
0.0109076
0.0109076
0.0109076
0.0109076
0.0109076
0.0109076
0.0109076
0.0109076
0.0109076
0.0109076
0.0109077
0.0109077
0.0109076
0.0109076
0.0109075
0.0109075
0.0109074
0.0109074
0.0109074
0.0109074
0.0109074
0.0109074
0.0109072
0.0109072
0.0109071
0.0109071
0.0109069
0.0109069
0.0109067
0.0109067
0.0109063
0.0109063
0.010906
0.010906
0.0109057
0.0109057
0.0109052
0.0109052
0.0109049
0.0109049
0.0109046
0.0109046
0.0109044
0.0109044
0.0109043
0.0109043
0.0109043
0.0109043
0.0109044
0.0109044
0.0109046
0.0109046
0.0109049
0.0109049
0.0109052
0.0109052
0.0109057
0.0109057
0.010906
0.010906
0.0109063
0.0109063
0.0109067
0.0109067
0.0109069
0.0109069
0.0109071
0.0109071
0.0109072
0.0109072
0.0109074
0.0109074
0.0109074
0.0109074
0.0109075
0.0109075
0.0109076
0.0109076
0.0109076
0.0109076
0.0109077
0.0109077
0.0109076
0.0109076
0.0109076
0.0109076
0.0109076
0.0109076
0.0109076
0.0109076
0.0109076
0.0109076
0.0109076
0.0109076
0.0109076
0.0109076
0.0109076
0.0109076
0.0109076
0.0109076
0.0109076
0.0109076
0.0109076
0.0109076
0.0109076
0.0109076
)
;
    }
    cylinder
    {
        Cmu             0.09;
        kappa           0.41;
        E               9.8;
        beta1           0.075;
        type            omegaWallFunction;
        value           nonuniform List<scalar> 
448
(
0.152445
0.109581
0.152021
0.152145
0.152447
0.109573
0.152019
0.152143
0.152444
0.109575
0.152021
0.152142
0.152019
0.152142
0.152445
0.109573
0.15202
0.152142
0.152442
0.109572
0.152444
0.10958
0.15202
0.152143
0.152021
0.152142
0.152021
0.152142
0.152445
0.10958
0.152444
0.10958
0.1442
0.145463
0.080152
0.0791867
0.103302
0.146852
0.143324
0.143067
0.0770817
0.143231
0.143127
0.0771585
0.144097
0.145348
0.0803321
0.0793704
0.154071
0.156065
0.143229
0.142971
0.0772849
0.0773608
0.151914
0.152025
0.144198
0.145459
0.0801468
0.0791828
0.103302
0.146849
0.143323
0.143066
0.077082
0.0771581
0.143232
0.143126
0.144099
0.145348
0.080324
0.0793682
0.154073
0.156069
0.14323
0.142972
0.0772848
0.143134
0.0773606
0.151913
0.152024
0.143325
0.143066
0.0770822
0.0771591
0.143231
0.143126
0.154075
0.156073
0.144098
0.145349
0.0803322
0.0793703
0.151915
0.152024
0.143229
0.142972
0.0772852
0.077361
0.143324
0.143067
0.0770822
0.143231
0.0771581
0.144197
0.145461
0.0801487
0.0791836
0.1033
0.146851
0.143228
0.142971
0.0772846
0.143134
0.14303
0.0773604
0.151913
0.152024
0.144097
0.145347
0.0803275
0.079368
0.154074
0.15607
0.144195
0.14546
0.0801495
0.0791833
0.151914
0.152024
0.14323
0.142972
0.0772849
0.0773608
0.154073
0.15607
0.144098
0.145347
0.0803273
0.079368
0.154071
0.156066
0.143229
0.142972
0.0772852
0.077361
0.151914
0.152024
0.0801471
0.0791831
0.143324
0.143065
0.0770819
0.0771581
0.1441
0.0803237
0.0793686
0.151915
0.152025
0.0772847
0.0773607
0.144198
0.080152
0.0791863
0.0770823
0.077159
0.151915
0.152025
0.1441
0.14535
0.0803289
0.0793709
0.154071
0.156064
0.143325
0.143067
0.0770822
0.0771581
0.080149
0.0791842
0.14323
0.142972
0.077285
0.077361
0.154072
0.156065
0.144098
0.145349
0.0803289
0.0793709
0.143324
0.143067
0.0770822
0.0771588
0.144196
0.145461
0.0801499
0.0791835
0.0716348
0.0945793
0.0932621
0.093517
0.0715616
0.0944016
0.0930969
0.0933503
0.0715983
0.094567
0.0932617
0.0935123
0.071529
0.0944008
0.0930969
0.0933501
0.0932622
0.093518
0.0715616
0.0944017
0.0930969
0.0933503
0.093262
0.0935119
0.0716079
0.0945656
0.0930969
0.0933503
0.0715361
0.0944006
0.0716195
0.0945758
0.0930969
0.0933501
0.0715362
0.0944007
0.0930969
0.0933502
0.0715983
0.0945675
0.0932625
0.0935126
0.071529
0.0944007
0.0930969
0.0933502
0.0716348
0.0945799
0.0932627
0.0935182
0.0715551
0.0944012
0.093262
0.0935123
0.0716079
0.094566
0.0930969
0.0933503
0.0715551
0.0944012
0.0932625
0.0935173
0.0716195
0.0945763
0.0943589
0.059902
0.0782839
0.0967597
0.0771751
0.0931686
0.0774304
0.0932318
0.0942367
0.0599933
0.103178
0.146732
0.0784721
0.0965854
0.145349
0.145461
0.103182
0.146728
0.0930037
0.0773782
0.143135
0.143031
0.0776295
0.0930673
0.143136
0.143031
0.0943526
0.0599008
0.0782817
0.0967407
0.0931685
0.077175
0.0774296
0.0932301
0.0942172
0.059994
0.103181
0.146728
0.0784708
0.0965817
0.0773781
0.0930037
0.143032
0.0776292
0.0930672
0.0931681
0.0771755
0.0774314
0.0932311
0.0942371
0.0599933
0.103178
0.146732
0.0784722
0.0965857
0.0773783
0.143136
0.0930041
0.143031
0.0776294
0.0930677
0.0771753
0.0931678
0.143127
0.0774296
0.0932297
0.0943538
0.0599003
0.0782815
0.0967409
0.0773779
0.0930037
0.0776287
0.0930673
0.094228
0.059993
0.103181
0.146731
0.0784703
0.0965831
0.0943577
0.0599014
0.103299
0.146851
0.0782813
0.0967556
0.0773781
0.143136
0.0930041
0.14303
0.0776286
0.0930677
0.103179
0.146729
0.094228
0.0599928
0.0784706
0.0965831
0.144197
0.145461
0.0930041
0.0773782
0.143136
0.143031
0.0776295
0.0930676
0.143231
0.143126
0.0943526
0.0599011
0.103304
0.146851
0.0782816
0.0967408
0.0931687
0.0771751
0.0774298
0.0932305
0.0942176
0.0599935
0.0784714
0.0965821
0.143229
0.143324
0.142972
0.143067
0.143231
0.0930036
0.0773782
0.143135
0.143032
0.0776295
0.0930673
0.094359
0.059902
0.103302
0.146852
0.0782841
0.0967597
0.0931685
0.0771754
0.143127
0.0774309
0.0932315
0.0942273
0.0599944
0.103179
0.146729
0.0784722
0.0965851
0.144196
0.145459
0.0771752
0.143231
0.0931684
0.143127
0.07743
0.0932301
0.0943544
0.0599004
0.1033
0.146849
0.0782821
0.0967412
0.0930037
0.0773782
0.0776296
0.0930673
0.146731
0.0942273
0.0599944
0.10318
0.0784719
0.0965851
0.0771755
0.143231
0.093169
0.143127
0.0774301
0.0932322
0.0943582
0.0599014
0.1033
0.146852
0.0782815
0.0967559
)
;
    }
}


// ************************************************************************* //
