/*--------------------------------*- C++ -*----------------------------------*\
| =========                 |                                                 |
| \\      /  F ield         | OpenFOAM: The Open Source CFD Toolbox           |
|  \\    /   O peration     | Version:  4.1                                   |
|   \\  /    A nd           | Web:      www.OpenFOAM.org                      |
|    \\/     M anipulation  |                                                 |
\*---------------------------------------------------------------------------*/
FoamFile
{
    version     2.0;
    format      ascii;
    class       volScalarField;
    location    "1";
    object      k;
}
// * * * * * * * * * * * * * * * * * * * * * * * * * * * * * * * * * * * * * //

dimensions      [0 2 -2 0 0 0 0];

internalField   nonuniform List<scalar> 
4432
(
0.399754
0.403505
0.408234
0.410933
0.414364
0.41777
0.42271
0.436326
0.42704
0.543854
0.641423
0.782022
0.563366
0.59385
0.456776
0.527861
0.560927
0.428186
0.471584
0.389059
0.418049
0.39225
0.374484
0.400203
0.361778
0.272354
0.221025
0.356191
0.271468
0.344301
0.375823
0.400226
0.352845
0.388914
0.376281
0.40182
0.386074
0.396226
0.384613
0.418514
0.413785
0.406391
0.401856
0.399328
0.396858
0.393572
0.390413
0.387051
0.387563
0.390376
0.401069
0.417038
0.415138
0.46315
0.400721
0.402135
0.405568
0.407558
0.410185
0.41267
0.416517
0.426484
0.419351
0.509836
0.554501
0.661428
0.524125
0.551903
0.438748
0.490326
0.512711
0.41536
0.442785
0.385485
0.401688
0.378187
0.35066
0.360971
0.3476
0.249129
0.178586
0.282356
0.226753
0.320334
0.328934
0.372637
0.317086
0.345088
0.347303
0.386704
0.36106
0.369477
0.37177
0.388905
0.39372
0.394837
0.394383
0.393924
0.393093
0.391373
0.389929
0.388284
0.390038
0.392943
0.401861
0.412829
0.406432
0.447647
0.0439085
0.0378497
0.0378127
0.0378361
0.0378694
0.0379142
0.0379669
0.0380428
0.0380979
0.0385886
0.038864
0.0387128
0.0387255
0.0393723
0.0390153
0.0393574
0.0391203
0.0396559
0.0402189
0.0397608
0.0383564
0.0383385
0.0399453
0.0376199
0.0379829
0.0404744
0.0402738
0.0384269
0.0405806
0.0385074
0.0392713
0.0395509
0.0409976
0.0393011
0.0409514
0.0392598
0.0407616
0.0400803
0.0396072
0.0381042
0.0390537
0.0390211
0.0378648
0.0376333
0.0373817
0.0370434
0.0370437
0.0370924
0.0371697
0.037278
0.0385082
0.0396503
0.0396352
0.0397442
0.0439057
0.0377834
0.0377391
0.037757
0.0377829
0.0378177
0.0378583
0.0379179
0.0379609
0.0383963
0.038315
0.0384127
0.0384993
0.0389863
0.0387754
0.038901
0.0387049
0.0390732
0.0398182
0.0392382
0.0379245
0.0375502
0.0393474
0.0372256
0.0378991
0.0402583
0.0394919
0.0381597
0.0397433
0.037806
0.0387703
0.0388891
0.0401579
0.0387602
0.0401653
0.03855
0.0400371
0.0393966
0.0392007
0.0386428
0.0395714
0.038651
0.0374956
0.0373489
0.0371858
0.0370038
0.0370509
0.0371112
0.0371848
0.0374766
0.038341
0.0389843
0.0387505
0.0393304
0.0439036
0.0377788
0.0377356
0.0377526
0.0377774
0.0378096
0.0378487
0.0378939
0.0379462
0.0381711
0.0382891
0.0382689
0.0383137
0.0386907
0.0388468
0.0393125
0.0399334
0.0403411
0.0398059
0.0395105
0.0403749
0.0410299
0.0404198
0.0401768
0.0403592
0.0408864
0.0401425
0.041775
0.0406548
0.0411689
0.0421601
0.0408595
0.0417943
0.0414258
0.0416327
0.0418778
0.0417675
0.0410375
0.0399486
0.0403473
0.0401613
0.0399512
0.0397434
0.0383885
0.0380047
0.0375764
0.0374797
0.0374558
0.0374574
0.0375156
0.0386597
0.0397558
0.0396202
0.0393643
0.0439006
0.0377103
0.0376656
0.0376786
0.0376967
0.0377198
0.0377475
0.0377796
0.037818
0.0380248
0.0381148
0.0380686
0.0380875
0.0384334
0.0385894
0.0389058
0.0395364
0.0397853
0.0394559
0.0387226
0.039988
0.04053
0.0398907
0.0394719
0.0400771
0.0397147
0.040196
0.0408596
0.0397037
0.0410694
0.0412042
0.0399064
0.0408593
0.040518
0.0407553
0.0410482
0.0409829
0.0402979
0.0395137
0.0397307
0.0395974
0.0394711
0.0393331
0.0380646
0.0377782
0.0375089
0.0374817
0.0374704
0.0374712
0.0376981
0.0384999
0.0390764
0.0387218
0.0389643
0.0438994
0.0377706
0.0377297
0.0377463
0.0377697
0.037838
0.0378385
0.0378827
0.0379401
0.038195
0.0382449
0.038244
0.0384032
0.0385271
0.0391484
0.0392442
0.039883
0.0399152
0.0404966
0.0413163
0.040566
0.0393289
0.040179
0.0401984
0.0408368
0.0415547
0.0404118
0.0412489
0.041969
0.0412394
0.0417377
0.042231
0.041779
0.0419488
0.0425202
0.0426425
0.0419004
0.0417501
0.0409706
0.04084
0.0402383
0.0388822
0.0400041
0.0395157
0.038029
0.0375616
0.0374766
0.0374539
0.0374561
0.0375359
0.0387061
0.0398071
0.0396589
0.0393858
0.0438972
0.0377103
0.0376615
0.0376732
0.0376902
0.0377501
0.0377396
0.0377712
0.037814
0.0380512
0.0380721
0.0380415
0.0381339
0.0382764
0.0387601
0.0388865
0.0393139
0.0400333
0.039723
0.0399609
0.0399069
0.0392017
0.0395665
0.0395729
0.0400806
0.039944
0.0404703
0.0403268
0.041042
0.0406702
0.0403411
0.0413151
0.0408882
0.041083
0.0416929
0.0418526
0.0411571
0.0410511
0.0403223
0.0402474
0.0397069
0.038408
0.0396159
0.0392009
0.0378143
0.0375085
0.0374801
0.0374697
0.0374704
0.0377265
0.0385402
0.0391149
0.0387499
0.0389782
0.0439014
0.0377649
0.0377196
0.0377346
0.0377564
0.0378196
0.0378211
0.0378631
0.0381151
0.0381855
0.0381018
0.0382639
0.0385511
0.0388461
0.0395179
0.0395101
0.0394971
0.0396111
0.0408357
0.040758
0.0402744
0.0394985
0.0413332
0.040289
0.042511
0.0424441
0.0406836
0.0424601
0.041911
0.0405875
0.0428305
0.0430659
0.0425863
0.0412215
0.0421792
0.0427871
0.0429008
0.0419699
0.0417733
0.041492
0.0403021
0.0400544
0.0400845
0.0395763
0.0380523
0.0375609
0.0374764
0.0374549
0.0374564
0.0376053
0.0387911
0.0398905
0.0397154
0.0394173
0.0438983
0.0376979
0.0376527
0.0376643
0.0376801
0.0377352
0.0377262
0.0377563
0.0379943
0.0380482
0.0379365
0.0380561
0.0382955
0.0385439
0.0391441
0.0391236
0.0389243
0.0390947
0.0401096
0.0402151
0.0394771
0.0390856
0.0406099
0.0409678
0.0403426
0.0416936
0.0413333
0.0412986
0.040874
0.0395242
0.0418252
0.0420704
0.041621
0.0402806
0.0412845
0.0419425
0.0421173
0.0412369
0.0411007
0.0408751
0.0397529
0.0395662
0.039678
0.0392448
0.037824
0.0375088
0.0374797
0.0374702
0.0374706
0.0377733
0.0385978
0.0391706
0.0387822
0.0390035
0.0438942
0.0377485
0.0377062
0.0377202
0.0377828
0.0380561
0.03804
0.0378419
0.0381817
0.0381191
0.0380919
0.0382758
0.03872
0.0392687
0.0394908
0.0395481
0.0403436
0.040749
0.0402215
0.0419229
0.042106
0.0415579
0.0429276
0.042256
0.042554
0.0432423
0.0423935
0.043764
0.0404991
0.0431099
0.0443304
0.0429677
0.0435232
0.0426909
0.0423542
0.0412004
0.043673
0.0420982
0.041865
0.0411071
0.0403293
0.0401152
0.0386155
0.0398764
0.0392475
0.0375586
0.0374742
0.0374548
0.0374564
0.0376871
0.0388959
0.0399901
0.0397813
0.0394615
0.0438924
0.0376958
0.0376452
0.0376546
0.0377121
0.0379781
0.0379529
0.0377438
0.0380704
0.0379887
0.0379356
0.038067
0.0384571
0.0388943
0.0391123
0.0389549
0.0398045
0.0399227
0.0395131
0.0408575
0.0409577
0.0406608
0.0423912
0.0426005
0.0405925
0.0425638
0.0411359
0.0409776
0.0393456
0.0420616
0.0433364
0.0420172
0.0426019
0.0417976
0.0415066
0.0403869
0.0429153
0.0413891
0.041211
0.0405094
0.0397912
0.0396405
0.0382026
0.0395593
0.0390269
0.0375469
0.0374799
0.0374711
0.0374709
0.0378401
0.0386759
0.0392364
0.0388217
0.039035
0.043897
0.0377415
0.0376934
0.0377051
0.0378189
0.0381
0.038029
0.0378985
0.0379525
0.0380574
0.0380772
0.0384158
0.038551
0.039226
0.0397585
0.0400757
0.0405097
0.0412827
0.0415324
0.0427137
0.042528
0.0433472
0.0430017
0.0440125
0.042646
0.0409864
0.041536
0.0417998
0.0436003
0.0429252
0.0444101
0.0420672
0.0431302
0.0427117
0.0424611
0.0435362
0.0420912
0.0408763
0.0418662
0.0417532
0.0415445
0.0402111
0.038583
0.0398467
0.0392165
0.0375555
0.0374723
0.0374567
0.0374574
0.0378072
0.0390299
0.0401034
0.0398494
0.0395102
0.0438939
0.0376789
0.0376326
0.0376416
0.0377508
0.0380245
0.0379446
0.0377265
0.0378435
0.0379311
0.0379236
0.0382105
0.0384308
0.0388571
0.0391181
0.0395087
0.0399335
0.0404822
0.0407594
0.0403024
0.0400228
0.0423555
0.0425453
0.0431906
0.0420735
0.0403637
0.0416808
0.0418014
0.0396829
0.0413165
0.043156
0.0410647
0.0421802
0.0417966
0.041659
0.0427521
0.0413101
0.0401813
0.0412331
0.04118
0.0410315
0.0397552
0.0381892
0.0395484
0.0390182
0.0375457
0.0374791
0.0374731
0.0374718
0.0379203
0.0387583
0.0393043
0.0388564
0.0390751
0.0438869
0.0377162
0.037672
0.0376829
0.0377494
0.0377794
0.0377526
0.0378631
0.0381171
0.0381976
0.0380527
0.0384021
0.0387655
0.0389833
0.0399884
0.0403666
0.0405437
0.0417815
0.0436985
0.0431436
0.0441424
0.044939
0.0441061
0.0427341
0.0439473
0.0421083
0.042127
0.0392634
0.0448225
0.0435501
0.0454462
0.0433485
0.0430007
0.0417527
0.0410467
0.0420133
0.0420541
0.0421388
0.0419505
0.0417218
0.0415111
0.041305
0.0398438
0.039426
0.0391132
0.0375471
0.0374682
0.0374576
0.0374578
0.0379137
0.0391426
0.040195
0.0398998
0.0395661
0.0438855
0.0376741
0.0376212
0.0376283
0.0376912
0.0377159
0.0376821
0.0377062
0.0380231
0.0380885
0.0379123
0.0382143
0.038643
0.0386013
0.0392429
0.0397843
0.0396572
0.0409612
0.042522
0.0420881
0.0425939
0.0440199
0.0428409
0.0421613
0.0413358
0.0419434
0.0439505
0.0407399
0.0429268
0.0434705
0.0424191
0.0426017
0.0421915
0.0408924
0.0417117
0.0414357
0.0401793
0.0414244
0.0413647
0.04119
0.0410335
0.0408825
0.0394806
0.0391493
0.0389444
0.0375395
0.0374763
0.0374736
0.0374722
0.037987
0.0388273
0.0393538
0.0388758
0.0391172
0.0438902
0.0377075
0.0376564
0.0376653
0.0377421
0.037702
0.0377293
0.0377651
0.0382194
0.0380928
0.0381839
0.0384247
0.0388116
0.0393208
0.0401483
0.0414291
0.0421709
0.0431674
0.0443158
0.0436226
0.0430482
0.0468455
0.0454098
0.0444616
0.0431445
0.042186
0.0450916
0.0392635
0.0421221
0.0433
0.0455279
0.04172
0.0427031
0.0442203
0.0394434
0.0388965
0.0426859
0.0419481
0.0425837
0.041608
0.0413393
0.0410961
0.0396025
0.0392038
0.0389367
0.0375305
0.0374602
0.0374555
0.0374573
0.0379763
0.0392021
0.0402273
0.0399001
0.0396134
0.0438873
0.0376527
0.037605
0.0376121
0.037685
0.0376386
0.037658
0.0376833
0.0381246
0.0379796
0.0380415
0.0382338
0.0385333
0.0389163
0.0393246
0.0404591
0.041329
0.0420714
0.0432515
0.0426882
0.0442942
0.0473528
0.0441854
0.0413698
0.0442987
0.0408862
0.0452887
0.0379979
0.0442222
0.0426445
0.0444332
0.0424774
0.0421414
0.0435625
0.0403971
0.0385035
0.0399514
0.0413053
0.0421428
0.0412159
0.04099
0.0407928
0.0393497
0.0390315
0.0389253
0.037534
0.0374725
0.037473
0.0374725
0.0380153
0.038843
0.039347
0.0388574
0.039163
0.0438773
0.0376739
0.0376273
0.0376347
0.0377085
0.0376642
0.0376876
0.0377212
0.0378875
0.0378541
0.0381283
0.0385704
0.0385262
0.0395323
0.0402022
0.0418147
0.0428112
0.0429971
0.0439713
0.0455239
0.0473131
0.0482344
0.0470874
0.0497409
0.0485084
0.0490286
0.0429704
0.0441812
0.0408928
0.0455171
0.0449452
0.0437923
0.0410726
0.0425149
0.0426271
0.0422374
0.0426769
0.0418928
0.0425198
0.042325
0.0420137
0.0410736
0.0394544
0.0395629
0.0390287
0.0375483
0.0374601
0.0374568
0.0374604
0.0380162
0.0392185
0.0402161
0.0398887
0.0396916
0.0438766
0.0376452
0.0375899
0.0375945
0.037666
0.0376178
0.0376361
0.0376616
0.0378184
0.0377664
0.0380176
0.0384049
0.0382804
0.0388666
0.0393813
0.0407278
0.0419514
0.0415193
0.0427588
0.0437103
0.0454343
0.0459822
0.045374
0.0481772
0.049228
0.0433488
0.0475612
0.0458269
0.043846
0.0452613
0.0481528
0.0440911
0.0412549
0.0426488
0.0442172
0.0425052
0.0416994
0.0418458
0.0425173
0.042342
0.0420301
0.0410958
0.0394929
0.0396572
0.0390526
0.0375698
0.0374868
0.0374839
0.0375389
0.0381405
0.0389442
0.0394349
0.038934
0.0392829
0.0438811
0.0376638
0.0376095
0.037616
0.0376274
0.0376439
0.037667
0.0378098
0.0377531
0.0378276
0.0379478
0.0386733
0.0388766
0.0392779
0.0395691
0.0411314
0.0422083
0.0430839
0.0456981
0.0463626
0.0498199
0.0504077
0.0528814
0.0574108
0.0637548
0.0628844
0.0544981
0.050494
0.0531419
0.0497322
0.0455047
0.0469204
0.0443991
0.0475409
0.046873
0.0456645
0.0429718
0.0417454
0.0430627
0.0435013
0.0431162
0.0408148
0.0387159
0.0402437
0.0408854
0.0393486
0.0375835
0.0374996
0.0377362
0.0384787
0.0396137
0.0405519
0.0401503
0.0399199
0.0438785
0.0376202
0.0375707
0.0375762
0.0375842
0.0375958
0.0376119
0.0377458
0.0376752
0.0377306
0.0378234
0.0384954
0.038615
0.0389029
0.0389819
0.0403643
0.0420686
0.0427132
0.0445111
0.0444584
0.0482354
0.0486514
0.0547695
0.0609274
0.057963
0.0671511
0.0510079
0.0492354
0.0470719
0.0506388
0.0512098
0.0453539
0.0444635
0.04766
0.0466672
0.0457528
0.0430086
0.0418899
0.0432055
0.0436367
0.0432493
0.0409543
0.0388715
0.0404413
0.0411351
0.0396761
0.0379282
0.03785
0.0380759
0.03861
0.0393357
0.0397519
0.0391237
0.0394565
0.0438659
0.0376233
0.0375739
0.037578
0.0375851
0.0375966
0.0376133
0.0377534
0.0376875
0.0377516
0.0378578
0.0386324
0.0388225
0.0392037
0.0398042
0.0400096
0.0418962
0.0425273
0.0461861
0.0484649
0.0500209
0.0621081
0.0754035
0.100261
0.094865
0.0872627
0.0692209
0.0699879
0.062592
0.0602997
0.0557898
0.0553935
0.0541474
0.0522711
0.0485838
0.0476172
0.0459782
0.0446834
0.0467602
0.0452725
0.0445908
0.0433475
0.0425377
0.0415062
0.0400364
0.0389316
0.0385884
0.0384358
0.0385709
0.0391681
0.040173
0.0409842
0.0403769
0.0401734
0.0438661
0.0376102
0.0375526
0.0375548
0.0375607
0.0375703
0.0375834
0.0377186
0.0376423
0.0376948
0.0377745
0.0385138
0.0388884
0.0391717
0.0388623
0.0393309
0.041676
0.041797
0.044074
0.0461807
0.0467734
0.0580822
0.0700669
0.0868331
0.126289
0.0996927
0.0752031
0.0578817
0.0562006
0.0565113
0.0527494
0.0505581
0.0514555
0.0502124
0.0450197
0.045716
0.0429223
0.0430825
0.0454106
0.0440156
0.0434694
0.0423485
0.0416798
0.0407501
0.0394358
0.0384622
0.0382523
0.0381825
0.038326
0.0387967
0.0394756
0.0398196
0.0391229
0.0396007
0.0438696
0.0376712
0.0375521
0.0378813
0.0379646
0.0379757
0.0383065
0.0379387
0.0378088
0.0377267
0.0378252
0.0382173
0.0383683
0.0390683
0.0399497
0.0399581
0.0423711
0.0432308
0.0440987
0.0459393
0.0553692
0.06632
0.085702
0.21954
0.251553
0.190476
0.107415
0.0827925
0.0716749
0.070426
0.0578879
0.054375
0.0544112
0.0530412
0.0521043
0.0506155
0.0464974
0.0475929
0.0477676
0.0458976
0.0466
0.0452121
0.0426136
0.0427832
0.042159
0.0394867
0.0405012
0.0403878
0.0389188
0.0394037
0.0403947
0.0411267
0.0404217
0.040614
0.0438675
0.0376422
0.0375292
0.0378574
0.0379388
0.037946
0.0382707
0.0378937
0.0377524
0.0376542
0.0377254
0.0380763
0.0384334
0.0391551
0.039093
0.0389604
0.0405676
0.042064
0.0408662
0.0469998
0.0519669
0.0600578
0.100438
0.177305
0.236089
0.157942
0.0951617
0.0771675
0.0727208
0.0678416
0.0554366
0.0525623
0.0529181
0.0517273
0.0508399
0.049481
0.0464332
0.0474397
0.0473877
0.0452739
0.0461756
0.0447283
0.0423054
0.0425718
0.0420266
0.0394429
0.0405718
0.0404892
0.0390217
0.0393522
0.0399498
0.0402402
0.0393677
0.0401975
0.04385
0.0379594
0.0379186
0.0375182
0.0376673
0.037935
0.0383771
0.0378851
0.0381693
0.0383971
0.0379993
0.0377968
0.0384615
0.0384057
0.0394988
0.0389784
0.0401892
0.0407502
0.0450653
0.0498463
0.0575896
0.106296
0.32705
0.354288
0.821264
0.253426
0.160493
0.119734
0.0889032
0.0809919
0.070122
0.0685278
0.0608755
0.0615566
0.0595948
0.0531517
0.0524942
0.0504049
0.0486939
0.050647
0.0484617
0.0467469
0.0445493
0.0451458
0.0438377
0.0437761
0.0423986
0.0410527
0.0409741
0.0405624
0.0422414
0.0418961
0.0407686
0.0434455
0.0438538
0.0376296
0.037575
0.0375107
0.0376636
0.0379309
0.0383715
0.0378752
0.0381541
0.0379164
0.0376579
0.037729
0.0383615
0.038749
0.0388378
0.0385189
0.0387765
0.0403048
0.0429257
0.0472564
0.0584271
0.0945404
0.284417
0.244783
0.684702
0.307576
0.164596
0.114476
0.0758953
0.0720188
0.0595218
0.0612958
0.0544685
0.0544987
0.0526207
0.0483478
0.047492
0.0464874
0.0485803
0.0461761
0.0466938
0.0429205
0.0431537
0.0439131
0.0427626
0.0421305
0.0417755
0.0391571
0.0399019
0.0395238
0.03999
0.0410743
0.0405269
0.0425678
0.0438578
0.0375566
0.0375603
0.0379053
0.0379172
0.037934
0.0382941
0.037886
0.0377066
0.0382687
0.037992
0.0382734
0.0384229
0.0385678
0.0390679
0.0385065
0.0393986
0.0399496
0.0438752
0.0442336
0.0487738
0.0698103
0.151898
1.12897
2.48415
0.269086
0.160186
0.12047
0.082662
0.0799491
0.0963634
0.068641
0.0600026
0.0478396
0.0529508
0.0478924
0.0531471
0.0543907
0.0485258
0.0481143
0.0450164
0.0460324
0.0432498
0.043436
0.0437969
0.043034
0.039844
0.0397312
0.0396733
0.0394924
0.0421634
0.0415812
0.0403717
0.0436463
0.0441311
0.0379543
0.0375618
0.0379056
0.0383247
0.0378485
0.0379467
0.0378585
0.0378205
0.0378884
0.038123
0.0378797
0.0379937
0.0383893
0.0385877
0.0378875
0.0389843
0.0396057
0.0427996
0.0420754
0.0449537
0.0621969
0.183806
0.726005
2.88022
0.260779
0.151117
0.115177
0.0861919
0.0736569
0.0705667
0.0659323
0.0614849
0.0544542
0.0475104
0.0444045
0.0468806
0.0449063
0.0468367
0.0430693
0.0451569
0.0438815
0.0435444
0.0417838
0.0407649
0.040656
0.0398688
0.0391632
0.0393584
0.0395551
0.0403522
0.0399612
0.0414903
0.0405149
0.0441193
0.0382858
0.0378509
0.0375688
0.0374922
0.038021
0.0382087
0.0379802
0.0378626
0.038199
0.0377108
0.0377478
0.0381706
0.0382552
0.0379
0.038515
0.038881
0.040957
0.0402414
0.0377234
0.0401691
0.0471483
0.0645583
7.97325
0.337966
0.215061
0.130192
0.0843827
0.126389
0.0762661
0.0675927
0.0618477
0.0517929
0.0530454
0.0499365
0.0524868
0.0507457
0.0413276
0.0447302
0.0431534
0.0436809
0.042244
0.0425794
0.0416482
0.0380435
0.0402456
0.0437685
0.0410373
0.0373986
0.0406463
0.0407653
0.0403174
0.0448752
0.0438582
0.0378959
0.0382428
0.0379853
0.0380044
0.0382861
0.0378647
0.0376191
0.0377831
0.0376673
0.0380718
0.0381163
0.0378079
0.0378878
0.0384926
0.038137
0.0388883
0.0398262
0.0402449
0.0388816
0.0426174
0.0494207
0.0633371
3.01112
0.404867
0.195949
0.103554
0.170791
0.0913911
0.102501
0.0776131
0.0594795
0.0524853
0.0505763
0.0512235
0.0418429
0.0442275
0.0467861
0.0383495
0.0436573
0.0473464
0.0473492
0.043038
0.0379841
0.0374202
0.0373649
0.0374088
0.0374209
0.0373442
0.0385841
0.0381341
0.041164
0.0422831
0.0438493
0.0379553
0.0378439
0.0379187
0.0378544
0.0376717
0.0375909
0.0381083
0.0378834
0.0380657
0.0384923
0.0381454
0.0382409
0.0382899
0.0380174
0.039207
0.0390763
0.0405933
0.0414751
0.0407154
0.0413633
0.040543
0.0686344
0.0776905
0.136982
0.0956969
0.0841483
0.0496957
0.0320444
0.0396526
0.0489783
0.0446285
0.0462559
0.0395691
0.0443789
0.0411661
0.0441134
0.0407244
0.0386198
0.0396069
0.0382626
0.0391828
0.038859
0.0380031
0.0378039
0.0379472
0.0371844
0.0371364
0.0372187
0.0373659
0.0374248
0.0384426
0.0407271
0.1051
0.043855
0.0379557
0.0379079
0.037989
0.0379334
0.0376753
0.0375914
0.0381071
0.0380219
0.0380618
0.0382986
0.0381489
0.0377944
0.0378352
0.038522
0.0392323
0.0391041
0.039382
0.0400333
0.0389633
0.0452429
0.0449532
0.0689609
0.0189776
1.46764
0.0688359
0.0658983
0.0585691
0.0487716
0.0423937
0.0459819
0.0420774
0.0398198
0.0396096
0.0428127
0.0413502
0.0428924
0.0387168
0.0386848
0.0399438
0.0383934
0.0392226
0.0388727
0.0380988
0.0379708
0.0373395
0.0373423
0.0373481
0.0373784
0.0374426
0.0375044
0.038322
0.0400748
0.104649
0.0438509
0.0376117
0.0374901
0.0379203
0.0379296
0.0379588
0.0383545
0.0384012
0.037904
0.03792
0.0381076
0.0379491
0.0379861
0.0388905
0.038721
0.0392032
0.0392717
0.0399174
0.0403652
0.0403391
0.0431878
0.047046
0.0387962
0.0481386
0.0620417
0.0575871
0.0440768
0.0469695
0.043533
0.0484831
0.044364
0.0393345
0.0427002
0.0419419
0.0415149
0.0422728
0.040366
0.0370071
0.0386228
0.0394252
0.0371045
0.0371883
0.0379218
0.0379294
0.0378856
0.03721
0.0372291
0.0372427
0.0372824
0.037362
0.0374862
0.0387243
0.0398494
0.0775998
0.0438511
0.037615
0.0374925
0.0379235
0.0379326
0.0379623
0.0383583
0.0384053
0.037908
0.0379235
0.0381109
0.0379564
0.0379934
0.0386626
0.0381705
0.039233
0.0393365
0.0399791
0.0402751
0.0422248
0.0416761
0.0459972
0.0535202
0.053664
0.0561791
0.0644037
0.0522512
0.0479347
0.0469282
0.0484194
0.0413184
0.0430699
0.0428895
0.0402273
0.0416883
0.0442469
0.0420441
0.0402766
0.0386587
0.03957
0.037225
0.0373029
0.0380314
0.038032
0.0379817
0.0373155
0.0373236
0.0373352
0.0373677
0.0374278
0.0375479
0.0384286
0.0392291
0.0769466
0.0438519
0.0375502
0.0374919
0.0374871
0.0379426
0.0378791
0.0374887
0.0380185
0.0383476
0.0383912
0.0386148
0.0387116
0.0382638
0.0374444
0.0377552
0.0389438
0.0396332
0.0393556
0.0378314
0.042304
0.0460087
0.0425888
0.0452137
0.0516404
0.0565317
0.0449986
0.0510729
0.0442733
0.0441089
0.0454784
0.0451268
0.037152
0.0420515
0.0445087
0.0407408
0.0418603
0.0383279
0.0372317
0.0381379
0.0371418
0.0372481
0.0372604
0.0372963
0.0372778
0.0377177
0.037266
0.0372689
0.0372801
0.0373181
0.0373958
0.0376132
0.0390396
0.0396567
0.0659161
0.0438519
0.0375516
0.0374939
0.0374893
0.0379452
0.0378816
0.0374911
0.0380217
0.0383499
0.0383935
0.0386181
0.0387178
0.0382645
0.0381209
0.037786
0.038988
0.0396942
0.0394314
0.0379861
0.0413507
0.0425876
0.0438615
0.0433634
0.0506367
0.0458481
0.0475714
0.0442841
0.0405363
0.047863
0.0438268
0.0455147
0.0403178
0.0421382
0.0448612
0.0425969
0.0419839
0.037036
0.0372811
0.03825
0.0372253
0.037328
0.0373347
0.0373662
0.0373457
0.0377936
0.0373364
0.0373429
0.0373554
0.0373879
0.0374475
0.0378348
0.0386217
0.0389375
0.0651238
0.0438506
0.037547
0.037489
0.0374838
0.0378763
0.0378788
0.037909
0.0384467
0.0383948
0.0384353
0.0384902
0.0382023
0.0377035
0.0384179
0.0388136
0.0377232
0.0387353
0.039736
0.0402922
0.0406997
0.0375883
0.0364864
0.0425211
0.0476027
0.0447908
0.0466421
0.0436966
0.0375699
0.0433931
0.0432242
0.0418954
0.04178
0.0427902
0.0427288
0.0404149
0.0425964
0.0398148
0.0372108
0.0382106
0.03727
0.0373055
0.0373451
0.0373274
0.0378186
0.0382382
0.0373049
0.037311
0.0373202
0.0373545
0.0374263
0.0379497
0.0392641
0.0395822
0.0595774
0.0438509
0.0375508
0.0374926
0.0374875
0.0378805
0.0378833
0.0379139
0.0384529
0.0384006
0.038442
0.0384987
0.0382131
0.0377188
0.0384813
0.0385484
0.0377653
0.0388102
0.0398325
0.040425
0.0407563
0.0383579
0.0368586
0.0426886
0.0496787
0.0511262
0.0378201
0.0435374
0.0382083
0.0435311
0.0435877
0.0422274
0.041698
0.0429319
0.0428666
0.0404511
0.0427344
0.0400104
0.0372785
0.0382936
0.0373336
0.0373659
0.0374019
0.0373817
0.0378724
0.0382997
0.0373616
0.0373711
0.0373816
0.037411
0.0374662
0.0380334
0.0387418
0.0388109
0.0586958
0.0438509
0.0375465
0.0374881
0.0374826
0.0378838
0.0378864
0.0379237
0.0383738
0.0385355
0.0384865
0.0386923
0.0382256
0.038336
0.0386153
0.0380035
0.0388676
0.0388258
0.0380589
0.0397925
0.0422439
0.0437752
0.0412067
0.0429598
0.0468114
0.0451872
0.0377776
0.0370629
0.0424883
0.0419693
0.0423921
0.039514
0.0410004
0.0406969
0.0431457
0.0401767
0.0410108
0.0384746
0.0372825
0.0373325
0.0373311
0.0373375
0.0373433
0.0373474
0.0373424
0.0373356
0.0373394
0.0373362
0.0373443
0.0373754
0.0374425
0.0381152
0.0393653
0.0395491
0.0556877
0.0438511
0.0375492
0.0374913
0.0374861
0.0378876
0.0378905
0.037928
0.0383784
0.0385411
0.0384918
0.0387004
0.0382347
0.038354
0.0383789
0.0376919
0.0389147
0.0389093
0.0378093
0.0398874
0.0424057
0.0439883
0.0413093
0.0431462
0.0460026
0.0458374
0.0432937
0.0374318
0.0424487
0.0415525
0.0426765
0.0421838
0.041091
0.0407745
0.0432464
0.0403129
0.0412215
0.040755
0.0372702
0.0373861
0.0373811
0.0373853
0.037389
0.0373917
0.0373862
0.0373805
0.0373876
0.0373878
0.0373975
0.0374247
0.0374765
0.0381353
0.0388029
0.0387448
0.0547336
0.0438498
0.0375438
0.0374854
0.0374797
0.0378888
0.037891
0.0379365
0.0383982
0.0385654
0.0385187
0.0387327
0.0380616
0.0378337
0.0384713
0.0385115
0.037584
0.0390793
0.0393262
0.0376485
0.0370758
0.040306
0.0412022
0.0402984
0.0428302
0.0434878
0.0388612
0.0381361
0.0444299
0.0439662
0.0402189
0.0372254
0.0394794
0.0404571
0.0414351
0.0383431
0.0405457
0.0393429
0.0372756
0.0373613
0.0373487
0.0373439
0.0373496
0.0373537
0.0373589
0.0373539
0.0373506
0.0373495
0.0373579
0.0373872
0.0374503
0.0381817
0.0393983
0.0395054
0.0530221
0.0438501
0.0375486
0.0374901
0.0374846
0.0378943
0.037897
0.037943
0.0384055
0.038574
0.0385276
0.0387453
0.0380751
0.0378528
0.0385019
0.0385518
0.0376334
0.0391533
0.0391117
0.0377259
0.0371773
0.0404383
0.0414076
0.0406629
0.0401104
0.0411287
0.0425382
0.0392676
0.0441278
0.0409262
0.040588
0.040613
0.0394619
0.0405309
0.041544
0.0397842
0.0406903
0.0404031
0.0373054
0.0374138
0.0373988
0.037392
0.0373957
0.0373983
0.0374027
0.0373981
0.0373965
0.0373977
0.0374068
0.0374323
0.0374812
0.0381774
0.0388248
0.0386974
0.0520432
0.0438501
0.0375435
0.0374848
0.0374789
0.0378955
0.0379034
0.0374792
0.0379655
0.0384784
0.0386555
0.0381743
0.0376073
0.0376004
0.0384294
0.0384326
0.0387895
0.0387536
0.0376624
0.0373139
0.0371092
0.0400949
0.0416189
0.0389364
0.041426
0.0439303
0.0397793
0.0374932
0.0427671
0.0428594
0.0399725
0.0381776
0.0400212
0.0396807
0.039718
0.038615
0.0381638
0.0391383
0.0372934
0.0373858
0.0379836
0.0373596
0.0373517
0.0373638
0.037723
0.0373555
0.0373574
0.0373577
0.037366
0.0373936
0.0374537
0.0382079
0.0394063
0.0394769
0.0510899
0.0438503
0.0375473
0.0374891
0.0374834
0.0379006
0.0379089
0.0374848
0.0379716
0.0384852
0.0386638
0.0381835
0.0376153
0.0377836
0.0384625
0.0385049
0.0376307
0.0389768
0.0391766
0.0374598
0.0372167
0.0402228
0.0416829
0.0391623
0.0399935
0.0434189
0.03934
0.0400075
0.042863
0.0404021
0.0400419
0.0380265
0.0400872
0.0397454
0.0398101
0.0399657
0.0392052
0.0391976
0.0373473
0.0374375
0.0380341
0.0374073
0.0373976
0.0374082
0.0377667
0.0373988
0.0374019
0.0374037
0.0374125
0.0374367
0.0374835
0.0381978
0.0388308
0.0386681
0.0500838
0.0438492
0.0375412
0.0374827
0.037476
0.0379481
0.0379088
0.0374745
0.0379772
0.0380578
0.0381537
0.0382717
0.0382704
0.0388529
0.0385165
0.0385993
0.0385269
0.0388757
0.040391
0.0390956
0.0375608
0.0375654
0.0403301
0.0418712
0.0416282
0.0389567
0.038943
0.0396954
0.0401644
0.0418965
0.03724
0.0392345
0.0393746
0.0394624
0.0392772
0.040203
0.0382379
0.0372906
0.037369
0.0379934
0.039007
0.0373201
0.0373545
0.0377395
0.0380312
0.0373559
0.0373618
0.0373635
0.0373719
0.037398
0.0374559
0.0382207
0.039406
0.0394477
0.0496166
0.0438495
0.0375468
0.0374882
0.0374818
0.0379546
0.0379158
0.0374817
0.0379854
0.0380664
0.0381644
0.0382836
0.0382875
0.0390304
0.0385533
0.0386413
0.0385711
0.0389386
0.0404172
0.039171
0.0376427
0.0376481
0.0404437
0.0419117
0.0417618
0.0418183
0.0374235
0.0398754
0.0402116
0.0419568
0.0372926
0.0391928
0.0394344
0.0395238
0.0393343
0.0402667
0.0384015
0.0373445
0.0374241
0.0380489
0.0390615
0.0373696
0.0374023
0.0377866
0.0380772
0.0373997
0.0374056
0.0374079
0.0374163
0.0374393
0.0374846
0.0382057
0.0388345
0.0386399
0.0486072
0.0438496
0.0375414
0.0374825
0.0374804
0.0375248
0.03793
0.0379316
0.0379911
0.0381388
0.0380661
0.0387754
0.0382211
0.0382142
0.0383506
0.0384139
0.0386252
0.0387571
0.0387101
0.0390318
0.0391616
0.039707
0.0416587
0.041248
0.0419284
0.0406341
0.0389616
0.0409224
0.0390252
0.0409014
0.0376532
0.0406015
0.0390658
0.0384515
0.0400596
0.0397116
0.0387895
0.0385949
0.037339
0.0383942
0.0383522
0.0373576
0.0373536
0.03768
0.0376769
0.0373617
0.0373657
0.0373679
0.0373757
0.0374009
0.0374576
0.0382433
0.0394097
0.0394239
0.0484844
0.0438498
0.037546
0.0374875
0.0374858
0.0375304
0.0379363
0.0379383
0.0379983
0.0381466
0.0380747
0.0387869
0.0382328
0.0383531
0.038506
0.0384542
0.0386693
0.0388127
0.0387424
0.0391061
0.0392489
0.0397994
0.0416851
0.0413286
0.0420075
0.0405588
0.0375699
0.0389571
0.0389594
0.0409653
0.0377117
0.039389
0.0391351
0.0385163
0.040126
0.0397636
0.037961
0.0386561
0.0373953
0.0384516
0.0384069
0.0374078
0.0374019
0.0377275
0.0377227
0.0374053
0.0374088
0.0374113
0.0374192
0.0374418
0.0374863
0.0382257
0.0388337
0.038622
0.0474659
0.0438488
0.0375398
0.037481
0.0374795
0.0374723
0.0379739
0.0379444
0.0374746
0.0380942
0.0380958
0.0381153
0.0389697
0.0389404
0.0383541
0.0374921
0.038617
0.0397797
0.0387321
0.0389055
0.0404663
0.0398447
0.0384565
0.0396219
0.0401131
0.0399447
0.0400075
0.0407275
0.0407758
0.0402535
0.0388057
0.0396687
0.0382577
0.038798
0.0397907
0.0385952
0.0378991
0.0379987
0.0382811
0.0382962
0.0373189
0.0373475
0.0373529
0.037356
0.0373613
0.0373674
0.0373701
0.0373727
0.0373803
0.0374054
0.0374612
0.0382795
0.0394238
0.0393889
0.0475618
0.0438492
0.0375458
0.037487
0.0374858
0.037479
0.0379814
0.0379525
0.0374828
0.038104
0.0381057
0.038128
0.0389874
0.0390759
0.0385104
0.0375247
0.0386587
0.0386211
0.0388863
0.0402941
0.0406334
0.0399405
0.0380805
0.0396419
0.0401456
0.040009
0.0387269
0.0396372
0.0396605
0.0402728
0.0388637
0.0385735
0.0384626
0.0388575
0.0398529
0.0386554
0.0379739
0.0380558
0.0383381
0.0383519
0.0373701
0.0373971
0.0374006
0.0374018
0.0374054
0.03741
0.0374118
0.0374143
0.0374222
0.0374445
0.037488
0.0382448
0.0388373
0.0385635
0.046545
0.0438492
0.0375403
0.0374813
0.0374798
0.0374781
0.0375126
0.0379727
0.0379711
0.0380449
0.0381146
0.0375258
0.0382598
0.0389999
0.0392032
0.0385141
0.0385662
0.0385252
0.0387577
0.0401439
0.0404519
0.0393963
0.037871
0.0398724
0.0401439
0.0387777
0.0380745
0.0399655
0.0397052
0.0400105
0.0395615
0.0385098
0.0383263
0.0376153
0.0383846
0.0373026
0.0379334
0.038141
0.038234
0.0376136
0.0373695
0.0373506
0.0373563
0.0373617
0.0373668
0.0373711
0.0373739
0.0373764
0.0373838
0.0374091
0.037465
0.0383462
0.0393749
0.0392373
0.0467903
0.0438495
0.0375454
0.0374868
0.0374855
0.0374842
0.037519
0.0379799
0.0379786
0.038053
0.0381231
0.0375355
0.0382735
0.0390212
0.0392307
0.0385434
0.0386038
0.0396891
0.0387371
0.0389418
0.0404182
0.0394607
0.0378083
0.0399321
0.0402043
0.038803
0.038209
0.0389188
0.0380842
0.0396053
0.0396358
0.038574
0.03839
0.0376776
0.0384473
0.0373624
0.0379935
0.0382026
0.0382922
0.0376697
0.0374216
0.0374007
0.0374043
0.0374077
0.0374108
0.0374134
0.0374152
0.0374174
0.0374254
0.0374478
0.037492
0.0382701
0.038732
0.0384901
0.0457988
0.0438487
0.0375391
0.0374802
0.0374786
0.0374773
0.0374759
0.0374675
0.0380076
0.0380159
0.0375023
0.0381781
0.0381744
0.0383169
0.0390882
0.0393531
0.0395248
0.0386162
0.0386806
0.038707
0.0389664
0.0389743
0.0390669
0.0393271
0.0386665
0.0385949
0.0390536
0.0391141
0.0385041
0.0386899
0.0383122
0.037535
0.0378417
0.0373868
0.0377135
0.037381
0.0377231
0.0380878
0.0379407
0.0382009
0.037503
0.0373586
0.0373641
0.0373685
0.037373
0.0373768
0.0373794
0.0373815
0.0373896
0.0374162
0.037474
0.0383475
0.0393177
0.0392808
0.0462955
0.0438491
0.037545
0.0374862
0.0374849
0.037484
0.037483
0.037475
0.0380161
0.0380248
0.0375117
0.0381904
0.0381889
0.0383358
0.0391146
0.0393847
0.039562
0.0386053
0.0387368
0.0388112
0.0375569
0.0389896
0.0405574
0.039454
0.0390572
0.0386961
0.0391224
0.0391525
0.0381217
0.038567
0.0386739
0.0375923
0.0379067
0.0374417
0.0377703
0.037434
0.0377766
0.038143
0.0379886
0.0382541
0.0375522
0.0374045
0.0374083
0.0374111
0.0374138
0.0374161
0.0374176
0.0374199
0.0374281
0.0374523
0.0374945
0.0382556
0.0388514
0.0385919
0.0455477
0.0438399
0.0374319
0.0373675
0.0373591
0.0373483
0.0373346
0.0373179
0.0372906
0.0378467
0.0381139
0.0372146
0.0379342
0.0378529
0.0379685
0.0383302
0.0381335
0.0385149
0.0386936
0.0398465
0.0402774
0.0399193
0.0407754
0.0412206
0.0431655
0.0406701
0.0418445
0.0419593
0.0428298
0.0401727
0.0396003
0.0395826
0.0397263
0.0391489
0.0392363
0.0385344
0.0383269
0.0384429
0.0393524
0.0387189
0.038578
0.0376981
0.0375946
0.037533
0.0374715
0.0374227
0.0373876
0.0373784
0.0373642
0.0373671
0.0374266
0.0387489
0.0403193
0.0400867
0.0463131
0.0438395
0.0374322
0.0373682
0.0373598
0.0373489
0.0373352
0.0373184
0.0372908
0.0378472
0.0381241
0.037213
0.0379412
0.0378599
0.0379796
0.0383582
0.0381413
0.0385499
0.0387344
0.0398898
0.0403359
0.0400647
0.0396859
0.0411823
0.0408764
0.0425574
0.043167
0.0398196
0.0433111
0.0404373
0.0398599
0.0398937
0.0402812
0.039494
0.0394581
0.038719
0.0384992
0.0386328
0.0389936
0.0388074
0.0387645
0.0377597
0.0376634
0.0375912
0.0375246
0.0374694
0.0374277
0.0374095
0.0373902
0.0373924
0.0375834
0.0387728
0.0395905
0.0392549
0.044993
0.400794
0.388234
0.384766
0.383832
0.383749
0.38365
0.384054
0.383103
0.38531
0.379318
0.379395
0.38753
0.383292
0.382489
0.374277
0.378094
0.377293
0.373587
0.390387
0.390668
0.384362
0.403419
0.3999
0.418069
0.415657
0.406541
0.396983
0.38183
0.399213
0.413949
0.436227
0.422526
0.393136
0.382032
0.373374
0.360337
0.332255
0.293475
0.347475
0.297155
0.361002
0.320159
0.311627
0.276795
0.224894
0.131821
0.090757
0.194296
0.278108
0.323732
0.513485
0.838835
0.451104
0.401588
0.399545
0.390277
0.388041
0.387515
0.387466
0.387475
0.387714
0.386946
0.389022
0.382586
0.384797
0.385555
0.384723
0.384404
0.385419
0.394665
0.389725
0.379748
0.405431
0.401349
0.394815
0.402098
0.395
0.445188
0.416574
0.423078
0.425944
0.417939
0.428594
0.446999
0.480233
0.519498
0.4556
0.42288
0.410804
0.400772
0.392136
0.381421
0.370593
0.351757
0.382984
0.358763
0.350249
0.324551
0.283316
0.207568
0.165592
0.254806
0.328889
0.36209
0.535712
0.568877
0.413276
0.396881
2.88278
1.35443
5.45816
7.17897
6.38268
0.382542
1.37951
0.247935
0.563527
1.6632
5.46349
1.02715
3.5282
5.57997
6.08276
0.372949
2.9775
0.400444
0.41451
0.631543
2.61065
0.386805
1.40997
0.168098
6.6236
0.884495
1.24346
2.6436
0.110469
2.08007
0.411294
15.4684
0.131784
5.31563
0.333484
3.90634
1.42998
1.34403
0.331107
0.169646
2.61443
0.132293
0.471782
0.505256
0.866754
0.944252
1.88777
0.840327
1.61277
0.434393
0.702468
0.473068
2.16576
0.705054
1.16031
0.793725
0.475027
0.300842
0.59272
0.733215
1.29944
1.31872
1.97207
0.442775
0.377421
0.541476
1.42245
0.846121
0.614567
0.81004
0.316529
0.165318
0.278554
0.103554
0.296523
0.0923035
0.288122
11.3346
3.44268
2.54896
4.22096
1.38028
0.246817
0.295785
0.289805
0.365197
0.256386
0.427341
0.313947
0.241673
0.203173
0.38094
0.121989
0.186577
0.0899277
0.186373
4.17965
1.65707
4.50716
1.49189
2.33408
0.360893
0.328342
0.312983
0.366642
0.384391
0.339167
0.31737
0.0773671
0.059507
0.268625
0.0680397
0.0140971
0.0645752
0.39529
20.1719
13.4304
1.66569
0.909714
25.5075
9.96381
3.10525
0.353826
0.553438
0.429451
0.104695
0.121006
0.158624
0.236885
0.320201
0.0567388
0.0576357
0.062685
0.235505
0.0634964
0.433797
27.1977
10.3262
4.30318
84.2047
2.91437
13.9916
9.1236
0.460486
0.526853
0.41233
0.118081
0.20799
0.0753599
0.20026
0.202249
0.113354
0.0890141
0.103542
0.135404
0.131049
0.0964047
0.0953269
0.666218
0.151617
0.0950349
0.0900433
0.0893421
0.0860921
0.170283
0.0248331
0.217348
0.0591506
0.0758011
0.13213
0.0943806
0.242005
0.633931
0.140428
0.0798861
0.080866
0.090119
0.0867178
20.8187
2.59809
6.9987
5.03545
5.75811
10.2906
7.13924
3.38755
3.65924
27.9855
128.257
1.51727
10.5535
2.00429
30.9332
180.668
207.514
33.9961
1.83287
5.92479
0.772357
40.3905
54.381
125.964
5.64585
3.81444
1.66665
2.366
2.7973
14.64
3.15922
3.62605
0.159493
0.69362
0.0654574
2.4227
9.75096
7.28545
5.36038
0.509241
1.34575
0.0530917
6.88843
2.21539
3.0921
6.16141
3.53812
15.6056
35.0548
8.62293
2.29921
5.62646
38.0277
29.2698
0.732804
6.55844
4.03176
1.62259
56.9853
84.7275
33.8061
0.396526
8.6616
1.26881
3.27935
62.3013
166.881
2.08519
4.1705
1.13264
0.232939
1.81077
8.9171
7.92868
4.41639
0.431945
0.958862
8.12398
0.640397
6.14887
3.08303
5.13482
0.147622
0.784277
0.654428
2.09881
170.21
348.981
2.6248
13.6598
1.19744
1.06896
15.6462
75.7672
163.934
48.6085
0.673216
6.24415
3.13541
48.2613
24.2176
2.06349
3.09245
93.3653
2.41783
2.26514
1.32367
0.209276
0.126182
1.897
4.99389
4.91577
1.88945
1.28492
0.192579
0.485478
1.66829
5.66913
0.195476
3.1752
0.60161
1.34955
2.91713
3.65474
0.228096
1.18276
0.380698
94.1905
98.5026
22.3536
15.4883
2.53454
5.6869
73.2142
155.722
140.857
50.3654
2.65262
8.35599
1.8408
3.46724
88.1537
2.08327
0.720032
2.19201
12.87
1.22289
1.00292
0.84856
0.569506
1.16439
10.0532
4.95328
6.47941
1.20751
0.0404271
0.512723
1.74459
10.232
0.594114
4.0725
4.72122
0.793395
2.24338
2.28641
0.522471
0.156841
0.843609
0.755867
1.88836
1.63697
0.333211
3.57097
0.17386
0.454771
0.358168
1.54286
0.743873
1.56576
2.18149
3.04832
0.140585
2.58521
0.905112
2.3762
0.532653
2.18499
1.57235
7.42863
2.53999
0.861038
0.2504
0.352786
2.37743
0.0130977
1.01747
1.53348
0.346103
1.85543
0.290614
1.61043
0.156797
2.43155
6.60098
0.998541
1.6595
1.51795
2.00468
1.19084
2.82754
2.28832
2.14001
0.183179
0.372834
1.5985
2.83102
0.309606
1.79737
0.650346
1.25487
0.400084
1.74824
0.591977
2.03808
2.16582
1.36442
0.0834862
0.07402
0.400064
0.561335
3.94913
2.0106
0.786565
0.131436
1.69188
0.200996
7.62986
1.19159
0.467645
0.145965
0.0577885
0.119906
0.201968
0.153775
0.588492
0.112982
0.11986
0.166887
0.118732
0.195828
0.506878
0.0804273
2.71043
0.717109
1.36303
0.0580804
8.10683
0.254168
0.505366
3.46049
0.0495082
0.0536949
0.0785162
0.326962
0.529852
3.056
0.540375
0.16289
0.0933591
0.221033
0.607548
0.216303
0.0389922
0.476977
0.148011
0.157141
0.124117
0.1511
0.0879505
0.70596
4.90635
8.16102
7.279
12.6033
7.55915
4.09633
11.7773
8.33767
11.5137
7.96515
6.18216
10.1854
11.574
5.64679
4.67262
5.67157
9.25094
2.22657
5.89702
8.11035
6.21146
1.70362
3.29053
3.0251
3.44384
3.73732
1.74111
2.15561
4.20052
7.08176
17.8362
6.80923
16.9005
3.66585
2.22018
2.09594
4.88923
3.37957
2.40284
4.85585
0.0172086
21.2442
22.7717
10.5661
31.8226
146.001
2.31644
103.268
167.945
27.3079
8.85654
107.338
581.457
142.79
174.33
127.329
54.6203
162.991
67.2885
36.8063
21.8069
246.648
6.83032
163.73
2.64933
34.2132
7.22094
8.79279
53.2023
54.7565
84.4386
2.8108
129.828
29.6636
14.783
50.1606
50.4209
63.6623
99.8952
84.4593
61.1197
133.477
49.1668
38.0707
61.8011
132.037
12.7829
73.5031
101.195
18.3263
10.2901
4.27005
15.7913
3.19902
119.497
22.2433
9.05202
0.810268
79.3587
48.6881
15.1366
10.9427
33.4818
67.4012
9.69492
40.6965
71.4021
18.2017
22.6106
6.49432
96.6822
1.16027
70.2354
19.3415
21.5654
8.29444
63.628
67.985
50.7866
7.08108
97.6859
66.6625
34.7684
34.1006
67.7768
55.4713
34.2296
67.2882
39.9366
2.37498
79.0422
5.97814
73.2907
1.36108
115.774
14.8848
44.3809
14.5886
109.909
79.2452
18.1632
155.106
27.9367
58.3238
46.6996
11.7726
99.6257
81.5378
58.2403
125.845
36.8573
32.8993
92.2837
2.27196
399.723
12.8865
123.889
16.5739
123.204
131.13
16.7372
9.61572
34.1518
76.0533
3.01007
22.5951
126.603
24.3499
86.5578
105.652
104.579
30.3512
103.197
13.474
109.761
10.4273
74.6036
5.43833
120.286
127.128
8.6218
91.9018
106.126
146.243
8.94829
4.48207
4.04508
11.0767
1.0019
7.0748
12.131
7.28202
4.52492
5.73424
15.6457
0.353086
5.72394
8.34093
22.6042
2.58266
3.38826
1.99688
1.9842
1.75947
3.20263
3.36849
15.4518
16.0599
1.56132
4.61842
11.5209
11.4875
1.73188
18.6425
6.06608
9.35698
6.12208
4.85936
6.22782
9.89299
11.2072
7.94381
5.32171
2.45118
5.04332
1.6238
5.99301
1.85707
17.2919
3.67522
14.3719
7.52844
2.99164
1.41797
3.2782
7.89939
0.486701
8.37999
13.8856
10.0826
14.3265
16.8853
13.3155
0.175432
8.20177
5.07026
10.0008
1.26781
15.0951
11.0884
6.62801
11.5914
13.7856
6.76337
14.3817
7.07038
6.45257
47.2405
1.68248
24.2767
56.8552
43.5948
17.5764
31.1063
38.7344
6.06519
21.9133
1.35698
64.8257
2.94843
22.0626
36.8573
48.4669
24.2693
21.0128
34.8518
25.2875
16.5065
56.5506
19.4585
56.4172
5.00538
75.9212
72.5461
33.4388
3.4694
64.3296
37.3972
44.3161
76.7332
34.9439
5.32926
86.8747
7.41153
111.772
8.96344
118.208
39.3131
32.2487
31.945
4.32266
71.833
9.78283
109.278
13.5337
87.0022
77.9109
65.2936
85.6348
21.4797
61.0199
3.18714
85.5467
11.1216
19.1528
79.3063
55.4491
49.9371
16.5413
33.3547
53.7527
96.6538
66.492
9.80555
66.676
34.277
7.55666
24.7256
128.907
34.3358
137.615
61.8041
151.36
106.795
130.005
81.9624
86.4825
20.086
126.144
3.40167
471.56
16.8681
86.1936
29.5731
88.7302
172.365
0.241038
1.94094
2.91681
2.92176
1.67922
2.66994
4.33611
6.55259
18.3822
11.2809
4.34058
9.44372
4.94969
10.3662
5.97871
3.60354
2.56024
1.26854
2.55239
1.40297
4.71862
0.975865
5.41299
6.30648
4.30336
4.32115
1.76931
8.1892
0.836794
6.41459
8.25988
7.95155
4.09025
8.27628
11.9808
4.08706
3.73013
3.94019
11.4463
6.05785
2.21222
9.9874
7.47059
10.2205
12.3635
11.353
4.92321
8.17561
1.43532
1.86501
8.40935
1.71241
0.201023
2.59983
7.03132
9.73941
8.49264
5.93937
5.60615
8.53033
5.0434
3.66547
10.9568
6.59422
8.31997
0.725415
5.1973
0.955553
12.1521
2.85306
110.355
197.062
7.90027
88.4707
3.65968
31.8544
18.3524
62.8058
4.94248
88.2825
54.2699
101.606
153.754
72.7955
173.177
121.504
65.2222
70.9411
78.4127
129.837
23.421
70.4503
133.197
14.5047
100.464
63.3165
38.8015
74.1944
8.67001
1.24553
97.2279
4.05849
3.56264
29.9216
18.4084
42.1567
68.3176
29.5094
30.7188
69.2656
60.3191
19.0889
70.1751
120.455
4.72758
74.0277
2.06682
7.03718
61.1355
80.6485
57.5132
1.41018
96.9263
14.4893
8.5549
48.6278
81.0236
21.8439
75.1075
38.2456
24.1005
77.3548
44.5106
53.5901
36.8999
80.3874
11.1512
77.9154
5.16024
45.2906
2.53817
7.22441
0.225503
0.189876
5.8173
3.54344
0.251654
1.2444
2.387
9.47334
1.88004
1.32271
3.8826
9.86024
5.77299
4.81946
2.52374
4.3118
0.177413
12.4167
0.401142
2.09705
3.74271
7.42785
0.310228
7.66662
0.526678
2.1838
2.52339
5.86274
1.34964
5.70324
10.4661
3.95406
6.88779
5.9541
1.85141
10.0925
3.02708
0.280306
1.0709
10.778
0.182695
7.46029
0.475344
1.39132
7.53661
8.71887
1.29652
2.42768
9.498
2.13381
8.83406
18.4267
34.8435
46.7076
9.7499
15.897
42.5408
28.4105
16.7052
3.24696
3.93744
3.01395
0.402239
6.24362
1.0767
3.63153
1.55406
4.84234
1.02051
1.82953
1.62988
7.81815
0.404874
10.5588
38.5691
11.7369
12.1376
8.83983
58.136
24.1573
22.4893
2.90812
2.80965
1.70193
0.314223
4.61477
0.691966
2.63041
67.7439
109.497
82.8998
136.358
18.7339
45.9136
78.491
95.583
14.2415
68.6658
443.127
41.8972
344.467
115.245
197.776
121.892
40.4902
9.17151
3.21532
299.923
14.2174
80.9196
3.78291
111.375
49.8667
65.2932
21.183
9.23356
89.6912
14.9976
40.6894
1.06997
17.5401
71.0304
22.6966
51.9009
38.6235
39.9573
62.5491
95.4882
2.02062
60.025
64.5335
5.17733
24.6022
91.1808
87.8884
59.783
41.348
123.926
13.3991
21.4663
64.4833
78.4202
5.54426
23.7802
36.675
61.3072
45.8596
32.2938
44.061
102.924
44.7454
28.7028
34.39
89.283
2.0193
46.6396
0.706313
24.0968
6.23461
13.6491
0.0679156
0.409385
12.3545
4.33974
0.718353
3.05693
7.65703
2.07122
8.06371
6.60078
2.54459
4.48343
3.37949
2.84248
2.22587
13.5483
0.439443
5.30275
2.74496
1.26442
5.29643
7.33701
4.10765
8.12379
2.24097
1.53531
2.52241
7.6051
0.331173
4.64947
5.90288
10.3404
2.70047
3.93036
4.57007
2.98161
1.71317
2.55065
0.285298
3.11727
0.453539
4.98837
0.32157
1.18755
5.60216
2.74805
16.1534
2.45392
6.73924
0.9877
17.2767
8.25189
30.9998
21.0854
18.0627
1.38357
1.84083
7.70129
2.3254
3.10049
13.8684
0.173852
14.0889
46.7333
32.5081
39.4202
1.65392
3.29315
0.469963
1.31405
2.71575
1.3025
0.563352
29.1621
17.2994
49.2477
5.8345
8.97147
23.3587
28.0479
8.76615
16.1817
5.68846
3.38494
0.271385
10.3129
2.23926
0.369685
)
;

boundaryField
{
    inlet
    {
        type            fixedValue;
        value           uniform 0.375;
    }
    outlet
    {
        type            zeroGradient;
    }
    rightSide
    {
        type            symmetryPlane;
    }
    leftSide
    {
        type            symmetryPlane;
    }
    duct
    {
        type            kqRWallFunction;
        value           nonuniform List<scalar> 
216
(
0.399754
0.400721
0.403505
0.402135
0.408234
0.405568
0.410933
0.407558
0.414364
0.410185
0.41777
0.41267
0.42271
0.416517
0.436326
0.426484
0.42704
0.419351
0.543854
0.509836
0.641423
0.554501
0.782022
0.661428
0.563366
0.524125
0.59385
0.551903
0.456776
0.438748
0.527861
0.490326
0.560927
0.512711
0.428186
0.41536
0.471584
0.442785
0.389059
0.385485
0.418049
0.401688
0.39225
0.378187
0.374484
0.35066
0.400203
0.360971
0.361778
0.3476
0.272354
0.249129
0.221025
0.178586
0.356191
0.282356
0.271468
0.226753
0.344301
0.320334
0.375823
0.328934
0.400226
0.372637
0.352845
0.317086
0.388914
0.345088
0.376281
0.347303
0.40182
0.386704
0.386074
0.36106
0.396226
0.369477
0.384613
0.37177
0.418514
0.388905
0.413785
0.39372
0.406391
0.394837
0.401856
0.394383
0.399328
0.393924
0.396858
0.393093
0.393572
0.391373
0.390413
0.389929
0.387051
0.388284
0.387563
0.390038
0.390376
0.392943
0.401069
0.401861
0.417038
0.412829
0.415138
0.406432
0.46315
0.447647
0.400794
0.399545
0.388234
0.390277
0.384766
0.388041
0.383832
0.387515
0.383749
0.387466
0.38365
0.387475
0.384054
0.387714
0.383103
0.386946
0.38531
0.389022
0.379318
0.382586
0.379395
0.384797
0.38753
0.385555
0.383292
0.384723
0.382489
0.384404
0.374277
0.385419
0.378094
0.394665
0.377293
0.389725
0.373587
0.379748
0.390387
0.405431
0.390668
0.401349
0.384362
0.394815
0.403419
0.402098
0.3999
0.395
0.418069
0.445188
0.415657
0.416574
0.406541
0.423078
0.396983
0.425944
0.38183
0.417939
0.399213
0.428594
0.413949
0.446999
0.436227
0.480233
0.422526
0.519498
0.393136
0.4556
0.382032
0.42288
0.373374
0.410804
0.360337
0.400772
0.332255
0.392136
0.293475
0.381421
0.347475
0.370593
0.297155
0.351757
0.361002
0.382984
0.320159
0.358763
0.311627
0.350249
0.276795
0.324551
0.224894
0.283316
0.131821
0.207568
0.090757
0.165592
0.194296
0.254806
0.278108
0.328889
0.323732
0.36209
0.513485
0.535712
0.838835
0.568877
0.451104
0.413276
0.401588
0.396881
)
;
    }
    cylinder
    {
        type            kqRWallFunction;
        value           nonuniform List<scalar> 
448
(
9.96381
3.10525
13.9916
9.1236
180.668
207.514
54.381
125.964
14.64
3.15922
9.75096
7.28545
56.9853
84.7275
62.3013
166.881
8.9171
7.92868
6.14887
3.08303
170.21
348.981
75.7672
163.934
4.99389
4.91577
94.1905
98.5026
155.722
140.857
10.0532
4.95328
7.279
11.7773
8.33767
10.1854
5.89702
6.21146
3.73732
4.20052
7.08176
4.88923
4.85585
0.0172086
146.001
167.945
107.338
127.329
7.22094
8.79279
54.7565
129.828
50.1606
84.4593
10.2901
4.27005
119.497
79.3587
48.6881
67.4012
96.6822
70.2354
63.628
97.6859
66.6625
55.4713
73.2907
115.774
109.909
155.106
58.3238
81.5378
123.204
131.13
76.0533
126.603
24.3499
109.761
120.286
106.126
146.243
4.04508
12.131
7.28202
0.353086
1.9842
3.36849
15.4518
16.0599
11.5209
18.6425
9.35698
9.89299
14.3719
7.52844
7.89939
13.8856
10.0826
6.62801
47.2405
56.8552
43.5948
64.8257
48.4669
56.5506
75.9212
72.5461
37.3972
111.772
118.208
71.833
109.278
87.0022
85.5467
79.3063
55.4491
53.7527
96.6538
66.676
128.907
34.3358
106.795
88.7302
172.365
2.91681
4.33611
6.55259
9.44372
5.41299
6.30648
8.1892
6.41459
7.95155
7.47059
4.92321
8.17561
8.40935
7.03132
9.73941
8.53033
110.355
197.062
88.4707
62.8058
88.2825
72.7955
100.464
63.3165
29.9216
29.5094
80.6485
96.9263
48.6278
38.2456
7.22441
1.2444
1.32271
3.74271
7.42785
5.70324
5.9541
8.71887
18.4267
15.897
10.5588
8.83983
67.7439
109.497
136.358
95.583
68.6658
115.245
49.8667
65.2932
89.6912
40.6894
71.0304
24.6022
23.7802
32.2938
13.6491
12.3545
3.05693
6.60078
5.29643
7.33701
8.12379
7.6051
4.64947
3.93036
16.1534
6.73924
8.25189
14.0889
3.29315
2.71575
29.1621
8.97147
11.5137
11.574
17.8362
21.2442
581.457
54.6203
50.4209
61.1197
15.1366
9.69492
34.7684
34.2296
46.6996
58.2403
86.5578
127.128
4.52492
5.72394
6.12208
11.2072
14.3265
11.5914
17.5764
24.2693
33.4388
44.3161
77.9109
49.9371
137.615
130.005
18.3822
4.94969
4.09025
10.2205
8.49264
5.0434
54.2699
173.177
18.4084
30.7188
81.0236
24.1005
2.387
3.8826
10.4661
1.85141
34.8435
42.5408
38.5691
58.136
443.127
197.776
22.6966
91.1808
36.675
44.061
7.65703
2.54459
5.90288
4.57007
30.9998
46.7333
17.2994
23.3587
7.96515
6.18216
4.67262
5.64679
6.80923
16.9005
10.5661
22.7717
142.79
174.33
246.648
163.73
67.2885
162.991
5.8173
9.498
4.3118
12.4167
63.6623
99.8952
132.037
101.195
49.1668
133.477
13.5483
5.30275
10.9427
33.4818
71.4021
40.6965
34.1006
67.7768
67.2882
39.9366
11.7726
99.6257
399.723
123.889
36.8573
125.845
105.652
104.579
74.6036
8.6218
91.9018
15.6457
5.73424
8.34093
22.6042
4.85936
6.22782
5.99301
17.2919
7.94381
5.32171
16.8853
10.0008
13.3155
15.0951
13.7856
6.76337
38.7344
31.1063
36.8573
34.8518
21.0128
3.4694
64.3296
76.7332
34.9439
85.6348
65.2936
33.3547
16.5413
61.8041
151.36
471.56
86.1936
81.9624
86.4825
11.2809
4.34058
2.55239
4.71862
10.3662
5.97871
8.27628
11.4463
11.9808
9.9874
12.3635
11.353
5.1973
12.1521
5.93937
5.60615
3.66547
10.9568
74.1944
97.2279
153.754
101.606
129.837
133.197
121.504
65.2222
80.3874
77.9154
42.1567
68.3176
120.455
74.0277
69.2656
60.3191
21.8439
75.1075
77.3548
44.5106
9.47334
1.88004
5.77299
9.86024
7.66662
4.84234
5.86274
1.62988
1.70193
3.95406
6.88779
10.778
7.46029
3.02708
10.0925
46.7076
9.7499
3.01395
6.24362
16.7052
28.4105
11.7369
12.1376
4.61477
22.4893
24.1573
41.8972
344.467
299.923
80.9196
121.892
40.4902
123.926
64.4833
51.9009
95.4882
38.6235
64.5335
87.8884
59.783
61.3072
45.8596
89.283
46.6396
102.924
44.7454
2.07122
8.06371
3.37949
4.48343
4.98837
10.3404
2.70047
3.11727
1.71317
2.98161
21.0854
7.70129
18.0627
3.10049
39.4202
32.5081
49.2477
5.8345
3.38494
10.3129
8.76615
28.0479
)
;
    }
}


// ************************************************************************* //
