/*--------------------------------*- C++ -*----------------------------------*\
| =========                 |                                                 |
| \\      /  F ield         | OpenFOAM: The Open Source CFD Toolbox           |
|  \\    /   O peration     | Version:  4.1                                   |
|   \\  /    A nd           | Web:      www.OpenFOAM.org                      |
|    \\/     M anipulation  |                                                 |
\*---------------------------------------------------------------------------*/
FoamFile
{
    version     2.0;
    format      ascii;
    class       volScalarField;
    location    "48";
    object      p;
}
// * * * * * * * * * * * * * * * * * * * * * * * * * * * * * * * * * * * * * //

dimensions      [0 2 -2 0 0 0 0];

internalField   nonuniform List<scalar> 
4432
(
-3.88596e+10
-4.10764e+10
-4.18103e+10
-3.9113e+10
-3.87018e+10
-3.9222e+10
-3.89462e+10
-3.87154e+10
-3.85629e+10
-3.84761e+10
-3.83883e+10
-3.82734e+10
-3.81296e+10
-3.79729e+10
-3.78332e+10
-3.7708e+10
-3.75651e+10
-3.74027e+10
-3.7227e+10
-3.70419e+10
-3.68446e+10
-3.66374e+10
-3.64223e+10
-3.62021e+10
-3.59796e+10
-3.5758e+10
-3.55401e+10
-3.53286e+10
-3.51257e+10
-3.49339e+10
-3.47559e+10
-3.45957e+10
-3.44582e+10
-3.43478e+10
-3.42681e+10
-3.42208e+10
-3.42029e+10
-3.42049e+10
-3.42094e+10
-3.41923e+10
-3.41259e+10
-3.39846e+10
-3.37548e+10
-3.34494e+10
-3.31256e+10
-3.28763e+10
-3.2759e+10
-3.26862e+10
-3.24917e+10
-3.25747e+10
-3.4919e+10
-4.15391e+10
-4.62434e+10
-2.44702e+10
-3.94364e+10
-4.02223e+10
-4.06065e+10
-3.98977e+10
-3.88252e+10
-3.90468e+10
-3.89311e+10
-3.86882e+10
-3.85402e+10
-3.84788e+10
-3.84027e+10
-3.8281e+10
-3.81282e+10
-3.79733e+10
-3.78393e+10
-3.77159e+10
-3.75708e+10
-3.74068e+10
-3.72327e+10
-3.7048e+10
-3.68506e+10
-3.66431e+10
-3.64274e+10
-3.62066e+10
-3.59835e+10
-3.57614e+10
-3.55431e+10
-3.53315e+10
-3.51288e+10
-3.49376e+10
-3.47603e+10
-3.46007e+10
-3.44635e+10
-3.43533e+10
-3.42739e+10
-3.42266e+10
-3.42078e+10
-3.42078e+10
-3.4209e+10
-3.41869e+10
-3.41134e+10
-3.39628e+10
-3.37209e+10
-3.34004e+10
-3.30566e+10
-3.27783e+10
-3.26133e+10
-3.24508e+10
-3.20784e+10
-3.18463e+10
-3.38384e+10
-4.09481e+10
-4.81869e+10
-3.00281e+10
-3.96811e+10
-3.97562e+10
-3.98152e+10
-4.00191e+10
-3.90055e+10
-3.88075e+10
-3.88951e+10
-3.86912e+10
-3.85378e+10
-3.84775e+10
-3.84007e+10
-3.83047e+10
-3.81729e+10
-3.80102e+10
-3.78558e+10
-3.7731e+10
-3.76011e+10
-3.74435e+10
-3.7269e+10
-3.70803e+10
-3.68785e+10
-3.66647e+10
-3.64415e+10
-3.62123e+10
-3.59807e+10
-3.57507e+10
-3.55253e+10
-3.53076e+10
-3.51002e+10
-3.49054e+10
-3.47254e+10
-3.45641e+10
-3.44268e+10
-3.43163e+10
-3.42329e+10
-3.41783e+10
-3.41497e+10
-3.41374e+10
-3.41245e+10
-3.40866e+10
-3.39953e+10
-3.38248e+10
-3.35609e+10
-3.32148e+10
-3.28389e+10
-3.25196e+10
-3.22875e+10
-3.1992e+10
-3.14293e+10
-3.11771e+10
-3.36953e+10
-4.1221e+10
-4.63909e+10
-2.65728e+10
-3.97137e+10
-4.00183e+10
-4.00607e+10
-3.9685e+10
-3.89772e+10
-3.88287e+10
-3.89009e+10
-3.86696e+10
-3.85386e+10
-3.84794e+10
-3.84118e+10
-3.83139e+10
-3.81751e+10
-3.80094e+10
-3.78605e+10
-3.77447e+10
-3.76137e+10
-3.74512e+10
-3.7278e+10
-3.70901e+10
-3.68887e+10
-3.66749e+10
-3.64514e+10
-3.62217e+10
-3.59896e+10
-3.57589e+10
-3.55328e+10
-3.53147e+10
-3.5107e+10
-3.49125e+10
-3.47333e+10
-3.45723e+10
-3.44335e+10
-3.43207e+10
-3.42365e+10
-3.41811e+10
-3.41505e+10
-3.41357e+10
-3.41197e+10
-3.40786e+10
-3.39844e+10
-3.38119e+10
-3.35478e+10
-3.32035e+10
-3.28315e+10
-3.25134e+10
-3.22755e+10
-3.19609e+10
-3.13517e+10
-3.1106e+10
-3.4183e+10
-4.32976e+10
-4.80197e+10
-2.38413e+10
-4.04569e+10
-4.00086e+10
-3.92242e+10
-3.98129e+10
-3.91879e+10
-3.87509e+10
-3.86242e+10
-3.85198e+10
-3.84532e+10
-3.84123e+10
-3.83504e+10
-3.82754e+10
-3.81551e+10
-3.79954e+10
-3.78439e+10
-3.7717e+10
-3.75849e+10
-3.74295e+10
-3.72588e+10
-3.70703e+10
-3.68653e+10
-3.66448e+10
-3.64116e+10
-3.61698e+10
-3.59238e+10
-3.56782e+10
-3.54373e+10
-3.5205e+10
-3.49854e+10
-3.47818e+10
-3.45958e+10
-3.44279e+10
-3.42809e+10
-3.4162e+10
-3.40742e+10
-3.40144e+10
-3.39791e+10
-3.39579e+10
-3.39343e+10
-3.38843e+10
-3.37817e+10
-3.36054e+10
-3.33491e+10
-3.30326e+10
-3.2717e+10
-3.2487e+10
-3.23566e+10
-3.21382e+10
-3.15701e+10
-3.12069e+10
-3.35635e+10
-4.09759e+10
-4.6201e+10
-2.44138e+10
-4.00732e+10
-4.01719e+10
-3.97932e+10
-3.92486e+10
-3.90636e+10
-3.88642e+10
-3.86916e+10
-3.85202e+10
-3.84667e+10
-3.84172e+10
-3.83519e+10
-3.82686e+10
-3.81466e+10
-3.79899e+10
-3.78417e+10
-3.77236e+10
-3.75913e+10
-3.74343e+10
-3.72648e+10
-3.70784e+10
-3.68756e+10
-3.66571e+10
-3.6426e+10
-3.61862e+10
-3.59421e+10
-3.56983e+10
-3.5459e+10
-3.52282e+10
-3.50098e+10
-3.48072e+10
-3.46221e+10
-3.44561e+10
-3.4312e+10
-3.41942e+10
-3.41051e+10
-3.4045e+10
-3.40089e+10
-3.3987e+10
-3.39628e+10
-3.39121e+10
-3.38077e+10
-3.36277e+10
-3.33638e+10
-3.30327e+10
-3.26881e+10
-3.24037e+10
-3.21788e+10
-3.18011e+10
-3.09838e+10
-3.03325e+10
-3.26317e+10
-4.06957e+10
-4.80476e+10
-2.98508e+10
-3.97255e+10
-3.98284e+10
-3.95085e+10
-3.92168e+10
-3.91583e+10
-3.8919e+10
-3.86972e+10
-3.8534e+10
-3.84579e+10
-3.84077e+10
-3.83476e+10
-3.82804e+10
-3.81768e+10
-3.8042e+10
-3.79112e+10
-3.77916e+10
-3.76587e+10
-3.75049e+10
-3.73352e+10
-3.71459e+10
-3.69357e+10
-3.67049e+10
-3.64567e+10
-3.61964e+10
-3.59304e+10
-3.56652e+10
-3.54069e+10
-3.51612e+10
-3.49333e+10
-3.47273e+10
-3.45433e+10
-3.43768e+10
-3.42285e+10
-3.41151e+10
-3.40433e+10
-3.39927e+10
-3.39619e+10
-3.39442e+10
-3.39193e+10
-3.38628e+10
-3.37485e+10
-3.35581e+10
-3.3289e+10
-3.29657e+10
-3.26528e+10
-3.24327e+10
-3.23129e+10
-3.20985e+10
-3.14923e+10
-3.09352e+10
-3.28344e+10
-4.00017e+10
-4.60297e+10
-2.47678e+10
-3.97445e+10
-3.96268e+10
-3.92749e+10
-3.89632e+10
-3.91345e+10
-3.90485e+10
-3.87448e+10
-3.85318e+10
-3.84599e+10
-3.84007e+10
-3.83408e+10
-3.82692e+10
-3.81658e+10
-3.80377e+10
-3.79146e+10
-3.77996e+10
-3.76664e+10
-3.75138e+10
-3.73459e+10
-3.71587e+10
-3.69505e+10
-3.67215e+10
-3.6475e+10
-3.62162e+10
-3.59517e+10
-3.56881e+10
-3.54312e+10
-3.51865e+10
-3.49585e+10
-3.47511e+10
-3.45659e+10
-3.44028e+10
-3.4264e+10
-3.41536e+10
-3.40737e+10
-3.40244e+10
-3.39979e+10
-3.39813e+10
-3.39587e+10
-3.39046e+10
-3.37918e+10
-3.36004e+10
-3.33257e+10
-3.29885e+10
-3.26455e+10
-3.23705e+10
-3.21589e+10
-3.17952e+10
-3.09874e+10
-3.03829e+10
-3.2997e+10
-4.17925e+10
-4.78359e+10
-2.52776e+10
-3.91837e+10
-3.91778e+10
-3.913e+10
-3.88628e+10
-3.89063e+10
-3.8802e+10
-3.86336e+10
-3.84876e+10
-3.84191e+10
-3.83866e+10
-3.83352e+10
-3.82514e+10
-3.81512e+10
-3.80381e+10
-3.79304e+10
-3.78196e+10
-3.76912e+10
-3.75432e+10
-3.73759e+10
-3.71858e+10
-3.69695e+10
-3.67255e+10
-3.64573e+10
-3.61712e+10
-3.58774e+10
-3.55851e+10
-3.5303e+10
-3.50381e+10
-3.47957e+10
-3.45785e+10
-3.43862e+10
-3.4216e+10
-3.40696e+10
-3.39573e+10
-3.38829e+10
-3.38369e+10
-3.38116e+10
-3.37953e+10
-3.37675e+10
-3.37027e+10
-3.35751e+10
-3.33653e+10
-3.30705e+10
-3.27157e+10
-3.23629e+10
-3.20895e+10
-3.19004e+10
-3.15951e+10
-3.08326e+10
-2.98831e+10
-3.09886e+10
-3.77935e+10
-4.63901e+10
-3.1664e+10
-3.93134e+10
-3.9111e+10
-3.88602e+10
-3.87223e+10
-3.89205e+10
-3.88706e+10
-3.86744e+10
-3.85092e+10
-3.84167e+10
-3.83656e+10
-3.83176e+10
-3.82458e+10
-3.81497e+10
-3.80419e+10
-3.79384e+10
-3.78302e+10
-3.77024e+10
-3.75552e+10
-3.73888e+10
-3.71993e+10
-3.6983e+10
-3.67388e+10
-3.64695e+10
-3.61824e+10
-3.5887e+10
-3.55932e+10
-3.53092e+10
-3.50415e+10
-3.47944e+10
-3.45712e+10
-3.43738e+10
-3.42026e+10
-3.40576e+10
-3.3943e+10
-3.38615e+10
-3.3811e+10
-3.37842e+10
-3.37672e+10
-3.37405e+10
-3.36787e+10
-3.35559e+10
-3.33526e+10
-3.30654e+10
-3.27194e+10
-3.23763e+10
-3.21134e+10
-3.19357e+10
-3.16403e+10
-3.09176e+10
-3.03063e+10
-3.26951e+10
-4.12464e+10
-4.76571e+10
-2.46808e+10
-3.90142e+10
-3.88961e+10
-3.88086e+10
-3.87201e+10
-3.87557e+10
-3.8711e+10
-3.85951e+10
-3.84711e+10
-3.83966e+10
-3.83771e+10
-3.83576e+10
-3.8284e+10
-3.81915e+10
-3.80995e+10
-3.80086e+10
-3.79069e+10
-3.77869e+10
-3.76466e+10
-3.74849e+10
-3.72971e+10
-3.70769e+10
-3.68207e+10
-3.65299e+10
-3.62148e+10
-3.58902e+10
-3.55712e+10
-3.52692e+10
-3.49908e+10
-3.47396e+10
-3.45165e+10
-3.43211e+10
-3.41535e+10
-3.40168e+10
-3.39134e+10
-3.38421e+10
-3.38009e+10
-3.37833e+10
-3.37756e+10
-3.37572e+10
-3.37037e+10
-3.35905e+10
-3.33994e+10
-3.31286e+10
-3.28046e+10
-3.249e+10
-3.22648e+10
-3.21459e+10
-3.1955e+10
-3.13658e+10
-3.06591e+10
-3.20878e+10
-3.89501e+10
-4.64999e+10
-2.66804e+10
-3.90408e+10
-3.89147e+10
-3.87774e+10
-3.86839e+10
-3.87723e+10
-3.87128e+10
-3.85916e+10
-3.84916e+10
-3.84188e+10
-3.83807e+10
-3.83419e+10
-3.82741e+10
-3.81875e+10
-3.80983e+10
-3.80083e+10
-3.79068e+10
-3.77866e+10
-3.76471e+10
-3.74864e+10
-3.72999e+10
-3.70816e+10
-3.68274e+10
-3.65393e+10
-3.6227e+10
-3.59047e+10
-3.55871e+10
-3.52852e+10
-3.50063e+10
-3.47537e+10
-3.45281e+10
-3.43302e+10
-3.41607e+10
-3.40201e+10
-3.39111e+10
-3.38348e+10
-3.37888e+10
-3.37666e+10
-3.37551e+10
-3.37339e+10
-3.36787e+10
-3.35653e+10
-3.33753e+10
-3.31075e+10
-3.27894e+10
-3.24857e+10
-3.2279e+10
-3.21894e+10
-3.20402e+10
-3.15287e+10
-3.10686e+10
-3.32411e+10
-4.11365e+10
-4.7828e+10
-2.57698e+10
-3.87057e+10
-3.86259e+10
-3.85721e+10
-3.85938e+10
-3.86151e+10
-3.85972e+10
-3.85222e+10
-3.84268e+10
-3.83698e+10
-3.83611e+10
-3.83369e+10
-3.82779e+10
-3.82092e+10
-3.81397e+10
-3.8063e+10
-3.79715e+10
-3.78601e+10
-3.77265e+10
-3.75695e+10
-3.73832e+10
-3.71581e+10
-3.6884e+10
-3.65599e+10
-3.62015e+10
-3.58321e+10
-3.54755e+10
-3.51471e+10
-3.48547e+10
-3.45992e+10
-3.43772e+10
-3.41858e+10
-3.40248e+10
-3.38962e+10
-3.38e+10
-3.37334e+10
-3.36944e+10
-3.36776e+10
-3.36711e+10
-3.36567e+10
-3.36118e+10
-3.35136e+10
-3.3346e+10
-3.311e+10
-3.28344e+10
-3.2583e+10
-3.24393e+10
-3.24319e+10
-3.24059e+10
-3.20719e+10
-3.17959e+10
-3.40221e+10
-4.1667e+10
-4.80869e+10
-2.56166e+10
-3.86641e+10
-3.86133e+10
-3.86544e+10
-3.86323e+10
-3.86059e+10
-3.85439e+10
-3.84852e+10
-3.84283e+10
-3.83868e+10
-3.83585e+10
-3.83202e+10
-3.8264e+10
-3.81984e+10
-3.81295e+10
-3.80528e+10
-3.79606e+10
-3.78485e+10
-3.77149e+10
-3.75575e+10
-3.73712e+10
-3.71461e+10
-3.68722e+10
-3.65493e+10
-3.61919e+10
-3.58241e+10
-3.54684e+10
-3.51408e+10
-3.48495e+10
-3.45957e+10
-3.4377e+10
-3.419e+10
-3.40333e+10
-3.39079e+10
-3.38141e+10
-3.37508e+10
-3.37155e+10
-3.37019e+10
-3.36979e+10
-3.36852e+10
-3.36407e+10
-3.35411e+10
-3.33698e+10
-3.31264e+10
-3.28388e+10
-3.25701e+10
-3.24014e+10
-3.23567e+10
-3.22722e+10
-3.1844e+10
-3.13824e+10
-3.32253e+10
-4.07855e+10
-4.92429e+10
-3.13305e+10
-3.84916e+10
-3.84277e+10
-3.8442e+10
-3.85273e+10
-3.85615e+10
-3.85151e+10
-3.84348e+10
-3.83618e+10
-3.83422e+10
-3.83552e+10
-3.83332e+10
-3.82892e+10
-3.82431e+10
-3.81945e+10
-3.81366e+10
-3.80623e+10
-3.7966e+10
-3.78453e+10
-3.76986e+10
-3.75219e+10
-3.7301e+10
-3.70145e+10
-3.66551e+10
-3.62419e+10
-3.58151e+10
-3.54099e+10
-3.50483e+10
-3.47385e+10
-3.44784e+10
-3.426e+10
-3.40767e+10
-3.39255e+10
-3.38034e+10
-3.37088e+10
-3.36408e+10
-3.3597e+10
-3.3571e+10
-3.35506e+10
-3.35181e+10
-3.34516e+10
-3.33291e+10
-3.31354e+10
-3.28719e+10
-3.25668e+10
-3.22822e+10
-3.20975e+10
-3.20363e+10
-3.19385e+10
-3.14994e+10
-3.10367e+10
-3.2992e+10
-4.09084e+10
-4.97183e+10
-3.15242e+10
-3.84343e+10
-3.83839e+10
-3.8497e+10
-3.85865e+10
-3.8549e+10
-3.84611e+10
-3.84148e+10
-3.83746e+10
-3.8354e+10
-3.83465e+10
-3.83225e+10
-3.82847e+10
-3.82419e+10
-3.81951e+10
-3.81381e+10
-3.80644e+10
-3.7969e+10
-3.78487e+10
-3.77023e+10
-3.75249e+10
-3.73024e+10
-3.70145e+10
-3.6653e+10
-3.62385e+10
-3.58102e+10
-3.54035e+10
-3.50403e+10
-3.47288e+10
-3.44676e+10
-3.42502e+10
-3.40684e+10
-3.39176e+10
-3.37958e+10
-3.37017e+10
-3.36344e+10
-3.35919e+10
-3.35676e+10
-3.35492e+10
-3.35189e+10
-3.34547e+10
-3.33341e+10
-3.31418e+10
-3.28782e+10
-3.25704e+10
-3.22782e+10
-3.20774e+10
-3.19853e+10
-3.18311e+10
-3.12856e+10
-3.05571e+10
-3.1831e+10
-3.89207e+10
-4.87299e+10
-3.3362e+10
-3.83694e+10
-3.82883e+10
-3.83057e+10
-3.83808e+10
-3.84405e+10
-3.83978e+10
-3.83302e+10
-3.83007e+10
-3.83159e+10
-3.8333e+10
-3.83286e+10
-3.8316e+10
-3.83016e+10
-3.82823e+10
-3.82519e+10
-3.82023e+10
-3.81261e+10
-3.80193e+10
-3.7882e+10
-3.77139e+10
-3.74968e+10
-3.71915e+10
-3.67685e+10
-3.62549e+10
-3.57257e+10
-3.52423e+10
-3.48345e+10
-3.45068e+10
-3.42493e+10
-3.40464e+10
-3.38844e+10
-3.37557e+10
-3.36553e+10
-3.35802e+10
-3.35292e+10
-3.34994e+10
-3.34839e+10
-3.34702e+10
-3.34406e+10
-3.3373e+10
-3.32462e+10
-3.30459e+10
-3.27745e+10
-3.24614e+10
-3.21683e+10
-3.19712e+10
-3.18843e+10
-3.17305e+10
-3.11775e+10
-3.04821e+10
-3.1969e+10
-3.93052e+10
-4.86161e+10
-3.34573e+10
-3.83427e+10
-3.82596e+10
-3.83125e+10
-3.84096e+10
-3.84159e+10
-3.83651e+10
-3.83437e+10
-3.83292e+10
-3.83227e+10
-3.83247e+10
-3.83216e+10
-3.83131e+10
-3.83001e+10
-3.82813e+10
-3.82507e+10
-3.8201e+10
-3.8125e+10
-3.80183e+10
-3.78809e+10
-3.77115e+10
-3.7493e+10
-3.71864e+10
-3.67629e+10
-3.62498e+10
-3.57191e+10
-3.52327e+10
-3.48199e+10
-3.4486e+10
-3.42228e+10
-3.40163e+10
-3.38512e+10
-3.37193e+10
-3.36156e+10
-3.35382e+10
-3.34862e+10
-3.34568e+10
-3.34433e+10
-3.34335e+10
-3.34098e+10
-3.33507e+10
-3.3236e+10
-3.30527e+10
-3.28046e+10
-3.25229e+10
-3.22716e+10
-3.21289e+10
-3.21115e+10
-3.20424e+10
-3.15806e+10
-3.09568e+10
-3.24818e+10
-3.98506e+10
-4.74961e+10
-2.65699e+10
-3.83506e+10
-3.82766e+10
-3.82221e+10
-3.8227e+10
-3.82899e+10
-3.82918e+10
-3.82754e+10
-3.82945e+10
-3.83268e+10
-3.83475e+10
-3.83689e+10
-3.83903e+10
-3.84094e+10
-3.84229e+10
-3.8424e+10
-3.84038e+10
-3.83534e+10
-3.82663e+10
-3.81445e+10
-3.7993e+10
-3.77964e+10
-3.74831e+10
-3.69657e+10
-3.62697e+10
-3.55489e+10
-3.49307e+10
-3.44527e+10
-3.41065e+10
-3.38614e+10
-3.36862e+10
-3.35576e+10
-3.34612e+10
-3.33895e+10
-3.33397e+10
-3.33108e+10
-3.33001e+10
-3.33007e+10
-3.33004e+10
-3.3281e+10
-3.32206e+10
-3.30987e+10
-3.29032e+10
-3.26403e+10
-3.23444e+10
-3.20834e+10
-3.19372e+10
-3.19173e+10
-3.18364e+10
-3.13637e+10
-3.08376e+10
-3.27411e+10
-4.02968e+10
-4.68687e+10
-2.53565e+10
-3.83508e+10
-3.82514e+10
-3.82057e+10
-3.82333e+10
-3.82853e+10
-3.83154e+10
-3.83112e+10
-3.83166e+10
-3.83321e+10
-3.83531e+10
-3.8376e+10
-3.83981e+10
-3.84173e+10
-3.84309e+10
-3.84321e+10
-3.84126e+10
-3.83633e+10
-3.82781e+10
-3.81582e+10
-3.80092e+10
-3.78154e+10
-3.75074e+10
-3.70008e+10
-3.63179e+10
-3.56068e+10
-3.49915e+10
-3.45104e+10
-3.41563e+10
-3.39013e+10
-3.37161e+10
-3.35768e+10
-3.34695e+10
-3.33866e+10
-3.33255e+10
-3.32857e+10
-3.32647e+10
-3.32555e+10
-3.32457e+10
-3.32172e+10
-3.31486e+10
-3.30193e+10
-3.28172e+10
-3.2549e+10
-3.22503e+10
-3.19903e+10
-3.18498e+10
-3.18397e+10
-3.17674e+10
-3.1285e+10
-3.06764e+10
-3.23327e+10
-3.95871e+10
-4.64796e+10
-2.50332e+10
-3.82713e+10
-3.82107e+10
-3.81085e+10
-3.80852e+10
-3.81288e+10
-3.81642e+10
-3.81914e+10
-3.8225e+10
-3.82646e+10
-3.83091e+10
-3.83589e+10
-3.84128e+10
-3.84695e+10
-3.85248e+10
-3.85708e+10
-3.85977e+10
-3.85951e+10
-3.85534e+10
-3.84702e+10
-3.83599e+10
-3.82274e+10
-3.79755e+10
-3.73923e+10
-3.64379e+10
-3.54101e+10
-3.46101e+10
-3.40589e+10
-3.37034e+10
-3.34777e+10
-3.33304e+10
-3.32284e+10
-3.3152e+10
-3.30927e+10
-3.30485e+10
-3.30196e+10
-3.30043e+10
-3.29957e+10
-3.29809e+10
-3.29409e+10
-3.28527e+10
-3.2694e+10
-3.24518e+10
-3.21322e+10
-3.17706e+10
-3.14347e+10
-3.12006e+10
-3.10661e+10
-3.08221e+10
-3.01324e+10
-2.93571e+10
-3.09897e+10
-3.85398e+10
-4.64339e+10
-2.56856e+10
-3.82372e+10
-3.81532e+10
-3.80856e+10
-3.80839e+10
-3.81495e+10
-3.81896e+10
-3.81963e+10
-3.82267e+10
-3.82674e+10
-3.83122e+10
-3.8362e+10
-3.84164e+10
-3.84732e+10
-3.85283e+10
-3.85739e+10
-3.86008e+10
-3.85985e+10
-3.85573e+10
-3.8475e+10
-3.83668e+10
-3.82367e+10
-3.79859e+10
-3.74053e+10
-3.64588e+10
-3.54378e+10
-3.46399e+10
-3.40884e+10
-3.37326e+10
-3.35079e+10
-3.3362e+10
-3.32605e+10
-3.31836e+10
-3.31222e+10
-3.30741e+10
-3.30395e+10
-3.30162e+10
-3.29972e+10
-3.29689e+10
-3.29116e+10
-3.28011e+10
-3.2614e+10
-3.23356e+10
-3.19703e+10
-3.15517e+10
-3.11452e+10
-3.08249e+10
-3.0585e+10
-3.02087e+10
-2.93409e+10
-2.82713e+10
-2.9358e+10
-3.64303e+10
-4.62714e+10
-3.18083e+10
-3.81713e+10
-3.81147e+10
-3.8068e+10
-3.80701e+10
-3.80982e+10
-3.8139e+10
-3.81865e+10
-3.82381e+10
-3.82959e+10
-3.83617e+10
-3.84369e+10
-3.85238e+10
-3.86212e+10
-3.87234e+10
-3.88189e+10
-3.88943e+10
-3.89377e+10
-3.89369e+10
-3.88823e+10
-3.87954e+10
-3.87319e+10
-3.86166e+10
-3.80369e+10
-3.6653e+10
-3.50622e+10
-3.40563e+10
-3.3521e+10
-3.32426e+10
-3.31151e+10
-3.30557e+10
-3.30225e+10
-3.29959e+10
-3.29714e+10
-3.29516e+10
-3.29402e+10
-3.29379e+10
-3.29397e+10
-3.29337e+10
-3.29015e+10
-3.28199e+10
-3.26658e+10
-3.24237e+10
-3.20966e+10
-3.1715e+10
-3.13392e+10
-3.10346e+10
-3.07833e+10
-3.03676e+10
-2.94847e+10
-2.85779e+10
-3.01088e+10
-3.72727e+10
-4.54964e+10
-2.8628e+10
-3.8119e+10
-3.80822e+10
-3.80753e+10
-3.8093e+10
-3.81246e+10
-3.81478e+10
-3.81848e+10
-3.82355e+10
-3.82937e+10
-3.83589e+10
-3.84327e+10
-3.85175e+10
-3.86124e+10
-3.87116e+10
-3.8804e+10
-3.88762e+10
-3.89158e+10
-3.89106e+10
-3.88532e+10
-3.87675e+10
-3.87063e+10
-3.8592e+10
-3.80317e+10
-3.66935e+10
-3.51513e+10
-3.41429e+10
-3.35845e+10
-3.3286e+10
-3.31439e+10
-3.30758e+10
-3.30377e+10
-3.30085e+10
-3.2983e+10
-3.29628e+10
-3.29512e+10
-3.29485e+10
-3.29496e+10
-3.29426e+10
-3.2909e+10
-3.28253e+10
-3.26683e+10
-3.24228e+10
-3.20918e+10
-3.17056e+10
-3.13243e+10
-3.10119e+10
-3.07476e+10
-3.03065e+10
-2.93652e+10
-2.8311e+10
-2.95516e+10
-3.66346e+10
-4.54713e+10
-2.85211e+10
-3.79377e+10
-3.78605e+10
-3.78896e+10
-3.7912e+10
-3.79293e+10
-3.79543e+10
-3.79979e+10
-3.80554e+10
-3.81248e+10
-3.82076e+10
-3.83077e+10
-3.84317e+10
-3.85834e+10
-3.87559e+10
-3.89274e+10
-3.90694e+10
-3.9169e+10
-3.92279e+10
-3.92375e+10
-3.91995e+10
-3.92174e+10
-3.93954e+10
-3.91607e+10
-3.72126e+10
-3.448e+10
-3.30768e+10
-3.25744e+10
-3.2447e+10
-3.25072e+10
-3.25992e+10
-3.26723e+10
-3.27153e+10
-3.27355e+10
-3.27442e+10
-3.27516e+10
-3.27633e+10
-3.27783e+10
-3.27879e+10
-3.27771e+10
-3.27254e+10
-3.2613e+10
-3.24265e+10
-3.21689e+10
-3.18689e+10
-3.15838e+10
-3.13727e+10
-3.12144e+10
-3.08992e+10
-3.01834e+10
-2.96864e+10
-3.20993e+10
-4.00535e+10
-4.54904e+10
-2.34378e+10
-3.79011e+10
-3.78787e+10
-3.79146e+10
-3.794e+10
-3.79498e+10
-3.79665e+10
-3.80053e+10
-3.80591e+10
-3.81256e+10
-3.82046e+10
-3.82998e+10
-3.84175e+10
-3.85612e+10
-3.87239e+10
-3.88857e+10
-3.90229e+10
-3.9123e+10
-3.91802e+10
-3.91811e+10
-3.9135e+10
-3.91605e+10
-3.93608e+10
-3.91541e+10
-3.72845e+10
-3.46104e+10
-3.31824e+10
-3.26532e+10
-3.25075e+10
-3.25474e+10
-3.2622e+10
-3.26829e+10
-3.27181e+10
-3.27337e+10
-3.27401e+10
-3.2747e+10
-3.27597e+10
-3.27773e+10
-3.2791e+10
-3.27857e+10
-3.27414e+10
-3.26383e+10
-3.24637e+10
-3.22213e+10
-3.19408e+10
-3.16796e+10
-3.14965e+10
-3.13649e+10
-3.10609e+10
-3.03106e+10
-2.96905e+10
-3.19034e+10
-3.96376e+10
-4.50858e+10
-2.3885e+10
-3.7764e+10
-3.77123e+10
-3.77632e+10
-3.77874e+10
-3.78153e+10
-3.78521e+10
-3.79101e+10
-3.79907e+10
-3.80952e+10
-3.82245e+10
-3.83845e+10
-3.85873e+10
-3.88447e+10
-3.91471e+10
-3.9444e+10
-3.96719e+10
-3.98378e+10
-3.99996e+10
-4.01478e+10
-4.01814e+10
-4.0175e+10
-4.06277e+10
-4.15019e+10
-3.97465e+10
-3.53421e+10
-3.17407e+10
-3.14935e+10
-3.17952e+10
-3.2131e+10
-3.23735e+10
-3.25288e+10
-3.26179e+10
-3.26652e+10
-3.26898e+10
-3.27059e+10
-3.27213e+10
-3.27367e+10
-3.27449e+10
-3.27316e+10
-3.26785e+10
-3.2567e+10
-3.23857e+10
-3.21394e+10
-3.18585e+10
-3.16008e+10
-3.14282e+10
-3.13258e+10
-3.10996e+10
-3.05268e+10
-3.01968e+10
-3.25507e+10
-4.00343e+10
-4.63395e+10
-2.55992e+10
-3.77307e+10
-3.77127e+10
-3.77628e+10
-3.77869e+10
-3.78121e+10
-3.78485e+10
-3.79053e+10
-3.79843e+10
-3.80872e+10
-3.82149e+10
-3.83736e+10
-3.85747e+10
-3.88267e+10
-3.91168e+10
-3.94042e+10
-3.96454e+10
-3.98361e+10
-3.99908e+10
-4.00906e+10
-4.00978e+10
-4.01777e+10
-4.081e+10
-4.17386e+10
-4.00126e+10
-3.55753e+10
-3.15895e+10
-3.14055e+10
-3.17506e+10
-3.21051e+10
-3.23525e+10
-3.25067e+10
-3.25927e+10
-3.26361e+10
-3.26563e+10
-3.26677e+10
-3.26779e+10
-3.26875e+10
-3.26891e+10
-3.26684e+10
-3.26064e+10
-3.24844e+10
-3.22906e+10
-3.20294e+10
-3.17298e+10
-3.14477e+10
-3.12401e+10
-3.10807e+10
-3.0748e+10
-2.99709e+10
-2.93063e+10
-3.13022e+10
-3.87904e+10
-4.69341e+10
-3.17298e+10
-3.77113e+10
-3.77247e+10
-3.77388e+10
-3.77529e+10
-3.77742e+10
-3.7812e+10
-3.7872e+10
-3.79579e+10
-3.80697e+10
-3.82059e+10
-3.83747e+10
-3.8595e+10
-3.88793e+10
-3.9211e+10
-3.95143e+10
-3.9736e+10
-3.99315e+10
-4.01269e+10
-4.03e+10
-4.03829e+10
-4.04106e+10
-4.10089e+10
-4.23462e+10
-4.32471e+10
-4.06123e+10
-2.72046e+10
-2.9498e+10
-3.09621e+10
-3.17746e+10
-3.22164e+10
-3.24723e+10
-3.26178e+10
-3.27015e+10
-3.27519e+10
-3.27875e+10
-3.28174e+10
-3.28421e+10
-3.28538e+10
-3.28375e+10
-3.27734e+10
-3.26423e+10
-3.24325e+10
-3.21488e+10
-3.18217e+10
-3.15101e+10
-3.12789e+10
-3.11204e+10
-3.08512e+10
-3.02341e+10
-2.97871e+10
-3.19403e+10
-3.95418e+10
-4.6507e+10
-2.69474e+10
-3.77098e+10
-3.77306e+10
-3.77379e+10
-3.77461e+10
-3.77616e+10
-3.77956e+10
-3.7853e+10
-3.79369e+10
-3.80473e+10
-3.81844e+10
-3.83552e+10
-3.85751e+10
-3.88539e+10
-3.91713e+10
-3.94743e+10
-3.9719e+10
-3.99149e+10
-4.0079e+10
-4.02052e+10
-4.02551e+10
-4.03776e+10
-4.12626e+10
-4.25461e+10
-4.3463e+10
-4.10547e+10
-2.72374e+10
-2.94273e+10
-3.09015e+10
-3.17346e+10
-3.21888e+10
-3.2449e+10
-3.25945e+10
-3.26757e+10
-3.27228e+10
-3.27548e+10
-3.27813e+10
-3.28033e+10
-3.28131e+10
-3.2796e+10
-3.27326e+10
-3.26036e+10
-3.23975e+10
-3.21188e+10
-3.17971e+10
-3.14895e+10
-3.12565e+10
-3.10816e+10
-3.0756e+10
-3.00212e+10
-2.95598e+10
-3.24818e+10
-4.17729e+10
-4.75822e+10
-2.46017e+10
-3.76995e+10
-3.7754e+10
-3.77535e+10
-3.77693e+10
-3.77927e+10
-3.78338e+10
-3.78961e+10
-3.7983e+10
-3.80934e+10
-3.8226e+10
-3.83898e+10
-3.86093e+10
-3.88936e+10
-3.92096e+10
-3.94927e+10
-3.97179e+10
-3.99253e+10
-4.01228e+10
-4.02909e+10
-4.04036e+10
-4.04219e+10
-4.08003e+10
-4.28077e+10
-4.33098e+10
-2.27498e+10
-2.92527e+10
-3.07983e+10
-3.16734e+10
-3.215e+10
-3.24237e+10
-3.25784e+10
-3.2668e+10
-3.2724e+10
-3.27659e+10
-3.28035e+10
-3.28373e+10
-3.28598e+10
-3.28557e+10
-3.28056e+10
-3.26906e+10
-3.24999e+10
-3.22389e+10
-3.19388e+10
-3.16604e+10
-3.14726e+10
-3.1374e+10
-3.11793e+10
-3.06068e+10
-3.00303e+10
-3.16653e+10
-3.84479e+10
-4.5939e+10
-3.05963e+10
-3.77063e+10
-3.77564e+10
-3.77498e+10
-3.77597e+10
-3.77784e+10
-3.78154e+10
-3.78739e+10
-3.7957e+10
-3.80647e+10
-3.81979e+10
-3.83645e+10
-3.85809e+10
-3.8855e+10
-3.91656e+10
-3.9463e+10
-3.97105e+10
-3.99135e+10
-4.0088e+10
-4.02217e+10
-4.02806e+10
-4.03755e+10
-4.1148e+10
-4.28761e+10
-4.32595e+10
-2.34846e+10
-2.92686e+10
-3.0781e+10
-3.16584e+10
-3.21443e+10
-3.24237e+10
-3.25811e+10
-3.26714e+10
-3.27272e+10
-3.27691e+10
-3.28077e+10
-3.28448e+10
-3.28735e+10
-3.28795e+10
-3.28442e+10
-3.27493e+10
-3.25841e+10
-3.2354e+10
-3.20899e+10
-3.18507e+10
-3.17023e+10
-3.16383e+10
-3.14643e+10
-3.09125e+10
-3.05443e+10
-3.31221e+10
-4.13969e+10
-4.7123e+10
-2.38729e+10
-3.77562e+10
-3.77722e+10
-3.77793e+10
-3.77937e+10
-3.78184e+10
-3.78582e+10
-3.79168e+10
-3.79959e+10
-3.80952e+10
-3.8215e+10
-3.8362e+10
-3.85525e+10
-3.87942e+10
-3.90658e+10
-3.93226e+10
-3.9543e+10
-3.97311e+10
-3.9902e+10
-4.00881e+10
-4.0205e+10
-4.02637e+10
-4.05888e+10
-4.1556e+10
-4.16447e+10
-3.51621e+10
-3.11316e+10
-3.11232e+10
-3.16366e+10
-3.21005e+10
-3.2411e+10
-3.26012e+10
-3.27114e+10
-3.27754e+10
-3.28167e+10
-3.28513e+10
-3.28871e+10
-3.29243e+10
-3.29553e+10
-3.29653e+10
-3.29361e+10
-3.28503e+10
-3.26987e+10
-3.2488e+10
-3.22506e+10
-3.20488e+10
-3.19548e+10
-3.19755e+10
-3.19385e+10
-3.15786e+10
-3.13177e+10
-3.35707e+10
-4.10426e+10
-4.66158e+10
-2.38261e+10
-3.77613e+10
-3.77674e+10
-3.77736e+10
-3.77848e+10
-3.78069e+10
-3.78443e+10
-3.79006e+10
-3.79776e+10
-3.80751e+10
-3.81938e+10
-3.834e+10
-3.85259e+10
-3.87582e+10
-3.90232e+10
-3.92891e+10
-3.9531e+10
-3.97468e+10
-3.99371e+10
-4.00743e+10
-4.01188e+10
-4.0208e+10
-4.07847e+10
-4.16098e+10
-4.15057e+10
-3.53424e+10
-3.09993e+10
-3.10154e+10
-3.15705e+10
-3.20704e+10
-3.24056e+10
-3.26101e+10
-3.2728e+10
-3.27958e+10
-3.2839e+10
-3.28748e+10
-3.29121e+10
-3.29516e+10
-3.29859e+10
-3.30007e+10
-3.29777e+10
-3.28991e+10
-3.27544e+10
-3.2548e+10
-3.23089e+10
-3.20941e+10
-3.1969e+10
-3.19319e+10
-3.18007e+10
-3.12969e+10
-3.08246e+10
-3.28261e+10
-4.05534e+10
-4.82216e+10
-2.84251e+10
-3.78046e+10
-3.77822e+10
-3.77944e+10
-3.78059e+10
-3.78276e+10
-3.78601e+10
-3.79058e+10
-3.79645e+10
-3.80353e+10
-3.81177e+10
-3.82139e+10
-3.83289e+10
-3.84636e+10
-3.86084e+10
-3.87459e+10
-3.8863e+10
-3.89516e+10
-3.90065e+10
-3.90265e+10
-3.90104e+10
-3.90474e+10
-3.9233e+10
-3.90926e+10
-3.73497e+10
-3.48707e+10
-3.34051e+10
-3.28525e+10
-3.26938e+10
-3.27297e+10
-3.27995e+10
-3.28584e+10
-3.28951e+10
-3.29162e+10
-3.29315e+10
-3.29498e+10
-3.29753e+10
-3.30061e+10
-3.30329e+10
-3.30406e+10
-3.30104e+10
-3.29249e+10
-3.27745e+10
-3.25649e+10
-3.23269e+10
-3.21208e+10
-3.20174e+10
-3.20262e+10
-3.19871e+10
-3.16474e+10
-3.14084e+10
-3.3631e+10
-4.13691e+10
-4.84914e+10
-2.69651e+10
-3.78089e+10
-3.7788e+10
-3.77988e+10
-3.78099e+10
-3.78312e+10
-3.78637e+10
-3.791e+10
-3.79699e+10
-3.80426e+10
-3.81271e+10
-3.82254e+10
-3.83413e+10
-3.84756e+10
-3.86207e+10
-3.87617e+10
-3.88861e+10
-3.89871e+10
-3.90556e+10
-3.90737e+10
-3.90481e+10
-3.90953e+10
-3.93169e+10
-3.91302e+10
-3.73295e+10
-3.47518e+10
-3.32576e+10
-3.27371e+10
-3.26252e+10
-3.26991e+10
-3.27961e+10
-3.28737e+10
-3.29239e+10
-3.29558e+10
-3.29804e+10
-3.30074e+10
-3.30416e+10
-3.30809e+10
-3.31162e+10
-3.31318e+10
-3.31084e+10
-3.30273e+10
-3.28766e+10
-3.26584e+10
-3.23984e+10
-3.21488e+10
-3.19699e+10
-3.18579e+10
-3.16357e+10
-3.10109e+10
-3.02578e+10
-3.16028e+10
-3.92601e+10
-5.04562e+10
-3.57711e+10
-3.78433e+10
-3.78272e+10
-3.78379e+10
-3.78511e+10
-3.78743e+10
-3.79074e+10
-3.79517e+10
-3.80066e+10
-3.80711e+10
-3.8144e+10
-3.82248e+10
-3.83127e+10
-3.8404e+10
-3.84913e+10
-3.85656e+10
-3.86188e+10
-3.86429e+10
-3.86271e+10
-3.85616e+10
-3.84605e+10
-3.83726e+10
-3.8242e+10
-3.77145e+10
-3.64859e+10
-3.50717e+10
-3.4115e+10
-3.35598e+10
-3.32541e+10
-3.31113e+10
-3.30456e+10
-3.30114e+10
-3.29866e+10
-3.29659e+10
-3.29517e+10
-3.2948e+10
-3.29565e+10
-3.29734e+10
-3.29885e+10
-3.29861e+10
-3.29472e+10
-3.28547e+10
-3.2699e+10
-3.24862e+10
-3.22459e+10
-3.20365e+10
-3.19263e+10
-3.1925e+10
-3.18797e+10
-3.15471e+10
-3.12982e+10
-3.3356e+10
-4.07568e+10
-4.83753e+10
-2.85429e+10
-3.78406e+10
-3.78261e+10
-3.78365e+10
-3.78505e+10
-3.78748e+10
-3.79095e+10
-3.79561e+10
-3.80143e+10
-3.80829e+10
-3.81607e+10
-3.82471e+10
-3.83409e+10
-3.84386e+10
-3.85331e+10
-3.8615e+10
-3.86755e+10
-3.87059e+10
-3.86934e+10
-3.86281e+10
-3.85297e+10
-3.84486e+10
-3.83156e+10
-3.77643e+10
-3.6491e+10
-3.5035e+10
-3.40614e+10
-3.35141e+10
-3.32245e+10
-3.30963e+10
-3.30431e+10
-3.30201e+10
-3.30062e+10
-3.29968e+10
-3.29945e+10
-3.30035e+10
-3.30251e+10
-3.30553e+10
-3.30833e+10
-3.30927e+10
-3.30638e+10
-3.29783e+10
-3.28251e+10
-3.26081e+10
-3.23536e+10
-3.21141e+10
-3.1949e+10
-3.18555e+10
-3.16591e+10
-3.10566e+10
-3.02467e+10
-3.13377e+10
-3.87147e+10
-5.03872e+10
-3.69624e+10
-3.78368e+10
-3.78286e+10
-3.78317e+10
-3.78403e+10
-3.78573e+10
-3.78826e+10
-3.79171e+10
-3.79603e+10
-3.80112e+10
-3.8069e+10
-3.81325e+10
-3.81996e+10
-3.82657e+10
-3.83252e+10
-3.83712e+10
-3.8397e+10
-3.83938e+10
-3.8352e+10
-3.82661e+10
-3.81443e+10
-3.79861e+10
-3.77038e+10
-3.71133e+10
-3.61881e+10
-3.52129e+10
-3.44541e+10
-3.39308e+10
-3.35911e+10
-3.3377e+10
-3.3238e+10
-3.31405e+10
-3.30657e+10
-3.30068e+10
-3.29633e+10
-3.29369e+10
-3.29275e+10
-3.29303e+10
-3.29342e+10
-3.29229e+10
-3.28779e+10
-3.2783e+10
-3.26305e+10
-3.24284e+10
-3.22083e+10
-3.20291e+10
-3.19595e+10
-3.20079e+10
-3.2016e+10
-3.17351e+10
-3.15466e+10
-3.36614e+10
-4.07839e+10
-4.68045e+10
-2.45245e+10
-3.78423e+10
-3.783e+10
-3.78353e+10
-3.78448e+10
-3.78631e+10
-3.78899e+10
-3.79261e+10
-3.79714e+10
-3.80248e+10
-3.80852e+10
-3.81515e+10
-3.82215e+10
-3.82909e+10
-3.83538e+10
-3.84033e+10
-3.84318e+10
-3.84307e+10
-3.83897e+10
-3.83037e+10
-3.81824e+10
-3.80248e+10
-3.77367e+10
-3.71259e+10
-3.61756e+10
-3.51788e+10
-3.44125e+10
-3.38927e+10
-3.3561e+10
-3.33557e+10
-3.32254e+10
-3.31364e+10
-3.30705e+10
-3.30207e+10
-3.29867e+10
-3.29699e+10
-3.29694e+10
-3.298e+10
-3.29901e+10
-3.29828e+10
-3.29388e+10
-3.28416e+10
-3.2683e+10
-3.24709e+10
-3.22362e+10
-3.2036e+10
-3.19351e+10
-3.19354e+10
-3.18643e+10
-3.14295e+10
-3.09459e+10
-3.27933e+10
-4.05667e+10
-4.88762e+10
-2.8715e+10
-3.78541e+10
-3.78465e+10
-3.78477e+10
-3.78534e+10
-3.7866e+10
-3.78847e+10
-3.79099e+10
-3.79407e+10
-3.79759e+10
-3.80146e+10
-3.80553e+10
-3.80956e+10
-3.81315e+10
-3.81585e+10
-3.81713e+10
-3.81643e+10
-3.81297e+10
-3.80601e+10
-3.79532e+10
-3.78106e+10
-3.76141e+10
-3.7294e+10
-3.67707e+10
-3.60723e+10
-3.53468e+10
-3.47223e+10
-3.42346e+10
-3.38737e+10
-3.36099e+10
-3.34128e+10
-3.32594e+10
-3.31361e+10
-3.30369e+10
-3.29607e+10
-3.29077e+10
-3.28757e+10
-3.2858e+10
-3.28417e+10
-3.28087e+10
-3.27394e+10
-3.26169e+10
-3.24336e+10
-3.21975e+10
-3.19402e+10
-3.17202e+10
-3.16024e+10
-3.15829e+10
-3.14765e+10
-3.0996e+10
-3.04913e+10
-3.21579e+10
-3.89634e+10
-4.57548e+10
-2.53524e+10
-3.78589e+10
-3.78425e+10
-3.78477e+10
-3.78543e+10
-3.78682e+10
-3.7888e+10
-3.79142e+10
-3.7946e+10
-3.79823e+10
-3.80219e+10
-3.80632e+10
-3.81041e+10
-3.81408e+10
-3.81689e+10
-3.81827e+10
-3.8176e+10
-3.81411e+10
-3.80708e+10
-3.79633e+10
-3.78212e+10
-3.76259e+10
-3.7305e+10
-3.67796e+10
-3.60773e+10
-3.53529e+10
-3.47322e+10
-3.42496e+10
-3.38933e+10
-3.36328e+10
-3.34381e+10
-3.32868e+10
-3.31655e+10
-3.30683e+10
-3.2994e+10
-3.29423e+10
-3.29105e+10
-3.28912e+10
-3.28712e+10
-3.2832e+10
-3.27533e+10
-3.26184e+10
-3.24198e+10
-3.21663e+10
-3.18903e+10
-3.16508e+10
-3.15139e+10
-3.14766e+10
-3.13488e+10
-3.08363e+10
-3.04175e+10
-3.28739e+10
-4.13388e+10
-4.78335e+10
-2.51387e+10
-3.78689e+10
-3.7851e+10
-3.78547e+10
-3.78578e+10
-3.78669e+10
-3.78799e+10
-3.78971e+10
-3.79173e+10
-3.79392e+10
-3.79611e+10
-3.79814e+10
-3.79975e+10
-3.8006e+10
-3.80029e+10
-3.79843e+10
-3.79455e+10
-3.78805e+10
-3.77842e+10
-3.76542e+10
-3.74871e+10
-3.72649e+10
-3.69501e+10
-3.65133e+10
-3.59813e+10
-3.54294e+10
-3.49225e+10
-3.44912e+10
-3.41398e+10
-3.38571e+10
-3.36277e+10
-3.34389e+10
-3.32826e+10
-3.31555e+10
-3.30569e+10
-3.29866e+10
-3.29413e+10
-3.29126e+10
-3.2886e+10
-3.28414e+10
-3.2757e+10
-3.2614e+10
-3.24023e+10
-3.21278e+10
-3.18199e+10
-3.15343e+10
-3.13295e+10
-3.11872e+10
-3.09003e+10
-3.01623e+10
-2.93132e+10
-3.05511e+10
-3.70074e+10
-4.51363e+10
-2.74087e+10
-3.78673e+10
-3.78425e+10
-3.78474e+10
-3.78498e+10
-3.78584e+10
-3.78706e+10
-3.78868e+10
-3.79059e+10
-3.79265e+10
-3.79468e+10
-3.79651e+10
-3.79794e+10
-3.79864e+10
-3.79825e+10
-3.79633e+10
-3.79234e+10
-3.78571e+10
-3.77596e+10
-3.76291e+10
-3.74632e+10
-3.72447e+10
-3.69366e+10
-3.65081e+10
-3.5988e+10
-3.54468e+10
-3.49478e+10
-3.45207e+10
-3.417e+10
-3.3885e+10
-3.36518e+10
-3.34585e+10
-3.32972e+10
-3.3165e+10
-3.30612e+10
-3.29854e+10
-3.29344e+10
-3.28995e+10
-3.28661e+10
-3.2814e+10
-3.27214e+10
-3.25695e+10
-3.23491e+10
-3.20664e+10
-3.17512e+10
-3.14606e+10
-3.1256e+10
-3.11236e+10
-3.08549e+10
-3.01645e+10
-2.9631e+10
-3.21398e+10
-4.07945e+10
-4.73223e+10
-2.45514e+10
-3.78717e+10
-3.78478e+10
-3.78509e+10
-3.78504e+10
-3.78545e+10
-3.78608e+10
-3.78692e+10
-3.78785e+10
-3.7887e+10
-3.78929e+10
-3.78943e+10
-3.78889e+10
-3.78738e+10
-3.78457e+10
-3.78015e+10
-3.77371e+10
-3.76478e+10
-3.75293e+10
-3.73793e+10
-3.71931e+10
-3.69593e+10
-3.66607e+10
-3.62906e+10
-3.58679e+10
-3.5429e+10
-3.50096e+10
-3.46309e+10
-3.43001e+10
-3.4015e+10
-3.37701e+10
-3.35604e+10
-3.33831e+10
-3.3238e+10
-3.31265e+10
-3.30489e+10
-3.30021e+10
-3.29773e+10
-3.29594e+10
-3.29277e+10
-3.28596e+10
-3.27357e+10
-3.2546e+10
-3.2297e+10
-3.20195e+10
-3.17712e+10
-3.16131e+10
-3.15276e+10
-3.13105e+10
-3.06908e+10
-3.01356e+10
-3.20288e+10
-3.91811e+10
-4.53228e+10
-2.41288e+10
-3.78754e+10
-3.78515e+10
-3.78537e+10
-3.78529e+10
-3.78566e+10
-3.78623e+10
-3.78702e+10
-3.78788e+10
-3.78866e+10
-3.78916e+10
-3.78919e+10
-3.78853e+10
-3.7869e+10
-3.784e+10
-3.77943e+10
-3.77278e+10
-3.76364e+10
-3.75168e+10
-3.73663e+10
-3.71806e+10
-3.69483e+10
-3.66519e+10
-3.62863e+10
-3.5868e+10
-3.54344e+10
-3.50187e+10
-3.4642e+10
-3.4312e+10
-3.40267e+10
-3.37809e+10
-3.35698e+10
-3.33907e+10
-3.32435e+10
-3.31293e+10
-3.30484e+10
-3.2998e+10
-3.29694e+10
-3.29478e+10
-3.29124e+10
-3.28406e+10
-3.27126e+10
-3.25178e+10
-3.22612e+10
-3.19715e+10
-3.17044e+10
-3.15176e+10
-3.13877e+10
-3.10978e+10
-3.03791e+10
-2.98205e+10
-3.21611e+10
-4.02186e+10
-4.67039e+10
-2.63061e+10
-3.78701e+10
-3.78572e+10
-3.78547e+10
-3.78528e+10
-3.78538e+10
-3.7856e+10
-3.7859e+10
-3.78612e+10
-3.7861e+10
-3.78564e+10
-3.78453e+10
-3.78252e+10
-3.77935e+10
-3.77476e+10
-3.76846e+10
-3.76018e+10
-3.74969e+10
-3.73678e+10
-3.72114e+10
-3.70226e+10
-3.67936e+10
-3.6518e+10
-3.6196e+10
-3.58393e+10
-3.54691e+10
-3.51054e+10
-3.47631e+10
-3.44495e+10
-3.41664e+10
-3.3913e+10
-3.36891e+10
-3.34956e+10
-3.33347e+10
-3.32089e+10
-3.31191e+10
-3.30619e+10
-3.3028e+10
-3.3002e+10
-3.29627e+10
-3.28864e+10
-3.27528e+10
-3.25527e+10
-3.22952e+10
-3.20143e+10
-3.17731e+10
-3.16405e+10
-3.1606e+10
-3.14747e+10
-3.10072e+10
-3.07489e+10
-3.31182e+10
-4.04367e+10
-4.59676e+10
-2.43236e+10
-3.78736e+10
-3.7857e+10
-3.78549e+10
-3.78524e+10
-3.7853e+10
-3.78546e+10
-3.7857e+10
-3.78589e+10
-3.78585e+10
-3.78541e+10
-3.78434e+10
-3.78241e+10
-3.77939e+10
-3.77501e+10
-3.76895e+10
-3.7609e+10
-3.75062e+10
-3.73789e+10
-3.72234e+10
-3.70348e+10
-3.68055e+10
-3.65288e+10
-3.62044e+10
-3.58466e+10
-3.54756e+10
-3.51119e+10
-3.477e+10
-3.44573e+10
-3.41755e+10
-3.39235e+10
-3.37006e+10
-3.35075e+10
-3.33464e+10
-3.32197e+10
-3.31284e+10
-3.30695e+10
-3.30343e+10
-3.30076e+10
-3.29681e+10
-3.28918e+10
-3.27572e+10
-3.25527e+10
-3.22838e+10
-3.19805e+10
-3.16997e+10
-3.14991e+10
-3.13518e+10
-3.10381e+10
-3.02936e+10
-2.96646e+10
-3.16216e+10
-3.89194e+10
-4.72382e+10
-3.30257e+10
-3.78751e+10
-3.78533e+10
-3.78529e+10
-3.78481e+10
-3.78457e+10
-3.78432e+10
-3.78403e+10
-3.78356e+10
-3.78274e+10
-3.78139e+10
-3.77932e+10
-3.77632e+10
-3.77217e+10
-3.76664e+10
-3.75952e+10
-3.75056e+10
-3.73945e+10
-3.72594e+10
-3.70977e+10
-3.69058e+10
-3.66791e+10
-3.64151e+10
-3.6117e+10
-3.57942e+10
-3.54599e+10
-3.51283e+10
-3.48098e+10
-3.45105e+10
-3.42332e+10
-3.39792e+10
-3.37503e+10
-3.35494e+10
-3.33802e+10
-3.32453e+10
-3.31452e+10
-3.30755e+10
-3.30259e+10
-3.29802e+10
-3.29163e+10
-3.28096e+10
-3.26387e+10
-3.23935e+10
-3.20822e+10
-3.17388e+10
-3.14269e+10
-3.12165e+10
-3.10971e+10
-3.0874e+10
-3.03034e+10
-2.99109e+10
-3.21703e+10
-3.98568e+10
-4.6406e+10
-2.61112e+10
-3.78755e+10
-3.78494e+10
-3.78488e+10
-3.78426e+10
-3.78388e+10
-3.78346e+10
-3.783e+10
-3.78236e+10
-3.78138e+10
-3.77992e+10
-3.77776e+10
-3.77473e+10
-3.7706e+10
-3.76518e+10
-3.75819e+10
-3.74933e+10
-3.73833e+10
-3.72501e+10
-3.70914e+10
-3.69033e+10
-3.66812e+10
-3.64221e+10
-3.61294e+10
-3.58113e+10
-3.54816e+10
-3.51534e+10
-3.48364e+10
-3.45367e+10
-3.42574e+10
-3.40001e+10
-3.37665e+10
-3.35599e+10
-3.3384e+10
-3.32422e+10
-3.31358e+10
-3.30615e+10
-3.30101e+10
-3.29658e+10
-3.29073e+10
-3.28098e+10
-3.26505e+10
-3.24171e+10
-3.21163e+10
-3.17815e+10
-3.1474e+10
-3.12574e+10
-3.11145e+10
-3.08403e+10
-3.01981e+10
-2.98947e+10
-3.2973e+10
-4.21637e+10
-4.7577e+10
-2.3979e+10
-3.78695e+10
-3.78483e+10
-3.78441e+10
-3.78362e+10
-3.78293e+10
-3.78208e+10
-3.78105e+10
-3.77968e+10
-3.7778e+10
-3.77524e+10
-3.77184e+10
-3.76739e+10
-3.76173e+10
-3.75468e+10
-3.74613e+10
-3.73593e+10
-3.72394e+10
-3.71002e+10
-3.694e+10
-3.6756e+10
-3.65453e+10
-3.63072e+10
-3.6044e+10
-3.57612e+10
-3.54673e+10
-3.51707e+10
-3.48786e+10
-3.45965e+10
-3.43283e+10
-3.40772e+10
-3.38474e+10
-3.36441e+10
-3.34725e+10
-3.33365e+10
-3.32367e+10
-3.31688e+10
-3.31229e+10
-3.30838e+10
-3.30313e+10
-3.29423e+10
-3.27956e+10
-3.25799e+10
-3.2302e+10
-3.19956e+10
-3.17227e+10
-3.15515e+10
-3.14815e+10
-3.13214e+10
-3.0811e+10
-3.0381e+10
-3.22773e+10
-3.92431e+10
-4.61173e+10
-2.67227e+10
-3.78689e+10
-3.78454e+10
-3.78415e+10
-3.78331e+10
-3.78256e+10
-3.78165e+10
-3.78056e+10
-3.77911e+10
-3.77718e+10
-3.77459e+10
-3.77116e+10
-3.76673e+10
-3.76111e+10
-3.75415e+10
-3.74571e+10
-3.73568e+10
-3.72391e+10
-3.71026e+10
-3.69452e+10
-3.67643e+10
-3.6557e+10
-3.63231e+10
-3.60636e+10
-3.5785e+10
-3.54948e+10
-3.52009e+10
-3.49104e+10
-3.46283e+10
-3.4359e+10
-3.41061e+10
-3.3874e+10
-3.36676e+10
-3.34926e+10
-3.33531e+10
-3.32505e+10
-3.31815e+10
-3.31366e+10
-3.31011e+10
-3.30546e+10
-3.29739e+10
-3.28373e+10
-3.26317e+10
-3.23618e+10
-3.20606e+10
-3.17918e+10
-3.1626e+10
-3.15575e+10
-3.1396e+10
-3.09015e+10
-3.06611e+10
-3.33822e+10
-4.17203e+10
-4.76726e+10
-2.42918e+10
-3.78809e+10
-3.78591e+10
-3.78555e+10
-3.78466e+10
-3.78381e+10
-3.78272e+10
-3.78136e+10
-3.77957e+10
-3.7772e+10
-3.77407e+10
-3.77001e+10
-3.76486e+10
-3.75846e+10
-3.75068e+10
-3.74143e+10
-3.73063e+10
-3.71819e+10
-3.704e+10
-3.68793e+10
-3.66979e+10
-3.64947e+10
-3.62698e+10
-3.60258e+10
-3.57671e+10
-3.54989e+10
-3.52269e+10
-3.49562e+10
-3.46909e+10
-3.44345e+10
-3.41905e+10
-3.39631e+10
-3.3758e+10
-3.35809e+10
-3.34358e+10
-3.33237e+10
-3.32406e+10
-3.31779e+10
-3.31228e+10
-3.30579e+10
-3.29636e+10
-3.28204e+10
-3.26148e+10
-3.23487e+10
-3.2053e+10
-3.17967e+10
-3.16631e+10
-3.16567e+10
-3.15884e+10
-3.12197e+10
-3.10437e+10
-3.35445e+10
-4.12915e+10
-4.69552e+10
-2.4605e+10
-3.78855e+10
-3.7863e+10
-3.78596e+10
-3.78507e+10
-3.78424e+10
-3.78317e+10
-3.78184e+10
-3.78009e+10
-3.77776e+10
-3.77469e+10
-3.77072e+10
-3.76566e+10
-3.75935e+10
-3.75166e+10
-3.74245e+10
-3.73164e+10
-3.71917e+10
-3.70494e+10
-3.68883e+10
-3.67067e+10
-3.65032e+10
-3.62778e+10
-3.60333e+10
-3.57733e+10
-3.55032e+10
-3.52289e+10
-3.4955e+10
-3.46859e+10
-3.44252e+10
-3.4177e+10
-3.39461e+10
-3.37383e+10
-3.3559e+10
-3.34125e+10
-3.33e+10
-3.32181e+10
-3.31579e+10
-3.31053e+10
-3.30423e+10
-3.29494e+10
-3.28074e+10
-3.26014e+10
-3.23292e+10
-3.20191e+10
-3.17383e+10
-3.15613e+10
-3.1485e+10
-3.13205e+10
-3.08152e+10
-3.0404e+10
-3.25213e+10
-4.03833e+10
-4.91347e+10
-3.23409e+10
-3.78754e+10
-3.78533e+10
-3.78469e+10
-3.7836e+10
-3.7825e+10
-3.78112e+10
-3.7794e+10
-3.77719e+10
-3.77436e+10
-3.77071e+10
-3.76611e+10
-3.7604e+10
-3.75344e+10
-3.74515e+10
-3.73546e+10
-3.72431e+10
-3.71168e+10
-3.69749e+10
-3.68166e+10
-3.66405e+10
-3.64456e+10
-3.62327e+10
-3.60036e+10
-3.57607e+10
-3.55075e+10
-3.52477e+10
-3.4985e+10
-3.47232e+10
-3.44656e+10
-3.42158e+10
-3.39787e+10
-3.37604e+10
-3.35674e+10
-3.34048e+10
-3.32743e+10
-3.31738e+10
-3.30965e+10
-3.30301e+10
-3.2958e+10
-3.28612e+10
-3.27207e+10
-3.25209e+10
-3.22571e+10
-3.19506e+10
-3.16795e+10
-3.15507e+10
-3.15439e+10
-3.14496e+10
-3.10189e+10
-3.06498e+10
-3.27186e+10
-4.05247e+10
-4.93258e+10
-3.23684e+10
-3.78739e+10
-3.78525e+10
-3.78456e+10
-3.78345e+10
-3.78233e+10
-3.78092e+10
-3.77919e+10
-3.77697e+10
-3.77412e+10
-3.77047e+10
-3.76586e+10
-3.76013e+10
-3.75316e+10
-3.74484e+10
-3.73509e+10
-3.72386e+10
-3.71111e+10
-3.69679e+10
-3.68081e+10
-3.66303e+10
-3.64338e+10
-3.62193e+10
-3.59881e+10
-3.57431e+10
-3.54877e+10
-3.52255e+10
-3.49606e+10
-3.46967e+10
-3.44372e+10
-3.41859e+10
-3.39483e+10
-3.37308e+10
-3.35396e+10
-3.33793e+10
-3.3252e+10
-3.31554e+10
-3.3082e+10
-3.30185e+10
-3.29479e+10
-3.28524e+10
-3.27155e+10
-3.25225e+10
-3.22676e+10
-3.19763e+10
-3.17218e+10
-3.15821e+10
-3.15515e+10
-3.14276e+10
-3.09273e+10
-3.03811e+10
-3.20281e+10
-3.93822e+10
-4.9158e+10
-3.53342e+10
-3.78768e+10
-3.7846e+10
-3.78392e+10
-3.7826e+10
-3.78127e+10
-3.77958e+10
-3.77748e+10
-3.77481e+10
-3.77144e+10
-3.76718e+10
-3.76191e+10
-3.75548e+10
-3.74779e+10
-3.73876e+10
-3.72838e+10
-3.71664e+10
-3.70354e+10
-3.68908e+10
-3.67322e+10
-3.65584e+10
-3.63694e+10
-3.61656e+10
-3.59481e+10
-3.57185e+10
-3.54781e+10
-3.52299e+10
-3.49772e+10
-3.47233e+10
-3.44713e+10
-3.42252e+10
-3.399e+10
-3.37727e+10
-3.35811e+10
-3.34213e+10
-3.32966e+10
-3.32065e+10
-3.31442e+10
-3.30954e+10
-3.30402e+10
-3.29569e+10
-3.28277e+10
-3.26421e+10
-3.23973e+10
-3.2107e+10
-3.18393e+10
-3.1715e+10
-3.17121e+10
-3.15746e+10
-3.10658e+10
-3.06081e+10
-3.26484e+10
-4.02092e+10
-4.62393e+10
-2.37208e+10
-3.78727e+10
-3.78441e+10
-3.7837e+10
-3.78239e+10
-3.78107e+10
-3.77938e+10
-3.77729e+10
-3.77463e+10
-3.77127e+10
-3.76704e+10
-3.76178e+10
-3.75536e+10
-3.74767e+10
-3.73863e+10
-3.72821e+10
-3.71639e+10
-3.70317e+10
-3.68853e+10
-3.6724e+10
-3.65472e+10
-3.63545e+10
-3.61465e+10
-3.59245e+10
-3.569e+10
-3.54448e+10
-3.5192e+10
-3.49348e+10
-3.46764e+10
-3.442e+10
-3.41698e+10
-3.39312e+10
-3.37112e+10
-3.35175e+10
-3.33559e+10
-3.32295e+10
-3.31371e+10
-3.30717e+10
-3.30193e+10
-3.29598e+10
-3.28728e+10
-3.27417e+10
-3.25567e+10
-3.23181e+10
-3.20503e+10
-3.18172e+10
-3.16969e+10
-3.16851e+10
-3.15729e+10
-3.10721e+10
-3.05961e+10
-3.26246e+10
-4.00969e+10
-4.52305e+10
-2.20702e+10
-3.78645e+10
-3.78225e+10
-3.78156e+10
-3.77993e+10
-3.7783e+10
-3.77623e+10
-3.7737e+10
-3.77056e+10
-3.76667e+10
-3.76188e+10
-3.75608e+10
-3.74913e+10
-3.74095e+10
-3.73149e+10
-3.72075e+10
-3.70876e+10
-3.69556e+10
-3.68112e+10
-3.66537e+10
-3.64824e+10
-3.62966e+10
-3.60966e+10
-3.58832e+10
-3.5657e+10
-3.54188e+10
-3.51712e+10
-3.49163e+10
-3.46569e+10
-3.43961e+10
-3.41377e+10
-3.38866e+10
-3.36496e+10
-3.34345e+10
-3.32479e+10
-3.30933e+10
-3.29695e+10
-3.28675e+10
-3.27695e+10
-3.26503e+10
-3.24852e+10
-3.22575e+10
-3.19649e+10
-3.16209e+10
-3.12502e+10
-3.08946e+10
-3.06244e+10
-3.04694e+10
-3.02244e+10
-2.96019e+10
-2.90458e+10
-3.11146e+10
-3.89321e+10
-4.72925e+10
-3.25696e+10
-3.78638e+10
-3.78246e+10
-3.78174e+10
-3.78014e+10
-3.77853e+10
-3.77647e+10
-3.77396e+10
-3.77082e+10
-3.76694e+10
-3.76217e+10
-3.75637e+10
-3.74941e+10
-3.7412e+10
-3.73167e+10
-3.7208e+10
-3.70861e+10
-3.69511e+10
-3.68031e+10
-3.66415e+10
-3.6466e+10
-3.62761e+10
-3.60724e+10
-3.58553e+10
-3.56253e+10
-3.53839e+10
-3.5133e+10
-3.48747e+10
-3.4612e+10
-3.43481e+10
-3.40875e+10
-3.38355e+10
-3.35992e+10
-3.33867e+10
-3.32048e+10
-3.3057e+10
-3.29418e+10
-3.2851e+10
-3.27682e+10
-3.26693e+10
-3.25298e+10
-3.2332e+10
-3.20712e+10
-3.17567e+10
-3.1413e+10
-3.10912e+10
-3.08628e+10
-3.07188e+10
-3.04497e+10
-2.97443e+10
-2.89689e+10
-3.05323e+10
-3.77579e+10
-4.63701e+10
-3.15169e+10
-4.21974e+10
-4.35265e+10
-4.22294e+10
-4.31818e+10
-4.31796e+10
-2.99071e+10
-4.10125e+10
-3.03248e+10
-1.80343e+10
-1.82469e+10
-4.27079e+10
-4.43123e+10
-4.12154e+10
-4.31765e+10
-4.33357e+10
-3.00732e+10
-4.07933e+10
-2.97736e+10
-1.82742e+10
-1.81924e+10
-4.32082e+10
-4.35569e+10
-4.19517e+10
-4.34305e+10
-4.20744e+10
-1.80624e+10
-1.86146e+10
-3.94691e+10
-2.88685e+10
-3.99865e+10
-2.95481e+10
-4.33846e+10
-4.33798e+10
-4.23258e+10
-4.35213e+10
-4.2212e+10
-1.88751e+10
-1.9125e+10
-4.00524e+10
-2.96773e+10
-3.9892e+10
-2.93885e+10
-3.80016e+10
-3.98715e+10
-3.82178e+10
-4.14673e+10
-3.96245e+10
-4.17382e+10
-3.97768e+10
-3.33789e+10
-3.56333e+10
-3.37909e+10
-3.60292e+10
-3.29327e+10
-3.6179e+10
-3.32929e+10
-3.82878e+10
-4.01623e+10
-3.8356e+10
-4.18544e+10
-3.99196e+10
-4.27475e+10
-4.01489e+10
-3.36325e+10
-3.54879e+10
-3.34982e+10
-3.60313e+10
-3.29195e+10
-3.58301e+10
-3.26632e+10
-4.37464e+10
-4.23032e+10
-4.36708e+10
-4.28644e+10
-4.3578e+10
-4.2821e+10
-4.34755e+10
-3.62799e+10
-3.67189e+10
-4.09246e+10
-3.69079e+10
-3.54582e+10
-2.82109e+10
-2.74411e+10
-2.85462e+10
-2.28007e+10
-2.59673e+10
-2.30268e+10
-2.63483e+10
-4.38251e+10
-4.24518e+10
-4.36301e+10
-4.29319e+10
-4.35159e+10
-4.28266e+10
-4.34695e+10
-3.64982e+10
-3.68394e+10
-4.1296e+10
-3.70098e+10
-3.61818e+10
-2.8403e+10
-2.70111e+10
-2.81806e+10
-2.30098e+10
-2.62851e+10
-2.28478e+10
-2.60257e+10
-4.3682e+10
-4.27809e+10
-4.35625e+10
-4.22603e+10
-4.39557e+10
-4.2272e+10
-4.38773e+10
-4.32855e+10
-4.32824e+10
-4.37373e+10
-4.37071e+10
-4.32118e+10
-3.06478e+10
-2.96192e+10
-2.58142e+10
-2.31286e+10
-2.62327e+10
-2.65505e+10
-2.77025e+10
-2.69664e+10
-2.80707e+10
-4.35784e+10
-4.27752e+10
-4.35313e+10
-4.24927e+10
-4.3863e+10
-4.24574e+10
-4.37765e+10
-4.35529e+10
-4.3333e+10
-4.36685e+10
-4.34536e+10
-4.37369e+10
-3.42865e+10
-3.31501e+10
-2.64219e+10
-2.33932e+10
-2.61368e+10
-2.71762e+10
-2.81419e+10
-2.69788e+10
-2.78336e+10
-3.93722e+10
-4.16582e+10
-3.94177e+10
-3.97548e+10
-3.79422e+10
-3.98677e+10
-3.8115e+10
-3.18234e+10
-3.5373e+10
-3.2153e+10
-3.51851e+10
-3.31574e+10
-3.54584e+10
-3.34864e+10
-3.94155e+10
-4.15673e+10
-3.92731e+10
-3.98559e+10
-3.80482e+10
-3.98405e+10
-3.7937e+10
-3.20641e+10
-3.5116e+10
-3.17049e+10
-3.53689e+10
-3.33991e+10
-3.51191e+10
-3.30504e+10
-4.33155e+10
-4.19978e+10
-4.22533e+10
-4.17865e+10
-4.30017e+10
-4.35677e+10
-4.22675e+10
-4.16715e+10
-4.17886e+10
-4.37805e+10
-4.30894e+10
-4.34413e+10
-4.31657e+10
-4.33651e+10
-4.29361e+10
-4.34554e+10
-4.30372e+10
-4.3073e+10
-4.33551e+10
-4.3193e+10
-4.33437e+10
-4.33822e+10
-4.35264e+10
-4.44538e+10
-3.6151e+10
-4.10701e+10
-3.69238e+10
-3.69996e+10
-3.61574e+10
-3.22933e+10
-3.15873e+10
-2.63285e+10
-2.12944e+10
-1.7699e+10
-2.12244e+10
-2.59052e+10
-3.20926e+10
-3.21188e+10
-2.62229e+10
-2.14683e+10
-1.79555e+10
-2.13506e+10
-2.60512e+10
-4.3729e+10
-4.22863e+10
-4.28435e+10
-4.24291e+10
-4.36286e+10
-4.45735e+10
-4.23877e+10
-4.03991e+10
-4.15262e+10
-4.45805e+10
-4.35146e+10
-4.34978e+10
-4.33009e+10
-4.34044e+10
-4.36076e+10
-4.36437e+10
-4.37618e+10
-4.38618e+10
-4.34821e+10
-4.35113e+10
-4.35651e+10
-4.37468e+10
-4.46658e+10
-4.61266e+10
-3.66904e+10
-4.13971e+10
-3.68079e+10
-3.70722e+10
-3.57098e+10
-3.23449e+10
-3.23589e+10
-2.60471e+10
-2.1398e+10
-1.80875e+10
-2.60988e+10
-2.12872e+10
-3.24433e+10
-3.1365e+10
-2.60025e+10
-2.11476e+10
-1.78394e+10
-2.10592e+10
-2.5328e+10
-4.33047e+10
-4.32357e+10
-4.33636e+10
-4.32534e+10
-4.36102e+10
-4.3643e+10
-4.32855e+10
-4.34676e+10
-4.41099e+10
-4.32771e+10
-4.24469e+10
-4.21313e+10
-4.26021e+10
-4.31835e+10
-4.33779e+10
-4.22276e+10
-4.22995e+10
-4.35248e+10
-4.26448e+10
-2.55398e+10
-1.78043e+10
-2.11894e+10
-2.11818e+10
-2.48191e+10
-3.09526e+10
-3.2323e+10
-2.58515e+10
-1.82064e+10
-2.19724e+10
-2.15785e+10
-2.69114e+10
-3.43326e+10
-3.52504e+10
-3.98272e+10
-3.54771e+10
-3.33872e+10
-3.44777e+10
-3.99478e+10
-3.57897e+10
-3.54249e+10
-3.56334e+10
-4.37787e+10
-4.38485e+10
-4.35583e+10
-4.34167e+10
-4.36787e+10
-4.35972e+10
-4.34611e+10
-4.46308e+10
-4.40577e+10
-4.36978e+10
-4.27302e+10
-4.25356e+10
-4.35543e+10
-4.29837e+10
-4.37608e+10
-4.21347e+10
-4.25609e+10
-4.22188e+10
-4.39364e+10
-2.85586e+10
-1.8872e+10
-2.24298e+10
-2.75237e+10
-2.25691e+10
-3.46827e+10
-3.3961e+10
-2.88338e+10
-1.87937e+10
-2.26598e+10
-2.26071e+10
-2.82544e+10
-3.67644e+10
-3.58888e+10
-4.01674e+10
-3.59573e+10
-3.60093e+10
-3.70451e+10
-4.0075e+10
-3.5878e+10
-3.598e+10
-3.62601e+10
-4.31872e+10
-4.27868e+10
-4.32279e+10
-4.39577e+10
-4.26732e+10
-4.38606e+10
-4.31986e+10
-4.359e+10
-4.29887e+10
-4.34773e+10
-4.41906e+10
-4.31093e+10
-4.36212e+10
-4.4154e+10
-4.3203e+10
-4.32642e+10
-4.29241e+10
-4.41014e+10
-4.30247e+10
-4.38485e+10
-4.35293e+10
-2.97458e+10
-3.2384e+10
-3.00172e+10
-2.64729e+10
-3.25457e+10
-2.64876e+10
-2.95204e+10
-2.97418e+10
-3.01646e+10
-3.26777e+10
-2.66838e+10
-3.26615e+10
-2.65827e+10
-2.96395e+10
-4.38579e+10
-4.40419e+10
-4.41854e+10
-4.44932e+10
-4.31878e+10
-4.44056e+10
-4.39961e+10
-2.96141e+10
-3.24928e+10
-3.00215e+10
-2.64546e+10
-3.25357e+10
-2.95227e+10
-2.63843e+10
-2.96254e+10
-2.98516e+10
-3.2269e+10
-2.6205e+10
-3.24657e+10
-2.62309e+10
-2.93082e+10
-4.34593e+10
-4.41743e+10
-4.29658e+10
-4.34225e+10
-4.4133e+10
-4.29332e+10
-4.34797e+10
-4.34822e+10
-4.43124e+10
-4.34112e+10
-4.29384e+10
-4.41552e+10
-4.35578e+10
-4.30279e+10
-2.86099e+10
-2.5768e+10
-3.10156e+10
-2.90077e+10
-2.58636e+10
-3.12215e+10
-2.83108e+10
-2.89029e+10
-2.65376e+10
-2.9311e+10
-3.16915e+10
-2.62015e+10
-2.92591e+10
-3.14627e+10
-4.38811e+10
-4.43589e+10
-4.30624e+10
-4.33357e+10
-4.37326e+10
-4.45061e+10
-4.2989e+10
-4.41768e+10
-4.44737e+10
-4.35467e+10
-4.31304e+10
-4.47493e+10
-4.27275e+10
-4.40866e+10
-3.00928e+10
-2.68709e+10
-3.18386e+10
-2.96166e+10
-2.97482e+10
-2.69458e+10
-3.19161e+10
-3.02458e+10
-2.68773e+10
-2.94991e+10
-3.17098e+10
-2.69344e+10
-3.18554e+10
-3.00137e+10
-4.40178e+10
-3.67289e+10
-4.53858e+10
-3.63956e+10
-3.66284e+10
-4.42172e+10
-4.55349e+10
-4.64365e+10
-4.67704e+10
-4.72256e+10
-4.58946e+10
-4.65295e+10
-4.75332e+10
-4.74153e+10
-4.65976e+10
-4.42112e+10
-3.6356e+10
-3.64233e+10
-4.42923e+10
-3.65705e+10
-4.55238e+10
-4.29931e+10
-4.47455e+10
-3.7057e+10
-3.63476e+10
-4.65367e+10
-3.6828e+10
-4.52614e+10
-4.62341e+10
-4.69921e+10
-4.79715e+10
-4.69405e+10
-4.80191e+10
-4.44948e+10
-3.62636e+10
-3.66363e+10
-4.5804e+10
-4.44804e+10
-3.6681e+10
-4.59316e+10
-4.7352e+10
-4.87682e+10
-4.82331e+10
-4.77835e+10
-4.33047e+10
-4.33034e+10
-4.34334e+10
-4.32658e+10
-4.32326e+10
-4.3349e+10
-4.34185e+10
-4.28784e+10
-4.2663e+10
-4.25932e+10
-4.29561e+10
-4.29362e+10
-4.27644e+10
-4.26361e+10
-4.30388e+10
-4.3251e+10
-4.31994e+10
-4.30942e+10
-4.3422e+10
-4.31133e+10
-4.3424e+10
-4.33643e+10
-3.06881e+10
-3.02441e+10
-4.3096e+10
-4.33413e+10
-4.342e+10
-4.34246e+10
-4.32343e+10
-4.31827e+10
-4.34084e+10
-4.2796e+10
-4.26643e+10
-4.26954e+10
-4.27669e+10
-4.28869e+10
-4.28966e+10
-4.27938e+10
-4.29737e+10
-4.3068e+10
-4.34488e+10
-4.32274e+10
-4.33405e+10
-4.30443e+10
-4.32108e+10
-4.33974e+10
-3.40565e+10
-3.36616e+10
-4.29188e+10
-4.28614e+10
-4.34893e+10
-4.30699e+10
-4.27429e+10
-4.31513e+10
-4.33869e+10
-4.41907e+10
-4.59496e+10
-4.60801e+10
-4.41443e+10
-4.4295e+10
-4.64797e+10
-4.61431e+10
-4.45149e+10
-4.29713e+10
-4.30102e+10
-4.27211e+10
-4.31373e+10
-4.27642e+10
-4.3167e+10
-4.28819e+10
-4.33948e+10
-4.29412e+10
-4.42475e+10
-4.35627e+10
-4.33766e+10
-4.2631e+10
-4.50498e+10
-4.5709e+10
-4.74735e+10
-4.76173e+10
-4.53438e+10
-4.55446e+10
-4.71161e+10
-4.52126e+10
-4.75296e+10
-4.32826e+10
-4.3256e+10
-4.28005e+10
-4.45789e+10
-4.24211e+10
-4.54846e+10
-4.30998e+10
-4.27857e+10
-4.3005e+10
-4.2676e+10
-4.29459e+10
-4.30227e+10
-4.25994e+10
-4.28382e+10
-4.25097e+10
-4.25013e+10
-4.2411e+10
-4.26066e+10
-4.25751e+10
-4.26066e+10
-4.24596e+10
-4.26882e+10
-4.27569e+10
-4.29262e+10
-4.30469e+10
-4.25712e+10
-4.30394e+10
-4.25772e+10
-4.28582e+10
-4.31804e+10
-4.30613e+10
-4.29689e+10
-4.30399e+10
-4.31676e+10
-4.29184e+10
-4.30007e+10
-4.29611e+10
-4.30509e+10
-4.28076e+10
-4.26726e+10
-4.27891e+10
-4.27377e+10
-4.2945e+10
-4.33423e+10
-4.31686e+10
-4.30375e+10
-4.3002e+10
-4.32396e+10
-4.29698e+10
-4.28882e+10
-4.27913e+10
-4.28694e+10
-4.28358e+10
-4.39823e+10
-4.4866e+10
-4.42348e+10
-3.67341e+10
-4.53455e+10
-3.61172e+10
-4.43025e+10
-3.66885e+10
-4.54506e+10
-4.70265e+10
-4.83786e+10
-4.70764e+10
-4.86013e+10
-4.70822e+10
-4.80292e+10
-4.68483e+10
-4.84527e+10
-4.42522e+10
-3.6104e+10
-3.66989e+10
-4.56339e+10
-4.44748e+10
-3.65922e+10
-4.55073e+10
-3.25929e+10
-3.2373e+10
-1.88127e+10
-2.3784e+10
-2.03407e+10
-2.6449e+10
-2.37477e+10
-2.04474e+10
-1.88461e+10
-1.56844e+10
-1.46883e+10
-1.43006e+10
-1.60414e+10
-1.59525e+10
-1.4904e+10
-1.6041e+10
-1.46644e+10
-1.85153e+10
-2.61751e+10
-2.35575e+10
-2.00544e+10
-2.354e+10
-2.00175e+10
-1.89707e+10
-3.20691e+10
-3.21215e+10
-1.87773e+10
-2.37652e+10
-2.61061e+10
-2.02057e+10
-2.36842e+10
-1.88401e+10
-1.99681e+10
-1.60355e+10
-1.48903e+10
-1.59781e+10
-1.49277e+10
-1.86918e+10
-2.60542e+10
-2.36316e+10
-1.98336e+10
-2.36055e+10
-1.99084e+10
-1.86684e+10
-1.60756e+10
-1.50605e+10
-1.61172e+10
-1.49678e+10
-4.31429e+10
-4.32378e+10
-4.35179e+10
-4.37229e+10
-4.32192e+10
-4.33869e+10
-4.33982e+10
-4.44869e+10
-4.69678e+10
-4.68098e+10
-4.4788e+10
-4.31069e+10
-4.34985e+10
-4.30578e+10
-4.37214e+10
-4.31448e+10
-4.32092e+10
-4.34124e+10
-4.45384e+10
-4.75144e+10
-4.69408e+10
-4.51807e+10
-4.55925e+10
-4.29347e+10
-4.54392e+10
-4.42046e+10
-4.37347e+10
-4.22049e+10
-5.00026e+10
-5.04688e+10
-4.91094e+10
-4.98953e+10
-4.78304e+10
-4.88171e+10
-4.89823e+10
-4.6829e+10
-5.00552e+10
-4.9958e+10
-4.41564e+10
-4.07976e+10
-5.80621e+10
-4.13805e+10
-6.1372e+10
-4.52048e+10
-4.31785e+10
-4.33719e+10
-4.34696e+10
-4.32389e+10
-4.34026e+10
-4.30723e+10
-4.32927e+10
-4.27734e+10
-4.26111e+10
-4.26287e+10
-4.27523e+10
-4.30816e+10
-4.33751e+10
-4.32894e+10
-4.29751e+10
-4.33508e+10
-4.30243e+10
-4.29619e+10
-4.28848e+10
-4.2865e+10
-4.27346e+10
-4.30308e+10
-4.34797e+10
-4.35524e+10
-4.32535e+10
-4.35532e+10
-4.34028e+10
-4.40241e+10
-4.33851e+10
-4.33976e+10
-4.35235e+10
-4.32087e+10
-4.31669e+10
-4.31905e+10
-4.31978e+10
-4.32108e+10
-4.30977e+10
-4.32341e+10
-4.31905e+10
-4.32665e+10
-4.38906e+10
-4.33816e+10
-4.36285e+10
-4.3314e+10
-4.36628e+10
-4.33009e+10
-4.55269e+10
-4.66198e+10
-4.58703e+10
-3.71931e+10
-4.69573e+10
-3.68383e+10
-4.57377e+10
-3.71629e+10
-4.72567e+10
-4.91142e+10
-5.03266e+10
-5.10105e+10
-4.83848e+10
-4.91541e+10
-5.00037e+10
-4.85456e+10
-5.10317e+10
-4.61793e+10
-3.67603e+10
-3.69197e+10
-4.58876e+10
-3.70926e+10
-4.73176e+10
-4.46667e+10
-3.23573e+10
-3.23964e+10
-1.86153e+10
-2.60445e+10
-2.36121e+10
-1.96876e+10
-2.35944e+10
-1.973e+10
-1.8532e+10
-1.61174e+10
-1.51143e+10
-1.61164e+10
-1.51208e+10
-1.86461e+10
-2.60646e+10
-2.35989e+10
-2.00161e+10
-1.8692e+10
-2.35485e+10
-1.99287e+10
-1.60693e+10
-1.51443e+10
-1.59586e+10
-1.51527e+10
-3.26271e+10
-3.23284e+10
-1.82397e+10
-2.35217e+10
-1.95938e+10
-2.60284e+10
-2.34197e+10
-1.83629e+10
-1.95196e+10
-1.53802e+10
-1.49199e+10
-1.44748e+10
-1.57758e+10
-1.56635e+10
-1.50492e+10
-1.58276e+10
-1.47591e+10
-1.7857e+10
-2.56276e+10
-2.32106e+10
-1.90341e+10
-2.31559e+10
-1.89854e+10
-1.83832e+10
-4.34118e+10
-4.32891e+10
-4.31976e+10
-4.33725e+10
-4.34056e+10
-4.33749e+10
-4.33262e+10
-4.34298e+10
-4.32702e+10
-4.28544e+10
-4.26986e+10
-4.27864e+10
-4.27629e+10
-4.29815e+10
-4.28636e+10
-4.30647e+10
-4.28764e+10
-4.30977e+10
-4.31436e+10
-4.33243e+10
-4.31111e+10
-4.30109e+10
-4.35132e+10
-4.30277e+10
-4.36613e+10
-4.43278e+10
-4.31637e+10
-4.33573e+10
-4.32422e+10
-4.31927e+10
-4.32839e+10
-4.3142e+10
-4.32762e+10
-4.36306e+10
-4.43714e+10
-4.44793e+10
-4.36194e+10
-4.3655e+10
-4.43266e+10
-4.36855e+10
-4.44437e+10
-4.31044e+10
-4.32599e+10
-4.32791e+10
-4.30951e+10
-4.33268e+10
-4.31333e+10
-4.30676e+10
-4.36518e+10
-4.34569e+10
-4.33911e+10
-4.33077e+10
-4.38591e+10
-4.34246e+10
-4.32767e+10
-4.43906e+10
-4.48352e+10
-4.48313e+10
-4.43125e+10
-4.42721e+10
-4.45462e+10
-4.39256e+10
-4.47494e+10
-4.37576e+10
-4.34192e+10
-4.41295e+10
-4.32768e+10
-4.42645e+10
-4.3226e+10
-4.36117e+10
-1.85399e+10
-2.01276e+10
-2.33391e+10
-2.54129e+10
-1.99104e+10
-1.87623e+10
-2.31607e+10
-1.56537e+10
-1.47001e+10
-1.43171e+10
-1.59935e+10
-1.59451e+10
-1.49158e+10
-1.46374e+10
-1.61708e+10
-1.81164e+10
-2.49852e+10
-1.93502e+10
-2.29553e+10
-1.92677e+10
-2.29029e+10
-1.86309e+10
-3.12704e+10
-3.18571e+10
-1.93249e+10
-2.05354e+10
-2.36092e+10
-2.60822e+10
-1.91039e+10
-2.07163e+10
-2.376e+10
-1.68748e+10
-1.52527e+10
-1.52149e+10
-1.7027e+10
-1.66336e+10
-1.51613e+10
-1.51393e+10
-1.64752e+10
-1.95899e+10
-2.64949e+10
-2.16427e+10
-2.43025e+10
-2.12743e+10
-2.39966e+10
-1.98854e+10
-4.11006e+10
-4.21501e+10
-3.48129e+10
-3.42852e+10
-4.22403e+10
-3.46785e+10
-4.11975e+10
-4.33277e+10
-4.41958e+10
-4.45746e+10
-4.29354e+10
-4.34581e+10
-4.44516e+10
-4.46853e+10
-4.33004e+10
-4.12184e+10
-3.41254e+10
-4.10734e+10
-3.44498e+10
-4.21442e+10
-3.45765e+10
-4.01557e+10
-4.13369e+10
-4.2279e+10
-3.46761e+10
-3.49448e+10
-4.25312e+10
-4.12576e+10
-3.5041e+10
-4.35389e+10
-4.47902e+10
-4.48858e+10
-4.36152e+10
-4.35651e+10
-4.45482e+10
-4.4829e+10
-4.33463e+10
-4.15068e+10
-3.50284e+10
-4.31717e+10
-3.54858e+10
-4.27825e+10
-3.52151e+10
-4.1784e+10
-4.38584e+10
-4.38035e+10
-4.29699e+10
-4.38931e+10
-4.30845e+10
-4.20345e+10
-4.3136e+10
-4.59178e+10
-4.26791e+10
-4.32502e+10
-4.31684e+10
-4.32008e+10
-4.32253e+10
-4.31271e+10
-4.30254e+10
-4.29876e+10
-4.31649e+10
-4.32701e+10
-4.32062e+10
-4.368e+10
-4.34481e+10
-4.38161e+10
-4.33872e+10
-4.33251e+10
-4.60151e+10
-4.42414e+10
-4.36626e+10
-4.36843e+10
-4.3764e+10
-4.36561e+10
-4.37194e+10
-4.36241e+10
-4.38049e+10
-4.40735e+10
-4.47073e+10
-4.42163e+10
-4.47151e+10
-4.36155e+10
-4.36316e+10
-4.38918e+10
-4.34251e+10
-4.36975e+10
-4.37846e+10
-4.35495e+10
-4.40583e+10
-4.48608e+10
-4.42632e+10
-4.47639e+10
-4.36484e+10
-4.43619e+10
-4.3563e+10
-4.39516e+10
-4.39965e+10
-4.40235e+10
-4.35256e+10
-4.43865e+10
-4.51332e+10
-4.52293e+10
-4.43424e+10
-4.43484e+10
-4.48587e+10
-4.45841e+10
-4.51698e+10
-4.37648e+10
-4.39341e+10
-4.39134e+10
-4.36225e+10
-4.38994e+10
-4.36408e+10
-4.37163e+10
-2.09431e+10
-2.34716e+10
-2.82916e+10
-2.54735e+10
-2.31699e+10
-2.11199e+10
-2.52772e+10
-1.76562e+10
-1.55869e+10
-1.56548e+10
-1.7445e+10
-1.78044e+10
-1.5788e+10
-1.57393e+10
-1.78623e+10
-2.06617e+10
-2.79077e+10
-2.2379e+10
-2.47808e+10
-2.28437e+10
-2.03787e+10
-2.4993e+10
-3.49503e+10
-3.48764e+10
-2.13329e+10
-2.37965e+10
-2.56353e+10
-2.89909e+10
-2.12828e+10
-2.39838e+10
-2.56391e+10
-1.78387e+10
-1.58101e+10
-1.53963e+10
-1.79886e+10
-1.79335e+10
-1.57693e+10
-1.55771e+10
-1.79384e+10
-2.11016e+10
-2.87796e+10
-2.34027e+10
-2.54103e+10
-2.36892e+10
-2.546e+10
-2.13508e+10
-4.2213e+10
-3.6516e+10
-4.44286e+10
-3.62479e+10
-4.42348e+10
-3.60388e+10
-4.24649e+10
-4.37283e+10
-4.47292e+10
-4.36647e+10
-4.47589e+10
-4.20466e+10
-3.62174e+10
-4.36658e+10
-3.57539e+10
-4.39008e+10
-4.19666e+10
-3.58328e+10
-4.3885e+10
-4.48737e+10
-4.48011e+10
-4.39382e+10
-4.26035e+10
-4.47028e+10
-3.63329e+10
-3.71117e+10
-4.48643e+10
-4.26121e+10
-3.62608e+10
-4.44534e+10
-4.50398e+10
-4.53312e+10
-4.41769e+10
-4.42973e+10
-4.50225e+10
-4.53091e+10
-4.40726e+10
-4.30014e+10
-3.72179e+10
-4.40785e+10
-3.62319e+10
-4.51177e+10
-3.63136e+10
-4.19523e+10
)
;

boundaryField
{
    inlet
    {
        type            zeroGradient;
    }
    outlet
    {
        type            fixedValue;
        value           uniform 101325;
    }
    rightSide
    {
        type            symmetryPlane;
    }
    leftSide
    {
        type            symmetryPlane;
    }
    duct
    {
        type            zeroGradient;
    }
    cylinder
    {
        type            zeroGradient;
    }
}


// ************************************************************************* //
