/*--------------------------------*- C++ -*----------------------------------*\
| =========                 |                                                 |
| \\      /  F ield         | OpenFOAM: The Open Source CFD Toolbox           |
|  \\    /   O peration     | Version:  4.1                                   |
|   \\  /    A nd           | Web:      www.OpenFOAM.org                      |
|    \\/     M anipulation  |                                                 |
\*---------------------------------------------------------------------------*/
FoamFile
{
    version     2.0;
    format      ascii;
    class       volScalarField;
    location    "85";
    object      p;
}
// * * * * * * * * * * * * * * * * * * * * * * * * * * * * * * * * * * * * * //

dimensions      [0 2 -2 0 0 0 0];

internalField   nonuniform List<scalar> 
4432
(
-3.83329e+10
-3.83406e+10
-3.85185e+10
-3.85345e+10
-3.85742e+10
-3.86484e+10
-3.87137e+10
-3.87762e+10
-3.88348e+10
-3.88904e+10
-3.89436e+10
-3.89934e+10
-3.90363e+10
-3.90686e+10
-3.90874e+10
-3.90898e+10
-3.90716e+10
-3.90298e+10
-3.89636e+10
-3.8873e+10
-3.87596e+10
-3.86269e+10
-3.84798e+10
-3.83247e+10
-3.81675e+10
-3.80138e+10
-3.78672e+10
-3.77297e+10
-3.76011e+10
-3.74802e+10
-3.73657e+10
-3.72575e+10
-3.71583e+10
-3.70726e+10
-3.70059e+10
-3.69626e+10
-3.69432e+10
-3.6943e+10
-3.695e+10
-3.69473e+10
-3.69141e+10
-3.68289e+10
-3.66775e+10
-3.64868e+10
-3.6388e+10
-3.66132e+10
-3.72223e+10
-3.75611e+10
-3.63265e+10
-3.37557e+10
-3.4824e+10
-4.55585e+10
-5.61851e+10
-2.79611e+10
-3.84221e+10
-3.83782e+10
-3.84746e+10
-3.85502e+10
-3.85885e+10
-3.86538e+10
-3.87222e+10
-3.87841e+10
-3.88413e+10
-3.88969e+10
-3.89511e+10
-3.90019e+10
-3.90457e+10
-3.90791e+10
-3.90992e+10
-3.91027e+10
-3.90853e+10
-3.9044e+10
-3.89778e+10
-3.88867e+10
-3.87724e+10
-3.86383e+10
-3.84893e+10
-3.83318e+10
-3.81718e+10
-3.80151e+10
-3.7865e+10
-3.77238e+10
-3.75912e+10
-3.74662e+10
-3.73474e+10
-3.72348e+10
-3.71309e+10
-3.70401e+10
-3.69681e+10
-3.69192e+10
-3.68941e+10
-3.68875e+10
-3.6887e+10
-3.68752e+10
-3.68318e+10
-3.67356e+10
-3.65733e+10
-3.63734e+10
-3.62702e+10
-3.6503e+10
-3.71343e+10
-3.746e+10
-3.5973e+10
-3.25334e+10
-3.21705e+10
-4.3188e+10
-5.76428e+10
-3.18075e+10
-3.84713e+10
-3.84376e+10
-3.84904e+10
-3.8579e+10
-3.86227e+10
-3.86753e+10
-3.87473e+10
-3.88145e+10
-3.8879e+10
-3.8943e+10
-3.90056e+10
-3.90669e+10
-3.91223e+10
-3.91657e+10
-3.91918e+10
-3.91982e+10
-3.9182e+10
-3.914e+10
-3.90714e+10
-3.89754e+10
-3.88533e+10
-3.87084e+10
-3.85461e+10
-3.83742e+10
-3.82e+10
-3.80308e+10
-3.7871e+10
-3.77239e+10
-3.75893e+10
-3.74666e+10
-3.73539e+10
-3.7251e+10
-3.71601e+10
-3.7085e+10
-3.70309e+10
-3.70016e+10
-3.69973e+10
-3.70121e+10
-3.70327e+10
-3.70413e+10
-3.70161e+10
-3.69338e+10
-3.67775e+10
-3.65743e+10
-3.64675e+10
-3.67134e+10
-3.73509e+10
-3.75469e+10
-3.56999e+10
-3.21015e+10
-3.27252e+10
-4.53447e+10
-5.99499e+10
-3.58775e+10
-3.84627e+10
-3.84554e+10
-3.85164e+10
-3.85793e+10
-3.86252e+10
-3.86802e+10
-3.87528e+10
-3.88191e+10
-3.88839e+10
-3.89481e+10
-3.90121e+10
-3.90747e+10
-3.9131e+10
-3.91746e+10
-3.92014e+10
-3.92095e+10
-3.91948e+10
-3.91537e+10
-3.90855e+10
-3.89893e+10
-3.88663e+10
-3.872e+10
-3.85558e+10
-3.83815e+10
-3.82045e+10
-3.80322e+10
-3.78691e+10
-3.77184e+10
-3.758e+10
-3.74532e+10
-3.73364e+10
-3.72291e+10
-3.71334e+10
-3.70528e+10
-3.69927e+10
-3.69567e+10
-3.69451e+10
-3.69519e+10
-3.69642e+10
-3.69644e+10
-3.69312e+10
-3.68414e+10
-3.6678e+10
-3.6469e+10
-3.63613e+10
-3.66176e+10
-3.72728e+10
-3.74283e+10
-3.53327e+10
-3.13949e+10
-3.27918e+10
-4.79301e+10
-6.0598e+10
-2.97848e+10
-3.85307e+10
-3.85512e+10
-3.85233e+10
-3.85901e+10
-3.86397e+10
-3.86886e+10
-3.87504e+10
-3.88168e+10
-3.88844e+10
-3.8952e+10
-3.90188e+10
-3.90849e+10
-3.91453e+10
-3.91924e+10
-3.92216e+10
-3.92313e+10
-3.92201e+10
-3.91848e+10
-3.91225e+10
-3.90313e+10
-3.89108e+10
-3.87633e+10
-3.85944e+10
-3.8412e+10
-3.82253e+10
-3.80428e+10
-3.78703e+10
-3.77115e+10
-3.7567e+10
-3.74366e+10
-3.73188e+10
-3.72132e+10
-3.71207e+10
-3.70448e+10
-3.69899e+10
-3.69594e+10
-3.69531e+10
-3.69657e+10
-3.6986e+10
-3.6998e+10
-3.69807e+10
-3.69078e+10
-3.67576e+10
-3.65578e+10
-3.64736e+10
-3.68111e+10
-3.76344e+10
-3.8006e+10
-3.61067e+10
-3.22706e+10
-3.3027e+10
-4.59277e+10
-5.85609e+10
-2.94591e+10
-3.8489e+10
-3.85377e+10
-3.85596e+10
-3.85848e+10
-3.86308e+10
-3.86869e+10
-3.87508e+10
-3.88168e+10
-3.88863e+10
-3.89561e+10
-3.90259e+10
-3.90952e+10
-3.91591e+10
-3.92099e+10
-3.92427e+10
-3.92556e+10
-3.92457e+10
-3.92102e+10
-3.91471e+10
-3.90541e+10
-3.89306e+10
-3.87785e+10
-3.86035e+10
-3.8414e+10
-3.82194e+10
-3.80286e+10
-3.7848e+10
-3.76813e+10
-3.75293e+10
-3.73916e+10
-3.72668e+10
-3.71548e+10
-3.70569e+10
-3.69768e+10
-3.69197e+10
-3.68893e+10
-3.68851e+10
-3.69016e+10
-3.69272e+10
-3.6945e+10
-3.69334e+10
-3.68667e+10
-3.67238e+10
-3.6533e+10
-3.64598e+10
-3.68065e+10
-3.76152e+10
-3.78545e+10
-3.55106e+10
-3.08555e+10
-3.10566e+10
-4.49462e+10
-6.01462e+10
-3.3174e+10
-3.85129e+10
-3.85504e+10
-3.85762e+10
-3.86028e+10
-3.86555e+10
-3.87159e+10
-3.87809e+10
-3.88499e+10
-3.89233e+10
-3.89995e+10
-3.90778e+10
-3.91578e+10
-3.92343e+10
-3.93e+10
-3.9349e+10
-3.9376e+10
-3.93758e+10
-3.93453e+10
-3.92825e+10
-3.91853e+10
-3.90525e+10
-3.88856e+10
-3.86911e+10
-3.84793e+10
-3.82624e+10
-3.80515e+10
-3.78545e+10
-3.76756e+10
-3.7516e+10
-3.73753e+10
-3.7252e+10
-3.71451e+10
-3.70544e+10
-3.69832e+10
-3.69361e+10
-3.69155e+10
-3.69213e+10
-3.69475e+10
-3.69827e+10
-3.70103e+10
-3.70082e+10
-3.69471e+10
-3.67983e+10
-3.65805e+10
-3.64566e+10
-3.67454e+10
-3.75446e+10
-3.79469e+10
-3.60643e+10
-3.19285e+10
-3.19391e+10
-4.51696e+10
-6.2857e+10
-4.01801e+10
-3.8515e+10
-3.85618e+10
-3.85852e+10
-3.86004e+10
-3.86487e+10
-3.87139e+10
-3.87798e+10
-3.88494e+10
-3.89251e+10
-3.90039e+10
-3.90852e+10
-3.91679e+10
-3.92469e+10
-3.93153e+10
-3.9367e+10
-3.93965e+10
-3.93986e+10
-3.93696e+10
-3.93073e+10
-3.92093e+10
-3.90741e+10
-3.89033e+10
-3.87032e+10
-3.84843e+10
-3.82592e+10
-3.80393e+10
-3.7833e+10
-3.76449e+10
-3.74764e+10
-3.73268e+10
-3.7195e+10
-3.70805e+10
-3.69841e+10
-3.69088e+10
-3.68588e+10
-3.68371e+10
-3.68434e+10
-3.68713e+10
-3.69087e+10
-3.69385e+10
-3.69377e+10
-3.68768e+10
-3.67287e+10
-3.65162e+10
-3.64084e+10
-3.67293e+10
-3.75596e+10
-3.79089e+10
-3.58067e+10
-3.1693e+10
-3.32543e+10
-4.90982e+10
-6.25148e+10
-3.04588e+10
-3.85033e+10
-3.85302e+10
-3.85628e+10
-3.85854e+10
-3.86279e+10
-3.8685e+10
-3.875e+10
-3.88195e+10
-3.8894e+10
-3.89742e+10
-3.9059e+10
-3.91457e+10
-3.92297e+10
-3.93052e+10
-3.93666e+10
-3.94076e+10
-3.94225e+10
-3.94071e+10
-3.93573e+10
-3.92683e+10
-3.91354e+10
-3.89576e+10
-3.87412e+10
-3.84993e+10
-3.82478e+10
-3.80017e+10
-3.77713e+10
-3.75623e+10
-3.7376e+10
-3.72116e+10
-3.70674e+10
-3.69419e+10
-3.68353e+10
-3.67509e+10
-3.6694e+10
-3.66687e+10
-3.66762e+10
-3.67123e+10
-3.67665e+10
-3.68224e+10
-3.68574e+10
-3.684e+10
-3.67383e+10
-3.65681e+10
-3.64879e+10
-3.68157e+10
-3.76766e+10
-3.82443e+10
-3.66852e+10
-3.28194e+10
-3.24319e+10
-4.46889e+10
-6.27251e+10
-3.94673e+10
-3.85126e+10
-3.85491e+10
-3.85661e+10
-3.85838e+10
-3.8626e+10
-3.86851e+10
-3.87513e+10
-3.88227e+10
-3.88989e+10
-3.89801e+10
-3.90659e+10
-3.91535e+10
-3.92378e+10
-3.93129e+10
-3.93735e+10
-3.94135e+10
-3.94276e+10
-3.94115e+10
-3.93611e+10
-3.92715e+10
-3.91381e+10
-3.89599e+10
-3.87428e+10
-3.84997e+10
-3.82464e+10
-3.79975e+10
-3.77637e+10
-3.75507e+10
-3.73601e+10
-3.71909e+10
-3.70415e+10
-3.69108e+10
-3.67999e+10
-3.67116e+10
-3.66505e+10
-3.66205e+10
-3.66225e+10
-3.66514e+10
-3.66958e+10
-3.67382e+10
-3.67553e+10
-3.67157e+10
-3.65877e+10
-3.63893e+10
-3.62837e+10
-3.65949e+10
-3.74387e+10
-3.7935e+10
-3.62335e+10
-3.25552e+10
-3.366e+10
-4.7846e+10
-6.19348e+10
-3.07328e+10
-3.85189e+10
-3.85366e+10
-3.85645e+10
-3.85947e+10
-3.86375e+10
-3.86944e+10
-3.87617e+10
-3.88353e+10
-3.89149e+10
-3.9004e+10
-3.91026e+10
-3.92062e+10
-3.93101e+10
-3.94092e+10
-3.94967e+10
-3.95641e+10
-3.96027e+10
-3.96058e+10
-3.95682e+10
-3.94835e+10
-3.93432e+10
-3.91425e+10
-3.88877e+10
-3.85975e+10
-3.82957e+10
-3.80036e+10
-3.77356e+10
-3.74989e+10
-3.72942e+10
-3.71187e+10
-3.69682e+10
-3.68396e+10
-3.67321e+10
-3.66479e+10
-3.65908e+10
-3.6565e+10
-3.65716e+10
-3.66066e+10
-3.66595e+10
-3.67135e+10
-3.67444e+10
-3.67188e+10
-3.66037e+10
-3.64129e+10
-3.6302e+10
-3.65913e+10
-3.74344e+10
-3.80688e+10
-3.67202e+10
-3.32711e+10
-3.37423e+10
-4.64778e+10
-6.01466e+10
-3.0181e+10
-3.8533e+10
-3.85561e+10
-3.85824e+10
-3.8612e+10
-3.86572e+10
-3.87138e+10
-3.87801e+10
-3.88548e+10
-3.89361e+10
-3.90255e+10
-3.91232e+10
-3.92261e+10
-3.93296e+10
-3.94286e+10
-3.95167e+10
-3.95854e+10
-3.96259e+10
-3.96306e+10
-3.95936e+10
-3.95086e+10
-3.93674e+10
-3.91654e+10
-3.89089e+10
-3.86169e+10
-3.83131e+10
-3.80191e+10
-3.77495e+10
-3.75113e+10
-3.73051e+10
-3.71279e+10
-3.69754e+10
-3.6844e+10
-3.67329e+10
-3.66438e+10
-3.65802e+10
-3.65457e+10
-3.6541e+10
-3.65625e+10
-3.66006e+10
-3.66389e+10
-3.66547e+10
-3.66169e+10
-3.64945e+10
-3.63043e+10
-3.62037e+10
-3.65135e+10
-3.73768e+10
-3.79948e+10
-3.65092e+10
-3.26273e+10
-3.22068e+10
-4.44737e+10
-6.04745e+10
-3.4887e+10
-3.84784e+10
-3.84928e+10
-3.85149e+10
-3.85472e+10
-3.85921e+10
-3.86516e+10
-3.87222e+10
-3.88003e+10
-3.88869e+10
-3.89859e+10
-3.90974e+10
-3.92179e+10
-3.93434e+10
-3.94685e+10
-3.9585e+10
-3.96823e+10
-3.97486e+10
-3.97744e+10
-3.97534e+10
-3.9677e+10
-3.95311e+10
-3.93021e+10
-3.89936e+10
-3.86325e+10
-3.82561e+10
-3.78973e+10
-3.75766e+10
-3.73026e+10
-3.70747e+10
-3.68868e+10
-3.67313e+10
-3.6602e+10
-3.6496e+10
-3.64134e+10
-3.63568e+10
-3.63289e+10
-3.63305e+10
-3.6357e+10
-3.63973e+10
-3.6433e+10
-3.64382e+10
-3.63782e+10
-3.6218e+10
-3.59695e+10
-3.57844e+10
-3.59828e+10
-3.67317e+10
-3.72733e+10
-3.57172e+10
-3.15952e+10
-3.0817e+10
-4.36114e+10
-6.22989e+10
-3.9044e+10
-3.84766e+10
-3.84908e+10
-3.85135e+10
-3.85481e+10
-3.85937e+10
-3.865e+10
-3.87173e+10
-3.87944e+10
-3.88817e+10
-3.89806e+10
-3.90915e+10
-3.9212e+10
-3.93381e+10
-3.9464e+10
-3.95814e+10
-3.96794e+10
-3.9746e+10
-3.97723e+10
-3.97527e+10
-3.96796e+10
-3.95381e+10
-3.93139e+10
-3.90101e+10
-3.86528e+10
-3.82792e+10
-3.79216e+10
-3.76009e+10
-3.73258e+10
-3.70957e+10
-3.6905e+10
-3.67466e+10
-3.66145e+10
-3.65059e+10
-3.64209e+10
-3.63621e+10
-3.63325e+10
-3.63331e+10
-3.63602e+10
-3.64039e+10
-3.64472e+10
-3.6467e+10
-3.64318e+10
-3.63112e+10
-3.61218e+10
-3.6021e+10
-3.63352e+10
-3.72382e+10
-3.7972e+10
-3.65742e+10
-3.22643e+10
-3.03408e+10
-4.15347e+10
-6.07085e+10
-3.93235e+10
-3.84862e+10
-3.84922e+10
-3.85047e+10
-3.85308e+10
-3.85718e+10
-3.86264e+10
-3.86921e+10
-3.87682e+10
-3.88593e+10
-3.89694e+10
-3.90982e+10
-3.92442e+10
-3.94044e+10
-3.95724e+10
-3.97383e+10
-3.98879e+10
-4.00046e+10
-4.00748e+10
-4.00907e+10
-4.00443e+10
-3.99131e+10
-3.96656e+10
-3.92941e+10
-3.88391e+10
-3.83671e+10
-3.79314e+10
-3.75601e+10
-3.72611e+10
-3.70286e+10
-3.6851e+10
-3.67154e+10
-3.66116e+10
-3.65334e+10
-3.64788e+10
-3.64493e+10
-3.64471e+10
-3.6473e+10
-3.65233e+10
-3.6588e+10
-3.66511e+10
-3.6689e+10
-3.66701e+10
-3.65636e+10
-3.63851e+10
-3.6291e+10
-3.66128e+10
-3.75424e+10
-3.83378e+10
-3.7052e+10
-3.3037e+10
-3.1866e+10
-4.33899e+10
-6.0236e+10
-3.32416e+10
-3.84813e+10
-3.84809e+10
-3.8499e+10
-3.85324e+10
-3.85768e+10
-3.86315e+10
-3.8699e+10
-3.87789e+10
-3.88736e+10
-3.89856e+10
-3.91154e+10
-3.92616e+10
-3.94209e+10
-3.9587e+10
-3.97499e+10
-3.98957e+10
-4.0008e+10
-4.00735e+10
-4.00852e+10
-4.00346e+10
-3.99007e+10
-3.96526e+10
-3.92823e+10
-3.88296e+10
-3.836e+10
-3.79268e+10
-3.75582e+10
-3.72619e+10
-3.70317e+10
-3.68557e+10
-3.67208e+10
-3.66164e+10
-3.65361e+10
-3.64782e+10
-3.64442e+10
-3.64368e+10
-3.64569e+10
-3.65015e+10
-3.65616e+10
-3.66222e+10
-3.66604e+10
-3.66452e+10
-3.6546e+10
-3.63796e+10
-3.63049e+10
-3.66614e+10
-3.76611e+10
-3.85978e+10
-3.75444e+10
-3.38418e+10
-3.3134e+10
-4.48216e+10
-5.94929e+10
-3.06333e+10
-3.83676e+10
-3.83707e+10
-3.83818e+10
-3.84087e+10
-3.84552e+10
-3.85174e+10
-3.85938e+10
-3.86871e+10
-3.88024e+10
-3.89425e+10
-3.91081e+10
-3.92985e+10
-3.95099e+10
-3.97346e+10
-3.99602e+10
-4.01684e+10
-4.03365e+10
-4.04458e+10
-4.04902e+10
-4.04685e+10
-4.03511e+10
-4.0071e+10
-3.95872e+10
-3.89625e+10
-3.83252e+10
-3.7767e+10
-3.73219e+10
-3.69916e+10
-3.6759e+10
-3.66004e+10
-3.64933e+10
-3.64205e+10
-3.63713e+10
-3.63407e+10
-3.6328e+10
-3.63343e+10
-3.63599e+10
-3.64015e+10
-3.64509e+10
-3.64944e+10
-3.65114e+10
-3.64736e+10
-3.63544e+10
-3.61751e+10
-3.61018e+10
-3.64867e+10
-3.75554e+10
-3.86006e+10
-3.77154e+10
-3.44103e+10
-3.45734e+10
-4.70844e+10
-6.14293e+10
-3.27778e+10
-3.83691e+10
-3.83738e+10
-3.83903e+10
-3.84238e+10
-3.84721e+10
-3.85345e+10
-3.86134e+10
-3.87094e+10
-3.88248e+10
-3.89625e+10
-3.91239e+10
-3.93083e+10
-3.9512e+10
-3.97278e+10
-3.99441e+10
-4.01438e+10
-4.0305e+10
-4.04093e+10
-4.0451e+10
-4.04286e+10
-4.03137e+10
-4.00396e+10
-3.95639e+10
-3.8945e+10
-3.83087e+10
-3.77478e+10
-3.72988e+10
-3.69652e+10
-3.67301e+10
-3.65701e+10
-3.64625e+10
-3.63899e+10
-3.63415e+10
-3.63128e+10
-3.63035e+10
-3.63154e+10
-3.63497e+10
-3.64041e+10
-3.6471e+10
-3.65367e+10
-3.65798e+10
-3.65699e+10
-3.64758e+10
-3.6312e+10
-3.62356e+10
-3.65893e+10
-3.75935e+10
-3.85407e+10
-3.74914e+10
-3.38113e+10
-3.32427e+10
-4.5491e+10
-6.21634e+10
-3.72376e+10
-3.83696e+10
-3.83906e+10
-3.84157e+10
-3.84561e+10
-3.85151e+10
-3.85892e+10
-3.8677e+10
-3.87811e+10
-3.89036e+10
-3.90468e+10
-3.92138e+10
-3.94067e+10
-3.96245e+10
-3.9863e+10
-4.01126e+10
-4.03557e+10
-4.05665e+10
-4.07195e+10
-4.0808e+10
-4.08403e+10
-4.07905e+10
-4.05401e+10
-3.99648e+10
-3.91298e+10
-3.82718e+10
-3.75574e+10
-3.7027e+10
-3.66698e+10
-3.64456e+10
-3.63115e+10
-3.62322e+10
-3.61832e+10
-3.61498e+10
-3.61255e+10
-3.6109e+10
-3.61011e+10
-3.61025e+10
-3.61107e+10
-3.61183e+10
-3.61124e+10
-3.60725e+10
-3.59693e+10
-3.5773e+10
-3.55008e+10
-3.53164e+10
-3.5574e+10
-3.65042e+10
-3.73912e+10
-3.62445e+10
-3.23541e+10
-3.15741e+10
-4.44868e+10
-6.48145e+10
-4.48874e+10
-3.83615e+10
-3.83868e+10
-3.84105e+10
-3.84503e+10
-3.85062e+10
-3.85786e+10
-3.86655e+10
-3.8768e+10
-3.88882e+10
-3.90291e+10
-3.91941e+10
-3.93852e+10
-3.96018e+10
-3.98398e+10
-4.00893e+10
-4.03326e+10
-4.0543e+10
-4.06949e+10
-4.0783e+10
-4.08191e+10
-4.07784e+10
-4.05446e+10
-3.99914e+10
-3.91737e+10
-3.83209e+10
-3.76019e+10
-3.70623e+10
-3.66953e+10
-3.64629e+10
-3.63236e+10
-3.62428e+10
-3.61962e+10
-3.61692e+10
-3.61554e+10
-3.61541e+10
-3.61669e+10
-3.61943e+10
-3.62333e+10
-3.62758e+10
-3.63085e+10
-3.63108e+10
-3.62521e+10
-3.61008e+10
-3.58705e+10
-3.5719e+10
-3.59928e+10
-3.69157e+10
-3.7764e+10
-3.64845e+10
-3.21018e+10
-3.00346e+10
-4.16061e+10
-6.26726e+10
-4.18655e+10
-3.82743e+10
-3.82918e+10
-3.83119e+10
-3.83439e+10
-3.83883e+10
-3.84446e+10
-3.85121e+10
-3.85928e+10
-3.86906e+10
-3.88125e+10
-3.89681e+10
-3.9168e+10
-3.94195e+10
-3.97241e+10
-4.00735e+10
-4.04447e+10
-4.07953e+10
-4.1075e+10
-4.126e+10
-4.13766e+10
-4.14398e+10
-4.12922e+10
-4.06266e+10
-3.9423e+10
-3.81301e+10
-3.71583e+10
-3.65331e+10
-3.61718e+10
-3.59814e+10
-3.58926e+10
-3.58581e+10
-3.58483e+10
-3.58475e+10
-3.58496e+10
-3.58556e+10
-3.58689e+10
-3.58924e+10
-3.59254e+10
-3.59633e+10
-3.59955e+10
-3.60038e+10
-3.59604e+10
-3.58352e+10
-3.56446e+10
-3.55502e+10
-3.58992e+10
-3.69023e+10
-3.78063e+10
-3.65453e+10
-3.22332e+10
-3.04596e+10
-4.20851e+10
-6.16649e+10
-4.05076e+10
-3.82832e+10
-3.83004e+10
-3.83208e+10
-3.83522e+10
-3.83974e+10
-3.84549e+10
-3.8523e+10
-3.86041e+10
-3.87021e+10
-3.88235e+10
-3.89773e+10
-3.91736e+10
-3.94191e+10
-3.97153e+10
-4.00538e+10
-4.04125e+10
-4.07505e+10
-4.10192e+10
-4.11965e+10
-4.13122e+10
-4.13837e+10
-4.12615e+10
-4.06444e+10
-3.94871e+10
-3.82149e+10
-3.72391e+10
-3.65945e+10
-3.62135e+10
-3.60088e+10
-3.59121e+10
-3.58759e+10
-3.58702e+10
-3.58786e+10
-3.58946e+10
-3.59182e+10
-3.59521e+10
-3.59976e+10
-3.60525e+10
-3.61096e+10
-3.6156e+10
-3.61721e+10
-3.61286e+10
-3.59957e+10
-3.57915e+10
-3.56825e+10
-3.60267e+10
-3.70559e+10
-3.80427e+10
-3.69288e+10
-3.28058e+10
-3.12808e+10
-4.30766e+10
-6.01327e+10
-3.30145e+10
-3.81912e+10
-3.82061e+10
-3.82258e+10
-3.82594e+10
-3.83063e+10
-3.83679e+10
-3.8445e+10
-3.85399e+10
-3.86582e+10
-3.88102e+10
-3.90104e+10
-3.92743e+10
-3.96127e+10
-4.00255e+10
-4.04977e+10
-4.09939e+10
-4.14527e+10
-4.18002e+10
-4.20021e+10
-4.21264e+10
-4.23085e+10
-4.24282e+10
-4.17906e+10
-3.98828e+10
-3.7632e+10
-3.63019e+10
-3.56717e+10
-3.54064e+10
-3.5346e+10
-3.53822e+10
-3.54526e+10
-3.55243e+10
-3.55842e+10
-3.56314e+10
-3.56714e+10
-3.57113e+10
-3.57563e+10
-3.58074e+10
-3.58608e+10
-3.59074e+10
-3.59305e+10
-3.59029e+10
-3.57979e+10
-3.56392e+10
-3.55997e+10
-3.60295e+10
-3.71149e+10
-3.80771e+10
-3.69537e+10
-3.32212e+10
-3.26672e+10
-4.45222e+10
-5.8781e+10
-3.00688e+10
-3.82222e+10
-3.82291e+10
-3.82505e+10
-3.82826e+10
-3.83284e+10
-3.83876e+10
-3.8461e+10
-3.8551e+10
-3.86628e+10
-3.88063e+10
-3.89953e+10
-3.92455e+10
-3.95686e+10
-3.99664e+10
-4.0427e+10
-4.09183e+10
-4.13814e+10
-4.17397e+10
-4.19543e+10
-4.20943e+10
-4.22911e+10
-4.24233e+10
-4.18421e+10
-4.00368e+10
-3.78544e+10
-3.653e+10
-3.58503e+10
-3.55329e+10
-3.54275e+10
-3.54284e+10
-3.54736e+10
-3.55299e+10
-3.55837e+10
-3.56333e+10
-3.56831e+10
-3.57391e+10
-3.58054e+10
-3.58813e+10
-3.59598e+10
-3.6027e+10
-3.60602e+10
-3.60261e+10
-3.58914e+10
-3.5674e+10
-3.55448e+10
-3.5859e+10
-3.68204e+10
-3.76755e+10
-3.64832e+10
-3.27407e+10
-3.23212e+10
-4.43422e+10
-5.82497e+10
-3.01542e+10
-3.81217e+10
-3.81306e+10
-3.81462e+10
-3.81765e+10
-3.82209e+10
-3.82787e+10
-3.83478e+10
-3.84266e+10
-3.85169e+10
-3.86283e+10
-3.87797e+10
-3.89982e+10
-3.93106e+10
-3.97325e+10
-4.02595e+10
-4.08612e+10
-4.1467e+10
-4.19737e+10
-4.23312e+10
-4.2657e+10
-4.32725e+10
-4.42004e+10
-4.41114e+10
-4.10853e+10
-3.71524e+10
-3.53589e+10
-3.46926e+10
-3.45347e+10
-3.46433e+10
-3.48274e+10
-3.50055e+10
-3.51493e+10
-3.52574e+10
-3.53388e+10
-3.54049e+10
-3.5466e+10
-3.55285e+10
-3.55935e+10
-3.56549e+10
-3.56989e+10
-3.57029e+10
-3.56336e+10
-3.54595e+10
-3.52044e+10
-3.50454e+10
-3.53251e+10
-3.61895e+10
-3.68265e+10
-3.54271e+10
-3.19179e+10
-3.23255e+10
-4.50079e+10
-5.91942e+10
-3.03624e+10
-3.81421e+10
-3.81404e+10
-3.81556e+10
-3.81823e+10
-3.82229e+10
-3.82766e+10
-3.83414e+10
-3.84157e+10
-3.85018e+10
-3.86093e+10
-3.87573e+10
-3.89726e+10
-3.92821e+10
-3.97027e+10
-4.02327e+10
-4.08436e+10
-4.14647e+10
-4.19874e+10
-4.23439e+10
-4.26429e+10
-4.31942e+10
-4.40159e+10
-4.39471e+10
-4.12282e+10
-3.73094e+10
-3.5526e+10
-3.48377e+10
-3.46568e+10
-3.47356e+10
-3.48903e+10
-3.50448e+10
-3.51722e+10
-3.52704e+10
-3.53471e+10
-3.54134e+10
-3.54791e+10
-3.55509e+10
-3.5629e+10
-3.57063e+10
-3.57669e+10
-3.57848e+10
-3.57221e+10
-3.55417e+10
-3.52608e+10
-3.50495e+10
-3.52446e+10
-3.59868e+10
-3.64456e+10
-3.47111e+10
-3.03502e+10
-2.88523e+10
-3.98859e+10
-5.85131e+10
-3.7248e+10
-3.79912e+10
-3.80037e+10
-3.8013e+10
-3.80372e+10
-3.80751e+10
-3.81228e+10
-3.81731e+10
-3.822e+10
-3.82651e+10
-3.83252e+10
-3.84407e+10
-3.86739e+10
-3.90923e+10
-3.97366e+10
-4.05997e+10
-4.16279e+10
-4.26997e+10
-4.36532e+10
-4.4457e+10
-4.53063e+10
-4.6598e+10
-4.83508e+10
-4.89265e+10
-4.45899e+10
-3.83146e+10
-3.3976e+10
-3.35216e+10
-3.38437e+10
-3.42706e+10
-3.46262e+10
-3.48944e+10
-3.50902e+10
-3.52346e+10
-3.53459e+10
-3.54409e+10
-3.5534e+10
-3.56343e+10
-3.57439e+10
-3.58567e+10
-3.59578e+10
-3.60218e+10
-3.60129e+10
-3.58966e+10
-3.56953e+10
-3.55828e+10
-3.5886e+10
-3.67122e+10
-3.72068e+10
-3.55894e+10
-3.19071e+10
-3.21348e+10
-4.42461e+10
-5.81018e+10
-2.99989e+10
-3.7978e+10
-3.79868e+10
-3.79944e+10
-3.80161e+10
-3.80522e+10
-3.80995e+10
-3.81511e+10
-3.82014e+10
-3.82525e+10
-3.8322e+10
-3.84491e+10
-3.86932e+10
-3.91167e+10
-3.97591e+10
-4.06198e+10
-4.1646e+10
-4.27064e+10
-4.36121e+10
-4.42599e+10
-4.48223e+10
-4.58147e+10
-4.73655e+10
-4.80474e+10
-4.4991e+10
-3.89214e+10
-3.36622e+10
-3.33388e+10
-3.37574e+10
-3.42341e+10
-3.46129e+10
-3.4892e+10
-3.50934e+10
-3.52406e+10
-3.53528e+10
-3.54471e+10
-3.55374e+10
-3.56326e+10
-3.5735e+10
-3.58388e+10
-3.59297e+10
-3.59837e+10
-3.59661e+10
-3.58439e+10
-3.56399e+10
-3.55277e+10
-3.58318e+10
-3.66414e+10
-3.7029e+10
-3.50246e+10
-3.03546e+10
-2.89518e+10
-4.06099e+10
-5.83422e+10
-3.39334e+10
-3.7963e+10
-3.79886e+10
-3.7996e+10
-3.80203e+10
-3.80549e+10
-3.80947e+10
-3.81295e+10
-3.81524e+10
-3.81682e+10
-3.82033e+10
-3.83153e+10
-3.85911e+10
-3.91127e+10
-3.98989e+10
-4.08991e+10
-4.20122e+10
-4.30941e+10
-4.4035e+10
-4.48754e+10
-4.58756e+10
-4.72448e+10
-4.88814e+10
-4.99244e+10
-4.82394e+10
-4.20288e+10
-2.80213e+10
-3.03786e+10
-3.24459e+10
-3.36021e+10
-3.42854e+10
-3.47132e+10
-3.49922e+10
-3.51819e+10
-3.5319e+10
-3.54297e+10
-3.55323e+10
-3.56377e+10
-3.57491e+10
-3.58617e+10
-3.59624e+10
-3.60289e+10
-3.60292e+10
-3.5934e+10
-3.57686e+10
-3.57055e+10
-3.60628e+10
-3.69281e+10
-3.74103e+10
-3.56653e+10
-3.16618e+10
-3.14489e+10
-4.40326e+10
-6.11819e+10
-3.7955e+10
-3.79418e+10
-3.79732e+10
-3.79745e+10
-3.79965e+10
-3.80307e+10
-3.80732e+10
-3.81139e+10
-3.81463e+10
-3.81748e+10
-3.82261e+10
-3.8356e+10
-3.86437e+10
-3.91608e+10
-3.99334e+10
-4.09272e+10
-4.20487e+10
-4.31475e+10
-4.40394e+10
-4.46798e+10
-4.5331e+10
-4.65866e+10
-4.86889e+10
-4.98125e+10
-4.84831e+10
-4.5118e+10
-2.76392e+10
-3.01194e+10
-3.22905e+10
-3.35189e+10
-3.42441e+10
-3.47e+10
-3.49982e+10
-3.52014e+10
-3.5348e+10
-3.54642e+10
-3.55673e+10
-3.56673e+10
-3.57664e+10
-3.58589e+10
-3.59315e+10
-3.59625e+10
-3.59219e+10
-3.57828e+10
-3.55746e+10
-3.54746e+10
-3.58053e+10
-3.66388e+10
-3.69977e+10
-3.49257e+10
-3.07933e+10
-3.22314e+10
-4.79701e+10
-6.13641e+10
-3.00065e+10
-3.7951e+10
-3.79634e+10
-3.79724e+10
-3.79923e+10
-3.80233e+10
-3.80588e+10
-3.80889e+10
-3.81069e+10
-3.81184e+10
-3.81505e+10
-3.8262e+10
-3.85444e+10
-3.90766e+10
-3.98694e+10
-4.08743e+10
-4.19918e+10
-4.3097e+10
-4.40695e+10
-4.49231e+10
-4.59483e+10
-4.74718e+10
-4.90523e+10
-4.85893e+10
-4.35266e+10
-2.15988e+10
-2.9938e+10
-3.21456e+10
-3.343e+10
-3.42079e+10
-3.47006e+10
-3.50248e+10
-3.52465e+10
-3.5406e+10
-3.55306e+10
-3.56381e+10
-3.57385e+10
-3.58337e+10
-3.59177e+10
-3.59777e+10
-3.59931e+10
-3.5936e+10
-3.57825e+10
-3.55616e+10
-3.54422e+10
-3.5737e+10
-3.65489e+10
-3.70371e+10
-3.53997e+10
-3.1526e+10
-3.11794e+10
-4.32477e+10
-6.05132e+10
-3.68577e+10
-3.79512e+10
-3.79722e+10
-3.79784e+10
-3.79989e+10
-3.80317e+10
-3.80714e+10
-3.81081e+10
-3.81344e+10
-3.8155e+10
-3.81971e+10
-3.83191e+10
-3.86052e+10
-3.91301e+10
-3.9916e+10
-4.09214e+10
-4.2049e+10
-4.31582e+10
-4.40395e+10
-4.46793e+10
-4.53799e+10
-4.65921e+10
-4.85981e+10
-5.02359e+10
-4.92274e+10
-2.20731e+10
-2.9846e+10
-3.20562e+10
-3.33623e+10
-3.41559e+10
-3.46578e+10
-3.49864e+10
-3.5209e+10
-3.53677e+10
-3.54901e+10
-3.55945e+10
-3.56912e+10
-3.57819e+10
-3.58604e+10
-3.59132e+10
-3.59198e+10
-3.58521e+10
-3.56858e+10
-3.54499e+10
-3.53144e+10
-3.5595e+10
-3.6385e+10
-3.67926e+10
-3.49866e+10
-3.12815e+10
-3.26103e+10
-4.69742e+10
-6.06421e+10
-3.05202e+10
-3.79969e+10
-3.79965e+10
-3.80138e+10
-3.80368e+10
-3.80726e+10
-3.81139e+10
-3.8152e+10
-3.81802e+10
-3.82026e+10
-3.82414e+10
-3.83455e+10
-3.85959e+10
-3.90737e+10
-3.98055e+10
-4.07563e+10
-4.18307e+10
-4.2899e+10
-4.38286e+10
-4.45766e+10
-4.53319e+10
-4.63685e+10
-4.77241e+10
-4.87514e+10
-4.71537e+10
-3.66161e+10
-3.25642e+10
-3.25422e+10
-3.32535e+10
-3.39582e+10
-3.44894e+10
-3.48663e+10
-3.51315e+10
-3.53212e+10
-3.54629e+10
-3.55775e+10
-3.56797e+10
-3.57779e+10
-3.58736e+10
-3.59615e+10
-3.60296e+10
-3.60593e+10
-3.60253e+10
-3.59053e+10
-3.57248e+10
-3.56399e+10
-3.59474e+10
-3.67619e+10
-3.73192e+10
-3.59411e+10
-3.26575e+10
-3.33552e+10
-4.57035e+10
-5.82093e+10
-3.02185e+10
-3.80191e+10
-3.80282e+10
-3.80418e+10
-3.80671e+10
-3.81059e+10
-3.81533e+10
-3.82009e+10
-3.82412e+10
-3.82767e+10
-3.83279e+10
-3.8441e+10
-3.8686e+10
-3.91302e+10
-3.98024e+10
-4.06782e+10
-4.16751e+10
-4.26598e+10
-4.34763e+10
-4.41312e+10
-4.49326e+10
-4.60847e+10
-4.75872e+10
-4.80652e+10
-4.65556e+10
-3.76496e+10
-3.23559e+10
-3.23334e+10
-3.31092e+10
-3.38643e+10
-3.44227e+10
-3.48097e+10
-3.50747e+10
-3.52586e+10
-3.53914e+10
-3.54956e+10
-3.55871e+10
-3.56755e+10
-3.57629e+10
-3.58443e+10
-3.59078e+10
-3.59347e+10
-3.58994e+10
-3.57795e+10
-3.56002e+10
-3.55166e+10
-3.58232e+10
-3.66302e+10
-3.71594e+10
-3.56589e+10
-3.18972e+10
-3.15017e+10
-4.32491e+10
-5.82136e+10
-3.08442e+10
-3.81093e+10
-3.81147e+10
-3.81328e+10
-3.81636e+10
-3.821e+10
-3.82694e+10
-3.83368e+10
-3.84077e+10
-3.84831e+10
-3.85748e+10
-3.87096e+10
-3.89284e+10
-3.92731e+10
-3.97636e+10
-4.03867e+10
-4.10883e+10
-4.17758e+10
-4.23361e+10
-4.26949e+10
-4.29233e+10
-4.32641e+10
-4.38631e+10
-4.38059e+10
-4.08083e+10
-3.72465e+10
-3.54098e+10
-3.46863e+10
-3.45226e+10
-3.46452e+10
-3.48421e+10
-3.50331e+10
-3.51901e+10
-3.5312e+10
-3.54066e+10
-3.54848e+10
-3.5557e+10
-3.563e+10
-3.57053e+10
-3.57786e+10
-3.58394e+10
-3.58709e+10
-3.58489e+10
-3.57506e+10
-3.55953e+10
-3.55238e+10
-3.58129e+10
-3.65756e+10
-3.70884e+10
-3.5709e+10
-3.23234e+10
-3.24991e+10
-4.43825e+10
-5.86576e+10
-2.98216e+10
-3.81193e+10
-3.81259e+10
-3.81428e+10
-3.81731e+10
-3.82187e+10
-3.82778e+10
-3.83458e+10
-3.8419e+10
-3.84989e+10
-3.85975e+10
-3.87412e+10
-3.89678e+10
-3.93133e+10
-3.97938e+10
-4.03935e+10
-4.1058e+10
-4.16918e+10
-4.21836e+10
-4.25028e+10
-4.27974e+10
-4.33141e+10
-4.40473e+10
-4.38563e+10
-4.09786e+10
-3.72545e+10
-3.52971e+10
-3.45563e+10
-3.44145e+10
-3.45644e+10
-3.47794e+10
-3.49788e+10
-3.51372e+10
-3.52562e+10
-3.53455e+10
-3.54173e+10
-3.54827e+10
-3.55491e+10
-3.56187e+10
-3.56874e+10
-3.57444e+10
-3.57731e+10
-3.57499e+10
-3.56535e+10
-3.55057e+10
-3.5449e+10
-3.57607e+10
-3.65594e+10
-3.71291e+10
-3.57184e+10
-3.16704e+10
-2.97152e+10
-3.95631e+10
-5.76066e+10
-3.32659e+10
-3.81832e+10
-3.81898e+10
-3.82093e+10
-3.8242e+10
-3.82906e+10
-3.83554e+10
-3.84366e+10
-3.85348e+10
-3.86538e+10
-3.88029e+10
-3.89982e+10
-3.92594e+10
-3.96019e+10
-4.00275e+10
-4.05179e+10
-4.10308e+10
-4.15011e+10
-4.18563e+10
-4.20543e+10
-4.21243e+10
-4.21624e+10
-4.20908e+10
-4.13163e+10
-3.93946e+10
-3.72805e+10
-3.60182e+10
-3.53971e+10
-3.51461e+10
-3.51239e+10
-3.52077e+10
-3.5327e+10
-3.54445e+10
-3.55476e+10
-3.56364e+10
-3.5717e+10
-3.57961e+10
-3.58786e+10
-3.59642e+10
-3.60466e+10
-3.61135e+10
-3.61467e+10
-3.61207e+10
-3.60117e+10
-3.58376e+10
-3.57373e+10
-3.59882e+10
-3.6711e+10
-3.71999e+10
-3.58296e+10
-3.2504e+10
-3.28684e+10
-4.50593e+10
-5.93268e+10
-3.26747e+10
-3.81974e+10
-3.82031e+10
-3.8223e+10
-3.82548e+10
-3.83017e+10
-3.8364e+10
-3.84417e+10
-3.85358e+10
-3.86511e+10
-3.87978e+10
-3.89932e+10
-3.92576e+10
-3.96071e+10
-4.0044e+10
-4.05495e+10
-4.10797e+10
-4.1565e+10
-4.19306e+10
-4.21433e+10
-4.22547e+10
-4.23615e+10
-4.23334e+10
-4.15307e+10
-3.95205e+10
-3.72911e+10
-3.59773e+10
-3.53523e+10
-3.51088e+10
-3.50926e+10
-3.51768e+10
-3.52914e+10
-3.5401e+10
-3.54945e+10
-3.55731e+10
-3.56436e+10
-3.57133e+10
-3.57875e+10
-3.58659e+10
-3.59429e+10
-3.60066e+10
-3.60392e+10
-3.60162e+10
-3.59149e+10
-3.57547e+10
-3.56746e+10
-3.59505e+10
-3.67025e+10
-3.72088e+10
-3.57378e+10
-3.19582e+10
-3.16291e+10
-4.41667e+10
-5.95658e+10
-3.05287e+10
-3.82759e+10
-3.82789e+10
-3.82995e+10
-3.83289e+10
-3.83707e+10
-3.84253e+10
-3.84943e+10
-3.85801e+10
-3.86877e+10
-3.88254e+10
-3.90045e+10
-3.92369e+10
-3.95297e+10
-3.98806e+10
-4.02738e+10
-4.06772e+10
-4.10442e+10
-4.13255e+10
-4.14953e+10
-4.15687e+10
-4.15491e+10
-4.12783e+10
-4.04484e+10
-3.9081e+10
-3.76873e+10
-3.66886e+10
-3.60887e+10
-3.57752e+10
-3.56447e+10
-3.5618e+10
-3.5643e+10
-3.56889e+10
-3.5741e+10
-3.57955e+10
-3.58547e+10
-3.59217e+10
-3.59975e+10
-3.60786e+10
-3.61548e+10
-3.62101e+10
-3.62214e+10
-3.61593e+10
-3.59973e+10
-3.57556e+10
-3.55829e+10
-3.57715e+10
-3.64444e+10
-3.68475e+10
-3.52434e+10
-3.14017e+10
-3.10194e+10
-4.36557e+10
-6.31136e+10
-4.32747e+10
-3.82876e+10
-3.82931e+10
-3.83128e+10
-3.83425e+10
-3.8384e+10
-3.84377e+10
-3.85045e+10
-3.85865e+10
-3.86884e+10
-3.88184e+10
-3.89877e+10
-3.92083e+10
-3.94885e+10
-3.98279e+10
-4.02134e+10
-4.06159e+10
-4.09891e+10
-4.12821e+10
-4.14703e+10
-4.15732e+10
-4.15906e+10
-4.13521e+10
-4.05432e+10
-3.91735e+10
-3.77605e+10
-3.67504e+10
-3.61469e+10
-3.58286e+10
-3.56898e+10
-3.56518e+10
-3.5664e+10
-3.56967e+10
-3.57363e+10
-3.57794e+10
-3.58284e+10
-3.58868e+10
-3.59567e+10
-3.60352e+10
-3.6114e+10
-3.61787e+10
-3.6209e+10
-3.61779e+10
-3.60605e+10
-3.58761e+10
-3.57692e+10
-3.60238e+10
-3.67406e+10
-3.70971e+10
-3.52748e+10
-3.13928e+10
-3.25238e+10
-4.79307e+10
-6.30848e+10
-3.22232e+10
-3.83692e+10
-3.83732e+10
-3.83959e+10
-3.84274e+10
-3.84706e+10
-3.85254e+10
-3.85931e+10
-3.86756e+10
-3.87765e+10
-3.89012e+10
-3.90555e+10
-3.92445e+10
-3.94696e+10
-3.97258e+10
-4.00004e+10
-4.02709e+10
-4.05056e+10
-4.06746e+10
-4.07662e+10
-4.0788e+10
-4.07166e+10
-4.04342e+10
-3.98106e+10
-3.89174e+10
-3.80053e+10
-3.7259e+10
-3.6724e+10
-3.63778e+10
-3.61711e+10
-3.60562e+10
-3.59971e+10
-3.59704e+10
-3.59635e+10
-3.59723e+10
-3.59975e+10
-3.60414e+10
-3.6104e+10
-3.61803e+10
-3.62596e+10
-3.63242e+10
-3.635e+10
-3.63056e+10
-3.61644e+10
-3.59502e+10
-3.58234e+10
-3.60908e+10
-3.68699e+10
-3.73445e+10
-3.56247e+10
-3.1242e+10
-2.97929e+10
-4.15522e+10
-6.21823e+10
-4.33377e+10
-3.83573e+10
-3.83665e+10
-3.83863e+10
-3.84185e+10
-3.84624e+10
-3.85186e+10
-3.85877e+10
-3.86714e+10
-3.87728e+10
-3.88963e+10
-3.90472e+10
-3.92298e+10
-3.94451e+10
-3.96885e+10
-3.99482e+10
-4.0203e+10
-4.04233e+10
-4.05809e+10
-4.06653e+10
-4.06842e+10
-4.06153e+10
-4.03449e+10
-3.97492e+10
-3.88892e+10
-3.80009e+10
-3.72666e+10
-3.67325e+10
-3.63796e+10
-3.61619e+10
-3.60343e+10
-3.59624e+10
-3.59234e+10
-3.59049e+10
-3.59026e+10
-3.59174e+10
-3.59515e+10
-3.60051e+10
-3.60746e+10
-3.61506e+10
-3.6218e+10
-3.62557e+10
-3.62359e+10
-3.61333e+10
-3.59707e+10
-3.5905e+10
-3.62353e+10
-3.70462e+10
-3.74218e+10
-3.54165e+10
-3.11733e+10
-3.18391e+10
-4.66278e+10
-6.25817e+10
-3.35929e+10
-3.84403e+10
-3.84439e+10
-3.84647e+10
-3.84934e+10
-3.85327e+10
-3.85828e+10
-3.86449e+10
-3.87209e+10
-3.88135e+10
-3.89263e+10
-3.90622e+10
-3.92225e+10
-3.94051e+10
-3.96033e+10
-3.98048e+10
-3.99909e+10
-4.01381e+10
-4.02258e+10
-4.02448e+10
-4.0193e+10
-4.00458e+10
-3.97436e+10
-3.92494e+10
-3.86228e+10
-3.7986e+10
-3.74294e+10
-3.69885e+10
-3.66637e+10
-3.64352e+10
-3.62771e+10
-3.61665e+10
-3.60873e+10
-3.60306e+10
-3.59937e+10
-3.59781e+10
-3.59864e+10
-3.60192e+10
-3.60724e+10
-3.61356e+10
-3.61925e+10
-3.62199e+10
-3.61882e+10
-3.60739e+10
-3.59088e+10
-3.58668e+10
-3.62686e+10
-3.72308e+10
-3.79228e+10
-3.64965e+10
-3.27131e+10
-3.24119e+10
-4.45428e+10
-5.95302e+10
-3.15807e+10
-3.84239e+10
-3.84309e+10
-3.84502e+10
-3.84793e+10
-3.85194e+10
-3.85711e+10
-3.86355e+10
-3.87144e+10
-3.88105e+10
-3.89269e+10
-3.90663e+10
-3.92294e+10
-3.94136e+10
-3.96115e+10
-3.981e+10
-3.99903e+10
-4.01298e+10
-4.02092e+10
-4.02196e+10
-4.01572e+10
-3.99975e+10
-3.96845e+10
-3.91845e+10
-3.85572e+10
-3.7921e+10
-3.73639e+10
-3.69221e+10
-3.65967e+10
-3.63687e+10
-3.62128e+10
-3.61063e+10
-3.60326e+10
-3.59826e+10
-3.59527e+10
-3.59441e+10
-3.59588e+10
-3.59966e+10
-3.60529e+10
-3.61176e+10
-3.61746e+10
-3.62016e+10
-3.61695e+10
-3.60543e+10
-3.58857e+10
-3.58341e+10
-3.6215e+10
-3.71179e+10
-3.76257e+10
-3.57993e+10
-3.16372e+10
-3.17589e+10
-4.51217e+10
-5.98106e+10
-3.14769e+10
-3.8526e+10
-3.85347e+10
-3.8552e+10
-3.85772e+10
-3.86104e+10
-3.86519e+10
-3.87023e+10
-3.8763e+10
-3.88356e+10
-3.89225e+10
-3.90252e+10
-3.91438e+10
-3.9276e+10
-3.94158e+10
-3.95535e+10
-3.96747e+10
-3.97624e+10
-3.98029e+10
-3.97886e+10
-3.97115e+10
-3.95522e+10
-3.92844e+10
-3.89043e+10
-3.84518e+10
-3.79877e+10
-3.75601e+10
-3.71942e+10
-3.68954e+10
-3.66565e+10
-3.64649e+10
-3.63082e+10
-3.61769e+10
-3.60662e+10
-3.59755e+10
-3.59072e+10
-3.58644e+10
-3.58478e+10
-3.58529e+10
-3.5869e+10
-3.58786e+10
-3.58572e+10
-3.57738e+10
-3.56038e+10
-3.53804e+10
-3.5282e+10
-3.56282e+10
-3.65166e+10
-3.71114e+10
-3.57072e+10
-3.24694e+10
-3.34658e+10
-4.6427e+10
-5.99227e+10
-3.02677e+10
-3.85171e+10
-3.85243e+10
-3.85421e+10
-3.85673e+10
-3.86011e+10
-3.86436e+10
-3.86956e+10
-3.87587e+10
-3.88346e+10
-3.89258e+10
-3.90337e+10
-3.91585e+10
-3.92975e+10
-3.94443e+10
-3.95887e+10
-3.9716e+10
-3.98095e+10
-3.98551e+10
-3.98438e+10
-3.97658e+10
-3.96002e+10
-3.93189e+10
-3.89203e+10
-3.84479e+10
-3.79665e+10
-3.7527e+10
-3.71548e+10
-3.68548e+10
-3.6619e+10
-3.64339e+10
-3.62861e+10
-3.61654e+10
-3.60664e+10
-3.5988e+10
-3.59321e+10
-3.5901e+10
-3.58945e+10
-3.59075e+10
-3.59283e+10
-3.59393e+10
-3.59159e+10
-3.58279e+10
-3.56518e+10
-3.54226e+10
-3.53212e+10
-3.5669e+10
-3.65514e+10
-3.70716e+10
-3.53507e+10
-3.11541e+10
-3.01496e+10
-4.18464e+10
-6.01694e+10
-3.92939e+10
-3.85676e+10
-3.85804e+10
-3.85977e+10
-3.86241e+10
-3.86583e+10
-3.87006e+10
-3.87511e+10
-3.88102e+10
-3.88787e+10
-3.89569e+10
-3.90449e+10
-3.91408e+10
-3.92408e+10
-3.9339e+10
-3.94272e+10
-3.94965e+10
-3.95382e+10
-3.95438e+10
-3.95054e+10
-3.94142e+10
-3.92572e+10
-3.9023e+10
-3.87155e+10
-3.83595e+10
-3.79902e+10
-3.76385e+10
-3.73244e+10
-3.70558e+10
-3.68314e+10
-3.66447e+10
-3.64884e+10
-3.63564e+10
-3.62462e+10
-3.61588e+10
-3.60971e+10
-3.60648e+10
-3.60625e+10
-3.60858e+10
-3.61235e+10
-3.61569e+10
-3.61595e+10
-3.60978e+10
-3.59455e+10
-3.5736e+10
-3.56493e+10
-3.60005e+10
-3.68587e+10
-3.73379e+10
-3.5728e+10
-3.23073e+10
-3.31257e+10
-4.55645e+10
-5.89586e+10
-3.15217e+10
-3.85716e+10
-3.85831e+10
-3.86028e+10
-3.863e+10
-3.8665e+10
-3.87077e+10
-3.87583e+10
-3.88173e+10
-3.88853e+10
-3.89629e+10
-3.90502e+10
-3.91457e+10
-3.92462e+10
-3.93462e+10
-3.94379e+10
-3.95115e+10
-3.95568e+10
-3.95646e+10
-3.95275e+10
-3.94363e+10
-3.9277e+10
-3.90374e+10
-3.87216e+10
-3.83566e+10
-3.798e+10
-3.76234e+10
-3.73067e+10
-3.70371e+10
-3.68123e+10
-3.66256e+10
-3.64691e+10
-3.63369e+10
-3.62268e+10
-3.61396e+10
-3.60786e+10
-3.60468e+10
-3.60449e+10
-3.60682e+10
-3.61053e+10
-3.61378e+10
-3.61396e+10
-3.60783e+10
-3.59297e+10
-3.5731e+10
-3.56675e+10
-3.60586e+10
-3.69648e+10
-3.74392e+10
-3.55901e+10
-3.13779e+10
-3.09143e+10
-4.32383e+10
-5.94055e+10
-3.26708e+10
-3.86119e+10
-3.86249e+10
-3.86404e+10
-3.86645e+10
-3.86961e+10
-3.87356e+10
-3.87832e+10
-3.88393e+10
-3.89043e+10
-3.8978e+10
-3.90597e+10
-3.91467e+10
-3.92348e+10
-3.93175e+10
-3.93865e+10
-3.94326e+10
-3.94475e+10
-3.94242e+10
-3.93572e+10
-3.92401e+10
-3.90656e+10
-3.88308e+10
-3.85437e+10
-3.82237e+10
-3.78952e+10
-3.758e+10
-3.7293e+10
-3.70407e+10
-3.68225e+10
-3.66342e+10
-3.64706e+10
-3.63281e+10
-3.6206e+10
-3.61065e+10
-3.60338e+10
-3.59917e+10
-3.59811e+10
-3.59982e+10
-3.60316e+10
-3.60623e+10
-3.60625e+10
-3.59981e+10
-3.58446e+10
-3.5641e+10
-3.55765e+10
-3.59739e+10
-3.68946e+10
-3.73979e+10
-3.56389e+10
-3.17038e+10
-3.17175e+10
-4.46497e+10
-6.31987e+10
-4.24213e+10
-3.86107e+10
-3.86218e+10
-3.86386e+10
-3.8663e+10
-3.86948e+10
-3.87342e+10
-3.87813e+10
-3.88364e+10
-3.88996e+10
-3.89706e+10
-3.90484e+10
-3.91305e+10
-3.92128e+10
-3.92893e+10
-3.93524e+10
-3.93934e+10
-3.94041e+10
-3.9378e+10
-3.93098e+10
-3.91936e+10
-3.90227e+10
-3.87942e+10
-3.85151e+10
-3.82037e+10
-3.78829e+10
-3.75734e+10
-3.72895e+10
-3.70373e+10
-3.68168e+10
-3.66241e+10
-3.64546e+10
-3.63054e+10
-3.61759e+10
-3.60689e+10
-3.59888e+10
-3.59392e+10
-3.5921e+10
-3.59296e+10
-3.59534e+10
-3.59732e+10
-3.59621e+10
-3.58869e+10
-3.57243e+10
-3.55146e+10
-3.54499e+10
-3.58565e+10
-3.67867e+10
-3.72333e+10
-3.52629e+10
-3.13365e+10
-3.30923e+10
-4.89256e+10
-6.24287e+10
-3.14766e+10
-3.86603e+10
-3.8671e+10
-3.86859e+10
-3.87072e+10
-3.87346e+10
-3.87682e+10
-3.8808e+10
-3.88541e+10
-3.89065e+10
-3.89649e+10
-3.9028e+10
-3.90936e+10
-3.91578e+10
-3.92155e+10
-3.92603e+10
-3.92853e+10
-3.92834e+10
-3.92485e+10
-3.91757e+10
-3.90604e+10
-3.88998e+10
-3.86947e+10
-3.84521e+10
-3.81853e+10
-3.791e+10
-3.76411e+10
-3.73893e+10
-3.71601e+10
-3.69541e+10
-3.6769e+10
-3.66019e+10
-3.6451e+10
-3.63168e+10
-3.62027e+10
-3.61139e+10
-3.60548e+10
-3.60268e+10
-3.60253e+10
-3.60384e+10
-3.60464e+10
-3.60214e+10
-3.59295e+10
-3.57467e+10
-3.55134e+10
-3.54233e+10
-3.58122e+10
-3.67739e+10
-3.7403e+10
-3.58364e+10
-3.207e+10
-3.22129e+10
-4.50598e+10
-6.18893e+10
-3.68415e+10
-3.86671e+10
-3.86754e+10
-3.86903e+10
-3.87112e+10
-3.87386e+10
-3.87722e+10
-3.88123e+10
-3.88588e+10
-3.89118e+10
-3.89709e+10
-3.90347e+10
-3.91009e+10
-3.91655e+10
-3.9223e+10
-3.9267e+10
-3.92906e+10
-3.92871e+10
-3.92509e+10
-3.91773e+10
-3.9062e+10
-3.89019e+10
-3.86979e+10
-3.84571e+10
-3.81921e+10
-3.79184e+10
-3.76505e+10
-3.7399e+10
-3.71692e+10
-3.6962e+10
-3.67755e+10
-3.66069e+10
-3.64547e+10
-3.63195e+10
-3.62045e+10
-3.61146e+10
-3.60542e+10
-3.60242e+10
-3.60196e+10
-3.60284e+10
-3.60309e+10
-3.6e+10
-3.59033e+10
-3.57178e+10
-3.54846e+10
-3.53964e+10
-3.57862e+10
-3.6733e+10
-3.7278e+10
-3.54679e+10
-3.14633e+10
-3.23339e+10
-4.69078e+10
-6.1351e+10
-3.0298e+10
-3.8686e+10
-3.86956e+10
-3.87091e+10
-3.87284e+10
-3.87535e+10
-3.87843e+10
-3.88206e+10
-3.8862e+10
-3.89082e+10
-3.89582e+10
-3.90105e+10
-3.90623e+10
-3.911e+10
-3.91491e+10
-3.91742e+10
-3.91798e+10
-3.91609e+10
-3.91127e+10
-3.90317e+10
-3.89154e+10
-3.87637e+10
-3.85792e+10
-3.83683e+10
-3.81403e+10
-3.79066e+10
-3.76769e+10
-3.74589e+10
-3.72565e+10
-3.70699e+10
-3.6897e+10
-3.67354e+10
-3.65837e+10
-3.6443e+10
-3.63174e+10
-3.62131e+10
-3.61364e+10
-3.60903e+10
-3.60717e+10
-3.60703e+10
-3.60679e+10
-3.60376e+10
-3.59442e+10
-3.57583e+10
-3.55101e+10
-3.53808e+10
-3.57069e+10
-3.6618e+10
-3.72794e+10
-3.58403e+10
-3.22024e+10
-3.25952e+10
-4.55711e+10
-5.95737e+10
-3.01244e+10
-3.86953e+10
-3.87014e+10
-3.87157e+10
-3.87353e+10
-3.87607e+10
-3.87919e+10
-3.88285e+10
-3.88704e+10
-3.89171e+10
-3.89678e+10
-3.9021e+10
-3.90742e+10
-3.91238e+10
-3.91651e+10
-3.91925e+10
-3.92004e+10
-3.91831e+10
-3.9136e+10
-3.90555e+10
-3.89389e+10
-3.8786e+10
-3.85994e+10
-3.83855e+10
-3.81544e+10
-3.79174e+10
-3.76846e+10
-3.74639e+10
-3.72592e+10
-3.70709e+10
-3.6897e+10
-3.67352e+10
-3.65841e+10
-3.64445e+10
-3.63201e+10
-3.62165e+10
-3.61389e+10
-3.60896e+10
-3.60649e+10
-3.60538e+10
-3.6038e+10
-3.59914e+10
-3.58809e+10
-3.56801e+10
-3.5423e+10
-3.52925e+10
-3.56227e+10
-3.65354e+10
-3.71717e+10
-3.55515e+10
-3.11019e+10
-2.94195e+10
-4.08547e+10
-5.9531e+10
-3.52732e+10
-3.87123e+10
-3.87258e+10
-3.87361e+10
-3.87552e+10
-3.87797e+10
-3.88099e+10
-3.88451e+10
-3.88849e+10
-3.89284e+10
-3.89745e+10
-3.90215e+10
-3.90663e+10
-3.91053e+10
-3.91342e+10
-3.91483e+10
-3.9143e+10
-3.91144e+10
-3.90588e+10
-3.89737e+10
-3.88578e+10
-3.87117e+10
-3.85387e+10
-3.83444e+10
-3.81366e+10
-3.79233e+10
-3.7712e+10
-3.75077e+10
-3.73127e+10
-3.71265e+10
-3.69471e+10
-3.6772e+10
-3.66002e+10
-3.64336e+10
-3.6277e+10
-3.61381e+10
-3.60248e+10
-3.59421e+10
-3.58904e+10
-3.58634e+10
-3.58462e+10
-3.58142e+10
-3.57311e+10
-3.55602e+10
-3.53156e+10
-3.51644e+10
-3.54529e+10
-3.63617e+10
-3.71118e+10
-3.57617e+10
-3.18045e+10
-3.09631e+10
-4.27595e+10
-5.94236e+10
-3.2045e+10
-3.87271e+10
-3.87334e+10
-3.87463e+10
-3.87655e+10
-3.87903e+10
-3.88205e+10
-3.88555e+10
-3.88948e+10
-3.89374e+10
-3.89821e+10
-3.9027e+10
-3.90694e+10
-3.91059e+10
-3.91326e+10
-3.9145e+10
-3.91384e+10
-3.91087e+10
-3.90524e+10
-3.89667e+10
-3.885e+10
-3.87026e+10
-3.85276e+10
-3.83308e+10
-3.81201e+10
-3.79036e+10
-3.76888e+10
-3.74809e+10
-3.72824e+10
-3.70928e+10
-3.69102e+10
-3.67322e+10
-3.65577e+10
-3.63881e+10
-3.62279e+10
-3.6084e+10
-3.59636e+10
-3.58716e+10
-3.58075e+10
-3.57641e+10
-3.57261e+10
-3.56691e+10
-3.55576e+10
-3.53568e+10
-3.50862e+10
-3.49186e+10
-3.52048e+10
-3.61355e+10
-3.69492e+10
-3.56654e+10
-3.14467e+10
-2.92898e+10
-3.91587e+10
-5.73189e+10
-3.5231e+10
-3.87723e+10
-3.87754e+10
-3.87872e+10
-3.88044e+10
-3.88269e+10
-3.8854e+10
-3.88851e+10
-3.89196e+10
-3.89569e+10
-3.89956e+10
-3.90341e+10
-3.90701e+10
-3.91001e+10
-3.91206e+10
-3.91275e+10
-3.91163e+10
-3.90833e+10
-3.90252e+10
-3.89406e+10
-3.88284e+10
-3.86901e+10
-3.853e+10
-3.83539e+10
-3.81694e+10
-3.79826e+10
-3.7799e+10
-3.76215e+10
-3.74519e+10
-3.72883e+10
-3.71286e+10
-3.69701e+10
-3.6812e+10
-3.66565e+10
-3.65079e+10
-3.63737e+10
-3.62626e+10
-3.61826e+10
-3.61378e+10
-3.61251e+10
-3.61323e+10
-3.61352e+10
-3.60948e+10
-3.59664e+10
-3.57531e+10
-3.56198e+10
-3.59479e+10
-3.69934e+10
-3.80112e+10
-3.69162e+10
-3.29851e+10
-3.2222e+10
-4.41104e+10
-5.7619e+10
-2.96835e+10
-3.8778e+10
-3.87817e+10
-3.87932e+10
-3.88109e+10
-3.88339e+10
-3.88616e+10
-3.88934e+10
-3.89285e+10
-3.89665e+10
-3.90056e+10
-3.90445e+10
-3.90805e+10
-3.91102e+10
-3.91299e+10
-3.91354e+10
-3.91228e+10
-3.90882e+10
-3.90284e+10
-3.89418e+10
-3.88279e+10
-3.86881e+10
-3.85267e+10
-3.83493e+10
-3.81635e+10
-3.79754e+10
-3.77904e+10
-3.76117e+10
-3.74406e+10
-3.72753e+10
-3.71137e+10
-3.69531e+10
-3.67927e+10
-3.66345e+10
-3.64833e+10
-3.63468e+10
-3.62341e+10
-3.61532e+10
-3.61085e+10
-3.60964e+10
-3.61039e+10
-3.61054e+10
-3.60598e+10
-3.59211e+10
-3.56916e+10
-3.55366e+10
-3.58362e+10
-3.68528e+10
-3.78599e+10
-3.68162e+10
-3.30681e+10
-3.25596e+10
-4.41867e+10
-5.65148e+10
-2.90374e+10
-3.88078e+10
-3.88028e+10
-3.88167e+10
-3.88337e+10
-3.88554e+10
-3.88806e+10
-3.89085e+10
-3.89383e+10
-3.8969e+10
-3.89995e+10
-3.90281e+10
-3.90524e+10
-3.90697e+10
-3.9077e+10
-3.90708e+10
-3.90479e+10
-3.90052e+10
-3.89399e+10
-3.88501e+10
-3.87355e+10
-3.85982e+10
-3.84427e+10
-3.82745e+10
-3.81001e+10
-3.79241e+10
-3.77507e+10
-3.7582e+10
-3.74186e+10
-3.72586e+10
-3.70999e+10
-3.69406e+10
-3.67804e+10
-3.66215e+10
-3.64685e+10
-3.63291e+10
-3.62123e+10
-3.61264e+10
-3.60767e+10
-3.60612e+10
-3.60679e+10
-3.60703e+10
-3.60256e+10
-3.5884e+10
-3.5642e+10
-3.54609e+10
-3.57434e+10
-3.68107e+10
-3.79303e+10
-3.67838e+10
-3.21449e+10
-2.99652e+10
-4.16256e+10
-6.10865e+10
-4.04987e+10
-3.87972e+10
-3.88058e+10
-3.88162e+10
-3.88339e+10
-3.88559e+10
-3.88817e+10
-3.89102e+10
-3.89406e+10
-3.89721e+10
-3.90034e+10
-3.9033e+10
-3.90586e+10
-3.90772e+10
-3.9086e+10
-3.90812e+10
-3.90596e+10
-3.90181e+10
-3.89541e+10
-3.8866e+10
-3.87537e+10
-3.86191e+10
-3.84665e+10
-3.83014e+10
-3.81297e+10
-3.79563e+10
-3.77854e+10
-3.76188e+10
-3.74569e+10
-3.72978e+10
-3.71394e+10
-3.69797e+10
-3.68185e+10
-3.66583e+10
-3.65047e+10
-3.63659e+10
-3.62514e+10
-3.61706e+10
-3.61296e+10
-3.61273e+10
-3.61521e+10
-3.61781e+10
-3.61609e+10
-3.60477e+10
-3.5831e+10
-3.56714e+10
-3.59725e+10
-3.70486e+10
-3.81561e+10
-3.70055e+10
-3.25174e+10
-3.09068e+10
-4.34177e+10
-6.21988e+10
-3.94209e+10
-4.29368e+10
-4.86147e+10
-4.49601e+10
-4.55934e+10
-4.83951e+10
-3.17041e+10
-4.42306e+10
-3.24963e+10
-1.47359e+10
-1.40273e+10
-4.67099e+10
-5.00482e+10
-4.54725e+10
-4.9222e+10
-4.85175e+10
-3.18486e+10
-4.58088e+10
-3.08534e+10
-1.31745e+10
-1.18317e+10
-4.76954e+10
-4.66652e+10
-4.10731e+10
-4.80746e+10
-4.39601e+10
-1.51168e+10
-1.52781e+10
-3.92389e+10
-2.99173e+10
-4.19016e+10
-3.07889e+10
-4.84605e+10
-4.86218e+10
-4.53053e+10
-4.86469e+10
-4.65597e+10
-1.51225e+10
-1.47732e+10
-4.29476e+10
-3.08839e+10
-4.39466e+10
-3.05849e+10
-4.18999e+10
-4.47299e+10
-4.23967e+10
-4.69363e+10
-4.26786e+10
-4.69831e+10
-4.33932e+10
-3.56268e+10
-3.89749e+10
-3.66393e+10
-3.83693e+10
-3.50154e+10
-3.89527e+10
-3.59631e+10
-4.25069e+10
-4.5011e+10
-4.24781e+10
-4.69388e+10
-4.40225e+10
-4.81257e+10
-4.46407e+10
-3.63344e+10
-3.84242e+10
-3.56819e+10
-3.89617e+10
-3.53364e+10
-3.86106e+10
-3.46451e+10
-5.02717e+10
-4.99413e+10
-5.06709e+10
-4.97196e+10
-4.90772e+10
-5.01017e+10
-4.98592e+10
-4.27917e+10
-3.83612e+10
-4.24109e+10
-3.84e+10
-4.13518e+10
-2.902e+10
-2.83728e+10
-2.97045e+10
-2.14809e+10
-2.56711e+10
-2.15298e+10
-2.628e+10
-5.05085e+10
-4.87059e+10
-4.97955e+10
-5.0247e+10
-5.0237e+10
-4.98721e+10
-4.98867e+10
-4.19723e+10
-3.9624e+10
-4.60497e+10
-3.98951e+10
-4.21446e+10
-2.92721e+10
-2.69054e+10
-2.86383e+10
-2.07187e+10
-2.57323e+10
-2.0039e+10
-2.50563e+10
-4.70813e+10
-4.98325e+10
-4.90685e+10
-4.89218e+10
-4.81767e+10
-4.95805e+10
-4.94039e+10
-4.47458e+10
-4.41573e+10
-4.48473e+10
-4.56619e+10
-4.34619e+10
-3.78358e+10
-3.61353e+10
-2.55771e+10
-2.19971e+10
-2.61486e+10
-2.70318e+10
-2.82961e+10
-2.75582e+10
-2.87885e+10
-5.0184e+10
-4.98408e+10
-4.99572e+10
-4.99686e+10
-5.02575e+10
-4.88239e+10
-4.96707e+10
-4.80674e+10
-4.96231e+10
-4.97839e+10
-4.81615e+10
-4.96273e+10
-4.12553e+10
-3.98726e+10
-2.61125e+10
-2.18456e+10
-2.55791e+10
-2.76301e+10
-2.8687e+10
-2.73752e+10
-2.81888e+10
-4.18464e+10
-4.69282e+10
-4.25114e+10
-4.39465e+10
-4.13001e+10
-4.41954e+10
-4.17518e+10
-3.27935e+10
-3.7292e+10
-3.3526e+10
-3.76764e+10
-3.49603e+10
-3.82916e+10
-3.57021e+10
-4.31538e+10
-4.65346e+10
-4.3355e+10
-4.4355e+10
-4.18428e+10
-4.44984e+10
-4.18816e+10
-3.34452e+10
-3.76713e+10
-3.30802e+10
-3.83046e+10
-3.56542e+10
-3.81253e+10
-3.5216e+10
-4.55779e+10
-4.24661e+10
-4.33432e+10
-4.27187e+10
-4.52406e+10
-4.60263e+10
-4.40327e+10
-4.40129e+10
-4.34655e+10
-4.73301e+10
-4.76067e+10
-4.81936e+10
-4.601e+10
-4.83944e+10
-4.73696e+10
-4.78136e+10
-4.73499e+10
-4.75226e+10
-4.92759e+10
-4.73711e+10
-4.90752e+10
-4.8156e+10
-4.76027e+10
-4.91284e+10
-4.28314e+10
-4.32513e+10
-3.95037e+10
-3.88972e+10
-4.2765e+10
-4.04891e+10
-3.90147e+10
-3.06094e+10
-2.06119e+10
-1.43475e+10
-2.04733e+10
-2.97615e+10
-4.0356e+10
-3.92361e+10
-3.03624e+10
-1.98916e+10
-1.4267e+10
-2.02083e+10
-2.88954e+10
-4.84239e+10
-4.58353e+10
-4.7963e+10
-4.71473e+10
-4.77433e+10
-4.94938e+10
-4.73597e+10
-4.38637e+10
-4.5377e+10
-4.76564e+10
-4.85278e+10
-4.96826e+10
-4.96565e+10
-4.83618e+10
-4.97327e+10
-4.86345e+10
-4.86669e+10
-4.86212e+10
-4.878e+10
-4.95731e+10
-4.92672e+10
-4.77172e+10
-4.94837e+10
-5.11319e+10
-4.20312e+10
-4.64132e+10
-3.99952e+10
-4.00432e+10
-4.06326e+10
-3.705e+10
-3.81863e+10
-2.63447e+10
-1.88006e+10
-1.23647e+10
-2.78749e+10
-1.7986e+10
-3.67365e+10
-3.48195e+10
-2.58806e+10
-1.7202e+10
-1.14909e+10
-1.72073e+10
-2.45434e+10
-4.49697e+10
-4.36709e+10
-4.59425e+10
-4.60582e+10
-4.88074e+10
-4.74873e+10
-4.77087e+10
-4.62593e+10
-4.80154e+10
-4.47078e+10
-4.20379e+10
-4.16442e+10
-4.2471e+10
-4.38423e+10
-4.55723e+10
-4.28894e+10
-4.4546e+10
-4.68967e+10
-4.35499e+10
-2.96361e+10
-1.48262e+10
-2.06024e+10
-2.06448e+10
-2.84098e+10
-3.83074e+10
-3.94496e+10
-2.99883e+10
-1.51088e+10
-2.13548e+10
-2.09934e+10
-3.08308e+10
-3.91925e+10
-3.58194e+10
-3.97363e+10
-3.59267e+10
-3.77881e+10
-3.9576e+10
-4.08025e+10
-3.73202e+10
-4.07822e+10
-3.65561e+10
-4.83954e+10
-4.83955e+10
-4.75087e+10
-4.95172e+10
-4.86677e+10
-4.93332e+10
-4.6014e+10
-4.95139e+10
-4.77443e+10
-4.77716e+10
-4.57495e+10
-4.65322e+10
-4.74195e+10
-4.69189e+10
-4.76993e+10
-4.64574e+10
-4.7024e+10
-4.63703e+10
-4.79642e+10
-3.22141e+10
-1.48143e+10
-2.16191e+10
-3.1184e+10
-2.16886e+10
-4.16812e+10
-4.05953e+10
-3.24572e+10
-1.4414e+10
-2.17189e+10
-2.16856e+10
-3.15823e+10
-4.25286e+10
-3.78614e+10
-4.38943e+10
-4.12754e+10
-3.83375e+10
-4.28952e+10
-4.41209e+10
-3.85746e+10
-3.84897e+10
-4.1877e+10
-4.69652e+10
-4.46672e+10
-4.82517e+10
-4.93673e+10
-4.46538e+10
-4.94006e+10
-4.69263e+10
-4.84402e+10
-4.64577e+10
-4.86223e+10
-5.06258e+10
-4.73181e+10
-4.84579e+10
-5.03279e+10
-4.71368e+10
-4.84218e+10
-4.59823e+10
-5.03293e+10
-4.54191e+10
-4.98858e+10
-4.79711e+10
-3.21642e+10
-3.44034e+10
-3.19047e+10
-2.74772e+10
-3.45121e+10
-2.75647e+10
-3.19447e+10
-3.21389e+10
-3.21424e+10
-3.51572e+10
-2.74793e+10
-3.48248e+10
-2.75148e+10
-3.19597e+10
-4.82455e+10
-4.95776e+10
-4.95567e+10
-5.04406e+10
-4.75443e+10
-5.03386e+10
-4.84723e+10
-3.07701e+10
-3.47448e+10
-3.1632e+10
-2.65302e+10
-3.46269e+10
-3.11518e+10
-2.60547e+10
-3.05552e+10
-3.11124e+10
-3.42418e+10
-2.53073e+10
-3.44254e+10
-2.55092e+10
-3.01274e+10
-4.62444e+10
-4.71467e+10
-4.4707e+10
-4.69978e+10
-4.78511e+10
-4.50815e+10
-4.56111e+10
-4.76117e+10
-4.9913e+10
-4.78738e+10
-4.63907e+10
-4.92283e+10
-4.86751e+10
-4.58154e+10
-3.02374e+10
-2.63586e+10
-3.2097e+10
-3.01514e+10
-2.65545e+10
-3.22365e+10
-2.99635e+10
-3.0591e+10
-2.71978e+10
-3.05454e+10
-3.30602e+10
-2.68898e+10
-3.09881e+10
-3.26323e+10
-4.88384e+10
-5.07329e+10
-4.68622e+10
-4.83868e+10
-4.89183e+10
-5.06039e+10
-4.72725e+10
-4.87309e+10
-4.9782e+10
-4.86389e+10
-4.76717e+10
-5.05413e+10
-4.70439e+10
-4.8459e+10
-3.18263e+10
-2.7511e+10
-3.32769e+10
-3.07928e+10
-3.149e+10
-2.75906e+10
-3.34044e+10
-3.20302e+10
-2.75342e+10
-3.06926e+10
-3.34227e+10
-2.76121e+10
-3.34173e+10
-3.1933e+10
-4.78981e+10
-3.98965e+10
-5.45673e+10
-4.25959e+10
-3.96423e+10
-4.85077e+10
-5.41242e+10
-4.76995e+10
-4.59749e+10
-4.62468e+10
-4.75872e+10
-4.73362e+10
-4.74059e+10
-4.64858e+10
-4.82063e+10
-4.86502e+10
-4.29759e+10
-3.99517e+10
-5.34005e+10
-3.98518e+10
-5.47809e+10
-4.73938e+10
-5.22808e+10
-4.08875e+10
-4.17852e+10
-5.74315e+10
-4.06374e+10
-5.30048e+10
-5.68995e+10
-5.32341e+10
-5.27937e+10
-5.26217e+10
-5.34504e+10
-5.19277e+10
-4.19841e+10
-4.05708e+10
-5.63713e+10
-5.15016e+10
-4.06966e+10
-5.65784e+10
-5.38668e+10
-5.53932e+10
-5.41604e+10
-5.48843e+10
-4.2381e+10
-4.24075e+10
-4.53078e+10
-4.38888e+10
-4.09888e+10
-4.32678e+10
-4.45646e+10
-4.07036e+10
-4.11191e+10
-4.07824e+10
-4.10561e+10
-4.12784e+10
-4.22189e+10
-4.13655e+10
-4.21852e+10
-4.16541e+10
-4.33105e+10
-4.1136e+10
-4.40576e+10
-4.0895e+10
-4.39936e+10
-4.20839e+10
-3.76491e+10
-3.75024e+10
-4.85634e+10
-4.86805e+10
-4.77454e+10
-4.82007e+10
-4.85898e+10
-4.85219e+10
-4.84402e+10
-4.81092e+10
-4.73378e+10
-4.80808e+10
-4.75613e+10
-4.86532e+10
-4.89205e+10
-4.8756e+10
-4.87203e+10
-4.84152e+10
-4.82853e+10
-4.73304e+10
-4.8872e+10
-4.82385e+10
-4.80769e+10
-4.87632e+10
-4.07674e+10
-4.03094e+10
-4.39893e+10
-4.48886e+10
-4.51118e+10
-4.51755e+10
-4.45333e+10
-4.43738e+10
-4.47041e+10
-4.36943e+10
-4.43639e+10
-4.44456e+10
-4.34955e+10
-4.3841e+10
-4.5532e+10
-4.45852e+10
-4.44092e+10
-4.37023e+10
-4.51923e+10
-4.43923e+10
-4.43132e+10
-4.4427e+10
-4.44572e+10
-4.32648e+10
-4.56224e+10
-4.53313e+10
-4.61037e+10
-4.64662e+10
-4.50098e+10
-4.54574e+10
-4.72993e+10
-4.76945e+10
-5.07482e+10
-4.97076e+10
-4.80569e+10
-4.68271e+10
-4.71009e+10
-4.55817e+10
-4.86355e+10
-4.60212e+10
-4.66326e+10
-4.64537e+10
-4.83466e+10
-4.5802e+10
-4.84654e+10
-4.62318e+10
-4.70728e+10
-4.75387e+10
-4.77021e+10
-4.73821e+10
-4.74346e+10
-4.7614e+10
-4.72666e+10
-4.48917e+10
-4.27391e+10
-4.242e+10
-4.49686e+10
-4.52955e+10
-4.36206e+10
-4.29168e+10
-4.57361e+10
-4.68058e+10
-4.74431e+10
-4.7435e+10
-4.72202e+10
-4.73962e+10
-4.73903e+10
-4.69489e+10
-4.76125e+10
-4.75628e+10
-4.77459e+10
-4.77539e+10
-4.75564e+10
-4.80123e+10
-4.76604e+10
-4.77872e+10
-4.80005e+10
-4.71064e+10
-4.67043e+10
-4.76443e+10
-4.60029e+10
-4.77725e+10
-4.79423e+10
-4.81813e+10
-4.84597e+10
-4.76515e+10
-4.82654e+10
-4.82298e+10
-4.6794e+10
-4.46663e+10
-4.65123e+10
-4.53652e+10
-4.80449e+10
-4.94083e+10
-4.98714e+10
-4.016e+10
-5.50589e+10
-4.28237e+10
-4.9162e+10
-4.03919e+10
-5.55686e+10
-5.12609e+10
-5.24667e+10
-5.21398e+10
-5.1527e+10
-5.03058e+10
-4.88696e+10
-4.92117e+10
-5.03365e+10
-5.04976e+10
-4.2744e+10
-4.08579e+10
-5.64632e+10
-5.1224e+10
-4.04992e+10
-5.60449e+10
-4.0612e+10
-4.06481e+10
-1.8152e+10
-2.53577e+10
-2.17419e+10
-3.08491e+10
-2.54759e+10
-2.21218e+10
-1.79798e+10
-1.27004e+10
-1.02731e+10
-9.72123e+09
-1.30185e+10
-1.28302e+10
-1.00746e+10
-1.28085e+10
-9.92284e+09
-1.78414e+10
-3.06784e+10
-2.51962e+10
-2.12637e+10
-2.52934e+10
-2.17443e+10
-1.82656e+10
-4.01111e+10
-3.97646e+10
-1.72112e+10
-2.51046e+10
-2.99736e+10
-2.13528e+10
-2.48404e+10
-1.7652e+10
-2.07809e+10
-1.1766e+10
-9.08237e+09
-1.12242e+10
-9.47351e+09
-1.66931e+10
-2.94898e+10
-2.40932e+10
-1.90834e+10
-2.44723e+10
-2.00239e+10
-1.60686e+10
-1.22444e+10
-1.00071e+10
-1.26019e+10
-9.8078e+09
-4.81795e+10
-4.8191e+10
-4.80941e+10
-4.87443e+10
-4.80561e+10
-4.86016e+10
-4.83486e+10
-4.8875e+10
-5.0944e+10
-5.16135e+10
-4.83898e+10
-4.76196e+10
-4.79149e+10
-4.73009e+10
-4.80084e+10
-4.76858e+10
-4.71587e+10
-4.8033e+10
-4.943e+10
-5.32892e+10
-5.22308e+10
-5.03654e+10
-5.13688e+10
-4.74791e+10
-5.04605e+10
-4.83814e+10
-4.87282e+10
-4.5265e+10
-5.70184e+10
-6.0011e+10
-5.80099e+10
-5.93263e+10
-5.37953e+10
-5.72493e+10
-5.59918e+10
-5.28556e+10
-5.90616e+10
-5.57958e+10
-4.77059e+10
-4.36814e+10
-6.94837e+10
-4.40652e+10
-7.55805e+10
-4.53143e+10
-4.91989e+10
-4.8509e+10
-4.87527e+10
-4.8872e+10
-4.88702e+10
-4.89282e+10
-4.9095e+10
-4.86519e+10
-4.74963e+10
-4.8137e+10
-4.82467e+10
-4.89852e+10
-4.85161e+10
-4.85877e+10
-4.86664e+10
-4.87952e+10
-4.87024e+10
-4.8851e+10
-4.90793e+10
-4.89874e+10
-4.87522e+10
-4.91524e+10
-4.85154e+10
-4.85658e+10
-4.81948e+10
-4.84309e+10
-4.86616e+10
-4.86716e+10
-4.80017e+10
-4.87542e+10
-4.85715e+10
-4.81643e+10
-4.81382e+10
-4.82123e+10
-4.81356e+10
-4.84511e+10
-4.90036e+10
-4.89859e+10
-4.85818e+10
-4.80835e+10
-4.81854e+10
-4.79932e+10
-4.85992e+10
-4.7892e+10
-4.87443e+10
-4.8134e+10
-5.03013e+10
-5.21536e+10
-5.47131e+10
-4.0978e+10
-5.8103e+10
-4.21837e+10
-5.39617e+10
-4.11214e+10
-5.87369e+10
-5.86453e+10
-6.02168e+10
-6.10493e+10
-5.80216e+10
-5.79176e+10
-5.79016e+10
-5.65069e+10
-6.05359e+10
-5.58509e+10
-4.24285e+10
-4.13504e+10
-5.77418e+10
-4.1297e+10
-5.96263e+10
-5.364e+10
-3.7217e+10
-3.76455e+10
-1.36748e+10
-2.66795e+10
-2.19051e+10
-1.54283e+10
-2.21962e+10
-1.59654e+10
-1.31852e+10
-9.81544e+09
-8.49204e+09
-1.04237e+10
-8.06563e+09
-1.43257e+10
-2.7217e+10
-2.31832e+10
-1.77763e+10
-1.50367e+10
-2.26786e+10
-1.68669e+10
-9.18368e+09
-7.22881e+09
-8.70763e+09
-7.58808e+09
-3.68406e+10
-3.6603e+10
-1.21367e+10
-2.14398e+10
-1.46737e+10
-2.58201e+10
-2.12509e+10
-1.24907e+10
-1.44209e+10
-7.08116e+09
-6.3694e+09
-5.64712e+09
-7.72418e+09
-7.60915e+09
-6.65997e+09
-8.06827e+09
-6.09049e+09
-1.13993e+10
-2.52068e+10
-2.08082e+10
-1.34362e+10
-2.07794e+10
-1.35396e+10
-1.23119e+10
-4.40933e+10
-4.37527e+10
-4.51138e+10
-4.38319e+10
-4.65324e+10
-4.6476e+10
-4.45709e+10
-4.37833e+10
-4.71022e+10
-4.51157e+10
-4.62625e+10
-4.6323e+10
-4.52799e+10
-4.41152e+10
-4.33784e+10
-4.33704e+10
-4.43335e+10
-4.62888e+10
-4.71045e+10
-4.54933e+10
-4.82762e+10
-4.7135e+10
-4.32061e+10
-4.80391e+10
-4.68118e+10
-4.79151e+10
-4.27314e+10
-4.40772e+10
-4.45099e+10
-4.41209e+10
-4.35184e+10
-4.40649e+10
-4.32098e+10
-4.11755e+10
-4.0438e+10
-4.052e+10
-4.10427e+10
-4.13009e+10
-4.13224e+10
-4.1953e+10
-4.05548e+10
-4.22391e+10
-4.3703e+10
-4.30153e+10
-4.37059e+10
-4.31832e+10
-4.37907e+10
-4.19902e+10
-4.48215e+10
-4.48178e+10
-4.58816e+10
-4.52469e+10
-4.55966e+10
-4.39115e+10
-4.55902e+10
-4.51497e+10
-4.58858e+10
-4.47448e+10
-4.58443e+10
-4.41714e+10
-4.24683e+10
-4.29184e+10
-4.3661e+10
-4.57857e+10
-4.63617e+10
-4.71028e+10
-4.67611e+10
-4.6534e+10
-4.6243e+10
-4.60811e+10
-1.84529e+10
-2.24756e+10
-2.49351e+10
-2.95459e+10
-2.23919e+10
-1.86284e+10
-2.48067e+10
-1.32515e+10
-1.05844e+10
-1.00324e+10
-1.35171e+10
-1.35254e+10
-1.05219e+10
-1.02816e+10
-1.37677e+10
-1.79908e+10
-2.92513e+10
-2.12347e+10
-2.44592e+10
-2.17409e+10
-2.45426e+10
-1.83916e+10
-3.85945e+10
-3.90322e+10
-1.90815e+10
-2.28692e+10
-2.51683e+10
-3.0214e+10
-1.89096e+10
-2.31702e+10
-2.53146e+10
-1.42282e+10
-1.02415e+10
-1.04374e+10
-1.43351e+10
-1.41011e+10
-1.05819e+10
-1.05501e+10
-1.39576e+10
-1.93e+10
-3.04944e+10
-2.3871e+10
-2.57171e+10
-2.35602e+10
-2.54916e+10
-1.95401e+10
-4.27184e+10
-4.84316e+10
-3.6701e+10
-3.88716e+10
-4.7947e+10
-3.64196e+10
-4.32663e+10
-4.17316e+10
-4.05649e+10
-4.07404e+10
-4.18444e+10
-4.14236e+10
-4.16274e+10
-4.08687e+10
-4.2182e+10
-4.33261e+10
-3.90872e+10
-4.74199e+10
-3.66507e+10
-4.84586e+10
-3.65328e+10
-4.23884e+10
-4.45909e+10
-4.90459e+10
-3.99023e+10
-3.71114e+10
-4.96539e+10
-4.38915e+10
-3.74715e+10
-4.49124e+10
-4.61199e+10
-4.50222e+10
-4.57997e+10
-4.39796e+10
-4.26743e+10
-4.388e+10
-4.30113e+10
-4.53012e+10
-4.03226e+10
-5.09664e+10
-3.82331e+10
-5.03067e+10
-3.7875e+10
-4.59518e+10
-4.90701e+10
-4.86721e+10
-4.81895e+10
-5.01802e+10
-4.73431e+10
-4.5233e+10
-4.84503e+10
-5.48024e+10
-4.78694e+10
-4.81231e+10
-4.8208e+10
-4.82228e+10
-4.8102e+10
-4.84328e+10
-4.89372e+10
-4.87469e+10
-4.85526e+10
-4.7837e+10
-4.63138e+10
-4.77223e+10
-4.70567e+10
-4.84003e+10
-4.75397e+10
-4.74023e+10
-5.22874e+10
-4.82724e+10
-4.74414e+10
-4.79231e+10
-4.78146e+10
-4.78919e+10
-4.7781e+10
-4.79399e+10
-4.78048e+10
-4.72122e+10
-4.68674e+10
-4.65851e+10
-4.77711e+10
-4.7011e+10
-4.77491e+10
-4.7356e+10
-4.72597e+10
-4.65846e+10
-4.76371e+10
-4.76361e+10
-4.77826e+10
-4.91362e+10
-4.84425e+10
-4.84726e+10
-4.80277e+10
-4.87604e+10
-4.78005e+10
-4.82886e+10
-4.8436e+10
-4.84355e+10
-4.80853e+10
-4.85153e+10
-4.93269e+10
-4.94848e+10
-4.84599e+10
-4.85978e+10
-4.94668e+10
-4.90766e+10
-4.96833e+10
-4.81282e+10
-4.81715e+10
-4.81855e+10
-4.80619e+10
-4.81794e+10
-4.8169e+10
-4.8072e+10
-2.00392e+10
-2.51795e+10
-3.18324e+10
-2.65421e+10
-2.47741e+10
-2.02789e+10
-2.63268e+10
-1.42569e+10
-9.82105e+09
-9.59289e+09
-1.42002e+10
-1.42516e+10
-9.13716e+09
-9.33355e+09
-1.43397e+10
-1.98824e+10
-3.15025e+10
-2.4053e+10
-2.59761e+10
-2.44519e+10
-1.96912e+10
-2.6154e+10
-4.19724e+10
-4.20752e+10
-2.04004e+10
-2.53344e+10
-2.66496e+10
-3.26688e+10
-2.03187e+10
-2.56504e+10
-2.67156e+10
-1.38573e+10
-8.71701e+09
-8.02143e+09
-1.39348e+10
-1.40795e+10
-8.69612e+09
-8.33241e+09
-1.41609e+10
-2.00245e+10
-3.26125e+10
-2.45725e+10
-2.64537e+10
-2.52663e+10
-2.65486e+10
-2.02797e+10
-4.74428e+10
-4.20139e+10
-5.32062e+10
-3.94394e+10
-5.26252e+10
-3.91215e+10
-4.79433e+10
-4.72751e+10
-4.70555e+10
-4.65649e+10
-4.79218e+10
-4.69662e+10
-4.16369e+10
-5.15804e+10
-3.86049e+10
-5.21088e+10
-4.64868e+10
-3.8829e+10
-4.79242e+10
-4.92727e+10
-4.86333e+10
-4.84813e+10
-4.84272e+10
-5.37723e+10
-3.95822e+10
-4.29473e+10
-5.39398e+10
-4.83787e+10
-3.96017e+10
-4.95706e+10
-4.96312e+10
-4.99571e+10
-4.94669e+10
-4.91507e+10
-4.98492e+10
-5.00719e+10
-4.90197e+10
-4.92742e+10
-4.33811e+10
-5.33664e+10
-3.9953e+10
-5.47035e+10
-3.98575e+10
-4.78361e+10
)
;

boundaryField
{
    inlet
    {
        type            zeroGradient;
    }
    outlet
    {
        type            fixedValue;
        value           uniform 101325;
    }
    rightSide
    {
        type            symmetryPlane;
    }
    leftSide
    {
        type            symmetryPlane;
    }
    duct
    {
        type            zeroGradient;
    }
    cylinder
    {
        type            zeroGradient;
    }
}


// ************************************************************************* //
