/*--------------------------------*- C++ -*----------------------------------*\
| =========                 |                                                 |
| \\      /  F ield         | OpenFOAM: The Open Source CFD Toolbox           |
|  \\    /   O peration     | Version:  4.1                                   |
|   \\  /    A nd           | Web:      www.OpenFOAM.org                      |
|    \\/     M anipulation  |                                                 |
\*---------------------------------------------------------------------------*/
FoamFile
{
    version     2.0;
    format      ascii;
    class       volScalarField;
    location    "45";
    object      p;
}
// * * * * * * * * * * * * * * * * * * * * * * * * * * * * * * * * * * * * * //

dimensions      [0 2 -2 0 0 0 0];

internalField   nonuniform List<scalar> 
4432
(
-3.63498e+10
-3.89422e+10
-3.94329e+10
-3.5716e+10
-3.52295e+10
-3.59182e+10
-3.55142e+10
-3.51984e+10
-3.49964e+10
-3.48768e+10
-3.47486e+10
-3.45869e+10
-3.43983e+10
-3.42059e+10
-3.40434e+10
-3.39019e+10
-3.37375e+10
-3.35498e+10
-3.33476e+10
-3.31353e+10
-3.29083e+10
-3.26689e+10
-3.24189e+10
-3.21618e+10
-3.19017e+10
-3.16433e+10
-3.13911e+10
-3.11496e+10
-3.09225e+10
-3.07135e+10
-3.05258e+10
-3.0363e+10
-3.02281e+10
-3.01219e+10
-3.00428e+10
-2.99863e+10
-2.99428e+10
-2.98978e+10
-2.98323e+10
-2.97263e+10
-2.95625e+10
-2.93333e+10
-2.90467e+10
-2.87373e+10
-2.84739e+10
-2.83438e+10
-2.83828e+10
-2.84844e+10
-2.84617e+10
-2.85998e+10
-3.05326e+10
-3.59814e+10
-3.96964e+10
-2.02085e+10
-3.68767e+10
-3.7741e+10
-3.79367e+10
-3.67937e+10
-3.53633e+10
-3.56761e+10
-3.54993e+10
-3.51703e+10
-3.49767e+10
-3.48885e+10
-3.47714e+10
-3.45977e+10
-3.43964e+10
-3.42057e+10
-3.40495e+10
-3.39085e+10
-3.374e+10
-3.35495e+10
-3.33486e+10
-3.3136e+10
-3.29082e+10
-3.26677e+10
-3.24165e+10
-3.21582e+10
-3.18967e+10
-3.16369e+10
-3.13832e+10
-3.11402e+10
-3.09117e+10
-3.07012e+10
-3.05118e+10
-3.03468e+10
-3.0209e+10
-3.00995e+10
-3.0017e+10
-2.99565e+10
-2.99081e+10
-2.98571e+10
-2.97844e+10
-2.96694e+10
-2.9495e+10
-2.92533e+10
-2.89527e+10
-2.86268e+10
-2.83426e+10
-2.81831e+10
-2.81748e+10
-2.81893e+10
-2.80008e+10
-2.78534e+10
-2.94536e+10
-3.5183e+10
-4.04734e+10
-2.42926e+10
-3.69861e+10
-3.69835e+10
-3.68636e+10
-3.69598e+10
-3.55748e+10
-3.53381e+10
-3.54532e+10
-3.51784e+10
-3.49776e+10
-3.48918e+10
-3.47742e+10
-3.46315e+10
-3.44521e+10
-3.42484e+10
-3.40674e+10
-3.39292e+10
-3.37841e+10
-3.36043e+10
-3.34059e+10
-3.31923e+10
-3.29641e+10
-3.27216e+10
-3.24673e+10
-3.22049e+10
-3.19392e+10
-3.16754e+10
-3.14185e+10
-3.11732e+10
-3.09436e+10
-3.07333e+10
-3.05451e+10
-3.03826e+10
-3.02494e+10
-3.0145e+10
-3.00643e+10
-3.00038e+10
-2.99551e+10
-2.99043e+10
-2.98333e+10
-2.9722e+10
-2.9553e+10
-2.93179e+10
-2.9025e+10
-2.87057e+10
-2.84238e+10
-2.82603e+10
-2.82274e+10
-2.8163e+10
-2.7853e+10
-2.77413e+10
-2.99439e+10
-3.64258e+10
-4.13912e+10
-2.61782e+10
-3.70433e+10
-3.73032e+10
-3.71405e+10
-3.65024e+10
-3.55408e+10
-3.53645e+10
-3.54571e+10
-3.51476e+10
-3.49773e+10
-3.48913e+10
-3.47834e+10
-3.46361e+10
-3.44471e+10
-3.42395e+10
-3.4065e+10
-3.39366e+10
-3.3788e+10
-3.36003e+10
-3.34025e+10
-3.31884e+10
-3.29592e+10
-3.27152e+10
-3.24591e+10
-3.21948e+10
-3.19268e+10
-3.16608e+10
-3.14013e+10
-3.11536e+10
-3.09215e+10
-3.0709e+10
-3.05186e+10
-3.03529e+10
-3.02143e+10
-3.01031e+10
-3.00174e+10
-2.99515e+10
-2.98959e+10
-2.98375e+10
-2.97586e+10
-2.96394e+10
-2.94628e+10
-2.92214e+10
-2.89233e+10
-2.86005e+10
-2.83153e+10
-2.81429e+10
-2.8091e+10
-2.79927e+10
-2.76199e+10
-2.74797e+10
-3.00705e+10
-3.77168e+10
-4.16941e+10
-2.07152e+10
-3.779e+10
-3.71277e+10
-3.60459e+10
-3.66993e+10
-3.57894e+10
-3.5221e+10
-3.50783e+10
-3.49609e+10
-3.48853e+10
-3.48295e+10
-3.47342e+10
-3.46185e+10
-3.44514e+10
-3.42487e+10
-3.40702e+10
-3.39295e+10
-3.37831e+10
-3.36083e+10
-3.34171e+10
-3.32067e+10
-3.29784e+10
-3.27329e+10
-3.24729e+10
-3.22026e+10
-3.19273e+10
-3.16532e+10
-3.13861e+10
-3.11321e+10
-3.08963e+10
-3.06831e+10
-3.0494e+10
-3.03286e+10
-3.01882e+10
-3.00774e+10
-2.99941e+10
-2.99288e+10
-2.98732e+10
-2.98137e+10
-2.97337e+10
-2.96142e+10
-2.94403e+10
-2.9209e+10
-2.89354e+10
-2.86581e+10
-2.84445e+10
-2.83684e+10
-2.84233e+10
-2.84176e+10
-2.80973e+10
-2.79146e+10
-3.00033e+10
-3.64038e+10
-4.08234e+10
-2.1039e+10
-3.73251e+10
-3.7339e+10
-3.67325e+10
-3.59475e+10
-3.56652e+10
-3.53897e+10
-3.51683e+10
-3.49585e+10
-3.48994e+10
-3.48312e+10
-3.47316e+10
-3.46062e+10
-3.44388e+10
-3.42411e+10
-3.4067e+10
-3.39366e+10
-3.37882e+10
-3.36102e+10
-3.34194e+10
-3.32101e+10
-3.29827e+10
-3.27377e+10
-3.2478e+10
-3.22076e+10
-3.19321e+10
-3.16575e+10
-3.13895e+10
-3.11341e+10
-3.08965e+10
-3.06811e+10
-3.04896e+10
-3.03226e+10
-3.01813e+10
-3.00669e+10
-2.99774e+10
-2.99072e+10
-2.98463e+10
-2.97811e+10
-2.96952e+10
-2.95693e+10
-2.93876e+10
-2.9146e+10
-2.88574e+10
-2.85567e+10
-2.83043e+10
-2.81643e+10
-2.8118e+10
-2.79546e+10
-2.7404e+10
-2.69687e+10
-2.89879e+10
-3.57499e+10
-4.12448e+10
-2.42665e+10
-3.68175e+10
-3.68751e+10
-3.63984e+10
-3.59515e+10
-3.58104e+10
-3.54589e+10
-3.51684e+10
-3.4969e+10
-3.48804e+10
-3.48133e+10
-3.47231e+10
-3.46209e+10
-3.44773e+10
-3.43057e+10
-3.41503e+10
-3.40155e+10
-3.38666e+10
-3.36943e+10
-3.35056e+10
-3.32963e+10
-3.30654e+10
-3.28125e+10
-3.25411e+10
-3.22566e+10
-3.19661e+10
-3.16778e+10
-3.13997e+10
-3.11393e+10
-3.09032e+10
-3.06957e+10
-3.05165e+10
-3.03596e+10
-3.02234e+10
-3.01249e+10
-3.00658e+10
-3.00141e+10
-2.99657e+10
-2.99118e+10
-2.98319e+10
-2.97073e+10
-2.9524e+10
-2.92826e+10
-2.90019e+10
-2.87235e+10
-2.85158e+10
-2.84474e+10
-2.85048e+10
-2.84933e+10
-2.81377e+10
-2.78074e+10
-2.958e+10
-3.59378e+10
-4.17963e+10
-2.4325e+10
-3.67783e+10
-3.65752e+10
-3.60925e+10
-3.5666e+10
-3.58364e+10
-3.56593e+10
-3.52395e+10
-3.49689e+10
-3.48854e+10
-3.48069e+10
-3.47183e+10
-3.4612e+10
-3.44702e+10
-3.43078e+10
-3.41616e+10
-3.40312e+10
-3.38801e+10
-3.37078e+10
-3.35197e+10
-3.33112e+10
-3.30803e+10
-3.2827e+10
-3.25545e+10
-3.22684e+10
-3.19759e+10
-3.16851e+10
-3.1404e+10
-3.11396e+10
-3.08982e+10
-3.06843e+10
-3.04991e+10
-3.03415e+10
-3.02114e+10
-3.01099e+10
-3.00343e+10
-2.99788e+10
-2.99297e+10
-2.98707e+10
-2.97866e+10
-2.96575e+10
-2.94681e+10
-2.92173e+10
-2.89217e+10
-2.86195e+10
-2.83722e+10
-2.82412e+10
-2.82046e+10
-2.80533e+10
-2.75234e+10
-2.71674e+10
-2.95861e+10
-3.72805e+10
-4.24163e+10
-2.18452e+10
-3.59998e+10
-3.59766e+10
-3.58893e+10
-3.55228e+10
-3.55435e+10
-3.53591e+10
-3.51158e+10
-3.49235e+10
-3.48365e+10
-3.47872e+10
-3.47055e+10
-3.45824e+10
-3.44461e+10
-3.43029e+10
-3.41745e+10
-3.40476e+10
-3.39024e+10
-3.37366e+10
-3.3551e+10
-3.33416e+10
-3.31051e+10
-3.28402e+10
-3.25503e+10
-3.2242e+10
-3.19261e+10
-3.16133e+10
-3.13145e+10
-3.10382e+10
-3.07912e+10
-3.05766e+10
-3.03935e+10
-3.02377e+10
-3.01085e+10
-3.00144e+10
-2.99537e+10
-2.99084e+10
-2.98652e+10
-2.98102e+10
-2.97235e+10
-2.9586e+10
-2.93851e+10
-2.91208e+10
-2.88118e+10
-2.85005e+10
-2.82529e+10
-2.81328e+10
-2.81234e+10
-2.80248e+10
-2.75263e+10
-2.68719e+10
-2.80349e+10
-3.41594e+10
-4.27008e+10
-3.03099e+10
-3.61186e+10
-3.58578e+10
-3.55551e+10
-3.53837e+10
-3.5603e+10
-3.54713e+10
-3.51771e+10
-3.49525e+10
-3.48325e+10
-3.4761e+10
-3.46866e+10
-3.45804e+10
-3.44495e+10
-3.43124e+10
-3.41882e+10
-3.40633e+10
-3.39174e+10
-3.37515e+10
-3.35658e+10
-3.33559e+10
-3.31182e+10
-3.28514e+10
-3.25585e+10
-3.22469e+10
-3.19267e+10
-3.16093e+10
-3.1305e+10
-3.10221e+10
-3.07666e+10
-3.05426e+10
-3.03523e+10
-3.01944e+10
-3.00666e+10
-2.99695e+10
-2.99006e+10
-2.98514e+10
-2.98087e+10
-2.97551e+10
-2.96715e+10
-2.95388e+10
-2.93441e+10
-2.90868e+10
-2.87851e+10
-2.84812e+10
-2.82411e+10
-2.81286e+10
-2.81296e+10
-2.80448e+10
-2.75939e+10
-2.72433e+10
-2.95149e+10
-3.72832e+10
-4.34649e+10
-2.43646e+10
-3.5686e+10
-3.55502e+10
-3.54449e+10
-3.53294e+10
-3.53529e+10
-3.52536e+10
-3.50716e+10
-3.48968e+10
-3.47935e+10
-3.47558e+10
-3.47115e+10
-3.45992e+10
-3.44721e+10
-3.43548e+10
-3.42461e+10
-3.41294e+10
-3.3995e+10
-3.38405e+10
-3.36643e+10
-3.3461e+10
-3.32248e+10
-3.29521e+10
-3.26445e+10
-3.23119e+10
-3.19692e+10
-3.16322e+10
-3.13141e+10
-3.1023e+10
-3.07641e+10
-3.05397e+10
-3.03496e+10
-3.01934e+10
-3.00718e+10
-2.99835e+10
-2.9921e+10
-2.9876e+10
-2.98365e+10
-2.97851e+10
-2.9702e+10
-2.95691e+10
-2.93745e+10
-2.91189e+10
-2.88213e+10
-2.85252e+10
-2.82975e+10
-2.82036e+10
-2.82375e+10
-2.82158e+10
-2.78318e+10
-2.72992e+10
-2.85438e+10
-3.461e+10
-4.21643e+10
-2.74639e+10
-3.57193e+10
-3.55689e+10
-3.54092e+10
-3.52914e+10
-3.53836e+10
-3.52638e+10
-3.50743e+10
-3.49274e+10
-3.48224e+10
-3.476e+10
-3.46931e+10
-3.45909e+10
-3.44723e+10
-3.43588e+10
-3.42513e+10
-3.41349e+10
-3.40004e+10
-3.38467e+10
-3.36716e+10
-3.34696e+10
-3.32349e+10
-3.29635e+10
-3.26571e+10
-3.23253e+10
-3.19824e+10
-3.16435e+10
-3.13217e+10
-3.10258e+10
-3.07612e+10
-3.05301e+10
-3.03337e+10
-3.0172e+10
-3.00434e+10
-2.99464e+10
-2.9877e+10
-2.98262e+10
-2.97817e+10
-2.97265e+10
-2.96405e+10
-2.95055e+10
-2.93097e+10
-2.90533e+10
-2.87555e+10
-2.84606e+10
-2.82369e+10
-2.81526e+10
-2.82047e+10
-2.82136e+10
-2.78979e+10
-2.75984e+10
-2.94999e+10
-3.63236e+10
-4.2065e+10
-2.2572e+10
-3.52726e+10
-3.51932e+10
-3.51407e+10
-3.51668e+10
-3.51692e+10
-3.51096e+10
-3.49818e+10
-3.48401e+10
-3.47534e+10
-3.4725e+10
-3.46723e+10
-3.4579e+10
-3.44824e+10
-3.4393e+10
-3.43017e+10
-3.41988e+10
-3.40777e+10
-3.39354e+10
-3.37696e+10
-3.35736e+10
-3.33381e+10
-3.30537e+10
-3.27193e+10
-3.23499e+10
-3.19677e+10
-3.15965e+10
-3.12523e+10
-3.09446e+10
-3.06763e+10
-3.04459e+10
-3.02517e+10
-3.00938e+10
-2.99726e+10
-2.98839e+10
-2.98193e+10
-2.9771e+10
-2.97279e+10
-2.96745e+10
-2.95927e+10
-2.94653e+10
-2.92812e+10
-2.90415e+10
-2.87661e+10
-2.8499e+10
-2.83064e+10
-2.82563e+10
-2.83527e+10
-2.84341e+10
-2.82238e+10
-2.79974e+10
-2.97568e+10
-3.60398e+10
-4.12245e+10
-2.23076e+10
-3.52417e+10
-3.51963e+10
-3.52517e+10
-3.52075e+10
-3.51488e+10
-3.50416e+10
-3.49432e+10
-3.48516e+10
-3.47812e+10
-3.47261e+10
-3.46574e+10
-3.45703e+10
-3.44791e+10
-3.43917e+10
-3.43016e+10
-3.4199e+10
-3.40785e+10
-3.39374e+10
-3.37726e+10
-3.35779e+10
-3.33437e+10
-3.30604e+10
-3.27282e+10
-3.23605e+10
-3.19803e+10
-3.16096e+10
-3.12652e+10
-3.09571e+10
-3.06885e+10
-3.04586e+10
-3.02654e+10
-3.01074e+10
-2.9984e+10
-2.98919e+10
-2.98246e+10
-2.97735e+10
-2.9727e+10
-2.9669e+10
-2.95811e+10
-2.94457e+10
-2.9251e+10
-2.89974e+10
-2.87038e+10
-2.8413e+10
-2.81906e+10
-2.81027e+10
-2.81498e+10
-2.81639e+10
-2.78612e+10
-2.74847e+10
-2.89623e+10
-3.49845e+10
-4.06821e+10
-2.22439e+10
-3.49962e+10
-3.49404e+10
-3.4977e+10
-3.50796e+10
-3.50931e+10
-3.49987e+10
-3.48706e+10
-3.47607e+10
-3.472e+10
-3.47159e+10
-3.46648e+10
-3.45907e+10
-3.45219e+10
-3.44574e+10
-3.43884e+10
-3.43063e+10
-3.42046e+10
-3.40799e+10
-3.39295e+10
-3.37481e+10
-3.35216e+10
-3.32303e+10
-3.28682e+10
-3.2453e+10
-3.20221e+10
-3.16089e+10
-3.12354e+10
-3.09112e+10
-3.06365e+10
-3.04055e+10
-3.02134e+10
-3.00583e+10
-2.99354e+10
-2.98399e+10
-2.97663e+10
-2.97068e+10
-2.96498e+10
-2.95794e+10
-2.94782e+10
-2.93296e+10
-2.91227e+10
-2.88588e+10
-2.8557e+10
-2.82591e+10
-2.80277e+10
-2.79254e+10
-2.79499e+10
-2.79328e+10
-2.75822e+10
-2.71288e+10
-2.85317e+10
-3.45847e+10
-4.05359e+10
-2.22545e+10
-3.49409e+10
-3.49055e+10
-3.50575e+10
-3.51519e+10
-3.50724e+10
-3.49339e+10
-3.48557e+10
-3.47866e+10
-3.47414e+10
-3.47108e+10
-3.4659e+10
-3.45941e+10
-3.45299e+10
-3.44674e+10
-3.43993e+10
-3.43176e+10
-3.42165e+10
-3.40919e+10
-3.3941e+10
-3.37581e+10
-3.35291e+10
-3.32353e+10
-3.287e+10
-3.24525e+10
-3.20197e+10
-3.16053e+10
-3.12312e+10
-3.09067e+10
-3.06328e+10
-3.04049e+10
-3.02159e+10
-3.00619e+10
-2.99396e+10
-2.98444e+10
-2.97707e+10
-2.97109e+10
-2.96533e+10
-2.95816e+10
-2.94783e+10
-2.93265e+10
-2.91152e+10
-2.8845e+10
-2.8534e+10
-2.82224e+10
-2.79706e+10
-2.78373e+10
-2.78141e+10
-2.77225e+10
-2.72512e+10
-2.65476e+10
-2.73626e+10
-3.26734e+10
-3.98001e+10
-2.42637e+10
-3.48594e+10
-3.4779e+10
-3.48151e+10
-3.49055e+10
-3.4954e+10
-3.48661e+10
-3.47546e+10
-3.46961e+10
-3.4691e+10
-3.46834e+10
-3.46484e+10
-3.46078e+10
-3.45717e+10
-3.4537e+10
-3.44964e+10
-3.44408e+10
-3.43621e+10
-3.42558e+10
-3.41205e+10
-3.39543e+10
-3.37393e+10
-3.34403e+10
-3.30312e+10
-3.25369e+10
-3.20253e+10
-3.15527e+10
-3.11476e+10
-3.08161e+10
-3.05515e+10
-3.03413e+10
-3.0174e+10
-3.00435e+10
-2.99437e+10
-2.98684e+10
-2.98119e+10
-2.97661e+10
-2.97189e+10
-2.96548e+10
-2.95565e+10
-2.94082e+10
-2.92002e+10
-2.8935e+10
-2.86331e+10
-2.83367e+10
-2.81075e+10
-2.80031e+10
-2.80103e+10
-2.79415e+10
-2.74735e+10
-2.67689e+10
-2.76924e+10
-3.31786e+10
-3.97687e+10
-2.42952e+10
-3.48307e+10
-3.47516e+10
-3.4832e+10
-3.4947e+10
-3.4928e+10
-3.48342e+10
-3.47814e+10
-3.47372e+10
-3.47013e+10
-3.46748e+10
-3.46425e+10
-3.46075e+10
-3.45726e+10
-3.45378e+10
-3.44962e+10
-3.44397e+10
-3.43606e+10
-3.42536e+10
-3.41175e+10
-3.39493e+10
-3.37327e+10
-3.34326e+10
-3.30236e+10
-3.25309e+10
-3.20196e+10
-3.15466e+10
-3.11395e+10
-3.08055e+10
-3.05395e+10
-3.03308e+10
-3.01659e+10
-3.00378e+10
-2.99406e+10
-2.98691e+10
-2.98183e+10
-2.97796e+10
-2.97409e+10
-2.96869e+10
-2.96008e+10
-2.94671e+10
-2.92768e+10
-2.90331e+10
-2.87575e+10
-2.84934e+10
-2.83039e+10
-2.8248e+10
-2.83138e+10
-2.8312e+10
-2.79062e+10
-2.72195e+10
-2.81068e+10
-3.36921e+10
-3.9869e+10
-2.19937e+10
-3.48416e+10
-3.47547e+10
-3.46913e+10
-3.46997e+10
-3.47649e+10
-3.47394e+10
-3.46877e+10
-3.46785e+10
-3.46809e+10
-3.46658e+10
-3.46531e+10
-3.46446e+10
-3.46395e+10
-3.46356e+10
-3.46259e+10
-3.46006e+10
-3.45502e+10
-3.44677e+10
-3.43541e+10
-3.42116e+10
-3.40249e+10
-3.37296e+10
-3.32491e+10
-3.26066e+10
-3.19395e+10
-3.13623e+10
-3.09099e+10
-3.05766e+10
-3.03372e+10
-3.01666e+10
-3.00453e+10
-2.99603e+10
-2.99033e+10
-2.98682e+10
-2.98494e+10
-2.98384e+10
-2.98231e+10
-2.97882e+10
-2.97169e+10
-2.95941e+10
-2.94122e+10
-2.91771e+10
-2.89143e+10
-2.86724e+10
-2.85199e+10
-2.85202e+10
-2.86606e+10
-2.87477e+10
-2.84635e+10
-2.80474e+10
-2.95817e+10
-3.57959e+10
-4.10428e+10
-2.15519e+10
-3.48266e+10
-3.47114e+10
-3.46663e+10
-3.47071e+10
-3.47587e+10
-3.47677e+10
-3.4727e+10
-3.46968e+10
-3.46772e+10
-3.46631e+10
-3.46523e+10
-3.46439e+10
-3.46378e+10
-3.46326e+10
-3.46213e+10
-3.45947e+10
-3.45432e+10
-3.44602e+10
-3.43456e+10
-3.42023e+10
-3.40147e+10
-3.37206e+10
-3.32463e+10
-3.26125e+10
-3.1952e+10
-3.13754e+10
-3.09183e+10
-3.05764e+10
-3.03278e+10
-3.01487e+10
-3.00188e+10
-2.99257e+10
-2.98612e+10
-2.98194e+10
-2.97952e+10
-2.97803e+10
-2.97624e+10
-2.97263e+10
-2.9655e+10
-2.95337e+10
-2.93546e+10
-2.9124e+10
-2.88677e+10
-2.86356e+10
-2.8498e+10
-2.85204e+10
-2.86918e+10
-2.88169e+10
-2.85661e+10
-2.81522e+10
-2.9628e+10
-3.58935e+10
-4.18137e+10
-2.41721e+10
-3.47643e+10
-3.46798e+10
-3.45511e+10
-3.45267e+10
-3.45745e+10
-3.45945e+10
-3.4592e+10
-3.45895e+10
-3.45894e+10
-3.45934e+10
-3.46047e+10
-3.46246e+10
-3.46541e+10
-3.46901e+10
-3.47248e+10
-3.47468e+10
-3.47446e+10
-3.47081e+10
-3.46343e+10
-3.45338e+10
-3.44077e+10
-3.41686e+10
-3.36299e+10
-3.27609e+10
-3.18295e+10
-3.11024e+10
-3.05973e+10
-3.0268e+10
-3.0059e+10
-2.99275e+10
-2.98458e+10
-2.97965e+10
-2.977e+10
-2.97609e+10
-2.9764e+10
-2.97712e+10
-2.97701e+10
-2.97447e+10
-2.96772e+10
-2.9552e+10
-2.9361e+10
-2.91108e+10
-2.88285e+10
-2.85659e+10
-2.83941e+10
-2.83772e+10
-2.84968e+10
-2.85508e+10
-2.82397e+10
-2.78791e+10
-2.96319e+10
-3.65443e+10
-4.37191e+10
-2.58163e+10
-3.47091e+10
-3.46043e+10
-3.45261e+10
-3.45298e+10
-3.46023e+10
-3.46235e+10
-3.45921e+10
-3.45859e+10
-3.45877e+10
-3.4592e+10
-3.46032e+10
-3.46232e+10
-3.4652e+10
-3.46867e+10
-3.47197e+10
-3.47403e+10
-3.47372e+10
-3.47e+10
-3.46257e+10
-3.45251e+10
-3.4399e+10
-3.4159e+10
-3.36212e+10
-3.27581e+10
-3.18312e+10
-3.11024e+10
-3.0591e+10
-3.02554e+10
-3.00419e+10
-2.9907e+10
-2.98219e+10
-2.97687e+10
-2.97379e+10
-2.97238e+10
-2.97214e+10
-2.97225e+10
-2.97145e+10
-2.96811e+10
-2.96042e+10
-2.94675e+10
-2.92621e+10
-2.89937e+10
-2.86885e+10
-2.83973e+10
-2.81904e+10
-2.81316e+10
-2.82012e+10
-2.81924e+10
-2.77912e+10
-2.72726e+10
-2.87501e+10
-3.56727e+10
-4.51623e+10
-3.26174e+10
-3.4624e+10
-3.45459e+10
-3.44833e+10
-3.44819e+10
-3.45028e+10
-3.45252e+10
-3.45427e+10
-3.45553e+10
-3.45692e+10
-3.45905e+10
-3.46243e+10
-3.46757e+10
-3.47457e+10
-3.48294e+10
-3.49146e+10
-3.49858e+10
-3.50293e+10
-3.5032e+10
-3.49848e+10
-3.49062e+10
-3.48436e+10
-3.47269e+10
-3.4194e+10
-3.29522e+10
-3.15369e+10
-3.06359e+10
-3.01478e+10
-2.98877e+10
-2.97673e+10
-2.97168e+10
-2.97012e+10
-2.97033e+10
-2.97175e+10
-2.9742e+10
-2.97744e+10
-2.98084e+10
-2.98326e+10
-2.98312e+10
-2.97861e+10
-2.96808e+10
-2.95054e+10
-2.9264e+10
-2.89808e+10
-2.87031e+10
-2.84964e+10
-2.84178e+10
-2.84406e+10
-2.83632e+10
-2.79241e+10
-2.75165e+10
-2.92673e+10
-3.60099e+10
-4.39836e+10
-3.01122e+10
-3.45553e+10
-3.45094e+10
-3.45002e+10
-3.45159e+10
-3.45369e+10
-3.45346e+10
-3.45396e+10
-3.45525e+10
-3.45681e+10
-3.45894e+10
-3.46222e+10
-3.46719e+10
-3.47397e+10
-3.48206e+10
-3.49031e+10
-3.49719e+10
-3.50134e+10
-3.50145e+10
-3.49674e+10
-3.48915e+10
-3.48318e+10
-3.4717e+10
-3.42027e+10
-3.30008e+10
-3.16307e+10
-3.07303e+10
-3.022e+10
-2.99398e+10
-2.98045e+10
-2.97442e+10
-2.97225e+10
-2.97208e+10
-2.97324e+10
-2.97552e+10
-2.97862e+10
-2.98188e+10
-2.98416e+10
-2.98388e+10
-2.97926e+10
-2.96862e+10
-2.95103e+10
-2.92692e+10
-2.89872e+10
-2.8712e+10
-2.85094e+10
-2.84356e+10
-2.84615e+10
-2.83784e+10
-2.79058e+10
-2.73926e+10
-2.89324e+10
-3.56622e+10
-4.4566e+10
-3.22396e+10
-3.43679e+10
-3.42798e+10
-3.43148e+10
-3.43349e+10
-3.43379e+10
-3.43407e+10
-3.43546e+10
-3.43745e+10
-3.44003e+10
-3.44377e+10
-3.44949e+10
-3.45819e+10
-3.47035e+10
-3.48527e+10
-3.50065e+10
-3.5136e+10
-3.52273e+10
-3.52794e+10
-3.52854e+10
-3.5249e+10
-3.5269e+10
-3.54293e+10
-3.52127e+10
-3.34775e+10
-3.10754e+10
-2.98229e+10
-2.93599e+10
-2.92254e+10
-2.92617e+10
-2.93362e+10
-2.94076e+10
-2.94664e+10
-2.95171e+10
-2.95656e+10
-2.96148e+10
-2.96625e+10
-2.97004e+10
-2.97151e+10
-2.96908e+10
-2.96128e+10
-2.94725e+10
-2.92733e+10
-2.90371e+10
-2.88077e+10
-2.86465e+10
-2.86042e+10
-2.86504e+10
-2.85922e+10
-2.82146e+10
-2.80467e+10
-3.03821e+10
-3.7465e+10
-4.19984e+10
-2.21012e+10
-3.43262e+10
-3.43071e+10
-3.43495e+10
-3.43703e+10
-3.43617e+10
-3.43532e+10
-3.43618e+10
-3.43781e+10
-3.44017e+10
-3.44363e+10
-3.44897e+10
-3.45713e+10
-3.46856e+10
-3.48261e+10
-3.49719e+10
-3.50981e+10
-3.51908e+10
-3.52445e+10
-3.52469e+10
-3.52081e+10
-3.5235e+10
-3.54108e+10
-3.52177e+10
-3.35444e+10
-3.11967e+10
-2.99439e+10
-2.94629e+10
-2.93126e+10
-2.93331e+10
-2.93949e+10
-2.94586e+10
-2.95136e+10
-2.95632e+10
-2.96122e+10
-2.96629e+10
-2.97131e+10
-2.97544e+10
-2.97732e+10
-2.97538e+10
-2.96813e+10
-2.95474e+10
-2.93561e+10
-2.91301e+10
-2.89135e+10
-2.87675e+10
-2.8742e+10
-2.88014e+10
-2.8739e+10
-2.83146e+10
-2.80303e+10
-3.01972e+10
-3.70853e+10
-4.14059e+10
-2.09508e+10
-3.42065e+10
-3.41551e+10
-3.42128e+10
-3.42317e+10
-3.42436e+10
-3.42553e+10
-3.42787e+10
-3.43142e+10
-3.43654e+10
-3.4438e+10
-3.45434e+10
-3.46965e+10
-3.49073e+10
-3.51675e+10
-3.54296e+10
-3.56313e+10
-3.57782e+10
-3.59255e+10
-3.60617e+10
-3.60892e+10
-3.61235e+10
-3.65814e+10
-3.73538e+10
-3.5783e+10
-3.18362e+10
-2.86122e+10
-2.83941e+10
-2.86427e+10
-2.89204e+10
-2.91234e+10
-2.92628e+10
-2.93575e+10
-2.94269e+10
-2.94841e+10
-2.95356e+10
-2.95809e+10
-2.96132e+10
-2.96202e+10
-2.95871e+10
-2.95005e+10
-2.93533e+10
-2.91504e+10
-2.89154e+10
-2.86926e+10
-2.85433e+10
-2.85194e+10
-2.85952e+10
-2.85885e+10
-2.82941e+10
-2.81904e+10
-3.03062e+10
-3.65664e+10
-4.10871e+10
-2.15779e+10
-3.41797e+10
-3.41685e+10
-3.42215e+10
-3.42373e+10
-3.42447e+10
-3.42562e+10
-3.42789e+10
-3.43141e+10
-3.43654e+10
-3.44381e+10
-3.45429e+10
-3.46938e+10
-3.48992e+10
-3.5148e+10
-3.54007e+10
-3.56132e+10
-3.57826e+10
-3.59297e+10
-3.60318e+10
-3.60528e+10
-3.61543e+10
-3.67382e+10
-3.75517e+10
-3.60136e+10
-3.20355e+10
-2.85193e+10
-2.83529e+10
-2.86282e+10
-2.89168e+10
-2.91221e+10
-2.92603e+10
-2.93533e+10
-2.9421e+10
-2.94761e+10
-2.95252e+10
-2.95679e+10
-2.95969e+10
-2.96003e+10
-2.95629e+10
-2.94709e+10
-2.93165e+10
-2.91044e+10
-2.8857e+10
-2.86174e+10
-2.84445e+10
-2.83854e+10
-2.84035e+10
-2.82926e+10
-2.78073e+10
-2.73997e+10
-2.91705e+10
-3.5368e+10
-4.07576e+10
-2.48991e+10
-3.41714e+10
-3.41885e+10
-3.42031e+10
-3.42093e+10
-3.42145e+10
-3.42268e+10
-3.42498e+10
-3.42869e+10
-3.43417e+10
-3.44193e+10
-3.45316e+10
-3.46988e+10
-3.49345e+10
-3.52276e+10
-3.54994e+10
-3.56939e+10
-3.58768e+10
-3.60772e+10
-3.62341e+10
-3.62874e+10
-3.63565e+10
-3.6954e+10
-3.8124e+10
-3.8893e+10
-3.65015e+10
-2.45215e+10
-2.6595e+10
-2.78693e+10
-2.85732e+10
-2.89533e+10
-2.91808e+10
-2.9323e+10
-2.94214e+10
-2.94972e+10
-2.95603e+10
-2.96113e+10
-2.96436e+10
-2.96449e+10
-2.96001e+10
-2.94952e+10
-2.93234e+10
-2.90905e+10
-2.88209e+10
-2.85602e+10
-2.83709e+10
-2.8307e+10
-2.83477e+10
-2.83139e+10
-2.79753e+10
-2.77233e+10
-2.95832e+10
-3.60593e+10
-4.23273e+10
-2.60499e+10
-3.41673e+10
-3.4192e+10
-3.42002e+10
-3.42007e+10
-3.42009e+10
-3.42108e+10
-3.42327e+10
-3.42701e+10
-3.43258e+10
-3.44052e+10
-3.45198e+10
-3.46869e+10
-3.49163e+10
-3.51919e+10
-3.5463e+10
-3.5682e+10
-3.58611e+10
-3.60276e+10
-3.61585e+10
-3.6213e+10
-3.63526e+10
-3.71708e+10
-3.82829e+10
-3.90595e+10
-3.68697e+10
-2.45644e+10
-2.65533e+10
-2.78279e+10
-2.85404e+10
-2.89249e+10
-2.91522e+10
-2.92911e+10
-2.93845e+10
-2.94548e+10
-2.95126e+10
-2.95591e+10
-2.95879e+10
-2.95867e+10
-2.95407e+10
-2.94359e+10
-2.9265e+10
-2.90335e+10
-2.8765e+10
-2.85037e+10
-2.83099e+10
-2.82332e+10
-2.82436e+10
-2.81414e+10
-2.76825e+10
-2.74091e+10
-2.9894e+10
-3.75999e+10
-4.20549e+10
-2.13547e+10
-3.41551e+10
-3.42107e+10
-3.42077e+10
-3.42145e+10
-3.42227e+10
-3.42392e+10
-3.42656e+10
-3.43056e+10
-3.43615e+10
-3.44374e+10
-3.4545e+10
-3.47072e+10
-3.49385e+10
-3.52161e+10
-3.54833e+10
-3.56948e+10
-3.58815e+10
-3.60828e+10
-3.62464e+10
-3.6332e+10
-3.63756e+10
-3.67558e+10
-3.84505e+10
-3.89757e+10
-2.0755e+10
-2.63346e+10
-2.76771e+10
-2.84346e+10
-2.88452e+10
-2.90874e+10
-2.92358e+10
-2.93365e+10
-2.94132e+10
-2.94771e+10
-2.95294e+10
-2.95635e+10
-2.9567e+10
-2.95249e+10
-2.94236e+10
-2.9257e+10
-2.90319e+10
-2.87733e+10
-2.8527e+10
-2.83565e+10
-2.83178e+10
-2.83922e+10
-2.83955e+10
-2.80559e+10
-2.76576e+10
-2.91011e+10
-3.51269e+10
-4.25067e+10
-2.96971e+10
-3.41582e+10
-3.42035e+10
-3.41961e+10
-3.41984e+10
-3.42038e+10
-3.42189e+10
-3.42449e+10
-3.42849e+10
-3.43417e+10
-3.44206e+10
-3.45332e+10
-3.4697e+10
-3.49217e+10
-3.51913e+10
-3.54608e+10
-3.56886e+10
-3.5876e+10
-3.60466e+10
-3.61786e+10
-3.62357e+10
-3.63389e+10
-3.70705e+10
-3.8562e+10
-3.89309e+10
-2.11575e+10
-2.63406e+10
-2.76512e+10
-2.84013e+10
-2.88129e+10
-2.90548e+10
-2.9201e+10
-2.92985e+10
-2.93716e+10
-2.94326e+10
-2.94835e+10
-2.95184e+10
-2.95254e+10
-2.94898e+10
-2.93981e+10
-2.92437e+10
-2.90329e+10
-2.87896e+10
-2.85582e+10
-2.83996e+10
-2.83659e+10
-2.84325e+10
-2.84073e+10
-2.80362e+10
-2.77799e+10
-2.99846e+10
-3.71038e+10
-4.21709e+10
-2.24682e+10
-3.41853e+10
-3.41974e+10
-3.42005e+10
-3.42061e+10
-3.42163e+10
-3.42336e+10
-3.426e+10
-3.42977e+10
-3.4349e+10
-3.4418e+10
-3.45145e+10
-3.46548e+10
-3.48502e+10
-3.50874e+10
-3.53259e+10
-3.55338e+10
-3.5725e+10
-3.5929e+10
-3.61023e+10
-3.61652e+10
-3.62143e+10
-3.65401e+10
-3.73514e+10
-3.74492e+10
-3.16244e+10
-2.79137e+10
-2.78886e+10
-2.83233e+10
-2.8714e+10
-2.89728e+10
-2.9134e+10
-2.92345e+10
-2.93028e+10
-2.93558e+10
-2.94017e+10
-2.944e+10
-2.94637e+10
-2.946e+10
-2.94141e+10
-2.9313e+10
-2.91514e+10
-2.89368e+10
-2.86941e+10
-2.84688e+10
-2.83243e+10
-2.83172e+10
-2.84316e+10
-2.84904e+10
-2.82367e+10
-2.80095e+10
-2.98704e+10
-3.63056e+10
-4.13791e+10
-2.25309e+10
-3.41806e+10
-3.41811e+10
-3.41836e+10
-3.41865e+10
-3.41951e+10
-3.42116e+10
-3.42382e+10
-3.42767e+10
-3.4329e+10
-3.43996e+10
-3.44979e+10
-3.46378e+10
-3.48285e+10
-3.50609e+10
-3.53052e+10
-3.55328e+10
-3.57385e+10
-3.59218e+10
-3.60463e+10
-3.60802e+10
-3.61712e+10
-3.67021e+10
-3.73936e+10
-3.73081e+10
-3.17771e+10
-2.78256e+10
-2.78061e+10
-2.82611e+10
-2.86719e+10
-2.89436e+10
-2.91104e+10
-2.92116e+10
-2.92779e+10
-2.93278e+10
-2.93704e+10
-2.9406e+10
-2.94279e+10
-2.94235e+10
-2.93778e+10
-2.92775e+10
-2.91161e+10
-2.88991e+10
-2.86488e+10
-2.8407e+10
-2.82324e+10
-2.81759e+10
-2.82155e+10
-2.8168e+10
-2.77715e+10
-2.73564e+10
-2.89881e+10
-3.53468e+10
-4.12297e+10
-2.28723e+10
-3.4192e+10
-3.41679e+10
-3.41738e+10
-3.41763e+10
-3.41843e+10
-3.41974e+10
-3.42173e+10
-3.4244e+10
-3.42785e+10
-3.4323e+10
-3.43829e+10
-3.44653e+10
-3.45744e+10
-3.47046e+10
-3.48396e+10
-3.49628e+10
-3.50655e+10
-3.51407e+10
-3.5166e+10
-3.51391e+10
-3.51563e+10
-3.53013e+10
-3.51349e+10
-3.35237e+10
-3.12625e+10
-2.98971e+10
-2.93667e+10
-2.91923e+10
-2.91954e+10
-2.92338e+10
-2.92707e+10
-2.92973e+10
-2.9318e+10
-2.93378e+10
-2.93585e+10
-2.93765e+10
-2.93826e+10
-2.93628e+10
-2.93014e+10
-2.91849e+10
-2.90077e+10
-2.87761e+10
-2.85133e+10
-2.82628e+10
-2.80855e+10
-2.80362e+10
-2.81008e+10
-2.81123e+10
-2.7827e+10
-2.75555e+10
-2.92419e+10
-3.53537e+10
-4.07401e+10
-2.1814e+10
-3.4191e+10
-3.41674e+10
-3.41715e+10
-3.41733e+10
-3.41807e+10
-3.41936e+10
-3.4214e+10
-3.42419e+10
-3.4278e+10
-3.43243e+10
-3.43856e+10
-3.44685e+10
-3.45769e+10
-3.47062e+10
-3.48424e+10
-3.49702e+10
-3.50793e+10
-3.51566e+10
-3.5177e+10
-3.51462e+10
-3.51749e+10
-3.53498e+10
-3.51431e+10
-3.3487e+10
-3.1139e+10
-2.97591e+10
-2.92572e+10
-2.912e+10
-2.91519e+10
-2.92099e+10
-2.92588e+10
-2.92922e+10
-2.93166e+10
-2.9338e+10
-2.93587e+10
-2.93756e+10
-2.93794e+10
-2.93558e+10
-2.92887e+10
-2.91638e+10
-2.89736e+10
-2.87223e+10
-2.84296e+10
-2.81339e+10
-2.78894e+10
-2.77427e+10
-2.76706e+10
-2.74948e+10
-2.69439e+10
-2.62306e+10
-2.71781e+10
-3.29543e+10
-4.09039e+10
-2.89263e+10
-3.4194e+10
-3.41745e+10
-3.41779e+10
-3.4181e+10
-3.41903e+10
-3.4205e+10
-3.42262e+10
-3.42537e+10
-3.42876e+10
-3.43291e+10
-3.438e+10
-3.44421e+10
-3.45149e+10
-3.45937e+10
-3.46703e+10
-3.47351e+10
-3.47778e+10
-3.47831e+10
-3.47346e+10
-3.46422e+10
-3.45494e+10
-3.44056e+10
-3.3898e+10
-3.27572e+10
-3.1446e+10
-3.05394e+10
-2.99969e+10
-2.96838e+10
-2.95234e+10
-2.94398e+10
-2.9394e+10
-2.93664e+10
-2.93512e+10
-2.93464e+10
-2.93499e+10
-2.93557e+10
-2.9353e+10
-2.93269e+10
-2.92611e+10
-2.91422e+10
-2.8964e+10
-2.87329e+10
-2.84713e+10
-2.82206e+10
-2.80386e+10
-2.79779e+10
-2.80252e+10
-2.80201e+10
-2.77258e+10
-2.74271e+10
-2.89512e+10
-3.4701e+10
-4.01341e+10
-2.21617e+10
-3.41971e+10
-3.41794e+10
-3.4183e+10
-3.4187e+10
-3.41973e+10
-3.42134e+10
-3.42364e+10
-3.42664e+10
-3.43033e+10
-3.43481e+10
-3.44026e+10
-3.44683e+10
-3.45449e+10
-3.4628e+10
-3.4709e+10
-3.47779e+10
-3.48233e+10
-3.48289e+10
-3.47802e+10
-3.46913e+10
-3.46059e+10
-3.44615e+10
-3.39346e+10
-3.27553e+10
-3.14081e+10
-3.04897e+10
-2.99566e+10
-2.96584e+10
-2.95104e+10
-2.94368e+10
-2.93991e+10
-2.93788e+10
-2.937e+10
-2.93709e+10
-2.9379e+10
-2.93879e+10
-2.93861e+10
-2.93582e+10
-2.92875e+10
-2.91596e+10
-2.89674e+10
-2.87158e+10
-2.84254e+10
-2.81345e+10
-2.7896e+10
-2.77552e+10
-2.76889e+10
-2.75194e+10
-2.69612e+10
-2.61455e+10
-2.67606e+10
-3.21681e+10
-4.03805e+10
-2.95387e+10
-3.4177e+10
-3.41657e+10
-3.41629e+10
-3.41627e+10
-3.41677e+10
-3.41777e+10
-3.41932e+10
-3.42142e+10
-3.42406e+10
-3.42732e+10
-3.43127e+10
-3.43589e+10
-3.44097e+10
-3.44612e+10
-3.45077e+10
-3.45415e+10
-3.45523e+10
-3.45279e+10
-3.44591e+10
-3.43499e+10
-3.41976e+10
-3.39241e+10
-3.33685e+10
-3.25093e+10
-3.1599e+10
-3.08767e+10
-3.03659e+10
-3.00246e+10
-2.98042e+10
-2.96611e+10
-2.95667e+10
-2.9504e+10
-2.94653e+10
-2.94463e+10
-2.94425e+10
-2.94465e+10
-2.94466e+10
-2.94273e+10
-2.93721e+10
-2.92683e+10
-2.91111e+10
-2.89086e+10
-2.8685e+10
-2.84824e+10
-2.83593e+10
-2.83691e+10
-2.84999e+10
-2.85902e+10
-2.84005e+10
-2.82202e+10
-2.98799e+10
-3.57196e+10
-4.09867e+10
-2.26819e+10
-3.41826e+10
-3.41688e+10
-3.41679e+10
-3.41685e+10
-3.41744e+10
-3.41851e+10
-3.42015e+10
-3.42234e+10
-3.42509e+10
-3.42844e+10
-3.43247e+10
-3.43716e+10
-3.44234e+10
-3.44761e+10
-3.45235e+10
-3.45576e+10
-3.45682e+10
-3.4543e+10
-3.44737e+10
-3.43657e+10
-3.42155e+10
-3.39398e+10
-3.33705e+10
-3.24935e+10
-3.15663e+10
-3.08383e+10
-3.03307e+10
-2.99967e+10
-2.97842e+10
-2.96491e+10
-2.95624e+10
-2.95073e+10
-2.94756e+10
-2.94627e+10
-2.94636e+10
-2.94701e+10
-2.947e+10
-2.94474e+10
-2.93857e+10
-2.92715e+10
-2.91001e+10
-2.88796e+10
-2.86343e+10
-2.84062e+10
-2.82517e+10
-2.82204e+10
-2.82935e+10
-2.82947e+10
-2.79417e+10
-2.74451e+10
-2.86866e+10
-3.46375e+10
-4.10938e+10
-2.33654e+10
-3.4179e+10
-3.41681e+10
-3.41662e+10
-3.41656e+10
-3.41695e+10
-3.41771e+10
-3.41887e+10
-3.4204e+10
-3.42227e+10
-3.42448e+10
-3.42706e+10
-3.4299e+10
-3.43277e+10
-3.43531e+10
-3.43706e+10
-3.43739e+10
-3.43543e+10
-3.43024e+10
-3.42134e+10
-3.40851e+10
-3.3899e+10
-3.35926e+10
-3.30971e+10
-3.24398e+10
-3.17547e+10
-3.11595e+10
-3.06899e+10
-3.03403e+10
-3.0087e+10
-2.99046e+10
-2.97737e+10
-2.96818e+10
-2.96216e+10
-2.95879e+10
-2.95747e+10
-2.95731e+10
-2.95695e+10
-2.9547e+10
-2.94885e+10
-2.93807e+10
-2.92194e+10
-2.90135e+10
-2.87881e+10
-2.85868e+10
-2.84685e+10
-2.84865e+10
-2.86236e+10
-2.87038e+10
-2.84719e+10
-2.82397e+10
-2.9937e+10
-3.6256e+10
-4.30018e+10
-2.69456e+10
-3.41839e+10
-3.41667e+10
-3.41676e+10
-3.41676e+10
-3.41722e+10
-3.41801e+10
-3.41919e+10
-3.42071e+10
-3.42256e+10
-3.42471e+10
-3.42718e+10
-3.42991e+10
-3.43267e+10
-3.43513e+10
-3.4368e+10
-3.43699e+10
-3.43486e+10
-3.42952e+10
-3.42051e+10
-3.40771e+10
-3.38921e+10
-3.35849e+10
-3.30874e+10
-3.24257e+10
-3.17404e+10
-3.11473e+10
-3.06813e+10
-3.0335e+10
-3.00837e+10
-2.99024e+10
-2.97718e+10
-2.96795e+10
-2.96181e+10
-2.95824e+10
-2.9566e+10
-2.95592e+10
-2.95483e+10
-2.95162e+10
-2.94455e+10
-2.9323e+10
-2.91448e+10
-2.89206e+10
-2.86763e+10
-2.84562e+10
-2.83194e+10
-2.83181e+10
-2.8433e+10
-2.84795e+10
-2.8191e+10
-2.79675e+10
-3.0167e+10
-3.7461e+10
-4.30462e+10
-2.27275e+10
-3.4168e+10
-3.41446e+10
-3.41449e+10
-3.41417e+10
-3.41426e+10
-3.41457e+10
-3.41515e+10
-3.41591e+10
-3.41681e+10
-3.4178e+10
-3.41884e+10
-3.41982e+10
-3.42051e+10
-3.42059e+10
-3.41971e+10
-3.41738e+10
-3.41288e+10
-3.40551e+10
-3.39477e+10
-3.38008e+10
-3.35962e+10
-3.32997e+10
-3.28857e+10
-3.23798e+10
-3.18523e+10
-3.13646e+10
-3.0948e+10
-3.06094e+10
-3.03414e+10
-3.01327e+10
-2.99729e+10
-2.98544e+10
-2.97719e+10
-2.97204e+10
-2.96931e+10
-2.96795e+10
-2.96647e+10
-2.96302e+10
-2.95571e+10
-2.94308e+10
-2.9246e+10
-2.90106e+10
-2.87486e+10
-2.85027e+10
-2.83314e+10
-2.8284e+10
-2.83343e+10
-2.82918e+10
-2.78901e+10
-2.74397e+10
-2.89267e+10
-3.55135e+10
-4.49624e+10
-3.43269e+10
-3.41636e+10
-3.41356e+10
-3.41366e+10
-3.4133e+10
-3.41336e+10
-3.41361e+10
-3.41411e+10
-3.41478e+10
-3.41556e+10
-3.41641e+10
-3.41727e+10
-3.41806e+10
-3.41861e+10
-3.41861e+10
-3.41765e+10
-3.41515e+10
-3.41044e+10
-3.40287e+10
-3.39203e+10
-3.37742e+10
-3.35725e+10
-3.32814e+10
-3.28736e+10
-3.23767e+10
-3.18569e+10
-3.13747e+10
-3.09603e+10
-3.06206e+10
-3.03489e+10
-3.01347e+10
-2.99686e+10
-2.98432e+10
-2.97537e+10
-2.96952e+10
-2.96609e+10
-2.96403e+10
-2.96183e+10
-2.95767e+10
-2.94964e+10
-2.93629e+10
-2.91712e+10
-2.89299e+10
-2.86633e+10
-2.84147e+10
-2.82431e+10
-2.81999e+10
-2.82609e+10
-2.82343e+10
-2.78763e+10
-2.77133e+10
-3.02987e+10
-3.83661e+10
-4.45431e+10
-2.48568e+10
-3.41487e+10
-3.4122e+10
-3.41203e+10
-3.41139e+10
-3.41106e+10
-3.4108e+10
-3.41066e+10
-3.41053e+10
-3.41034e+10
-3.40999e+10
-3.40941e+10
-3.40849e+10
-3.40703e+10
-3.4048e+10
-3.4015e+10
-3.39675e+10
-3.39e+10
-3.38068e+10
-3.36833e+10
-3.35228e+10
-3.33134e+10
-3.30384e+10
-3.26921e+10
-3.22914e+10
-3.18709e+10
-3.14657e+10
-3.10986e+10
-3.07795e+10
-3.05097e+10
-3.02869e+10
-3.01082e+10
-2.99708e+10
-2.98719e+10
-2.98079e+10
-2.97723e+10
-2.9754e+10
-2.97376e+10
-2.97037e+10
-2.96331e+10
-2.95104e+10
-2.933e+10
-2.91003e+10
-2.8847e+10
-2.86147e+10
-2.84641e+10
-2.84468e+10
-2.85369e+10
-2.85469e+10
-2.82427e+10
-2.80359e+10
-2.99872e+10
-3.66401e+10
-4.2888e+10
-2.55042e+10
-3.41473e+10
-3.41207e+10
-3.4118e+10
-3.41112e+10
-3.41074e+10
-3.41044e+10
-3.41025e+10
-3.41008e+10
-3.40985e+10
-3.40946e+10
-3.40883e+10
-3.40785e+10
-3.40637e+10
-3.40414e+10
-3.40079e+10
-3.39589e+10
-3.38897e+10
-3.37953e+10
-3.36712e+10
-3.3511e+10
-3.33028e+10
-3.30295e+10
-3.26865e+10
-3.22889e+10
-3.18718e+10
-3.14683e+10
-3.11009e+10
-3.07803e+10
-3.0508e+10
-3.02818e+10
-3.00993e+10
-2.99576e+10
-2.98542e+10
-2.97854e+10
-2.97448e+10
-2.97216e+10
-2.97006e+10
-2.96626e+10
-2.95882e+10
-2.94617e+10
-2.92772e+10
-2.90422e+10
-2.87808e+10
-2.85357e+10
-2.8366e+10
-2.83208e+10
-2.8369e+10
-2.83131e+10
-2.79246e+10
-2.77317e+10
-3.00913e+10
-3.72801e+10
-4.23784e+10
-2.24138e+10
-3.41288e+10
-3.41128e+10
-3.41064e+10
-3.40989e+10
-3.4093e+10
-3.40873e+10
-3.40816e+10
-3.40749e+10
-3.40662e+10
-3.40543e+10
-3.40381e+10
-3.40162e+10
-3.39869e+10
-3.39481e+10
-3.38973e+10
-3.38314e+10
-3.37468e+10
-3.36403e+10
-3.35072e+10
-3.3341e+10
-3.31329e+10
-3.28759e+10
-3.25699e+10
-3.22261e+10
-3.18653e+10
-3.15084e+10
-3.11725e+10
-3.08679e+10
-3.05995e+10
-3.03693e+10
-3.01785e+10
-3.00274e+10
-2.99153e+10
-2.98393e+10
-2.97932e+10
-2.97654e+10
-2.97399e+10
-2.96973e+10
-2.96177e+10
-2.94851e+10
-2.92944e+10
-2.90557e+10
-2.8798e+10
-2.85696e+10
-2.84363e+10
-2.84569e+10
-2.8609e+10
-2.87066e+10
-2.85316e+10
-2.85407e+10
-3.07954e+10
-3.72274e+10
-4.1672e+10
-2.18797e+10
-3.41287e+10
-3.411e+10
-3.41037e+10
-3.40956e+10
-3.40894e+10
-3.40833e+10
-3.40774e+10
-3.40707e+10
-3.40623e+10
-3.40511e+10
-3.40359e+10
-3.40153e+10
-3.39879e+10
-3.39515e+10
-3.39031e+10
-3.38395e+10
-3.37573e+10
-3.36526e+10
-3.35205e+10
-3.33545e+10
-3.31457e+10
-3.28874e+10
-3.25788e+10
-3.2233e+10
-3.18702e+10
-3.15113e+10
-3.11732e+10
-3.08664e+10
-3.0596e+10
-3.03635e+10
-3.01697e+10
-3.00151e+10
-2.98989e+10
-2.98183e+10
-2.97671e+10
-2.97345e+10
-2.97047e+10
-2.96584e+10
-2.95754e+10
-2.94392e+10
-2.92423e+10
-2.89923e+10
-2.87145e+10
-2.84538e+10
-2.82706e+10
-2.82134e+10
-2.82458e+10
-2.81632e+10
-2.77297e+10
-2.7411e+10
-2.92734e+10
-3.54353e+10
-4.13689e+10
-2.75659e+10
-3.41146e+10
-3.409e+10
-3.40856e+10
-3.40755e+10
-3.40666e+10
-3.40567e+10
-3.40459e+10
-3.40333e+10
-3.40179e+10
-3.39986e+10
-3.39743e+10
-3.39438e+10
-3.39055e+10
-3.38578e+10
-3.37988e+10
-3.37255e+10
-3.36343e+10
-3.35216e+10
-3.33828e+10
-3.32126e+10
-3.30054e+10
-3.27579e+10
-3.24724e+10
-3.21581e+10
-3.18288e+10
-3.14999e+10
-3.11845e+10
-3.08921e+10
-3.06285e+10
-3.03975e+10
-3.0202e+10
-3.00442e+10
-2.99242e+10
-2.98392e+10
-2.97822e+10
-2.97411e+10
-2.96991e+10
-2.96367e+10
-2.95343e+10
-2.93757e+10
-2.91548e+10
-2.88814e+10
-2.85849e+10
-2.83139e+10
-2.81347e+10
-2.81064e+10
-2.82029e+10
-2.823e+10
-2.79508e+10
-2.77825e+10
-2.98442e+10
-3.6674e+10
-4.31529e+10
-2.64621e+10
-3.41136e+10
-3.40855e+10
-3.40815e+10
-3.40706e+10
-3.40611e+10
-3.40505e+10
-3.40392e+10
-3.40263e+10
-3.40108e+10
-3.39919e+10
-3.39685e+10
-3.39392e+10
-3.39027e+10
-3.38573e+10
-3.38002e+10
-3.37284e+10
-3.36385e+10
-3.35272e+10
-3.33905e+10
-3.32229e+10
-3.30186e+10
-3.27739e+10
-3.24914e+10
-3.21793e+10
-3.18518e+10
-3.15235e+10
-3.12067e+10
-3.0911e+10
-3.06428e+10
-3.0406e+10
-3.02038e+10
-3.00385e+10
-2.99107e+10
-2.98185e+10
-2.97555e+10
-2.97106e+10
-2.96678e+10
-2.96076e+10
-2.95101e+10
-2.93583e+10
-2.91444e+10
-2.88757e+10
-2.85796e+10
-2.83042e+10
-2.81139e+10
-2.8061e+10
-2.8113e+10
-2.80696e+10
-2.77032e+10
-2.75841e+10
-3.03012e+10
-3.82412e+10
-4.2738e+10
-2.17438e+10
-3.40937e+10
-3.40697e+10
-3.40616e+10
-3.40483e+10
-3.40349e+10
-3.40195e+10
-3.40021e+10
-3.39816e+10
-3.39571e+10
-3.39277e+10
-3.38922e+10
-3.38495e+10
-3.37986e+10
-3.3738e+10
-3.36667e+10
-3.35827e+10
-3.34837e+10
-3.3367e+10
-3.32293e+10
-3.30664e+10
-3.28739e+10
-3.26501e+10
-3.23968e+10
-3.21193e+10
-3.18269e+10
-3.15301e+10
-3.1239e+10
-3.09621e+10
-3.07064e+10
-3.04774e+10
-3.02802e+10
-3.01188e+10
-2.99953e+10
-2.99076e+10
-2.9849e+10
-2.98077e+10
-2.97673e+10
-2.97098e+10
-2.96172e+10
-2.94744e+10
-2.92748e+10
-2.90261e+10
-2.87554e+10
-2.85107e+10
-2.83553e+10
-2.8344e+10
-2.84574e+10
-2.84974e+10
-2.82048e+10
-2.79038e+10
-2.95076e+10
-3.55904e+10
-4.2524e+10
-2.83034e+10
-3.40915e+10
-3.40651e+10
-3.40578e+10
-3.40443e+10
-3.40309e+10
-3.40154e+10
-3.39979e+10
-3.39775e+10
-3.39532e+10
-3.39241e+10
-3.38892e+10
-3.38474e+10
-3.37975e+10
-3.37381e+10
-3.36679e+10
-3.35852e+10
-3.34877e+10
-3.33726e+10
-3.32364e+10
-3.30746e+10
-3.28831e+10
-3.26606e+10
-3.2408e+10
-3.21313e+10
-3.18391e+10
-3.15417e+10
-3.12487e+10
-3.09686e+10
-3.07088e+10
-3.04755e+10
-3.02736e+10
-3.01075e+10
-2.9979e+10
-2.98869e+10
-2.98249e+10
-2.97819e+10
-2.97421e+10
-2.96871e+10
-2.95984e+10
-2.94603e+10
-2.92651e+10
-2.90185e+10
-2.8745e+10
-2.84927e+10
-2.83276e+10
-2.83071e+10
-2.8405e+10
-2.84264e+10
-2.81336e+10
-2.79928e+10
-3.02843e+10
-3.74164e+10
-4.25767e+10
-2.21943e+10
-3.40929e+10
-3.40677e+10
-3.40598e+10
-3.4045e+10
-3.40295e+10
-3.40113e+10
-3.39905e+10
-3.3966e+10
-3.3937e+10
-3.39024e+10
-3.38614e+10
-3.3813e+10
-3.37562e+10
-3.369e+10
-3.36133e+10
-3.35249e+10
-3.34227e+10
-3.33041e+10
-3.31661e+10
-3.30051e+10
-3.28184e+10
-3.26052e+10
-3.23672e+10
-3.21089e+10
-3.18366e+10
-3.15581e+10
-3.12813e+10
-3.10138e+10
-3.07622e+10
-3.05323e+10
-3.03294e+10
-3.01584e+10
-3.00218e+10
-2.99184e+10
-2.98416e+10
-2.97804e+10
-2.97203e+10
-2.96454e+10
-2.95404e+10
-2.93926e+10
-2.9195e+10
-2.89512e+10
-2.86819e+10
-2.84316e+10
-2.82704e+10
-2.82663e+10
-2.83973e+10
-2.84581e+10
-2.82085e+10
-2.8038e+10
-3.00129e+10
-3.63916e+10
-4.08352e+10
-2.118e+10
-3.40936e+10
-3.40681e+10
-3.40607e+10
-3.40461e+10
-3.4031e+10
-3.4013e+10
-3.39925e+10
-3.39684e+10
-3.39397e+10
-3.39055e+10
-3.38648e+10
-3.38168e+10
-3.37602e+10
-3.36939e+10
-3.36166e+10
-3.35268e+10
-3.34229e+10
-3.33026e+10
-3.3163e+10
-3.30005e+10
-3.28124e+10
-3.25978e+10
-3.23585e+10
-3.20986e+10
-3.18245e+10
-3.15441e+10
-3.12654e+10
-3.09957e+10
-3.07418e+10
-3.05103e+10
-3.03068e+10
-3.01361e+10
-3.00005e+10
-2.98984e+10
-2.98239e+10
-2.9766e+10
-2.97095e+10
-2.96372e+10
-2.95324e+10
-2.93827e+10
-2.91817e+10
-2.89309e+10
-2.86467e+10
-2.83719e+10
-2.81758e+10
-2.81177e+10
-2.81704e+10
-2.81329e+10
-2.77581e+10
-2.73884e+10
-2.90377e+10
-3.52794e+10
-4.11553e+10
-2.31243e+10
-3.40798e+10
-3.40568e+10
-3.40459e+10
-3.40296e+10
-3.40121e+10
-3.39916e+10
-3.39679e+10
-3.39401e+10
-3.39075e+10
-3.38691e+10
-3.38239e+10
-3.37712e+10
-3.37101e+10
-3.364e+10
-3.35601e+10
-3.34692e+10
-3.33659e+10
-3.32479e+10
-3.31125e+10
-3.29565e+10
-3.27773e+10
-3.25744e+10
-3.2349e+10
-3.21042e+10
-3.18447e+10
-3.15763e+10
-3.13054e+10
-3.10389e+10
-3.07833e+10
-3.0545e+10
-3.033e+10
-3.01442e+10
-2.99913e+10
-2.98708e+10
-2.97779e+10
-2.9703e+10
-2.96331e+10
-2.95529e+10
-2.94466e+10
-2.93016e+10
-2.91101e+10
-2.88726e+10
-2.86015e+10
-2.8331e+10
-2.81428e+10
-2.81316e+10
-2.82404e+10
-2.824e+10
-2.78962e+10
-2.75164e+10
-2.90407e+10
-3.50615e+10
-4.11741e+10
-2.50327e+10
-3.40787e+10
-3.40562e+10
-3.40455e+10
-3.40293e+10
-3.40121e+10
-3.39918e+10
-3.39683e+10
-3.39408e+10
-3.39084e+10
-3.38701e+10
-3.38251e+10
-3.37725e+10
-3.37115e+10
-3.36413e+10
-3.35609e+10
-3.34694e+10
-3.33653e+10
-3.32466e+10
-3.31104e+10
-3.29538e+10
-3.27744e+10
-3.25716e+10
-3.23465e+10
-3.21026e+10
-3.18443e+10
-3.15777e+10
-3.13093e+10
-3.10459e+10
-3.07939e+10
-3.05599e+10
-3.03506e+10
-3.01715e+10
-3.00258e+10
-2.99127e+10
-2.98269e+10
-2.97589e+10
-2.96946e+10
-2.96173e+10
-2.95111e+10
-2.93646e+10
-2.91727e+10
-2.8936e+10
-2.86643e+10
-2.8396e+10
-2.82069e+10
-2.81586e+10
-2.82169e+10
-2.81643e+10
-2.77299e+10
-2.7166e+10
-2.82755e+10
-3.37242e+10
-4.04575e+10
-2.57051e+10
-3.40901e+10
-3.40611e+10
-3.40511e+10
-3.40342e+10
-3.40165e+10
-3.3995e+10
-3.397e+10
-3.39405e+10
-3.39056e+10
-3.38645e+10
-3.38165e+10
-3.37607e+10
-3.36965e+10
-3.36235e+10
-3.35412e+10
-3.34488e+10
-3.33453e+10
-3.32288e+10
-3.30969e+10
-3.29466e+10
-3.27757e+10
-3.2584e+10
-3.23726e+10
-3.21439e+10
-3.19014e+10
-3.16499e+10
-3.13948e+10
-3.11426e+10
-3.09001e+10
-3.06742e+10
-3.04714e+10
-3.02984e+10
-3.01604e+10
-3.00581e+10
-2.99878e+10
-2.99411e+10
-2.99044e+10
-2.98597e+10
-2.97879e+10
-2.96744e+10
-2.95142e+10
-2.93136e+10
-2.90864e+10
-2.88563e+10
-2.86935e+10
-2.8712e+10
-2.88574e+10
-2.88486e+10
-2.84753e+10
-2.80512e+10
-2.95596e+10
-3.54422e+10
-4.0077e+10
-2.06443e+10
-3.40889e+10
-3.40603e+10
-3.40506e+10
-3.40335e+10
-3.40156e+10
-3.39939e+10
-3.39687e+10
-3.3939e+10
-3.39041e+10
-3.3863e+10
-3.38149e+10
-3.37591e+10
-3.36949e+10
-3.36219e+10
-3.35394e+10
-3.34465e+10
-3.33422e+10
-3.32245e+10
-3.3091e+10
-3.29388e+10
-3.27661e+10
-3.25724e+10
-3.2359e+10
-3.21284e+10
-3.18843e+10
-3.16315e+10
-3.13755e+10
-3.11229e+10
-3.08803e+10
-3.06548e+10
-3.04534e+10
-3.02826e+10
-3.01474e+10
-3.00481e+10
-2.99803e+10
-2.99352e+10
-2.9899e+10
-2.98537e+10
-2.97806e+10
-2.96659e+10
-2.95061e+10
-2.93078e+10
-2.90877e+10
-2.88812e+10
-2.87523e+10
-2.87629e+10
-2.8883e+10
-2.88916e+10
-2.85141e+10
-2.80573e+10
-2.9563e+10
-3.54658e+10
-3.94831e+10
-2.02106e+10
-3.4071e+10
-3.40279e+10
-3.40191e+10
-3.40001e+10
-3.39806e+10
-3.39568e+10
-3.39293e+10
-3.38971e+10
-3.38597e+10
-3.38162e+10
-3.37659e+10
-3.37083e+10
-3.36428e+10
-3.35691e+10
-3.34866e+10
-3.33951e+10
-3.32933e+10
-3.31794e+10
-3.30505e+10
-3.29037e+10
-3.27368e+10
-3.25495e+10
-3.23431e+10
-3.21196e+10
-3.1882e+10
-3.16342e+10
-3.1381e+10
-3.11289e+10
-3.08846e+10
-3.06549e+10
-3.04462e+10
-3.02653e+10
-3.01175e+10
-3.00041e+10
-2.99218e+10
-2.98612e+10
-2.98068e+10
-2.97374e+10
-2.96299e+10
-2.9469e+10
-2.92541e+10
-2.90022e+10
-2.87451e+10
-2.85168e+10
-2.83554e+10
-2.83161e+10
-2.84149e+10
-2.8438e+10
-2.81193e+10
-2.78301e+10
-2.97473e+10
-3.62895e+10
-4.2691e+10
-2.80197e+10
-3.40714e+10
-3.40295e+10
-3.40203e+10
-3.40014e+10
-3.3982e+10
-3.39585e+10
-3.39311e+10
-3.38991e+10
-3.38618e+10
-3.38185e+10
-3.37684e+10
-3.3711e+10
-3.36455e+10
-3.35715e+10
-3.34885e+10
-3.33957e+10
-3.32922e+10
-3.31762e+10
-3.30453e+10
-3.28968e+10
-3.2729e+10
-3.25415e+10
-3.2335e+10
-3.21118e+10
-3.18745e+10
-3.16272e+10
-3.13747e+10
-3.11235e+10
-3.08808e+10
-3.06539e+10
-3.04499e+10
-3.02754e+10
-3.0136e+10
-3.00329e+10
-2.99622e+10
-2.99144e+10
-2.98743e+10
-2.98218e+10
-2.97347e+10
-2.95968e+10
-2.94054e+10
-2.91745e+10
-2.89309e+10
-2.87085e+10
-2.85562e+10
-2.85307e+10
-2.8602e+10
-2.85575e+10
-2.81111e+10
-2.7564e+10
-2.8954e+10
-3.50082e+10
-4.24675e+10
-2.92864e+10
-3.81233e+10
-3.91643e+10
-3.81098e+10
-3.89275e+10
-3.89258e+10
-2.68324e+10
-3.6831e+10
-2.72091e+10
-1.66972e+10
-1.66308e+10
-3.85154e+10
-3.98721e+10
-3.68659e+10
-3.89027e+10
-3.89542e+10
-2.6963e+10
-3.63403e+10
-2.65812e+10
-1.64049e+10
-1.60294e+10
-3.89235e+10
-3.90323e+10
-3.77683e+10
-3.90242e+10
-3.78629e+10
-1.68549e+10
-1.70501e+10
-3.54324e+10
-2.60294e+10
-3.59195e+10
-2.65755e+10
-3.89964e+10
-3.89811e+10
-3.80884e+10
-3.91312e+10
-3.80647e+10
-1.70185e+10
-1.69411e+10
-3.60393e+10
-2.66879e+10
-3.59631e+10
-2.64346e+10
-3.42282e+10
-3.59054e+10
-3.44273e+10
-3.73449e+10
-3.57201e+10
-3.76056e+10
-3.58755e+10
-3.00768e+10
-3.21043e+10
-3.04504e+10
-3.24536e+10
-2.96429e+10
-3.26017e+10
-2.99823e+10
-3.44642e+10
-3.61285e+10
-3.44815e+10
-3.76656e+10
-3.59459e+10
-3.84801e+10
-3.60977e+10
-3.03171e+10
-3.19093e+10
-3.01625e+10
-3.24421e+10
-2.96707e+10
-3.21804e+10
-2.93912e+10
-3.93157e+10
-3.80813e+10
-3.92612e+10
-3.854e+10
-3.9153e+10
-3.85216e+10
-3.91044e+10
-3.18382e+10
-3.28861e+10
-3.68233e+10
-3.30575e+10
-3.11932e+10
-2.54408e+10
-2.47313e+10
-2.57631e+10
-2.07251e+10
-2.34632e+10
-2.08671e+10
-2.37959e+10
-3.93999e+10
-3.81995e+10
-3.92059e+10
-3.86196e+10
-3.91366e+10
-3.85221e+10
-3.90684e+10
-3.16128e+10
-3.29509e+10
-3.70595e+10
-3.30217e+10
-3.16087e+10
-2.56723e+10
-2.43136e+10
-2.54681e+10
-2.07485e+10
-2.37463e+10
-2.05209e+10
-2.34979e+10
-3.91621e+10
-3.84625e+10
-3.91204e+10
-3.7997e+10
-3.93532e+10
-3.80263e+10
-3.93405e+10
-3.90876e+10
-3.8967e+10
-3.92955e+10
-3.92877e+10
-3.90451e+10
-2.76542e+10
-2.6855e+10
-2.33495e+10
-2.09922e+10
-2.36838e+10
-2.399e+10
-2.49594e+10
-2.4302e+10
-2.52619e+10
-3.91521e+10
-3.84831e+10
-3.91234e+10
-3.82351e+10
-3.93767e+10
-3.82036e+10
-3.93275e+10
-3.92218e+10
-3.89891e+10
-3.92493e+10
-3.91642e+10
-3.93077e+10
-3.05268e+10
-2.96602e+10
-2.3807e+10
-2.09926e+10
-2.35439e+10
-2.44534e+10
-2.53066e+10
-2.4261e+10
-2.50497e+10
-3.54197e+10
-3.74487e+10
-3.54479e+10
-3.57534e+10
-3.41111e+10
-3.58192e+10
-3.42303e+10
-2.85919e+10
-3.17956e+10
-2.88728e+10
-3.16005e+10
-2.97553e+10
-3.18076e+10
-3.00244e+10
-3.54324e+10
-3.73522e+10
-3.52947e+10
-3.58016e+10
-3.4149e+10
-3.57574e+10
-3.40286e+10
-2.88251e+10
-3.15717e+10
-2.8522e+10
-3.17063e+10
-2.99258e+10
-3.1471e+10
-2.96222e+10
-3.92849e+10
-3.79427e+10
-3.82282e+10
-3.77782e+10
-3.9024e+10
-3.94856e+10
-3.82085e+10
-3.76376e+10
-3.78037e+10
-3.95897e+10
-3.90162e+10
-3.91459e+10
-3.89274e+10
-3.90863e+10
-3.88901e+10
-3.94901e+10
-3.91119e+10
-3.89632e+10
-3.90601e+10
-3.89528e+10
-3.90721e+10
-3.91742e+10
-3.94976e+10
-4.0311e+10
-3.17221e+10
-3.69096e+10
-3.30384e+10
-3.31122e+10
-3.17125e+10
-2.82128e+10
-2.76877e+10
-2.3305e+10
-1.93607e+10
-1.639e+10
-1.92888e+10
-2.30059e+10
-2.80796e+10
-2.7976e+10
-2.32146e+10
-1.9342e+10
-1.65226e+10
-1.93321e+10
-2.28789e+10
-3.95124e+10
-3.8111e+10
-3.86268e+10
-3.82355e+10
-3.94556e+10
-4.01938e+10
-3.80865e+10
-3.62821e+10
-3.74173e+10
-4.03934e+10
-3.92278e+10
-3.91579e+10
-3.8999e+10
-3.91685e+10
-3.92412e+10
-3.94055e+10
-3.96073e+10
-3.95025e+10
-3.9081e+10
-3.9127e+10
-3.91659e+10
-3.93887e+10
-4.03076e+10
-4.16452e+10
-3.16897e+10
-3.70133e+10
-3.268e+10
-3.29697e+10
-3.08753e+10
-2.74535e+10
-2.78965e+10
-2.22463e+10
-1.90989e+10
-1.60474e+10
-2.26948e+10
-1.88574e+10
-2.74436e+10
-2.66182e+10
-2.21064e+10
-1.86096e+10
-1.56896e+10
-1.85332e+10
-2.15947e+10
-3.91717e+10
-3.91383e+10
-3.91574e+10
-3.89659e+10
-3.92309e+10
-3.92615e+10
-3.9069e+10
-3.93018e+10
-3.9916e+10
-3.91335e+10
-3.82023e+10
-3.79537e+10
-3.83394e+10
-3.90843e+10
-3.92041e+10
-3.80301e+10
-3.80613e+10
-3.9268e+10
-3.83642e+10
-2.33987e+10
-1.66171e+10
-1.95497e+10
-1.95223e+10
-2.28251e+10
-2.79163e+10
-2.90648e+10
-2.36333e+10
-1.68534e+10
-1.99918e+10
-1.97635e+10
-2.43555e+10
-3.07029e+10
-3.16527e+10
-3.57817e+10
-3.18454e+10
-2.99428e+10
-3.08385e+10
-3.58894e+10
-3.21536e+10
-3.17541e+10
-3.19928e+10
-3.94552e+10
-3.95973e+10
-3.92213e+10
-3.90497e+10
-3.92544e+10
-3.91872e+10
-3.91258e+10
-4.0263e+10
-3.97348e+10
-3.93775e+10
-3.84269e+10
-3.8328e+10
-3.92702e+10
-3.87e+10
-3.94462e+10
-3.80047e+10
-3.8351e+10
-3.80452e+10
-3.96279e+10
-2.54364e+10
-1.68406e+10
-2.02063e+10
-2.47507e+10
-2.02146e+10
-3.08677e+10
-3.02049e+10
-2.56405e+10
-1.66422e+10
-2.01789e+10
-2.01481e+10
-2.50681e+10
-3.29661e+10
-3.23201e+10
-3.62072e+10
-3.22136e+10
-3.2479e+10
-3.32306e+10
-3.61595e+10
-3.23479e+10
-3.24748e+10
-3.24788e+10
-3.89467e+10
-3.85531e+10
-3.88876e+10
-3.95529e+10
-3.84647e+10
-3.94964e+10
-3.89617e+10
-3.92442e+10
-3.87003e+10
-3.91002e+10
-3.97668e+10
-3.884e+10
-3.92683e+10
-3.97246e+10
-3.89672e+10
-3.89582e+10
-3.86732e+10
-3.96949e+10
-3.88003e+10
-3.94897e+10
-3.9204e+10
-2.64686e+10
-2.89681e+10
-2.69294e+10
-2.37878e+10
-2.91028e+10
-2.37908e+10
-2.62898e+10
-2.64218e+10
-2.70483e+10
-2.92072e+10
-2.39099e+10
-2.91862e+10
-2.38344e+10
-2.63086e+10
-3.9475e+10
-3.9622e+10
-3.97744e+10
-3.99833e+10
-3.89086e+10
-3.99116e+10
-3.96057e+10
-2.60341e+10
-2.9014e+10
-2.68683e+10
-2.36406e+10
-2.89604e+10
-2.61004e+10
-2.34838e+10
-2.59109e+10
-2.6647e+10
-2.86282e+10
-2.32252e+10
-2.88071e+10
-2.32482e+10
-2.56199e+10
-3.91265e+10
-3.96126e+10
-3.86062e+10
-3.89713e+10
-3.96121e+10
-3.86532e+10
-3.90825e+10
-3.91573e+10
-3.9819e+10
-3.9013e+10
-3.86103e+10
-3.96758e+10
-3.91935e+10
-3.87347e+10
-2.58741e+10
-2.34276e+10
-2.79059e+10
-2.61333e+10
-2.34912e+10
-2.80686e+10
-2.56368e+10
-2.6088e+10
-2.39684e+10
-2.63642e+10
-2.84698e+10
-2.37191e+10
-2.63664e+10
-2.82658e+10
-3.94942e+10
-3.98681e+10
-3.87285e+10
-3.89624e+10
-3.93446e+10
-4.00053e+10
-3.87012e+10
-3.97475e+10
-3.99726e+10
-3.91548e+10
-3.88288e+10
-4.02248e+10
-3.84734e+10
-3.967e+10
-2.70634e+10
-2.41984e+10
-2.86452e+10
-2.66543e+10
-2.67751e+10
-2.42338e+10
-2.87402e+10
-2.71629e+10
-2.4116e+10
-2.65332e+10
-2.85278e+10
-2.41722e+10
-2.86821e+10
-2.69092e+10
-3.88858e+10
-3.25074e+10
-3.96542e+10
-3.19247e+10
-3.24278e+10
-3.90548e+10
-3.97545e+10
-4.13221e+10
-4.20166e+10
-4.24847e+10
-4.08272e+10
-4.15253e+10
-4.2789e+10
-4.27243e+10
-4.15641e+10
-3.89773e+10
-3.18796e+10
-3.22506e+10
-3.87118e+10
-3.23571e+10
-3.9707e+10
-3.7938e+10
-3.95032e+10
-3.25393e+10
-3.15694e+10
-4.04588e+10
-3.24101e+10
-3.98803e+10
-4.03012e+10
-4.19874e+10
-4.31997e+10
-4.19181e+10
-4.32843e+10
-3.93457e+10
-3.16106e+10
-3.23489e+10
-4.00325e+10
-3.93266e+10
-3.23653e+10
-4.01142e+10
-4.23007e+10
-4.39017e+10
-4.34856e+10
-4.2637e+10
-3.91208e+10
-3.91604e+10
-3.91511e+10
-3.90913e+10
-3.91559e+10
-3.91376e+10
-3.91285e+10
-3.88197e+10
-3.86238e+10
-3.85885e+10
-3.88632e+10
-3.88486e+10
-3.86953e+10
-3.86218e+10
-3.89098e+10
-3.91076e+10
-3.90636e+10
-3.90414e+10
-3.91375e+10
-3.90831e+10
-3.91656e+10
-3.91699e+10
-2.76708e+10
-2.73416e+10
-3.88164e+10
-3.90483e+10
-3.90821e+10
-3.90649e+10
-3.89659e+10
-3.88917e+10
-3.90415e+10
-3.86013e+10
-3.85175e+10
-3.85428e+10
-3.8588e+10
-3.86692e+10
-3.86899e+10
-3.86177e+10
-3.8736e+10
-3.88022e+10
-3.91414e+10
-3.90011e+10
-3.90008e+10
-3.88e+10
-3.89599e+10
-3.90443e+10
-3.03643e+10
-3.00625e+10
-3.90454e+10
-3.87512e+10
-3.95812e+10
-3.90698e+10
-3.86547e+10
-3.92393e+10
-3.95409e+10
-4.03844e+10
-4.17567e+10
-4.1966e+10
-4.03017e+10
-4.04817e+10
-4.22834e+10
-4.20156e+10
-4.06604e+10
-3.90975e+10
-3.90604e+10
-3.86562e+10
-3.92995e+10
-3.86972e+10
-3.93327e+10
-3.90173e+10
-3.94749e+10
-3.8816e+10
-4.0306e+10
-3.94957e+10
-3.94482e+10
-3.85556e+10
-4.10927e+10
-4.15557e+10
-4.30161e+10
-4.30801e+10
-4.12649e+10
-4.14535e+10
-4.2738e+10
-4.12301e+10
-4.30274e+10
-3.93356e+10
-3.91799e+10
-3.85933e+10
-4.05509e+10
-3.83199e+10
-4.14926e+10
-3.91048e+10
-3.8753e+10
-3.88362e+10
-3.87262e+10
-3.89048e+10
-3.8868e+10
-3.87132e+10
-3.8762e+10
-3.85956e+10
-3.85427e+10
-3.84902e+10
-3.86517e+10
-3.8617e+10
-3.85865e+10
-3.85078e+10
-3.86693e+10
-3.877e+10
-3.89239e+10
-3.89048e+10
-3.86823e+10
-3.89066e+10
-3.87184e+10
-3.88281e+10
-3.92624e+10
-3.9157e+10
-3.88219e+10
-3.88553e+10
-3.90363e+10
-3.88634e+10
-3.88105e+10
-3.8839e+10
-3.89486e+10
-3.86898e+10
-3.85671e+10
-3.8672e+10
-3.86304e+10
-3.87826e+10
-3.91923e+10
-3.8915e+10
-3.89345e+10
-3.87817e+10
-3.9145e+10
-3.87922e+10
-3.87677e+10
-3.87022e+10
-3.87791e+10
-3.87212e+10
-3.99241e+10
-4.07761e+10
-3.90323e+10
-3.24806e+10
-3.96307e+10
-3.16912e+10
-3.90928e+10
-3.24426e+10
-3.97411e+10
-4.18586e+10
-4.34763e+10
-4.19844e+10
-4.35929e+10
-4.19048e+10
-4.31421e+10
-4.17251e+10
-4.34692e+10
-3.90646e+10
-3.16664e+10
-3.24613e+10
-3.99648e+10
-3.9311e+10
-3.23483e+10
-3.98183e+10
-2.84222e+10
-2.82756e+10
-1.70966e+10
-2.12993e+10
-1.82025e+10
-2.33818e+10
-2.12717e+10
-1.82697e+10
-1.7112e+10
-1.46038e+10
-1.39173e+10
-1.35979e+10
-1.49199e+10
-1.48125e+10
-1.40161e+10
-1.48566e+10
-1.38835e+10
-1.68519e+10
-2.31636e+10
-2.11317e+10
-1.80493e+10
-2.10873e+10
-1.79681e+10
-1.72556e+10
-2.80699e+10
-2.80737e+10
-1.698e+10
-2.12498e+10
-2.30786e+10
-1.81001e+10
-2.11396e+10
-1.70768e+10
-1.78551e+10
-1.46052e+10
-1.35343e+10
-1.43947e+10
-1.37088e+10
-1.67878e+10
-2.29779e+10
-2.09671e+10
-1.74588e+10
-2.10058e+10
-1.76878e+10
-1.66234e+10
-1.47727e+10
-1.405e+10
-1.4865e+10
-1.38872e+10
-3.90983e+10
-3.90077e+10
-3.93532e+10
-3.96325e+10
-3.90136e+10
-3.93136e+10
-3.93463e+10
-4.05397e+10
-4.26767e+10
-4.2566e+10
-4.08099e+10
-3.90818e+10
-3.93378e+10
-3.88274e+10
-3.96923e+10
-3.89379e+10
-3.91777e+10
-3.93841e+10
-4.05673e+10
-4.31112e+10
-4.26652e+10
-4.11066e+10
-4.12364e+10
-3.8704e+10
-4.11965e+10
-3.9947e+10
-3.95995e+10
-3.818e+10
-4.53207e+10
-4.50297e+10
-4.36862e+10
-4.44319e+10
-4.27238e+10
-4.38717e+10
-4.42243e+10
-4.24202e+10
-4.48266e+10
-4.52326e+10
-3.99598e+10
-3.69554e+10
-5.24937e+10
-3.74458e+10
-5.54734e+10
-4.10323e+10
-3.89523e+10
-3.91248e+10
-3.91463e+10
-3.90215e+10
-3.9098e+10
-3.89106e+10
-3.9032e+10
-3.86478e+10
-3.84971e+10
-3.85166e+10
-3.86291e+10
-3.88794e+10
-3.914e+10
-3.90036e+10
-3.8849e+10
-3.90571e+10
-3.88294e+10
-3.88322e+10
-3.87333e+10
-3.86911e+10
-3.85984e+10
-3.88369e+10
-3.92938e+10
-3.93885e+10
-3.89366e+10
-3.91883e+10
-3.91193e+10
-3.96506e+10
-3.90383e+10
-3.90789e+10
-3.92146e+10
-3.88925e+10
-3.88635e+10
-3.88773e+10
-3.8892e+10
-3.8905e+10
-3.8852e+10
-3.89598e+10
-3.88943e+10
-3.8939e+10
-3.95425e+10
-3.90357e+10
-3.92717e+10
-3.89757e+10
-3.93074e+10
-3.89736e+10
-4.11052e+10
-4.20832e+10
-4.02558e+10
-3.25731e+10
-4.07362e+10
-3.17808e+10
-4.02087e+10
-3.25151e+10
-4.09681e+10
-4.33532e+10
-4.45996e+10
-4.52542e+10
-4.26808e+10
-4.35811e+10
-4.48403e+10
-4.31986e+10
-4.54964e+10
-4.04172e+10
-3.16675e+10
-3.22817e+10
-3.97475e+10
-3.24091e+10
-4.09475e+10
-3.90927e+10
-2.75802e+10
-2.77781e+10
-1.60321e+10
-2.23308e+10
-2.04767e+10
-1.64295e+10
-2.05366e+10
-1.65285e+10
-1.58562e+10
-1.40622e+10
-1.34397e+10
-1.42177e+10
-1.3276e+10
-1.61847e+10
-2.25104e+10
-2.07731e+10
-1.71921e+10
-1.6378e+10
-2.06201e+10
-1.68873e+10
-1.38873e+10
-1.31079e+10
-1.37075e+10
-1.31784e+10
-2.75938e+10
-2.73279e+10
-1.54687e+10
-2.02982e+10
-1.62582e+10
-2.20777e+10
-2.01581e+10
-1.56123e+10
-1.61344e+10
-1.30069e+10
-1.27571e+10
-1.23083e+10
-1.34284e+10
-1.33171e+10
-1.29298e+10
-1.35022e+10
-1.2611e+10
-1.50834e+10
-2.17111e+10
-2.00181e+10
-1.58571e+10
-1.99021e+10
-1.56733e+10
-1.56412e+10
-3.93194e+10
-3.92133e+10
-3.90077e+10
-3.9205e+10
-3.91372e+10
-3.91612e+10
-3.91232e+10
-3.92578e+10
-3.90036e+10
-3.87105e+10
-3.85764e+10
-3.86433e+10
-3.86443e+10
-3.88309e+10
-3.87547e+10
-3.89148e+10
-3.87509e+10
-3.89261e+10
-3.89571e+10
-3.91541e+10
-3.88469e+10
-3.88282e+10
-3.93507e+10
-3.87916e+10
-3.95023e+10
-4.01684e+10
-3.9094e+10
-3.92882e+10
-3.90068e+10
-3.90671e+10
-3.92313e+10
-3.89306e+10
-3.9166e+10
-3.96732e+10
-4.0138e+10
-4.03062e+10
-3.96381e+10
-3.96963e+10
-4.01992e+10
-3.97069e+10
-4.02728e+10
-3.90383e+10
-3.91732e+10
-3.92486e+10
-3.89042e+10
-3.93008e+10
-3.8928e+10
-3.90095e+10
-3.9503e+10
-3.93395e+10
-3.91942e+10
-3.90622e+10
-3.97225e+10
-3.92909e+10
-3.90166e+10
-4.0182e+10
-4.04184e+10
-4.04282e+10
-4.00643e+10
-4.01619e+10
-4.03414e+10
-3.99117e+10
-4.04373e+10
-3.95793e+10
-3.91733e+10
-3.99111e+10
-3.8969e+10
-4.00773e+10
-3.89306e+10
-3.93904e+10
-1.74876e+10
-1.8932e+10
-2.14387e+10
-2.32992e+10
-1.87764e+10
-1.76369e+10
-2.13141e+10
-1.50172e+10
-1.40917e+10
-1.37913e+10
-1.5265e+10
-1.52178e+10
-1.41772e+10
-1.40213e+10
-1.53588e+10
-1.71659e+10
-2.29631e+10
-1.83342e+10
-2.11553e+10
-1.83038e+10
-2.11096e+10
-1.75624e+10
-2.82094e+10
-2.8696e+10
-1.79757e+10
-1.92281e+10
-2.16224e+10
-2.37885e+10
-1.78577e+10
-1.93259e+10
-2.16989e+10
-1.56774e+10
-1.40001e+10
-1.41117e+10
-1.56566e+10
-1.56035e+10
-1.42845e+10
-1.41859e+10
-1.5538e+10
-1.80926e+10
-2.40809e+10
-1.98249e+10
-2.20344e+10
-1.96691e+10
-2.18387e+10
-1.82138e+10
-3.63867e+10
-3.71682e+10
-3.11302e+10
-3.06274e+10
-3.72063e+10
-3.09967e+10
-3.65081e+10
-3.84806e+10
-3.95571e+10
-3.99268e+10
-3.81576e+10
-3.86747e+10
-3.99274e+10
-4.00804e+10
-3.85943e+10
-3.64495e+10
-3.051e+10
-3.6275e+10
-3.08311e+10
-3.71112e+10
-3.0912e+10
-3.55885e+10
-3.67e+10
-3.7328e+10
-3.10229e+10
-3.12549e+10
-3.76224e+10
-3.65927e+10
-3.13508e+10
-3.88368e+10
-4.01884e+10
-4.02115e+10
-3.90157e+10
-3.8817e+10
-3.99762e+10
-4.01726e+10
-3.86324e+10
-3.69232e+10
-3.13544e+10
-3.84156e+10
-3.18337e+10
-3.7942e+10
-3.15312e+10
-3.72877e+10
-3.95539e+10
-3.95221e+10
-3.87046e+10
-3.96066e+10
-3.87551e+10
-3.77691e+10
-3.88724e+10
-4.15717e+10
-3.84017e+10
-3.89175e+10
-3.88657e+10
-3.88843e+10
-3.89045e+10
-3.88415e+10
-3.87898e+10
-3.87554e+10
-3.88725e+10
-3.89305e+10
-3.89108e+10
-3.93351e+10
-3.90649e+10
-3.94682e+10
-3.90128e+10
-3.89728e+10
-4.16374e+10
-3.99205e+10
-3.93721e+10
-3.9374e+10
-3.94579e+10
-3.93249e+10
-3.94309e+10
-3.92993e+10
-3.95006e+10
-3.98195e+10
-4.03617e+10
-3.99659e+10
-4.04089e+10
-3.93349e+10
-3.9338e+10
-3.96403e+10
-3.90988e+10
-3.94291e+10
-3.95152e+10
-3.92194e+10
-3.97867e+10
-4.05269e+10
-3.99749e+10
-4.0441e+10
-3.93892e+10
-4.00378e+10
-3.92521e+10
-3.9648e+10
-3.97146e+10
-3.97322e+10
-3.92354e+10
-4.01014e+10
-4.07829e+10
-4.08858e+10
-4.00622e+10
-4.00644e+10
-4.05426e+10
-4.02868e+10
-4.08303e+10
-3.94983e+10
-3.96276e+10
-3.9638e+10
-3.93317e+10
-3.96264e+10
-3.93444e+10
-3.94634e+10
-1.86532e+10
-2.07201e+10
-2.52729e+10
-2.27546e+10
-2.05305e+10
-1.87182e+10
-2.26456e+10
-1.57861e+10
-1.40265e+10
-1.39222e+10
-1.57576e+10
-1.57603e+10
-1.38185e+10
-1.38489e+10
-1.57206e+10
-1.85306e+10
-2.49967e+10
-2.01597e+10
-2.23362e+10
-2.03979e+10
-1.8418e+10
-2.24579e+10
-3.1125e+10
-3.10266e+10
-1.87912e+10
-2.09422e+10
-2.28496e+10
-2.57601e+10
-1.87856e+10
-2.1079e+10
-2.28219e+10
-1.55482e+10
-1.37084e+10
-1.33009e+10
-1.57203e+10
-1.56527e+10
-1.37118e+10
-1.34866e+10
-1.57007e+10
-1.85561e+10
-2.55161e+10
-2.05675e+10
-2.25825e+10
-2.07928e+10
-2.26224e+10
-1.88225e+10
-3.80008e+10
-3.2757e+10
-3.98593e+10
-3.26626e+10
-3.96593e+10
-3.24677e+10
-3.82559e+10
-3.93816e+10
-4.02541e+10
-3.9205e+10
-4.03858e+10
-3.77792e+10
-3.2478e+10
-3.8951e+10
-3.21173e+10
-3.92707e+10
-3.75921e+10
-3.2246e+10
-3.9599e+10
-4.05353e+10
-4.0463e+10
-3.96627e+10
-3.84327e+10
-4.01515e+10
-3.27611e+10
-3.32989e+10
-4.03295e+10
-3.8435e+10
-3.26862e+10
-4.01476e+10
-4.06827e+10
-4.0982e+10
-3.98492e+10
-4.00604e+10
-4.06953e+10
-4.09804e+10
-3.98232e+10
-3.87396e+10
-3.33379e+10
-3.95293e+10
-3.25905e+10
-4.05006e+10
-3.26891e+10
-3.77672e+10
)
;

boundaryField
{
    inlet
    {
        type            zeroGradient;
    }
    outlet
    {
        type            fixedValue;
        value           uniform 101325;
    }
    rightSide
    {
        type            symmetryPlane;
    }
    leftSide
    {
        type            symmetryPlane;
    }
    duct
    {
        type            zeroGradient;
    }
    cylinder
    {
        type            zeroGradient;
    }
}


// ************************************************************************* //
