/*--------------------------------*- C++ -*----------------------------------*\
| =========                 |                                                 |
| \\      /  F ield         | OpenFOAM: The Open Source CFD Toolbox           |
|  \\    /   O peration     | Version:  4.1                                   |
|   \\  /    A nd           | Web:      www.OpenFOAM.org                      |
|    \\/     M anipulation  |                                                 |
\*---------------------------------------------------------------------------*/
FoamFile
{
    version     2.0;
    format      ascii;
    class       volScalarField;
    location    "46";
    object      p;
}
// * * * * * * * * * * * * * * * * * * * * * * * * * * * * * * * * * * * * * //

dimensions      [0 2 -2 0 0 0 0];

internalField   nonuniform List<scalar> 
4432
(
-3.72589e+10
-3.97265e+10
-4.03143e+10
-3.69663e+10
-3.64995e+10
-3.71223e+10
-3.67624e+10
-3.6475e+10
-3.62894e+10
-3.61813e+10
-3.60687e+10
-3.59259e+10
-3.57566e+10
-3.55815e+10
-3.54332e+10
-3.53054e+10
-3.51581e+10
-3.49903e+10
-3.48093e+10
-3.46191e+10
-3.44154e+10
-3.42001e+10
-3.39748e+10
-3.37425e+10
-3.35068e+10
-3.32716e+10
-3.30408e+10
-3.28183e+10
-3.26076e+10
-3.2412e+10
-3.22346e+10
-3.20795e+10
-3.19506e+10
-3.18499e+10
-3.17774e+10
-3.17305e+10
-3.17013e+10
-3.16764e+10
-3.16361e+10
-3.15581e+10
-3.14207e+10
-3.12096e+10
-3.09256e+10
-3.05968e+10
-3.02901e+10
-3.0097e+10
-3.00639e+10
-3.00929e+10
-3.00047e+10
-3.01244e+10
-3.22228e+10
-3.81272e+10
-4.22503e+10
-2.16976e+10
-3.78084e+10
-3.86508e+10
-3.89202e+10
-3.79347e+10
-3.66286e+10
-3.69025e+10
-3.67448e+10
-3.64446e+10
-3.62658e+10
-3.61869e+10
-3.60857e+10
-3.59327e+10
-3.57519e+10
-3.55785e+10
-3.54361e+10
-3.53091e+10
-3.51583e+10
-3.49879e+10
-3.48082e+10
-3.46179e+10
-3.44134e+10
-3.41973e+10
-3.3971e+10
-3.37377e+10
-3.35008e+10
-3.32646e+10
-3.30328e+10
-3.28095e+10
-3.25981e+10
-3.24019e+10
-3.2224e+10
-3.20682e+10
-3.19379e+10
-3.18357e+10
-3.17619e+10
-3.17134e+10
-3.16818e+10
-3.16535e+10
-3.1609e+10
-3.15253e+10
-3.13809e+10
-3.11613e+10
-3.08673e+10
-3.05264e+10
-3.02037e+10
-2.99864e+10
-2.99113e+10
-2.98587e+10
-2.96088e+10
-2.94446e+10
-3.12301e+10
-3.75345e+10
-4.37492e+10
-2.68916e+10
-3.79732e+10
-3.80025e+10
-3.79498e+10
-3.80839e+10
-3.68291e+10
-3.66004e+10
-3.67012e+10
-3.64493e+10
-3.62638e+10
-3.61867e+10
-3.60846e+10
-3.59605e+10
-3.58011e+10
-3.56161e+10
-3.54501e+10
-3.53238e+10
-3.51929e+10
-3.50311e+10
-3.48525e+10
-3.46596e+10
-3.44528e+10
-3.42325e+10
-3.40009e+10
-3.37614e+10
-3.3518e+10
-3.32755e+10
-3.30379e+10
-3.28096e+10
-3.25941e+10
-3.23947e+10
-3.22143e+10
-3.20567e+10
-3.19261e+10
-3.18232e+10
-3.17446e+10
-3.16882e+10
-3.16468e+10
-3.16072e+10
-3.15506e+10
-3.14543e+10
-3.12962e+10
-3.10616e+10
-3.07507e+10
-3.03892e+10
-3.00385e+10
-2.97835e+10
-2.9644e+10
-2.9463e+10
-2.90317e+10
-2.88513e+10
-3.11432e+10
-3.79573e+10
-4.26038e+10
-2.58544e+10
-3.80203e+10
-3.8301e+10
-3.82151e+10
-3.76703e+10
-3.67953e+10
-3.6623e+10
-3.67039e+10
-3.64197e+10
-3.62617e+10
-3.61848e+10
-3.6092e+10
-3.59641e+10
-3.57958e+10
-3.56069e+10
-3.54469e+10
-3.53298e+10
-3.51961e+10
-3.50273e+10
-3.48492e+10
-3.4656e+10
-3.44484e+10
-3.42269e+10
-3.39938e+10
-3.37525e+10
-3.35073e+10
-3.32628e+10
-3.30231e+10
-3.27928e+10
-3.25755e+10
-3.23747e+10
-3.21931e+10
-3.20336e+10
-3.18992e+10
-3.17915e+10
-3.171e+10
-3.16506e+10
-3.16053e+10
-3.15613e+10
-3.15003e+10
-3.14001e+10
-3.1239e+10
-3.10028e+10
-3.06927e+10
-3.03342e+10
-2.99881e+10
-2.97334e+10
-2.95857e+10
-2.93819e+10
-2.88991e+10
-2.87048e+10
-3.1466e+10
-3.9653e+10
-4.36974e+10
-2.14063e+10
-3.87761e+10
-3.81926e+10
-3.72176e+10
-3.78458e+10
-3.70358e+10
-3.6509e+10
-3.63667e+10
-3.625e+10
-3.61752e+10
-3.61238e+10
-3.60409e+10
-3.59413e+10
-3.57935e+10
-3.56097e+10
-3.54458e+10
-3.53165e+10
-3.51833e+10
-3.50249e+10
-3.48514e+10
-3.46597e+10
-3.44507e+10
-3.4225e+10
-3.3985e+10
-3.37345e+10
-3.34783e+10
-3.32218e+10
-3.29701e+10
-3.27287e+10
-3.25023e+10
-3.22951e+10
-3.2109e+10
-3.19438e+10
-3.18016e+10
-3.16879e+10
-3.16019e+10
-3.15362e+10
-3.14834e+10
-3.143e+10
-3.13583e+10
-3.12465e+10
-3.10749e+10
-3.08339e+10
-3.05312e+10
-3.02001e+10
-2.99068e+10
-2.97303e+10
-2.96721e+10
-2.95413e+10
-2.90804e+10
-2.87749e+10
-3.08875e+10
-3.75362e+10
-4.21778e+10
-2.202e+10
-3.83397e+10
-3.83863e+10
-3.7862e+10
-3.71615e+10
-3.691e+10
-3.66571e+10
-3.64488e+10
-3.62492e+10
-3.61897e+10
-3.61275e+10
-3.60407e+10
-3.5932e+10
-3.57835e+10
-3.56042e+10
-3.54445e+10
-3.53252e+10
-3.51909e+10
-3.50301e+10
-3.48575e+10
-3.46675e+10
-3.44602e+10
-3.42359e+10
-3.39972e+10
-3.37477e+10
-3.34925e+10
-3.32368e+10
-3.29857e+10
-3.27444e+10
-3.25179e+10
-3.23103e+10
-3.21236e+10
-3.19589e+10
-3.18181e+10
-3.17033e+10
-3.16141e+10
-3.15465e+10
-3.14915e+10
-3.14361e+10
-3.13628e+10
-3.12496e+10
-3.10758e+10
-3.08308e+10
-3.05204e+10
-3.0174e+10
-2.98513e+10
-2.96207e+10
-2.94709e+10
-2.91904e+10
-2.85024e+10
-2.79395e+10
-2.99963e+10
-3.7203e+10
-4.36807e+10
-2.67458e+10
-3.78965e+10
-3.79712e+10
-3.75509e+10
-3.71587e+10
-3.70448e+10
-3.67301e+10
-3.646e+10
-3.62699e+10
-3.61834e+10
-3.61213e+10
-3.60422e+10
-3.5954e+10
-3.58272e+10
-3.56724e+10
-3.55308e+10
-3.54082e+10
-3.52731e+10
-3.51169e+10
-3.49453e+10
-3.47539e+10
-3.45413e+10
-3.4307e+10
-3.4054e+10
-3.37874e+10
-3.35139e+10
-3.32408e+10
-3.29752e+10
-3.2724e+10
-3.24935e+10
-3.22882e+10
-3.2108e+10
-3.19476e+10
-3.18063e+10
-3.17009e+10
-3.16343e+10
-3.15782e+10
-3.15286e+10
-3.14762e+10
-3.13995e+10
-3.12768e+10
-3.10889e+10
-3.08294e+10
-3.05099e+10
-3.01671e+10
-2.98694e+10
-2.96909e+10
-2.96254e+10
-2.94775e+10
-2.89622e+10
-2.84667e+10
-3.01425e+10
-3.6513e+10
-4.19176e+10
-2.25078e+10
-3.78792e+10
-3.77067e+10
-3.72698e+10
-3.68828e+10
-3.70513e+10
-3.69047e+10
-3.65235e+10
-3.62703e+10
-3.61886e+10
-3.61162e+10
-3.60384e+10
-3.59461e+10
-3.58208e+10
-3.56746e+10
-3.5542e+10
-3.54241e+10
-3.52879e+10
-3.51324e+10
-3.49622e+10
-3.47725e+10
-3.45609e+10
-3.43274e+10
-3.40746e+10
-3.3808e+10
-3.35342e+10
-3.32604e+10
-3.29939e+10
-3.27409e+10
-3.25076e+10
-3.22982e+10
-3.21143e+10
-3.19555e+10
-3.18223e+10
-3.1717e+10
-3.16381e+10
-3.15815e+10
-3.15346e+10
-3.14814e+10
-3.14052e+10
-3.12834e+10
-3.10957e+10
-3.0834e+10
-3.05081e+10
-3.0151e+10
-2.9824e+10
-2.95939e+10
-2.94448e+10
-2.91647e+10
-2.84756e+10
-2.79502e+10
-3.02995e+10
-3.82066e+10
-4.35931e+10
-2.31572e+10
-3.71842e+10
-3.71663e+10
-3.70929e+10
-3.67612e+10
-3.67888e+10
-3.66318e+10
-3.64131e+10
-3.62351e+10
-3.6153e+10
-3.61092e+10
-3.60392e+10
-3.5932e+10
-3.58115e+10
-3.56834e+10
-3.55683e+10
-3.54547e+10
-3.53247e+10
-3.51758e+10
-3.50082e+10
-3.48177e+10
-3.46005e+10
-3.4355e+10
-3.40841e+10
-3.37944e+10
-3.34958e+10
-3.31986e+10
-3.29124e+10
-3.26454e+10
-3.24039e+10
-3.21912e+10
-3.20068e+10
-3.18471e+10
-3.17126e+10
-3.16119e+10
-3.15452e+10
-3.14967e+10
-3.14543e+10
-3.14038e+10
-3.13236e+10
-3.11913e+10
-3.09886e+10
-3.07084e+10
-3.0362e+10
-2.99868e+10
-2.96486e+10
-2.94165e+10
-2.92805e+10
-2.90389e+10
-2.83668e+10
-2.75078e+10
-2.84535e+10
-3.42799e+10
-4.18232e+10
-2.55131e+10
-3.73066e+10
-3.70656e+10
-3.67801e+10
-3.66196e+10
-3.68306e+10
-3.67279e+10
-3.64673e+10
-3.62619e+10
-3.61502e+10
-3.60856e+10
-3.60215e+10
-3.59297e+10
-3.58145e+10
-3.56925e+10
-3.55821e+10
-3.54712e+10
-3.53415e+10
-3.51933e+10
-3.50265e+10
-3.48365e+10
-3.46191e+10
-3.43729e+10
-3.41005e+10
-3.38089e+10
-3.35078e+10
-3.32077e+10
-3.29181e+10
-3.26466e+10
-3.23988e+10
-3.21788e+10
-3.1989e+10
-3.18289e+10
-3.1697e+10
-3.1595e+10
-3.15221e+10
-3.14714e+10
-3.14308e+10
-3.13833e+10
-3.13083e+10
-3.11834e+10
-3.09903e+10
-3.07214e+10
-3.03875e+10
-3.00262e+10
-2.97029e+10
-2.94873e+10
-2.93716e+10
-2.91533e+10
-2.85354e+10
-2.79829e+10
-3.00839e+10
-3.77811e+10
-4.35192e+10
-2.25307e+10
-3.69263e+10
-3.67952e+10
-3.66952e+10
-3.65884e+10
-3.66156e+10
-3.65352e+10
-3.63756e+10
-3.62175e+10
-3.61232e+10
-3.60918e+10
-3.60574e+10
-3.5961e+10
-3.58497e+10
-3.57465e+10
-3.56512e+10
-3.55487e+10
-3.54303e+10
-3.52933e+10
-3.51359e+10
-3.49526e+10
-3.47367e+10
-3.44845e+10
-3.41972e+10
-3.38845e+10
-3.35611e+10
-3.32422e+10
-3.29401e+10
-3.26624e+10
-3.24139e+10
-3.21968e+10
-3.2011e+10
-3.18565e+10
-3.17349e+10
-3.16463e+10
-3.1585e+10
-3.15443e+10
-3.15132e+10
-3.14746e+10
-3.14073e+10
-3.12898e+10
-3.1105e+10
-3.08466e+10
-3.05268e+10
-3.01844e+10
-2.98863e+10
-2.97042e+10
-2.964e+10
-2.95109e+10
-2.89991e+10
-2.83207e+10
-2.94539e+10
-3.54038e+10
-4.21029e+10
-2.37171e+10
-3.69561e+10
-3.68131e+10
-3.66601e+10
-3.65501e+10
-3.66402e+10
-3.65414e+10
-3.63753e+10
-3.62437e+10
-3.61493e+10
-3.60954e+10
-3.60395e+10
-3.59518e+10
-3.58483e+10
-3.57488e+10
-3.56548e+10
-3.55531e+10
-3.5435e+10
-3.52993e+10
-3.51435e+10
-3.49621e+10
-3.47486e+10
-3.44986e+10
-3.42138e+10
-3.39034e+10
-3.35814e+10
-3.32624e+10
-3.29587e+10
-3.26786e+10
-3.24268e+10
-3.22054e+10
-3.20159e+10
-3.18585e+10
-3.17327e+10
-3.16384e+10
-3.1573e+10
-3.15294e+10
-3.14965e+10
-3.14577e+10
-3.13915e+10
-3.12766e+10
-3.10961e+10
-3.08434e+10
-3.05312e+10
-3.01993e+10
-2.99166e+10
-2.97581e+10
-2.97299e+10
-2.96536e+10
-2.92359e+10
-2.88221e+10
-3.07024e+10
-3.76849e+10
-4.34702e+10
-2.31834e+10
-3.65502e+10
-3.64691e+10
-3.6415e+10
-3.64387e+10
-3.64473e+10
-3.64018e+10
-3.62918e+10
-3.61651e+10
-3.60879e+10
-3.60661e+10
-3.60244e+10
-3.59454e+10
-3.58622e+10
-3.57854e+10
-3.57071e+10
-3.56184e+10
-3.55133e+10
-3.53885e+10
-3.52417e+10
-3.5066e+10
-3.48516e+10
-3.45883e+10
-3.42747e+10
-3.3926e+10
-3.35645e+10
-3.32137e+10
-3.28891e+10
-3.25998e+10
-3.2348e+10
-3.21321e+10
-3.19499e+10
-3.1802e+10
-3.16894e+10
-3.16093e+10
-3.15551e+10
-3.15204e+10
-3.14955e+10
-3.1465e+10
-3.14097e+10
-3.13096e+10
-3.11486e+10
-3.09219e+10
-3.06433e+10
-3.03535e+10
-3.01203e+10
-3.00201e+10
-3.0069e+10
-3.01121e+10
-2.98744e+10
-2.96599e+10
-3.16191e+10
-3.84125e+10
-4.39715e+10
-2.33948e+10
-3.65146e+10
-3.64661e+10
-3.65158e+10
-3.64792e+10
-3.64313e+10
-3.63393e+10
-3.62538e+10
-3.61733e+10
-3.61123e+10
-3.60667e+10
-3.60098e+10
-3.5936e+10
-3.58577e+10
-3.57828e+10
-3.57057e+10
-3.56174e+10
-3.55129e+10
-3.53895e+10
-3.5244e+10
-3.507e+10
-3.48573e+10
-3.45958e+10
-3.42853e+10
-3.39393e+10
-3.35809e+10
-3.3232e+10
-3.2909e+10
-3.26212e+10
-3.23715e+10
-3.21587e+10
-3.19807e+10
-3.18363e+10
-3.17257e+10
-3.16467e+10
-3.15947e+10
-3.15626e+10
-3.15401e+10
-3.15114e+10
-3.1457e+10
-3.13564e+10
-3.11932e+10
-3.09619e+10
-3.06753e+10
-3.0373e+10
-3.01221e+10
-2.99976e+10
-3.00121e+10
-3.00042e+10
-2.96891e+10
-2.93388e+10
-3.10568e+10
-3.79512e+10
-4.52059e+10
-2.78981e+10
-3.62941e+10
-3.62339e+10
-3.62618e+10
-3.63576e+10
-3.6378e+10
-3.62997e+10
-3.6187e+10
-3.60883e+10
-3.60535e+10
-3.60546e+10
-3.6014e+10
-3.59519e+10
-3.58942e+10
-3.58406e+10
-3.57834e+10
-3.57147e+10
-3.56283e+10
-3.55208e+10
-3.53892e+10
-3.52282e+10
-3.50229e+10
-3.47526e+10
-3.44106e+10
-3.40149e+10
-3.36039e+10
-3.32111e+10
-3.28586e+10
-3.25556e+10
-3.23016e+10
-3.20905e+10
-3.19171e+10
-3.17795e+10
-3.16736e+10
-3.15959e+10
-3.15421e+10
-3.15061e+10
-3.14773e+10
-3.14402e+10
-3.13762e+10
-3.1266e+10
-3.10943e+10
-3.08568e+10
-3.05671e+10
-3.02643e+10
-3.00137e+10
-2.98875e+10
-2.98977e+10
-2.9887e+10
-2.95746e+10
-2.92446e+10
-3.10773e+10
-3.82874e+10
-4.58371e+10
-2.7624e+10
-3.62378e+10
-3.61958e+10
-3.63338e+10
-3.64263e+10
-3.63615e+10
-3.62401e+10
-3.61717e+10
-3.61113e+10
-3.60737e+10
-3.60507e+10
-3.60092e+10
-3.59556e+10
-3.59024e+10
-3.58512e+10
-3.57952e+10
-3.57275e+10
-3.56422e+10
-3.55353e+10
-3.5404e+10
-3.52422e+10
-3.50352e+10
-3.47635e+10
-3.44193e+10
-3.40226e+10
-3.36107e+10
-3.32178e+10
-3.28657e+10
-3.25634e+10
-3.23113e+10
-3.21044e+10
-3.19358e+10
-3.18013e+10
-3.16983e+10
-3.16236e+10
-3.15729e+10
-3.15402e+10
-3.15146e+10
-3.14806e+10
-3.14193e+10
-3.13112e+10
-3.11407e+10
-3.0903e+10
-3.06111e+10
-3.03025e+10
-3.00401e+10
-2.98925e+10
-2.98658e+10
-2.97927e+10
-2.93683e+10
-2.87806e+10
-3.00339e+10
-3.68732e+10
-4.66105e+10
-3.29083e+10
-3.61635e+10
-3.60813e+10
-3.61098e+10
-3.61936e+10
-3.62449e+10
-3.61715e+10
-3.60732e+10
-3.60222e+10
-3.60216e+10
-3.60206e+10
-3.5995e+10
-3.5964e+10
-3.5937e+10
-3.59116e+10
-3.58813e+10
-3.58379e+10
-3.57732e+10
-3.56826e+10
-3.55646e+10
-3.54168e+10
-3.52206e+10
-3.49387e+10
-3.45438e+10
-3.40616e+10
-3.35624e+10
-3.31041e+10
-3.27153e+10
-3.2402e+10
-3.21564e+10
-3.19654e+10
-3.18168e+10
-3.17044e+10
-3.16225e+10
-3.15661e+10
-3.1531e+10
-3.15103e+10
-3.1493e+10
-3.14639e+10
-3.14044e+10
-3.12958e+10
-3.11239e+10
-3.08855e+10
-3.05957e+10
-3.02943e+10
-3.00457e+10
-2.99177e+10
-2.99115e+10
-2.98526e+10
-2.94311e+10
-2.88666e+10
-3.02155e+10
-3.68389e+10
-4.53123e+10
-3.05077e+10
-3.61361e+10
-3.60542e+10
-3.61238e+10
-3.62314e+10
-3.62205e+10
-3.61404e+10
-3.60964e+10
-3.60602e+10
-3.60322e+10
-3.60137e+10
-3.59904e+10
-3.59645e+10
-3.59388e+10
-3.59135e+10
-3.58825e+10
-3.58384e+10
-3.57733e+10
-3.56821e+10
-3.55633e+10
-3.54135e+10
-3.52153e+10
-3.49319e+10
-3.45366e+10
-3.40554e+10
-3.35557e+10
-3.30958e+10
-3.2704e+10
-3.23869e+10
-3.21385e+10
-3.19472e+10
-3.17992e+10
-3.16872e+10
-3.16059e+10
-3.15512e+10
-3.15192e+10
-3.1503e+10
-3.14916e+10
-3.147e+10
-3.14201e+10
-3.13234e+10
-3.11664e+10
-3.09466e+10
-3.06802e+10
-3.04082e+10
-3.01965e+10
-3.01141e+10
-3.01634e+10
-3.01684e+10
-2.98098e+10
-2.92921e+10
-3.07015e+10
-3.74152e+10
-4.47412e+10
-2.59811e+10
-3.61496e+10
-3.6066e+10
-3.6004e+10
-3.60088e+10
-3.60706e+10
-3.60517e+10
-3.60088e+10
-3.60053e+10
-3.60137e+10
-3.60067e+10
-3.60019e+10
-3.60007e+10
-3.60026e+10
-3.60057e+10
-3.60039e+10
-3.59883e+10
-3.59494e+10
-3.588e+10
-3.57802e+10
-3.56523e+10
-3.54792e+10
-3.51935e+10
-3.47147e+10
-3.40675e+10
-3.33949e+10
-3.2816e+10
-3.23663e+10
-3.20396e+10
-3.18088e+10
-3.16471e+10
-3.15339e+10
-3.1456e+10
-3.14052e+10
-3.13768e+10
-3.13664e+10
-3.1367e+10
-3.13676e+10
-3.1353e+10
-3.13048e+10
-3.12047e+10
-3.10396e+10
-3.08095e+10
-3.05342e+10
-3.02592e+10
-3.00553e+10
-2.9994e+10
-3.00744e+10
-3.01106e+10
-2.97887e+10
-2.93965e+10
-3.11743e+10
-3.80183e+10
-4.38957e+10
-2.40385e+10
-3.6141e+10
-3.60299e+10
-3.59825e+10
-3.60162e+10
-3.60654e+10
-3.60789e+10
-3.60476e+10
-3.60258e+10
-3.6014e+10
-3.60076e+10
-3.60044e+10
-3.60035e+10
-3.60046e+10
-3.60068e+10
-3.60038e+10
-3.59871e+10
-3.59475e+10
-3.58779e+10
-3.57774e+10
-3.5649e+10
-3.54755e+10
-3.51915e+10
-3.47196e+10
-3.40815e+10
-3.34154e+10
-3.28364e+10
-3.23812e+10
-3.20447e+10
-3.18032e+10
-3.16312e+10
-3.15073e+10
-3.14188e+10
-3.13578e+10
-3.13195e+10
-3.13002e+10
-3.12931e+10
-3.1287e+10
-3.12668e+10
-3.12139e+10
-3.11104e+10
-3.09434e+10
-3.07129e+10
-3.04392e+10
-3.01689e+10
-2.99745e+10
-2.99294e+10
-3.00326e+10
-3.00949e+10
-2.97898e+10
-2.93633e+10
-3.09797e+10
-3.7599e+10
-4.35072e+10
-2.33958e+10
-3.60789e+10
-3.60019e+10
-3.58805e+10
-3.58532e+10
-3.58957e+10
-3.59168e+10
-3.59197e+10
-3.59239e+10
-3.5931e+10
-3.59421e+10
-3.59598e+10
-3.59853e+10
-3.60195e+10
-3.60601e+10
-3.61002e+10
-3.61298e+10
-3.61378e+10
-3.61138e+10
-3.60536e+10
-3.59672e+10
-3.58548e+10
-3.56241e+10
-3.50801e+10
-3.41902e+10
-3.32335e+10
-3.24884e+10
-3.19733e+10
-3.164e+10
-3.14297e+10
-3.12972e+10
-3.12128e+10
-3.11587e+10
-3.11255e+10
-3.11092e+10
-3.11059e+10
-3.11093e+10
-3.1108e+10
-3.10861e+10
-3.10242e+10
-3.09029e+10
-3.07084e+10
-3.04403e+10
-3.01193e+10
-2.97928e+10
-2.95326e+10
-2.94084e+10
-2.94085e+10
-2.93298e+10
-2.88588e+10
-2.83113e+10
-2.99225e+10
-3.67924e+10
-4.36666e+10
-2.44281e+10
-3.6032e+10
-3.59334e+10
-3.58566e+10
-3.58551e+10
-3.59215e+10
-3.59451e+10
-3.59222e+10
-3.59228e+10
-3.59315e+10
-3.59428e+10
-3.59604e+10
-3.59861e+10
-3.60198e+10
-3.60594e+10
-3.60981e+10
-3.61266e+10
-3.61338e+10
-3.6109e+10
-3.60481e+10
-3.59616e+10
-3.58492e+10
-3.56176e+10
-3.50743e+10
-3.41904e+10
-3.32379e+10
-3.24902e+10
-3.19686e+10
-3.16287e+10
-3.14132e+10
-3.1276e+10
-3.11865e+10
-3.11262e+10
-3.10858e+10
-3.10608e+10
-3.10476e+10
-3.10395e+10
-3.1025e+10
-3.09876e+10
-3.09075e+10
-3.07644e+10
-3.05436e+10
-3.02436e+10
-2.98837e+10
-2.95101e+10
-2.91936e+10
-2.90031e+10
-2.89255e+10
-2.87522e+10
-2.8155e+10
-2.73969e+10
-2.86174e+10
-3.52181e+10
-4.38492e+10
-3.05188e+10
-3.59588e+10
-3.58874e+10
-3.58284e+10
-3.58249e+10
-3.5844e+10
-3.58677e+10
-3.58893e+10
-3.5908e+10
-3.59287e+10
-3.59562e+10
-3.59949e+10
-3.60496e+10
-3.61217e+10
-3.62072e+10
-3.62956e+10
-3.63734e+10
-3.64279e+10
-3.64455e+10
-3.64158e+10
-3.63559e+10
-3.63113e+10
-3.6208e+10
-3.56667e+10
-3.43831e+10
-3.29141e+10
-3.19816e+10
-3.14791e+10
-3.12133e+10
-3.10912e+10
-3.10389e+10
-3.10192e+10
-3.1014e+10
-3.10181e+10
-3.10313e+10
-3.10529e+10
-3.10785e+10
-3.10981e+10
-3.10961e+10
-3.1053e+10
-3.09484e+10
-3.0767e+10
-3.05057e+10
-3.01817e+10
-2.98372e+10
-2.95369e+10
-2.9341e+10
-2.92251e+10
-2.89798e+10
-2.8325e+10
-2.76536e+10
-2.91518e+10
-3.56629e+10
-4.2937e+10
-2.83043e+10
-3.58951e+10
-3.58514e+10
-3.58409e+10
-3.58541e+10
-3.58746e+10
-3.58761e+10
-3.58859e+10
-3.59045e+10
-3.59264e+10
-3.59536e+10
-3.59911e+10
-3.6044e+10
-3.61138e+10
-3.61964e+10
-3.62818e+10
-3.63568e+10
-3.64084e+10
-3.64232e+10
-3.63921e+10
-3.63334e+10
-3.6291e+10
-3.61894e+10
-3.56683e+10
-3.44281e+10
-3.30068e+10
-3.20725e+10
-3.15459e+10
-3.12591e+10
-3.11212e+10
-3.10584e+10
-3.10315e+10
-3.10211e+10
-3.10212e+10
-3.10308e+10
-3.10488e+10
-3.10705e+10
-3.10856e+10
-3.10786e+10
-3.103e+10
-3.09196e+10
-3.0732e+10
-3.04644e+10
-3.01339e+10
-2.97828e+10
-2.94759e+10
-2.92725e+10
-2.91459e+10
-2.88804e+10
-2.81761e+10
-2.73781e+10
-2.86269e+10
-3.50578e+10
-4.32806e+10
-3.03006e+10
-3.57174e+10
-3.56321e+10
-3.56634e+10
-3.56813e+10
-3.56852e+10
-3.56902e+10
-3.57074e+10
-3.57317e+10
-3.57626e+10
-3.58045e+10
-3.58649e+10
-3.59535e+10
-3.60758e+10
-3.6226e+10
-3.63834e+10
-3.65214e+10
-3.66278e+10
-3.67007e+10
-3.67352e+10
-3.67305e+10
-3.67743e+10
-3.69578e+10
-3.67394e+10
-3.49425e+10
-3.24412e+10
-3.11442e+10
-3.06672e+10
-3.05327e+10
-3.0576e+10
-3.06569e+10
-3.07311e+10
-3.07884e+10
-3.08343e+10
-3.08766e+10
-3.09204e+10
-3.09659e+10
-3.10065e+10
-3.10297e+10
-3.10186e+10
-3.09554e+10
-3.08264e+10
-3.06292e+10
-3.03788e+10
-3.01142e+10
-2.98954e+10
-2.97752e+10
-2.97246e+10
-2.95418e+10
-2.89944e+10
-2.86279e+10
-3.08626e+10
-3.80293e+10
-4.27297e+10
-2.17309e+10
-3.56748e+10
-3.56534e+10
-3.5692e+10
-3.57116e+10
-3.57054e+10
-3.57e+10
-3.5712e+10
-3.57327e+10
-3.57612e+10
-3.58002e+10
-3.58566e+10
-3.59394e+10
-3.6054e+10
-3.61952e+10
-3.63443e+10
-3.64786e+10
-3.6586e+10
-3.666e+10
-3.66874e+10
-3.66745e+10
-3.67245e+10
-3.69256e+10
-3.67364e+10
-3.50113e+10
-3.25732e+10
-3.12662e+10
-3.07654e+10
-3.06153e+10
-3.06429e+10
-3.07116e+10
-3.07787e+10
-3.08329e+10
-3.08785e+10
-3.09224e+10
-3.09693e+10
-3.10191e+10
-3.10653e+10
-3.10951e+10
-3.10918e+10
-3.10376e+10
-3.09193e+10
-3.07347e+10
-3.05e+10
-3.02545e+10
-3.00582e+10
-2.99637e+10
-2.9937e+10
-2.97621e+10
-2.91799e+10
-2.87015e+10
-3.07816e+10
-3.78188e+10
-4.25387e+10
-2.12672e+10
-3.55614e+10
-3.55094e+10
-3.55637e+10
-3.55818e+10
-3.55953e+10
-3.561e+10
-3.56377e+10
-3.5679e+10
-3.57369e+10
-3.5816e+10
-3.59267e+10
-3.60838e+10
-3.62985e+10
-3.65635e+10
-3.68312e+10
-3.70435e+10
-3.72115e+10
-3.73832e+10
-3.75579e+10
-3.76394e+10
-3.76935e+10
-3.81772e+10
-3.89615e+10
-3.73358e+10
-3.32532e+10
-2.99219e+10
-2.96904e+10
-2.9955e+10
-3.02529e+10
-3.0472e+10
-3.06216e+10
-3.0721e+10
-3.07915e+10
-3.08483e+10
-3.09005e+10
-3.09499e+10
-3.09916e+10
-3.10141e+10
-3.10018e+10
-3.09387e+10
-3.08129e+10
-3.06231e+10
-3.03863e+10
-3.01419e+10
-2.99499e+10
-2.98647e+10
-2.98628e+10
-2.97548e+10
-2.93241e+10
-2.90835e+10
-3.12129e+10
-3.78875e+10
-4.334e+10
-2.38001e+10
-3.55303e+10
-3.55159e+10
-3.55666e+10
-3.55831e+10
-3.55932e+10
-3.56082e+10
-3.56356e+10
-3.56769e+10
-3.57351e+10
-3.58148e+10
-3.59253e+10
-3.60804e+10
-3.62897e+10
-3.65432e+10
-3.6803e+10
-3.70285e+10
-3.72194e+10
-3.73911e+10
-3.7524e+10
-3.75776e+10
-3.77026e+10
-3.83262e+10
-3.91759e+10
-3.75871e+10
-3.34935e+10
-2.98342e+10
-2.96496e+10
-2.99442e+10
-3.02571e+10
-3.04818e+10
-3.06331e+10
-3.07337e+10
-3.08054e+10
-3.08634e+10
-3.09167e+10
-3.09674e+10
-3.10103e+10
-3.1034e+10
-3.10229e+10
-3.09604e+10
-3.08341e+10
-3.06426e+10
-3.0402e+10
-3.01507e+10
-2.99463e+10
-2.98389e+10
-2.97936e+10
-2.95961e+10
-2.89856e+10
-2.84473e+10
-3.02809e+10
-3.70705e+10
-4.45559e+10
-3.17077e+10
-3.5522e+10
-3.55385e+10
-3.55521e+10
-3.55589e+10
-3.55659e+10
-3.55813e+10
-3.56092e+10
-3.56534e+10
-3.57165e+10
-3.58021e+10
-3.59204e+10
-3.60908e+10
-3.63287e+10
-3.66226e+10
-3.68983e+10
-3.7106e+10
-3.73099e+10
-3.75233e+10
-3.77175e+10
-3.78396e+10
-3.79348e+10
-3.85792e+10
-3.97922e+10
-4.05365e+10
-3.82044e+10
-2.56836e+10
-2.78377e+10
-2.91754e+10
-2.99173e+10
-3.03217e+10
-3.05643e+10
-3.07153e+10
-3.08184e+10
-3.0897e+10
-3.09639e+10
-3.10222e+10
-3.10669e+10
-3.10863e+10
-3.1064e+10
-3.09831e+10
-3.0831e+10
-3.06068e+10
-3.03275e+10
-3.00329e+10
-2.97837e+10
-2.96364e+10
-2.95732e+10
-2.94132e+10
-2.89262e+10
-2.85526e+10
-3.04413e+10
-3.71243e+10
-4.29381e+10
-2.43092e+10
-3.55199e+10
-3.55439e+10
-3.5551e+10
-3.55519e+10
-3.55534e+10
-3.55654e+10
-3.55915e+10
-3.56351e+10
-3.5698e+10
-3.57843e+10
-3.59044e+10
-3.60752e+10
-3.63078e+10
-3.65875e+10
-3.68648e+10
-3.70963e+10
-3.72961e+10
-3.74843e+10
-3.76491e+10
-3.77439e+10
-3.79103e+10
-3.87844e+10
-3.99451e+10
-4.07508e+10
-3.85948e+10
-2.57705e+10
-2.77967e+10
-2.91337e+10
-2.98874e+10
-3.02997e+10
-3.05446e+10
-3.06944e+10
-3.07946e+10
-3.087e+10
-3.09341e+10
-3.09906e+10
-3.10349e+10
-3.10556e+10
-3.10366e+10
-3.09609e+10
-3.08164e+10
-3.06017e+10
-3.03338e+10
-3.00516e+10
-2.9814e+10
-2.96741e+10
-2.96056e+10
-2.94055e+10
-2.88266e+10
-2.84648e+10
-3.10781e+10
-3.93463e+10
-4.43421e+10
-2.27787e+10
-3.55057e+10
-3.55595e+10
-3.55551e+10
-3.55626e+10
-3.55722e+10
-3.55918e+10
-3.56234e+10
-3.56704e+10
-3.57345e+10
-3.58184e+10
-3.59323e+10
-3.60986e+10
-3.63328e+10
-3.66132e+10
-3.68819e+10
-3.71013e+10
-3.73176e+10
-3.75498e+10
-3.77533e+10
-3.78849e+10
-3.79408e+10
-3.83358e+10
-4.01831e+10
-4.07074e+10
-2.16864e+10
-2.75931e+10
-2.90074e+10
-2.98081e+10
-3.02459e+10
-3.05053e+10
-3.0664e+10
-3.07711e+10
-3.08527e+10
-3.09227e+10
-3.09849e+10
-3.10342e+10
-3.1059e+10
-3.10429e+10
-3.09688e+10
-3.08251e+10
-3.06114e+10
-3.03451e+10
-3.00662e+10
-2.98367e+10
-2.97165e+10
-2.96932e+10
-2.95847e+10
-2.91187e+10
-2.86089e+10
-3.00238e+10
-3.59841e+10
-4.24474e+10
-2.7314e+10
-3.55114e+10
-3.55581e+10
-3.55496e+10
-3.5552e+10
-3.55581e+10
-3.55751e+10
-3.56048e+10
-3.56503e+10
-3.57135e+10
-3.57985e+10
-3.59157e+10
-3.60821e+10
-3.63089e+10
-3.65812e+10
-3.68558e+10
-3.70976e+10
-3.73091e+10
-3.75042e+10
-3.7669e+10
-3.77647e+10
-3.78962e+10
-3.86655e+10
-4.02552e+10
-4.06385e+10
-2.22077e+10
-2.76067e+10
-2.89895e+10
-2.97873e+10
-3.023e+10
-3.0492e+10
-3.06512e+10
-3.07574e+10
-3.08377e+10
-3.09073e+10
-3.09707e+10
-3.1024e+10
-3.1056e+10
-3.10511e+10
-3.0993e+10
-3.08699e+10
-3.06815e+10
-3.04446e+10
-3.01988e+10
-3.00042e+10
-2.99178e+10
-2.99219e+10
-2.98251e+10
-2.93699e+10
-2.90472e+10
-3.13224e+10
-3.86556e+10
-4.36983e+10
-2.23229e+10
-3.55429e+10
-3.55553e+10
-3.5558e+10
-3.55642e+10
-3.55756e+10
-3.55956e+10
-3.56264e+10
-3.56701e+10
-3.57281e+10
-3.58034e+10
-3.59043e+10
-3.60466e+10
-3.62424e+10
-3.64791e+10
-3.67191e+10
-3.69371e+10
-3.71457e+10
-3.73668e+10
-3.75766e+10
-3.76984e+10
-3.7773e+10
-3.8113e+10
-3.90089e+10
-3.9105e+10
-3.30695e+10
-2.9282e+10
-2.92748e+10
-2.97443e+10
-3.01671e+10
-3.04515e+10
-3.0632e+10
-3.0747e+10
-3.0827e+10
-3.08914e+10
-3.09508e+10
-3.10075e+10
-3.10561e+10
-3.10849e+10
-3.10778e+10
-3.10189e+10
-3.08977e+10
-3.07151e+10
-3.04889e+10
-3.02601e+10
-3.00915e+10
-3.00454e+10
-3.01149e+10
-3.01269e+10
-2.98234e+10
-2.95651e+10
-3.15093e+10
-3.81199e+10
-4.30856e+10
-2.23252e+10
-3.55412e+10
-3.55429e+10
-3.5545e+10
-3.5548e+10
-3.55572e+10
-3.55754e+10
-3.56052e+10
-3.56482e+10
-3.57057e+10
-3.5781e+10
-3.58824e+10
-3.60236e+10
-3.62148e+10
-3.64481e+10
-3.66967e+10
-3.69361e+10
-3.71607e+10
-3.73718e+10
-3.75332e+10
-3.76071e+10
-3.77265e+10
-3.82964e+10
-3.90531e+10
-3.8966e+10
-3.32133e+10
-2.91735e+10
-2.91856e+10
-2.96869e+10
-3.01369e+10
-3.04392e+10
-3.06291e+10
-3.07478e+10
-3.08285e+10
-3.08923e+10
-3.09508e+10
-3.10072e+10
-3.10566e+10
-3.10876e+10
-3.10842e+10
-3.10304e+10
-3.09147e+10
-3.07364e+10
-3.05111e+10
-3.02765e+10
-3.00905e+10
-3.00093e+10
-3.00188e+10
-2.99376e+10
-2.94984e+10
-2.90538e+10
-3.07887e+10
-3.75627e+10
-4.42879e+10
-2.64648e+10
-3.55576e+10
-3.5533e+10
-3.55394e+10
-3.55422e+10
-3.5551e+10
-3.55658e+10
-3.55882e+10
-3.56182e+10
-3.56562e+10
-3.57037e+10
-3.57649e+10
-3.58469e+10
-3.59541e+10
-3.60821e+10
-3.62166e+10
-3.63439e+10
-3.64574e+10
-3.655e+10
-3.66028e+10
-3.66103e+10
-3.66594e+10
-3.68397e+10
-3.67049e+10
-3.50685e+10
-3.27531e+10
-3.13722e+10
-3.08485e+10
-3.06913e+10
-3.07163e+10
-3.07764e+10
-3.08331e+10
-3.08769e+10
-3.09136e+10
-3.095e+10
-3.09904e+10
-3.10337e+10
-3.10726e+10
-3.10942e+10
-3.10818e+10
-3.10194e+10
-3.08961e+10
-3.07124e+10
-3.04852e+10
-3.02537e+10
-3.00789e+10
-3.00217e+10
-3.00767e+10
-3.00809e+10
-2.97883e+10
-2.95418e+10
-3.1437e+10
-3.81462e+10
-4.43227e+10
-2.48365e+10
-3.55604e+10
-3.55367e+10
-3.55415e+10
-3.55437e+10
-3.55522e+10
-3.55668e+10
-3.55898e+10
-3.56211e+10
-3.56609e+10
-3.57104e+10
-3.57736e+10
-3.58567e+10
-3.59641e+10
-3.60924e+10
-3.62296e+10
-3.63632e+10
-3.64847e+10
-3.65817e+10
-3.66287e+10
-3.66286e+10
-3.66892e+10
-3.69024e+10
-3.67221e+10
-3.50328e+10
-3.26234e+10
-3.12263e+10
-3.07359e+10
-3.06202e+10
-3.06774e+10
-3.07596e+10
-3.08302e+10
-3.0883e+10
-3.09256e+10
-3.09661e+10
-3.10093e+10
-3.10547e+10
-3.10949e+10
-3.11166e+10
-3.1103e+10
-3.10372e+10
-3.09068e+10
-3.071e+10
-3.04601e+10
-3.01913e+10
-2.99575e+10
-2.98103e+10
-2.97338e+10
-2.95509e+10
-2.89849e+10
-2.82768e+10
-2.94044e+10
-3.58036e+10
-4.49966e+10
-3.15927e+10
-3.55704e+10
-3.55512e+10
-3.55557e+10
-3.55598e+10
-3.55706e+10
-3.55872e+10
-3.5611e+10
-3.56416e+10
-3.56789e+10
-3.57233e+10
-3.57762e+10
-3.58392e+10
-3.59117e+10
-3.599e+10
-3.60671e+10
-3.61353e+10
-3.61855e+10
-3.62028e+10
-3.61713e+10
-3.61004e+10
-3.60327e+10
-3.5915e+10
-3.54211e+10
-3.42695e+10
-3.29419e+10
-3.2036e+10
-3.15052e+10
-3.12091e+10
-3.10682e+10
-3.10039e+10
-3.09757e+10
-3.0964e+10
-3.09635e+10
-3.09742e+10
-3.09963e+10
-3.10261e+10
-3.1055e+10
-3.1069e+10
-3.10509e+10
-3.09843e+10
-3.08587e+10
-3.06742e+10
-3.04474e+10
-3.02156e+10
-3.0037e+10
-2.99703e+10
-3.00105e+10
-3.0002e+10
-2.97092e+10
-2.9453e+10
-3.12063e+10
-3.75998e+10
-4.42273e+10
-2.66094e+10
-3.5572e+10
-3.55544e+10
-3.55587e+10
-3.55636e+10
-3.55753e+10
-3.55934e+10
-3.5619e+10
-3.56522e+10
-3.56927e+10
-3.57407e+10
-3.57977e+10
-3.58649e+10
-3.59422e+10
-3.60257e+10
-3.61084e+10
-3.61818e+10
-3.62358e+10
-3.62545e+10
-3.62228e+10
-3.61548e+10
-3.60941e+10
-3.59751e+10
-3.54596e+10
-3.42669e+10
-3.29015e+10
-3.19827e+10
-3.14599e+10
-3.11777e+10
-3.10483e+10
-3.09935e+10
-3.09736e+10
-3.09695e+10
-3.09765e+10
-3.09946e+10
-3.10237e+10
-3.10598e+10
-3.10935e+10
-3.11103e+10
-3.10926e+10
-3.10232e+10
-3.08902e+10
-3.06926e+10
-3.0445e+10
-3.01816e+10
-2.99556e+10
-2.98175e+10
-2.97517e+10
-2.95835e+10
-2.90258e+10
-2.82491e+10
-2.90991e+10
-3.51212e+10
-4.47644e+10
-3.32893e+10
-3.55535e+10
-3.55425e+10
-3.55402e+10
-3.55407e+10
-3.55467e+10
-3.5558e+10
-3.55754e+10
-3.55986e+10
-3.56275e+10
-3.56623e+10
-3.57037e+10
-3.57514e+10
-3.58033e+10
-3.58562e+10
-3.59052e+10
-3.59437e+10
-3.59622e+10
-3.59484e+10
-3.58931e+10
-3.58005e+10
-3.5667e+10
-3.54106e+10
-3.48625e+10
-3.39992e+10
-3.30843e+10
-3.23657e+10
-3.18651e+10
-3.15372e+10
-3.13307e+10
-3.12002e+10
-3.11161e+10
-3.10618e+10
-3.10302e+10
-3.10187e+10
-3.10251e+10
-3.10443e+10
-3.10664e+10
-3.10767e+10
-3.10579e+10
-3.0994e+10
-3.08755e+10
-3.07043e+10
-3.04985e+10
-3.02969e+10
-3.01578e+10
-3.01399e+10
-3.02379e+10
-3.02918e+10
-3.00606e+10
-2.98662e+10
-3.16723e+10
-3.79498e+10
-4.34187e+10
-2.30765e+10
-3.55587e+10
-3.55447e+10
-3.55441e+10
-3.55455e+10
-3.55525e+10
-3.55648e+10
-3.55832e+10
-3.56077e+10
-3.5638e+10
-3.56743e+10
-3.57171e+10
-3.57661e+10
-3.58198e+10
-3.58745e+10
-3.59252e+10
-3.59647e+10
-3.59836e+10
-3.59694e+10
-3.59136e+10
-3.58218e+10
-3.56897e+10
-3.54297e+10
-3.48654e+10
-3.39819e+10
-3.30488e+10
-3.2324e+10
-3.18265e+10
-3.15058e+10
-3.13072e+10
-3.11848e+10
-3.1109e+10
-3.1063e+10
-3.10397e+10
-3.10363e+10
-3.105e+10
-3.10751e+10
-3.11011e+10
-3.11129e+10
-3.10928e+10
-3.10245e+10
-3.08983e+10
-3.0716e+10
-3.04962e+10
-3.0277e+10
-3.01156e+10
-3.00667e+10
-3.01188e+10
-3.00971e+10
-2.97173e+10
-2.92248e+10
-3.06728e+10
-3.73627e+10
-4.50594e+10
-2.76033e+10
-3.55553e+10
-3.55449e+10
-3.55425e+10
-3.55418e+10
-3.55457e+10
-3.55535e+10
-3.55655e+10
-3.55814e+10
-3.56008e+10
-3.56235e+10
-3.56495e+10
-3.5678e+10
-3.57067e+10
-3.57326e+10
-3.57518e+10
-3.57587e+10
-3.57449e+10
-3.57012e+10
-3.56226e+10
-3.55074e+10
-3.5336e+10
-3.50428e+10
-3.45548e+10
-3.38993e+10
-3.32147e+10
-3.26219e+10
-3.21568e+10
-3.18125e+10
-3.15636e+10
-3.13836e+10
-3.12526e+10
-3.11581e+10
-3.10939e+10
-3.10563e+10
-3.10415e+10
-3.10426e+10
-3.10476e+10
-3.10402e+10
-3.10017e+10
-3.09155e+10
-3.0772e+10
-3.05736e+10
-3.03393e+10
-3.01083e+10
-2.99394e+10
-2.98895e+10
-2.99449e+10
-2.99245e+10
-2.95582e+10
-2.91572e+10
-3.07116e+10
-3.69166e+10
-4.30439e+10
-2.44899e+10
-3.55603e+10
-3.55427e+10
-3.55435e+10
-3.55436e+10
-3.55485e+10
-3.5557e+10
-3.55695e+10
-3.55858e+10
-3.56054e+10
-3.5628e+10
-3.56536e+10
-3.56815e+10
-3.57098e+10
-3.57356e+10
-3.57545e+10
-3.57606e+10
-3.57455e+10
-3.57004e+10
-3.56208e+10
-3.55058e+10
-3.53355e+10
-3.50414e+10
-3.45516e+10
-3.38923e+10
-3.32085e+10
-3.26193e+10
-3.2159e+10
-3.1819e+10
-3.15732e+10
-3.13955e+10
-3.12663e+10
-3.11732e+10
-3.111e+10
-3.10731e+10
-3.10581e+10
-3.10576e+10
-3.10593e+10
-3.10466e+10
-3.10007e+10
-3.09048e+10
-3.07495e+10
-3.05381e+10
-3.02902e+10
-3.0046e+10
-2.98646e+10
-2.98029e+10
-2.98463e+10
-2.98069e+10
-2.9404e+10
-2.9053e+10
-3.1242e+10
-3.88394e+10
-4.4865e+10
-2.43942e+10
-3.55501e+10
-3.55276e+10
-3.55277e+10
-3.55245e+10
-3.55253e+10
-3.55284e+10
-3.55341e+10
-3.55418e+10
-3.55507e+10
-3.55604e+10
-3.55702e+10
-3.5579e+10
-3.55849e+10
-3.5585e+10
-3.55763e+10
-3.55543e+10
-3.55121e+10
-3.5443e+10
-3.53422e+10
-3.52039e+10
-3.50093e+10
-3.47223e+10
-3.43154e+10
-3.3814e+10
-3.329e+10
-3.28058e+10
-3.23927e+10
-3.20567e+10
-3.17896e+10
-3.15789e+10
-3.14142e+10
-3.12881e+10
-3.11963e+10
-3.11356e+10
-3.11013e+10
-3.1085e+10
-3.10732e+10
-3.10477e+10
-3.09881e+10
-3.08759e+10
-3.06999e+10
-3.04611e+10
-3.01768e+10
-2.9885e+10
-2.96431e+10
-2.9503e+10
-2.94399e+10
-2.92547e+10
-2.86618e+10
-2.79625e+10
-2.9171e+10
-3.53191e+10
-4.32853e+10
-3.14099e+10
-3.55467e+10
-3.5519e+10
-3.552e+10
-3.55162e+10
-3.55168e+10
-3.55191e+10
-3.55241e+10
-3.55308e+10
-3.55386e+10
-3.55467e+10
-3.55547e+10
-3.55618e+10
-3.55663e+10
-3.55656e+10
-3.5556e+10
-3.55325e+10
-3.54883e+10
-3.54173e+10
-3.53156e+10
-3.51784e+10
-3.49871e+10
-3.47062e+10
-3.43065e+10
-3.38158e+10
-3.33012e+10
-3.28241e+10
-3.24145e+10
-3.20786e+10
-3.18088e+10
-3.15939e+10
-3.14242e+10
-3.12927e+10
-3.11956e+10
-3.11297e+10
-3.10904e+10
-3.10692e+10
-3.10528e+10
-3.10228e+10
-3.0959e+10
-3.08428e+10
-3.06637e+10
-3.04231e+10
-3.01391e+10
-2.985e+10
-2.96143e+10
-2.94863e+10
-2.94444e+10
-2.92885e+10
-2.87537e+10
-2.83709e+10
-3.07908e+10
-3.87798e+10
-4.45982e+10
-2.32119e+10
-3.55382e+10
-3.55117e+10
-3.55105e+10
-3.55042e+10
-3.55008e+10
-3.54982e+10
-3.54967e+10
-3.54953e+10
-3.54932e+10
-3.54893e+10
-3.54828e+10
-3.54725e+10
-3.54567e+10
-3.54333e+10
-3.53998e+10
-3.53524e+10
-3.52861e+10
-3.51954e+10
-3.50757e+10
-3.49207e+10
-3.47179e+10
-3.445e+10
-3.411e+10
-3.37152e+10
-3.33002e+10
-3.29003e+10
-3.25376e+10
-3.22213e+10
-3.1952e+10
-3.17266e+10
-3.1542e+10
-3.13959e+10
-3.12869e+10
-3.12133e+10
-3.11706e+10
-3.11504e+10
-3.11384e+10
-3.11161e+10
-3.10623e+10
-3.09578e+10
-3.07911e+10
-3.05636e+10
-3.02939e+10
-3.00216e+10
-2.98064e+10
-2.97027e+10
-2.96863e+10
-2.95613e+10
-2.9076e+10
-2.86493e+10
-3.04303e+10
-3.69585e+10
-4.27195e+10
-2.33635e+10
-3.55394e+10
-3.55129e+10
-3.55107e+10
-3.55039e+10
-3.55001e+10
-3.54971e+10
-3.54951e+10
-3.54933e+10
-3.54907e+10
-3.54863e+10
-3.54792e+10
-3.54683e+10
-3.54522e+10
-3.54287e+10
-3.53945e+10
-3.53457e+10
-3.52777e+10
-3.51859e+10
-3.50658e+10
-3.49115e+10
-3.47104e+10
-3.44447e+10
-3.41089e+10
-3.37182e+10
-3.3308e+10
-3.29113e+10
-3.25501e+10
-3.22343e+10
-3.19644e+10
-3.17378e+10
-3.15517e+10
-3.14038e+10
-3.12927e+10
-3.12168e+10
-3.11718e+10
-3.11494e+10
-3.11358e+10
-3.11125e+10
-3.10584e+10
-3.0954e+10
-3.07877e+10
-3.05601e+10
-3.02882e+10
-3.001e+10
-2.97834e+10
-2.966e+10
-2.96104e+10
-2.94276e+10
-2.88634e+10
-2.84579e+10
-3.06983e+10
-3.80912e+10
-4.38988e+10
-2.46521e+10
-3.55268e+10
-3.55111e+10
-3.55049e+10
-3.54977e+10
-3.5492e+10
-3.54865e+10
-3.5481e+10
-3.54744e+10
-3.54657e+10
-3.54536e+10
-3.54369e+10
-3.54143e+10
-3.53842e+10
-3.53446e+10
-3.52933e+10
-3.52274e+10
-3.51439e+10
-3.50398e+10
-3.49106e+10
-3.47501e+10
-3.45489e+10
-3.42999e+10
-3.40023e+10
-3.36671e+10
-3.33147e+10
-3.29657e+10
-3.26362e+10
-3.23358e+10
-3.20685e+10
-3.18359e+10
-3.1639e+10
-3.1479e+10
-3.13564e+10
-3.12705e+10
-3.12173e+10
-3.11878e+10
-3.11674e+10
-3.11371e+10
-3.10752e+10
-3.09619e+10
-3.07857e+10
-3.05495e+10
-3.0275e+10
-3.00055e+10
-2.98058e+10
-2.97383e+10
-2.97837e+10
-2.97511e+10
-2.94116e+10
-2.92479e+10
-3.14469e+10
-3.80983e+10
-4.30487e+10
-2.3475e+10
-3.55282e+10
-3.55095e+10
-3.55035e+10
-3.54956e+10
-3.54894e+10
-3.54834e+10
-3.54775e+10
-3.54707e+10
-3.54622e+10
-3.54506e+10
-3.54348e+10
-3.54135e+10
-3.53853e+10
-3.53481e+10
-3.52995e+10
-3.52363e+10
-3.51555e+10
-3.50537e+10
-3.4926e+10
-3.47661e+10
-3.4565e+10
-3.43154e+10
-3.4016e+10
-3.36799e+10
-3.3327e+10
-3.29776e+10
-3.2648e+10
-3.23476e+10
-3.20807e+10
-3.18482e+10
-3.1651e+10
-3.14902e+10
-3.13664e+10
-3.12788e+10
-3.12238e+10
-3.11927e+10
-3.11715e+10
-3.11415e+10
-3.10809e+10
-3.09691e+10
-3.07932e+10
-3.05533e+10
-3.02677e+10
-2.99762e+10
-2.97382e+10
-2.96054e+10
-2.95438e+10
-2.93418e+10
-2.87509e+10
-2.82619e+10
-3.00995e+10
-3.67366e+10
-4.42633e+10
-3.15188e+10
-3.55225e+10
-3.5498e+10
-3.54941e+10
-3.54843e+10
-3.54758e+10
-3.54662e+10
-3.54558e+10
-3.54433e+10
-3.54279e+10
-3.54085e+10
-3.53838e+10
-3.53527e+10
-3.53136e+10
-3.52652e+10
-3.52058e+10
-3.51326e+10
-3.50425e+10
-3.49318e+10
-3.47965e+10
-3.46315e+10
-3.4431e+10
-3.41915e+10
-3.39151e+10
-3.36105e+10
-3.32908e+10
-3.29709e+10
-3.26627e+10
-3.23746e+10
-3.21116e+10
-3.18768e+10
-3.16735e+10
-3.15045e+10
-3.13714e+10
-3.12736e+10
-3.12063e+10
-3.11598e+10
-3.11187e+10
-3.10637e+10
-3.0973e+10
-3.08262e+10
-3.06107e+10
-3.03286e+10
-3.00016e+10
-2.96734e+10
-2.94096e+10
-2.92731e+10
-2.92432e+10
-2.91256e+10
-2.86836e+10
-2.83727e+10
-3.04096e+10
-3.73234e+10
-4.32781e+10
-2.37302e+10
-3.5522e+10
-3.5494e+10
-3.54903e+10
-3.54795e+10
-3.54701e+10
-3.54595e+10
-3.54482e+10
-3.5435e+10
-3.54191e+10
-3.53996e+10
-3.53753e+10
-3.5345e+10
-3.53074e+10
-3.52611e+10
-3.52036e+10
-3.5132e+10
-3.50433e+10
-3.49346e+10
-3.48021e+10
-3.46406e+10
-3.44441e+10
-3.42087e+10
-3.39368e+10
-3.3636e+10
-3.33199e+10
-3.30024e+10
-3.26948e+10
-3.24053e+10
-3.21397e+10
-3.19014e+10
-3.16935e+10
-3.15191e+10
-3.13805e+10
-3.12776e+10
-3.12068e+10
-3.11591e+10
-3.11202e+10
-3.1071e+10
-3.09897e+10
-3.08556e+10
-3.06547e+10
-3.03868e+10
-3.0072e+10
-2.97534e+10
-2.94949e+10
-2.9353e+10
-2.93007e+10
-2.91362e+10
-2.8629e+10
-2.83971e+10
-3.11757e+10
-3.94877e+10
-4.43876e+10
-2.30844e+10
-3.55095e+10
-3.5486e+10
-3.54784e+10
-3.54657e+10
-3.54529e+10
-3.5438e+10
-3.54208e+10
-3.54004e+10
-3.53758e+10
-3.53459e+10
-3.53095e+10
-3.52658e+10
-3.52134e+10
-3.51515e+10
-3.50789e+10
-3.49942e+10
-3.48954e+10
-3.47801e+10
-3.46455e+10
-3.44874e+10
-3.43015e+10
-3.4086e+10
-3.38423e+10
-3.35752e+10
-3.32934e+10
-3.30062e+10
-3.27226e+10
-3.24501e+10
-3.21948e+10
-3.19618e+10
-3.17564e+10
-3.15834e+10
-3.14463e+10
-3.13454e+10
-3.12763e+10
-3.12293e+10
-3.11895e+10
-3.11389e+10
-3.10574e+10
-3.09259e+10
-3.07319e+10
-3.04756e+10
-3.0177e+10
-2.98795e+10
-2.96466e+10
-2.95385e+10
-2.95435e+10
-2.94677e+10
-2.90539e+10
-2.86603e+10
-3.02856e+10
-3.64391e+10
-4.26525e+10
-2.50966e+10
-3.55082e+10
-3.54825e+10
-3.54757e+10
-3.54628e+10
-3.545e+10
-3.54348e+10
-3.54176e+10
-3.53971e+10
-3.53726e+10
-3.5343e+10
-3.53072e+10
-3.52643e+10
-3.5213e+10
-3.51524e+10
-3.50812e+10
-3.49983e+10
-3.49015e+10
-3.47885e+10
-3.4656e+10
-3.45e+10
-3.43162e+10
-3.41033e+10
-3.38616e+10
-3.35967e+10
-3.33167e+10
-3.30305e+10
-3.27467e+10
-3.24727e+10
-3.2215e+10
-3.19795e+10
-3.17712e+10
-3.15953e+10
-3.14553e+10
-3.13521e+10
-3.12819e+10
-3.12359e+10
-3.11999e+10
-3.11557e+10
-3.10831e+10
-3.09627e+10
-3.07811e+10
-3.05366e+10
-3.02469e+10
-2.99552e+10
-2.97276e+10
-2.96271e+10
-2.96359e+10
-2.95623e+10
-2.917e+10
-2.89639e+10
-3.1364e+10
-3.8837e+10
-4.41441e+10
-2.25562e+10
-3.55138e+10
-3.54892e+10
-3.54822e+10
-3.54683e+10
-3.54538e+10
-3.54364e+10
-3.54162e+10
-3.5392e+10
-3.5363e+10
-3.53281e+10
-3.52863e+10
-3.52366e+10
-3.51783e+10
-3.51104e+10
-3.50321e+10
-3.49426e+10
-3.48402e+10
-3.47228e+10
-3.45878e+10
-3.44318e+10
-3.42524e+10
-3.40484e+10
-3.38213e+10
-3.35753e+10
-3.33156e+10
-3.30491e+10
-3.27825e+10
-3.25221e+10
-3.22738e+10
-3.20429e+10
-3.18348e+10
-3.1655e+10
-3.15075e+10
-3.13931e+10
-3.13079e+10
-3.12428e+10
-3.11848e+10
-3.11182e+10
-3.10257e+10
-3.08914e+10
-3.07031e+10
-3.0458e+10
-3.01706e+10
-2.98814e+10
-2.96616e+10
-2.95859e+10
-2.96435e+10
-2.96371e+10
-2.93305e+10
-2.91488e+10
-3.13052e+10
-3.8155e+10
-4.30608e+10
-2.25394e+10
-3.5516e+10
-3.54912e+10
-3.54845e+10
-3.54709e+10
-3.54567e+10
-3.54397e+10
-3.54198e+10
-3.53961e+10
-3.53676e+10
-3.53332e+10
-3.5292e+10
-3.52431e+10
-3.51853e+10
-3.51177e+10
-3.50393e+10
-3.49489e+10
-3.48454e+10
-3.47268e+10
-3.45906e+10
-3.44336e+10
-3.42532e+10
-3.40481e+10
-3.38203e+10
-3.35729e+10
-3.33116e+10
-3.30434e+10
-3.27748e+10
-3.25122e+10
-3.22616e+10
-3.2029e+10
-3.18203e+10
-3.16411e+10
-3.14949e+10
-3.13827e+10
-3.13009e+10
-3.12409e+10
-3.1189e+10
-3.11281e+10
-3.10403e+10
-3.09096e+10
-3.07245e+10
-3.04805e+10
-3.01878e+10
-2.98852e+10
-2.96425e+10
-2.95261e+10
-2.95195e+10
-2.94285e+10
-2.90072e+10
-2.86336e+10
-3.04884e+10
-3.74827e+10
-4.49063e+10
-2.83701e+10
-3.55018e+10
-3.54786e+10
-3.54687e+10
-3.54532e+10
-3.54366e+10
-3.54167e+10
-3.53934e+10
-3.53657e+10
-3.53327e+10
-3.52934e+10
-3.52469e+10
-3.51923e+10
-3.51291e+10
-3.50566e+10
-3.49743e+10
-3.48814e+10
-3.4777e+10
-3.46593e+10
-3.4526e+10
-3.43742e+10
-3.42015e+10
-3.40074e+10
-3.37926e+10
-3.35594e+10
-3.33115e+10
-3.30536e+10
-3.27912e+10
-3.25301e+10
-3.2276e+10
-3.20345e+10
-3.18118e+10
-3.1614e+10
-3.14462e+10
-3.13101e+10
-3.12032e+10
-3.1118e+10
-3.10432e+10
-3.09636e+10
-3.08623e+10
-3.07233e+10
-3.05346e+10
-3.02908e+10
-2.99987e+10
-2.96896e+10
-2.94458e+10
-2.93684e+10
-2.94156e+10
-2.93681e+10
-2.89911e+10
-2.86243e+10
-3.03686e+10
-3.72172e+10
-4.47697e+10
-2.86488e+10
-3.55004e+10
-3.5478e+10
-3.54679e+10
-3.54525e+10
-3.54359e+10
-3.54161e+10
-3.53929e+10
-3.53653e+10
-3.53324e+10
-3.52932e+10
-3.52467e+10
-3.51921e+10
-3.51288e+10
-3.50561e+10
-3.49732e+10
-3.48796e+10
-3.47741e+10
-3.46553e+10
-3.45209e+10
-3.4368e+10
-3.41945e+10
-3.39998e+10
-3.37845e+10
-3.35512e+10
-3.33034e+10
-3.30461e+10
-3.27848e+10
-3.25255e+10
-3.22735e+10
-3.2035e+10
-3.18165e+10
-3.16243e+10
-3.14629e+10
-3.13338e+10
-3.1234e+10
-3.11564e+10
-3.10885e+10
-3.1014e+10
-3.09156e+10
-3.0779e+10
-3.05945e+10
-3.03571e+10
-3.0072e+10
-2.97743e+10
-2.95407e+10
-2.94415e+10
-2.94552e+10
-2.93722e+10
-2.89215e+10
-2.83858e+10
-2.9738e+10
-3.62205e+10
-4.49654e+10
-3.10948e+10
-3.55069e+10
-3.5477e+10
-3.54671e+10
-3.54503e+10
-3.54324e+10
-3.54106e+10
-3.53848e+10
-3.5354e+10
-3.53173e+10
-3.52738e+10
-3.52225e+10
-3.51629e+10
-3.50944e+10
-3.50166e+10
-3.49295e+10
-3.48325e+10
-3.47251e+10
-3.46059e+10
-3.44732e+10
-3.43242e+10
-3.41571e+10
-3.39714e+10
-3.37673e+10
-3.35464e+10
-3.33106e+10
-3.30638e+10
-3.28109e+10
-3.25574e+10
-3.23088e+10
-3.20712e+10
-3.1851e+10
-3.16552e+10
-3.14902e+10
-3.13588e+10
-3.12596e+10
-3.11865e+10
-3.11278e+10
-3.10657e+10
-3.09798e+10
-3.08521e+10
-3.06724e+10
-3.04411e+10
-3.01667e+10
-2.98709e+10
-2.96248e+10
-2.95469e+10
-2.95968e+10
-2.95063e+10
-2.90589e+10
-2.86043e+10
-3.02579e+10
-3.65961e+10
-4.15496e+10
-2.12893e+10
-3.55052e+10
-3.54762e+10
-3.54664e+10
-3.54494e+10
-3.54315e+10
-3.54095e+10
-3.53837e+10
-3.53529e+10
-3.53162e+10
-3.52727e+10
-3.52216e+10
-3.51621e+10
-3.50936e+10
-3.50159e+10
-3.49285e+10
-3.4831e+10
-3.47228e+10
-3.46023e+10
-3.44678e+10
-3.43166e+10
-3.41472e+10
-3.39588e+10
-3.3752e+10
-3.35284e+10
-3.32901e+10
-3.30413e+10
-3.27867e+10
-3.25318e+10
-3.22822e+10
-3.20441e+10
-3.18242e+10
-3.16297e+10
-3.14666e+10
-3.13375e+10
-3.12403e+10
-3.11687e+10
-3.11105e+10
-3.10481e+10
-3.09614e+10
-3.08335e+10
-3.06554e+10
-3.04282e+10
-3.01634e+10
-2.98941e+10
-2.9686e+10
-2.96088e+10
-2.96441e+10
-2.95793e+10
-2.91385e+10
-2.86718e+10
-3.0377e+10
-3.6795e+10
-4.11626e+10
-2.06835e+10
-3.54881e+10
-3.54447e+10
-3.54356e+10
-3.54161e+10
-3.53959e+10
-3.53711e+10
-3.53419e+10
-3.53073e+10
-3.52668e+10
-3.52195e+10
-3.51646e+10
-3.51015e+10
-3.50299e+10
-3.49495e+10
-3.48604e+10
-3.47623e+10
-3.46548e+10
-3.45364e+10
-3.44049e+10
-3.42577e+10
-3.40928e+10
-3.39094e+10
-3.37078e+10
-3.34888e+10
-3.32541e+10
-3.30069e+10
-3.27514e+10
-3.24926e+10
-3.22361e+10
-3.19877e+10
-3.17538e+10
-3.15411e+10
-3.13563e+10
-3.12027e+10
-3.10789e+10
-3.09783e+10
-3.08867e+10
-3.07831e+10
-3.06426e+10
-3.04456e+10
-3.01851e+10
-2.98711e+10
-2.95297e+10
-2.91928e+10
-2.89015e+10
-2.87178e+10
-2.86639e+10
-2.85331e+10
-2.80566e+10
-2.7622e+10
-2.94339e+10
-3.59205e+10
-4.18918e+10
-2.6209e+10
-3.54883e+10
-3.54466e+10
-3.54374e+10
-3.54181e+10
-3.53981e+10
-3.53734e+10
-3.53443e+10
-3.53099e+10
-3.52695e+10
-3.52223e+10
-3.51675e+10
-3.51045e+10
-3.50328e+10
-3.49521e+10
-3.48622e+10
-3.47627e+10
-3.46531e+10
-3.45322e+10
-3.4398e+10
-3.42485e+10
-3.40817e+10
-3.38971e+10
-3.36945e+10
-3.34747e+10
-3.32395e+10
-3.29921e+10
-3.27364e+10
-3.24775e+10
-3.22215e+10
-3.19749e+10
-3.17444e+10
-3.1537e+10
-3.13595e+10
-3.12151e+10
-3.11025e+10
-3.10143e+10
-3.09371e+10
-3.08512e+10
-3.07324e+10
-3.05608e+10
-3.03273e+10
-3.00394e+10
-2.97181e+10
-2.9395e+10
-2.91212e+10
-2.89603e+10
-2.8891e+10
-2.87059e+10
-2.81148e+10
-2.74335e+10
-2.87312e+10
-3.47373e+10
-4.16953e+10
-2.77625e+10
-3.97969e+10
-4.08417e+10
-3.97962e+10
-4.05786e+10
-4.05699e+10
-2.81212e+10
-3.8553e+10
-2.85346e+10
-1.73922e+10
-1.74246e+10
-4.02201e+10
-4.1606e+10
-3.86192e+10
-4.05504e+10
-4.06509e+10
-2.83156e+10
-3.81476e+10
-2.79728e+10
-1.72935e+10
-1.70222e+10
-4.06161e+10
-4.07827e+10
-3.94285e+10
-4.07599e+10
-3.95322e+10
-1.7503e+10
-1.78246e+10
-3.70467e+10
-2.72423e+10
-3.75392e+10
-2.78339e+10
-4.07037e+10
-4.07186e+10
-3.9761e+10
-4.08648e+10
-3.97025e+10
-1.78992e+10
-1.79392e+10
-3.76332e+10
-2.79463e+10
-3.75257e+10
-2.76754e+10
-3.57273e+10
-3.7463e+10
-3.59389e+10
-3.89472e+10
-3.72827e+10
-3.92191e+10
-3.74407e+10
-3.14287e+10
-3.35386e+10
-3.18256e+10
-3.39195e+10
-3.10063e+10
-3.40751e+10
-3.13639e+10
-3.5994e+10
-3.77124e+10
-3.60264e+10
-3.93004e+10
-3.75372e+10
-4.01509e+10
-3.77151e+10
-3.17081e+10
-3.33823e+10
-3.15687e+10
-3.39363e+10
-3.10605e+10
-3.36951e+10
-3.07969e+10
-4.10176e+10
-3.97458e+10
-4.09497e+10
-4.02413e+10
-4.08686e+10
-4.02133e+10
-4.07952e+10
-3.36388e+10
-3.44768e+10
-3.85294e+10
-3.46619e+10
-3.29251e+10
-2.66382e+10
-2.5914e+10
-2.69726e+10
-2.16792e+10
-2.45688e+10
-2.1855e+10
-2.49231e+10
-4.11047e+10
-3.98583e+10
-4.09213e+10
-4.03027e+10
-4.08281e+10
-4.02007e+10
-4.07734e+10
-3.35264e+10
-3.45705e+10
-3.88077e+10
-3.46831e+10
-3.34127e+10
-2.68914e+10
-2.5538e+10
-2.66913e+10
-2.17937e+10
-2.48892e+10
-2.15941e+10
-2.46445e+10
-4.09698e+10
-4.01689e+10
-4.08788e+10
-3.96877e+10
-4.11836e+10
-3.97053e+10
-4.11374e+10
-4.07695e+10
-4.06808e+10
-4.10747e+10
-4.10476e+10
-4.07052e+10
-2.87926e+10
-2.79137e+10
-2.44462e+10
-2.19731e+10
-2.48106e+10
-2.51221e+10
-2.61571e+10
-2.54687e+10
-2.64823e+10
-4.08975e+10
-4.01616e+10
-4.08372e+10
-3.99107e+10
-4.11479e+10
-3.98714e+10
-4.10658e+10
-4.09357e+10
-4.06983e+10
-4.10036e+10
-4.0867e+10
-4.10645e+10
-3.20621e+10
-3.10587e+10
-2.49604e+10
-2.20685e+10
-2.46918e+10
-2.56368e+10
-2.65351e+10
-2.54405e+10
-2.62615e+10
-3.69971e+10
-3.9112e+10
-3.70303e+10
-3.73525e+10
-3.56557e+10
-3.74348e+10
-3.57915e+10
-2.99486e+10
-3.32514e+10
-3.02436e+10
-3.30697e+10
-3.11722e+10
-3.3297e+10
-3.14601e+10
-3.70116e+10
-3.9013e+10
-3.68668e+10
-3.74131e+10
-3.5707e+10
-3.73762e+10
-3.55849e+10
-3.01666e+10
-3.29942e+10
-2.98393e+10
-3.31866e+10
-3.13546e+10
-3.29405e+10
-3.10315e+10
-4.08652e+10
-3.95578e+10
-3.98885e+10
-3.93734e+10
-4.05805e+10
-4.10942e+10
-3.98793e+10
-3.92543e+10
-3.94021e+10
-4.12401e+10
-4.05561e+10
-4.07738e+10
-4.05729e+10
-4.07126e+10
-4.04057e+10
-4.10275e+10
-4.06253e+10
-4.05436e+10
-4.0702e+10
-4.05957e+10
-4.07067e+10
-4.07935e+10
-4.10716e+10
-4.19326e+10
-3.35079e+10
-3.86312e+10
-3.46472e+10
-3.47276e+10
-3.34766e+10
-2.98799e+10
-2.92818e+10
-2.4593e+10
-2.02538e+10
-1.70725e+10
-2.01828e+10
-2.42446e+10
-2.97084e+10
-2.96142e+10
-2.4489e+10
-2.03073e+10
-1.72521e+10
-2.02601e+10
-2.41752e+10
-4.11588e+10
-3.97603e+10
-4.03407e+10
-3.98869e+10
-4.10872e+10
-4.19108e+10
-3.98414e+10
-3.79252e+10
-3.90637e+10
-4.20923e+10
-4.08638e+10
-4.08126e+10
-4.06546e+10
-4.07881e+10
-4.09095e+10
-4.10367e+10
-4.12153e+10
-4.11842e+10
-4.07827e+10
-4.08175e+10
-4.08605e+10
-4.10928e+10
-4.2006e+10
-4.34139e+10
-3.36397e+10
-3.88148e+10
-3.4387e+10
-3.46727e+10
-3.27443e+10
-2.93257e+10
-2.96321e+10
-2.37405e+10
-2.01396e+10
-1.69967e+10
-2.40646e+10
-1.99431e+10
-2.93445e+10
-2.83939e+10
-2.36254e+10
-1.97391e+10
-1.66764e+10
-1.96528e+10
-2.30491e+10
-4.08211e+10
-4.07694e+10
-4.08392e+10
-4.06567e+10
-4.09711e+10
-4.09986e+10
-4.07478e+10
-4.09616e+10
-4.15889e+10
-4.07846e+10
-3.98769e+10
-3.96106e+10
-4.00214e+10
-4.0719e+10
-4.08644e+10
-3.96927e+10
-3.97354e+10
-4.09605e+10
-4.0048e+10
-2.42812e+10
-1.72563e+10
-2.03378e+10
-2.03146e+10
-2.36607e+10
-2.90878e+10
-3.03638e+10
-2.45565e+10
-1.75534e+10
-2.09017e+10
-2.06126e+10
-2.54306e+10
-3.209e+10
-3.31061e+10
-3.74016e+10
-3.33118e+10
-3.12712e+10
-3.22398e+10
-3.75113e+10
-3.36224e+10
-3.32042e+10
-3.34631e+10
-4.11622e+10
-4.12842e+10
-4.09371e+10
-4.07517e+10
-4.09828e+10
-4.09172e+10
-4.08314e+10
-4.19855e+10
-4.14391e+10
-4.10848e+10
-4.01267e+10
-3.99868e+10
-4.09695e+10
-4.03963e+10
-4.11552e+10
-3.96339e+10
-4.00158e+10
-3.96973e+10
-4.13281e+10
-2.67573e+10
-1.77862e+10
-2.12061e+10
-2.59138e+10
-2.12676e+10
-3.24427e+10
-3.17711e+10
-2.70007e+10
-1.76307e+10
-2.12748e+10
-2.12397e+10
-2.64226e+10
-3.45175e+10
-3.37603e+10
-3.77811e+10
-3.37029e+10
-3.39128e+10
-3.48018e+10
-3.77174e+10
-3.37765e+10
-3.39012e+10
-3.40386e+10
-4.05464e+10
-4.01813e+10
-4.05293e+10
-4.12011e+10
-4.00851e+10
-4.11405e+10
-4.05518e+10
-4.09098e+10
-4.03657e+10
-4.07854e+10
-4.14517e+10
-4.0501e+10
-4.0936e+10
-4.14151e+10
-4.05914e+10
-4.06086e+10
-4.03312e+10
-4.13734e+10
-4.0443e+10
-4.11443e+10
-4.08662e+10
-2.78444e+10
-3.03863e+10
-2.8226e+10
-2.49423e+10
-3.05362e+10
-2.49514e+10
-2.76459e+10
-2.78124e+10
-2.83639e+10
-3.06564e+10
-2.51097e+10
-3.06363e+10
-2.50204e+10
-2.76957e+10
-4.11743e+10
-4.1339e+10
-4.15075e+10
-4.1732e+10
-4.05878e+10
-4.16428e+10
-4.13303e+10
-2.75208e+10
-3.04901e+10
-2.82454e+10
-2.48773e+10
-3.0477e+10
-2.75327e+10
-2.47553e+10
-2.74417e+10
-2.80472e+10
-3.01702e+10
-2.45315e+10
-3.03562e+10
-2.45522e+10
-2.71418e+10
-4.08429e+10
-4.14161e+10
-4.03068e+10
-4.07075e+10
-4.14025e+10
-4.03453e+10
-4.07979e+10
-4.08728e+10
-4.15953e+10
-4.07415e+10
-4.03207e+10
-4.14483e+10
-4.0919e+10
-4.04371e+10
-2.70037e+10
-2.44607e+10
-2.91975e+10
-2.73578e+10
-2.45326e+10
-2.93732e+10
-2.67484e+10
-2.72522e+10
-2.50833e+10
-2.76137e+10
-2.98033e+10
-2.47999e+10
-2.75698e+10
-2.95872e+10
-4.12296e+10
-4.16438e+10
-4.04447e+10
-4.06929e+10
-4.10809e+10
-4.17826e+10
-4.04023e+10
-4.15015e+10
-4.17362e+10
-4.08881e+10
-4.05318e+10
-4.20011e+10
-4.0161e+10
-4.14153e+10
-2.83396e+10
-2.53494e+10
-2.99623e+10
-2.79016e+10
-2.80147e+10
-2.54026e+10
-3.00563e+10
-2.84642e+10
-2.52981e+10
-2.77794e+10
-2.98401e+10
-2.53578e+10
-2.99969e+10
-2.82115e+10
-4.0971e+10
-3.42458e+10
-4.19309e+10
-3.37369e+10
-3.41581e+10
-4.11504e+10
-4.20462e+10
-4.34268e+10
-4.40173e+10
-4.44949e+10
-4.29044e+10
-4.36035e+10
-4.47825e+10
-4.47173e+10
-4.36387e+10
-4.10865e+10
-3.36866e+10
-3.39618e+10
-4.0917e+10
-3.40855e+10
-4.19999e+10
-3.99784e+10
-4.16187e+10
-3.43739e+10
-3.34506e+10
-4.28358e+10
-3.42109e+10
-4.20563e+10
-4.26138e+10
-4.40385e+10
-4.51855e+10
-4.39691e+10
-4.5268e+10
-4.14235e+10
-3.34471e+10
-3.40914e+10
-4.22885e+10
-4.14031e+10
-3.41233e+10
-4.23853e+10
-4.43738e+10
-4.59336e+10
-4.54746e+10
-4.47485e+10
-4.08058e+10
-4.08412e+10
-4.08601e+10
-4.07579e+10
-4.08135e+10
-4.083e+10
-4.08384e+10
-4.04703e+10
-4.02515e+10
-4.0204e+10
-4.05301e+10
-4.04991e+10
-4.03188e+10
-4.02312e+10
-4.05686e+10
-4.07845e+10
-4.07108e+10
-4.06775e+10
-4.08532e+10
-4.07082e+10
-4.08678e+10
-4.08774e+10
-2.88087e+10
-2.8431e+10
-4.05156e+10
-4.0748e+10
-4.08023e+10
-4.07965e+10
-4.06589e+10
-4.05925e+10
-4.07784e+10
-4.02598e+10
-4.01505e+10
-4.01765e+10
-4.02431e+10
-4.03343e+10
-4.03392e+10
-4.02573e+10
-4.04071e+10
-4.04961e+10
-4.08496e+10
-4.06811e+10
-4.0725e+10
-4.04871e+10
-4.06461e+10
-4.07736e+10
-3.18658e+10
-3.15181e+10
-4.06108e+10
-4.03513e+10
-4.11508e+10
-4.06328e+10
-4.02441e+10
-4.08187e+10
-4.10924e+10
-4.20038e+10
-4.35613e+10
-4.37534e+10
-4.1939e+10
-4.2109e+10
-4.40831e+10
-4.38027e+10
-4.22956e+10
-4.06647e+10
-4.06089e+10
-4.0234e+10
-4.08445e+10
-4.02798e+10
-4.08781e+10
-4.05857e+10
-4.10784e+10
-4.04322e+10
-4.19018e+10
-4.11033e+10
-4.10452e+10
-4.01585e+10
-4.27076e+10
-4.32999e+10
-4.48835e+10
-4.49796e+10
-4.29774e+10
-4.31761e+10
-4.45928e+10
-4.29172e+10
-4.49165e+10
-4.09512e+10
-4.07944e+10
-4.02394e+10
-4.21792e+10
-3.99363e+10
-4.31254e+10
-4.07222e+10
-4.02819e+10
-4.04039e+10
-4.02197e+10
-4.04258e+10
-4.04267e+10
-4.01797e+10
-4.03076e+10
-4.01144e+10
-4.01023e+10
-4.00403e+10
-4.01817e+10
-4.01499e+10
-4.01632e+10
-4.00632e+10
-4.02221e+10
-4.02824e+10
-4.04369e+10
-4.04534e+10
-4.01569e+10
-4.04543e+10
-4.01853e+10
-4.03476e+10
-4.07752e+10
-4.06647e+10
-4.04195e+10
-4.04546e+10
-4.06324e+10
-4.04202e+10
-4.04177e+10
-4.04196e+10
-4.05303e+10
-4.02843e+10
-4.01636e+10
-4.02599e+10
-4.02323e+10
-4.03834e+10
-4.07989e+10
-4.05382e+10
-4.05128e+10
-4.03968e+10
-4.07284e+10
-4.03918e+10
-4.03668e+10
-4.03037e+10
-4.03651e+10
-4.03296e+10
-4.15191e+10
-4.23914e+10
-4.11203e+10
-3.4223e+10
-4.18875e+10
-3.34673e+10
-4.11951e+10
-3.41753e+10
-4.1984e+10
-4.39513e+10
-4.54987e+10
-4.4051e+10
-4.5657e+10
-4.40131e+10
-4.51747e+10
-4.38205e+10
-4.55294e+10
-4.11371e+10
-3.34335e+10
-3.41808e+10
-4.21829e+10
-4.13781e+10
-3.40709e+10
-4.20446e+10
-3.01198e+10
-2.99385e+10
-1.79267e+10
-2.23934e+10
-1.91913e+10
-2.46851e+10
-2.23623e+10
-1.92777e+10
-1.79487e+10
-1.52102e+10
-1.44142e+10
-1.40707e+10
-1.55411e+10
-1.54468e+10
-1.4566e+10
-1.55047e+10
-1.43948e+10
-1.76616e+10
-2.44425e+10
-2.22002e+10
-1.89829e+10
-2.21679e+10
-1.89191e+10
-1.80809e+10
-2.96799e+10
-2.96857e+10
-1.78286e+10
-2.23544e+10
-2.43494e+10
-1.90658e+10
-2.22489e+10
-1.79213e+10
-1.88121e+10
-1.53278e+10
-1.42448e+10
-1.51687e+10
-1.43736e+10
-1.7664e+10
-2.42526e+10
-2.21039e+10
-1.84819e+10
-2.21255e+10
-1.86649e+10
-1.75423e+10
-1.54569e+10
-1.4644e+10
-1.55355e+10
-1.45063e+10
-4.07016e+10
-4.06558e+10
-4.09776e+10
-4.12613e+10
-4.06522e+10
-4.09389e+10
-4.09482e+10
-4.21816e+10
-4.44951e+10
-4.43676e+10
-4.24747e+10
-4.06791e+10
-4.09598e+10
-4.04734e+10
-4.12985e+10
-4.05756e+10
-4.0787e+10
-4.09783e+10
-4.22182e+10
-4.49752e+10
-4.44742e+10
-4.28112e+10
-4.30144e+10
-4.03654e+10
-4.29104e+10
-4.16394e+10
-4.12758e+10
-3.97992e+10
-4.7209e+10
-4.72231e+10
-4.58632e+10
-4.66389e+10
-4.47997e+10
-4.58993e+10
-4.62224e+10
-4.42659e+10
-4.697e+10
-4.71891e+10
-4.16498e+10
-3.85579e+10
-5.47077e+10
-3.90548e+10
-5.77951e+10
-4.28107e+10
-4.0565e+10
-4.07432e+10
-4.07938e+10
-4.06281e+10
-4.07352e+10
-4.04937e+10
-4.06581e+10
-4.02342e+10
-4.00948e+10
-4.01131e+10
-4.02157e+10
-4.04825e+10
-4.07558e+10
-4.06345e+10
-4.04266e+10
-4.06894e+10
-4.04311e+10
-4.04067e+10
-4.03288e+10
-4.03067e+10
-4.02023e+10
-4.04469e+10
-4.09042e+10
-4.09931e+10
-4.06075e+10
-4.08682e+10
-4.07684e+10
-4.13516e+10
-4.07196e+10
-4.07402e+10
-4.08851e+10
-4.0568e+10
-4.0538e+10
-4.05521e+10
-4.05663e+10
-4.05714e+10
-4.04945e+10
-4.06068e+10
-4.05586e+10
-4.06193e+10
-4.12433e+10
-4.07274e+10
-4.09646e+10
-4.06626e+10
-4.09992e+10
-4.06547e+10
-4.28426e+10
-4.38681e+10
-4.25008e+10
-3.4443e+10
-4.31611e+10
-3.37465e+10
-4.24393e+10
-3.43901e+10
-4.33968e+10
-4.56468e+10
-4.6885e+10
-4.75673e+10
-4.49368e+10
-4.58375e+10
-4.69811e+10
-4.5385e+10
-4.77553e+10
-4.26865e+10
-3.36214e+10
-3.41336e+10
-4.20862e+10
-3.42805e+10
-4.33764e+10
-4.12851e+10
-2.94088e+10
-2.95572e+10
-1.71253e+10
-2.38002e+10
-2.17747e+10
-1.77186e+10
-2.1815e+10
-1.78011e+10
-1.69747e+10
-1.49967e+10
-1.42634e+10
-1.51029e+10
-1.41537e+10
-1.72422e+10
-2.39297e+10
-2.19717e+10
-1.83537e+10
-1.73879e+10
-2.18565e+10
-1.81058e+10
-1.48598e+10
-1.40415e+10
-1.46995e+10
-1.40955e+10
-2.94883e+10
-2.91847e+10
-1.66073e+10
-2.16227e+10
-1.75654e+10
-2.36055e+10
-2.1492e+10
-1.67503e+10
-1.74454e+10
-1.40252e+10
-1.37212e+10
-1.32696e+10
-1.4447e+10
-1.43337e+10
-1.38885e+10
-1.45168e+10
-1.35722e+10
-1.62161e+10
-2.32135e+10
-2.13345e+10
-1.7086e+10
-2.12316e+10
-1.69333e+10
-1.67798e+10
-4.09521e+10
-4.08354e+10
-4.06888e+10
-4.08849e+10
-4.0839e+10
-4.08452e+10
-4.08075e+10
-4.09393e+10
-4.07043e+10
-4.03648e+10
-4.02048e+10
-4.02927e+10
-4.02745e+10
-4.04863e+10
-4.03857e+10
-4.05728e+10
-4.03821e+10
-4.06015e+10
-4.06269e+10
-4.08249e+10
-4.05476e+10
-4.05009e+10
-4.10331e+10
-4.04835e+10
-4.11637e+10
-4.1833e+10
-4.0715e+10
-4.0905e+10
-4.06847e+10
-4.07095e+10
-4.08477e+10
-4.05984e+10
-4.07988e+10
-4.12816e+10
-4.1869e+10
-4.20222e+10
-4.12566e+10
-4.13038e+10
-4.18808e+10
-4.13112e+10
-4.19795e+10
-4.06603e+10
-4.08002e+10
-4.08566e+10
-4.05644e+10
-4.09091e+10
-4.05913e+10
-4.06298e+10
-4.11471e+10
-4.09708e+10
-4.08659e+10
-4.07419e+10
-4.13686e+10
-4.09272e+10
-4.07006e+10
-4.18705e+10
-4.21709e+10
-4.21916e+10
-4.17575e+10
-4.18179e+10
-4.20501e+10
-4.15306e+10
-4.21787e+10
-4.1239e+10
-4.08612e+10
-4.15889e+10
-4.06728e+10
-4.17471e+10
-4.06263e+10
-4.10675e+10
-1.80334e+10
-1.95025e+10
-2.22741e+10
-2.41617e+10
-1.93118e+10
-1.82153e+10
-2.21257e+10
-1.54394e+10
-1.45213e+10
-1.41905e+10
-1.57243e+10
-1.56789e+10
-1.46643e+10
-1.44609e+10
-1.58547e+10
-1.76722e+10
-2.37928e+10
-1.88334e+10
-2.19584e+10
-1.87718e+10
-2.1904e+10
-1.8117e+10
-2.94025e+10
-2.99461e+10
-1.86476e+10
-1.98552e+10
-2.24957e+10
-2.47466e+10
-1.84885e+10
-1.99906e+10
-2.26022e+10
-1.63229e+10
-1.46752e+10
-1.47378e+10
-1.63621e+10
-1.61878e+10
-1.48269e+10
-1.47583e+10
-1.60861e+10
-1.88229e+10
-2.5097e+10
-2.06608e+10
-2.30242e+10
-2.04226e+10
-2.27854e+10
-1.90089e+10
-3.81959e+10
-3.90187e+10
-3.25765e+10
-3.20224e+10
-3.90763e+10
-3.24419e+10
-3.83109e+10
-4.03715e+10
-4.14132e+10
-4.17937e+10
-4.0019e+10
-4.0556e+10
-4.1745e+10
-4.19355e+10
-4.04443e+10
-3.82665e+10
-3.18833e+10
-3.80553e+10
-3.22517e+10
-3.89687e+10
-3.23464e+10
-3.73357e+10
-3.84866e+10
-3.91758e+10
-3.24414e+10
-3.27096e+10
-3.94663e+10
-3.8389e+10
-3.28114e+10
-4.06715e+10
-4.19983e+10
-4.20579e+10
-4.08121e+10
-4.06732e+10
-4.18056e+10
-4.20256e+10
-4.04811e+10
-3.86948e+10
-3.27961e+10
-4.0231e+10
-3.32923e+10
-3.9775e+10
-3.29966e+10
-3.9034e+10
-4.12522e+10
-4.12158e+10
-4.03743e+10
-4.12988e+10
-4.04685e+10
-3.94577e+10
-4.05536e+10
-4.32741e+10
-4.00931e+10
-4.06021e+10
-4.05409e+10
-4.05625e+10
-4.05864e+10
-4.05101e+10
-4.04427e+10
-4.04164e+10
-4.05415e+10
-4.06218e+10
-4.06041e+10
-4.10333e+10
-4.07823e+10
-4.11665e+10
-4.07266e+10
-4.06712e+10
-4.336e+10
-4.16237e+10
-4.10671e+10
-4.10779e+10
-4.11571e+10
-4.10377e+10
-4.11243e+10
-4.10085e+10
-4.12005e+10
-4.15001e+10
-4.20775e+10
-4.16501e+10
-4.21077e+10
-4.10271e+10
-4.10384e+10
-4.13253e+10
-4.08105e+10
-4.112e+10
-4.12028e+10
-4.0932e+10
-4.14679e+10
-4.22223e+10
-4.16575e+10
-4.2139e+10
-4.10699e+10
-4.17415e+10
-4.09606e+10
-4.13486e+10
-4.14027e+10
-4.14256e+10
-4.09334e+10
-4.17843e+10
-4.24918e+10
-4.25888e+10
-4.17464e+10
-4.17453e+10
-4.22315e+10
-4.19705e+10
-4.2531e+10
-4.11814e+10
-4.13272e+10
-4.13238e+10
-4.10284e+10
-4.13114e+10
-4.10424e+10
-4.11438e+10
-1.96873e+10
-2.19182e+10
-2.65511e+10
-2.39369e+10
-2.1681e+10
-1.97964e+10
-2.37934e+10
-1.66727e+10
-1.48105e+10
-1.47636e+10
-1.65789e+10
-1.67112e+10
-1.47394e+10
-1.47451e+10
-1.67065e+10
-1.95014e+10
-2.62215e+10
-2.11484e+10
-2.33961e+10
-2.14751e+10
-1.93221e+10
-2.35583e+10
-3.27153e+10
-3.26349e+10
-1.99285e+10
-2.21921e+10
-2.40636e+10
-2.71415e+10
-1.99062e+10
-2.23537e+10
-2.40494e+10
-1.65853e+10
-1.46652e+10
-1.4255e+10
-1.67461e+10
-1.66913e+10
-1.46638e+10
-1.44461e+10
-1.6725e+10
-1.9694e+10
-2.6906e+10
-2.18128e+10
-2.38051e+10
-2.20689e+10
-2.38537e+10
-1.99482e+10
-3.96768e+10
-3.42861e+10
-4.16689e+10
-3.41365e+10
-4.14669e+10
-3.39289e+10
-3.994e+10
-4.10927e+10
-4.2011e+10
-4.095e+10
-4.21078e+10
-3.94603e+10
-3.39819e+10
-4.07647e+10
-3.35769e+10
-4.10749e+10
-3.92997e+10
-3.3698e+10
-4.12978e+10
-4.22407e+10
-4.21735e+10
-4.13584e+10
-4.01108e+10
-4.19686e+10
-3.42388e+10
-3.48759e+10
-4.21548e+10
-4.01151e+10
-3.41642e+10
-4.18621e+10
-4.24027e+10
-4.26981e+10
-4.157e+10
-4.17496e+10
-4.2397e+10
-4.26883e+10
-4.15121e+10
-4.04503e+10
-3.49401e+10
-4.13582e+10
-3.40856e+10
-4.23589e+10
-3.41819e+10
-3.94496e+10
)
;

boundaryField
{
    inlet
    {
        type            zeroGradient;
    }
    outlet
    {
        type            fixedValue;
        value           uniform 101325;
    }
    rightSide
    {
        type            symmetryPlane;
    }
    leftSide
    {
        type            symmetryPlane;
    }
    duct
    {
        type            zeroGradient;
    }
    cylinder
    {
        type            zeroGradient;
    }
}


// ************************************************************************* //
