/*--------------------------------*- C++ -*----------------------------------*\
| =========                 |                                                 |
| \\      /  F ield         | OpenFOAM: The Open Source CFD Toolbox           |
|  \\    /   O peration     | Version:  4.1                                   |
|   \\  /    A nd           | Web:      www.OpenFOAM.org                      |
|    \\/     M anipulation  |                                                 |
\*---------------------------------------------------------------------------*/
FoamFile
{
    version     2.0;
    format      ascii;
    class       volScalarField;
    location    "60";
    object      p;
}
// * * * * * * * * * * * * * * * * * * * * * * * * * * * * * * * * * * * * * //

dimensions      [0 2 -2 0 0 0 0];

internalField   nonuniform List<scalar> 
4432
(
-3.87998e+10
-3.97498e+10
-4.05517e+10
-3.99675e+10
-3.99153e+10
-4.0193e+10
-4.02427e+10
-4.02714e+10
-4.03015e+10
-4.03466e+10
-4.03947e+10
-4.04322e+10
-4.04489e+10
-4.04433e+10
-4.04257e+10
-4.03979e+10
-4.03492e+10
-4.02763e+10
-4.01791e+10
-4.00591e+10
-3.99166e+10
-3.97564e+10
-3.95841e+10
-3.94074e+10
-3.92337e+10
-3.90707e+10
-3.89245e+10
-3.87995e+10
-3.86972e+10
-3.86164e+10
-3.85526e+10
-3.84992e+10
-3.84488e+10
-3.83936e+10
-3.83287e+10
-3.8254e+10
-3.81761e+10
-3.81078e+10
-3.80658e+10
-3.8065e+10
-3.81101e+10
-3.81881e+10
-3.82665e+10
-3.83051e+10
-3.82871e+10
-3.82301e+10
-3.81037e+10
-3.76687e+10
-3.66285e+10
-3.57811e+10
-3.86602e+10
-4.88254e+10
-5.72498e+10
-2.85153e+10
-3.92444e+10
-3.96053e+10
-4.00903e+10
-4.01855e+10
-3.99882e+10
-4.01592e+10
-4.02487e+10
-4.027e+10
-4.02975e+10
-4.03511e+10
-4.04062e+10
-4.04442e+10
-4.04579e+10
-4.04518e+10
-4.04355e+10
-4.04081e+10
-4.03584e+10
-4.02842e+10
-4.01866e+10
-4.00656e+10
-3.9922e+10
-3.97601e+10
-3.95857e+10
-3.94064e+10
-3.92299e+10
-3.90639e+10
-3.89146e+10
-3.87866e+10
-3.86817e+10
-3.85989e+10
-3.85339e+10
-3.84803e+10
-3.84307e+10
-3.83779e+10
-3.83174e+10
-3.82492e+10
-3.81795e+10
-3.81209e+10
-3.80891e+10
-3.80981e+10
-3.81519e+10
-3.82367e+10
-3.83186e+10
-3.83556e+10
-3.83279e+10
-3.82471e+10
-3.80679e+10
-3.75107e+10
-3.61808e+10
-3.47358e+10
-3.68722e+10
-4.78423e+10
-6.04856e+10
-3.709e+10
-3.95698e+10
-3.96548e+10
-3.99064e+10
-4.02494e+10
-4.0093e+10
-4.01233e+10
-4.02592e+10
-4.02922e+10
-4.03202e+10
-4.03754e+10
-4.04316e+10
-4.04839e+10
-4.05157e+10
-4.05172e+10
-4.04994e+10
-4.04732e+10
-4.04299e+10
-4.03588e+10
-4.02606e+10
-4.01348e+10
-3.99832e+10
-3.98099e+10
-3.96215e+10
-3.94268e+10
-3.92346e+10
-3.9054e+10
-3.88916e+10
-3.87527e+10
-3.86389e+10
-3.85496e+10
-3.84802e+10
-3.84245e+10
-3.83757e+10
-3.83259e+10
-3.82687e+10
-3.82037e+10
-3.81361e+10
-3.8077e+10
-3.80398e+10
-3.8036e+10
-3.80668e+10
-3.81153e+10
-3.81451e+10
-3.81118e+10
-3.7995e+10
-3.78059e+10
-3.74777e+10
-3.66727e+10
-3.49987e+10
-3.34694e+10
-3.63635e+10
-4.8023e+10
-5.86715e+10
-3.63983e+10
-3.95615e+10
-3.97623e+10
-4.00371e+10
-4.01593e+10
-4.00819e+10
-4.01324e+10
-4.02652e+10
-4.02872e+10
-4.03205e+10
-4.03767e+10
-4.04378e+10
-4.04911e+10
-4.052e+10
-4.05185e+10
-4.05007e+10
-4.04774e+10
-4.04339e+10
-4.03607e+10
-4.02619e+10
-4.01356e+10
-3.99832e+10
-3.98089e+10
-3.96193e+10
-3.94232e+10
-3.92294e+10
-3.90472e+10
-3.8883e+10
-3.87425e+10
-3.86276e+10
-3.85376e+10
-3.84684e+10
-3.84134e+10
-3.83652e+10
-3.83161e+10
-3.82612e+10
-3.81995e+10
-3.81358e+10
-3.8081e+10
-3.80483e+10
-3.80487e+10
-3.80823e+10
-3.81319e+10
-3.81612e+10
-3.8126e+10
-3.80059e+10
-3.78093e+10
-3.74625e+10
-3.66049e+10
-3.48058e+10
-3.32371e+10
-3.71227e+10
-5.14931e+10
-6.09853e+10
-2.99061e+10
-4.00776e+10
-3.99957e+10
-3.98024e+10
-4.0183e+10
-4.01713e+10
-4.01441e+10
-4.01946e+10
-4.02417e+10
-4.02933e+10
-4.03552e+10
-4.04179e+10
-4.04815e+10
-4.05241e+10
-4.05345e+10
-4.0525e+10
-4.05051e+10
-4.04675e+10
-4.04028e+10
-4.03103e+10
-4.01872e+10
-4.00342e+10
-3.9855e+10
-3.96565e+10
-3.94483e+10
-3.92402e+10
-3.90423e+10
-3.88618e+10
-3.87044e+10
-3.85725e+10
-3.8466e+10
-3.83805e+10
-3.8308e+10
-3.82396e+10
-3.81696e+10
-3.8094e+10
-3.80115e+10
-3.79273e+10
-3.78515e+10
-3.77963e+10
-3.77696e+10
-3.77701e+10
-3.77801e+10
-3.77655e+10
-3.76914e+10
-3.75553e+10
-3.73888e+10
-3.71302e+10
-3.63978e+10
-3.47145e+10
-3.31126e+10
-3.6135e+10
-4.80878e+10
-5.78707e+10
-2.96146e+10
-3.98943e+10
-4.00405e+10
-4.00645e+10
-4.00243e+10
-4.01019e+10
-4.01632e+10
-4.02142e+10
-4.02438e+10
-4.03018e+10
-4.03641e+10
-4.04282e+10
-4.04904e+10
-4.05324e+10
-4.05433e+10
-4.05347e+10
-4.05179e+10
-4.04797e+10
-4.04129e+10
-4.03182e+10
-4.01928e+10
-4.00373e+10
-3.98551e+10
-3.96534e+10
-3.94417e+10
-3.92302e+10
-3.90288e+10
-3.88451e+10
-3.86847e+10
-3.85501e+10
-3.84411e+10
-3.83535e+10
-3.82802e+10
-3.82131e+10
-3.81453e+10
-3.80726e+10
-3.79948e+10
-3.79169e+10
-3.78492e+10
-3.78046e+10
-3.77921e+10
-3.78105e+10
-3.78416e+10
-3.785e+10
-3.77969e+10
-3.76715e+10
-3.74903e+10
-3.71624e+10
-3.6248e+10
-3.41871e+10
-3.20331e+10
-3.47973e+10
-4.77097e+10
-6.06109e+10
-3.65202e+10
-3.99557e+10
-4.00709e+10
-4.00437e+10
-4.0054e+10
-4.01775e+10
-4.02396e+10
-4.02771e+10
-4.03123e+10
-4.03681e+10
-4.04352e+10
-4.05053e+10
-4.05764e+10
-4.06288e+10
-4.06536e+10
-4.06584e+10
-4.06469e+10
-4.06105e+10
-4.05441e+10
-4.04458e+10
-4.03128e+10
-4.01444e+10
-3.99438e+10
-3.97191e+10
-3.94819e+10
-3.9245e+10
-3.90202e+10
-3.88165e+10
-3.864e+10
-3.84936e+10
-3.8377e+10
-3.82846e+10
-3.82052e+10
-3.81274e+10
-3.80489e+10
-3.79684e+10
-3.78793e+10
-3.77876e+10
-3.77038e+10
-3.76375e+10
-3.75943e+10
-3.75688e+10
-3.75404e+10
-3.74747e+10
-3.73406e+10
-3.7144e+10
-3.6927e+10
-3.66387e+10
-3.59029e+10
-3.41945e+10
-3.23538e+10
-3.47343e+10
-4.64677e+10
-5.85131e+10
-3.27781e+10
-4.00375e+10
-4.00787e+10
-4.00126e+10
-3.99619e+10
-4.01346e+10
-4.02627e+10
-4.02914e+10
-4.03169e+10
-4.03768e+10
-4.04429e+10
-4.05136e+10
-4.05827e+10
-4.06341e+10
-4.06603e+10
-4.06677e+10
-4.06579e+10
-4.06209e+10
-4.05531e+10
-4.04529e+10
-4.03174e+10
-4.0146e+10
-3.99421e+10
-3.97137e+10
-3.94725e+10
-3.9232e+10
-3.90041e+10
-3.87982e+10
-3.86203e+10
-3.84726e+10
-3.83544e+10
-3.82608e+10
-3.81835e+10
-3.8113e+10
-3.80421e+10
-3.79665e+10
-3.78881e+10
-3.78118e+10
-3.7747e+10
-3.77059e+10
-3.76954e+10
-3.77115e+10
-3.77348e+10
-3.77308e+10
-3.7666e+10
-3.75389e+10
-3.73778e+10
-3.71033e+10
-3.62807e+10
-3.43454e+10
-3.24176e+10
-3.58025e+10
-4.97391e+10
-6.03319e+10
-3.03343e+10
-3.99572e+10
-3.9989e+10
-4.00223e+10
-3.99824e+10
-4.00833e+10
-4.01716e+10
-4.02311e+10
-4.02797e+10
-4.03459e+10
-4.04287e+10
-4.0512e+10
-4.05841e+10
-4.06409e+10
-4.06778e+10
-4.06989e+10
-4.06999e+10
-4.06726e+10
-4.06124e+10
-4.05157e+10
-4.03791e+10
-4.01995e+10
-3.99786e+10
-3.97247e+10
-3.94513e+10
-3.91756e+10
-3.89127e+10
-3.86746e+10
-3.84685e+10
-3.82971e+10
-3.81589e+10
-3.80472e+10
-3.79509e+10
-3.78596e+10
-3.7769e+10
-3.76773e+10
-3.7583e+10
-3.74918e+10
-3.7414e+10
-3.73603e+10
-3.73369e+10
-3.73388e+10
-3.73443e+10
-3.7318e+10
-3.7228e+10
-3.7077e+10
-3.6901e+10
-3.6647e+10
-3.59371e+10
-3.41797e+10
-3.19379e+10
-3.31845e+10
-4.3763e+10
-5.80335e+10
-3.63448e+10
-4.00684e+10
-4.0038e+10
-3.99518e+10
-3.99177e+10
-4.00604e+10
-4.01766e+10
-4.0238e+10
-4.02876e+10
-4.03488e+10
-4.04244e+10
-4.05063e+10
-4.05805e+10
-4.06376e+10
-4.06759e+10
-4.06986e+10
-4.07005e+10
-4.06732e+10
-4.06128e+10
-4.05164e+10
-4.03799e+10
-4.02004e+10
-3.99793e+10
-3.97246e+10
-3.94503e+10
-3.91732e+10
-3.89091e+10
-3.86701e+10
-3.84634e+10
-3.8291e+10
-3.8151e+10
-3.80379e+10
-3.79426e+10
-3.7855e+10
-3.77682e+10
-3.7679e+10
-3.75887e+10
-3.75035e+10
-3.74338e+10
-3.73912e+10
-3.73824e+10
-3.74032e+10
-3.74324e+10
-3.74346e+10
-3.73779e+10
-3.72638e+10
-3.71262e+10
-3.69018e+10
-3.61844e+10
-3.44009e+10
-3.24826e+10
-3.52874e+10
-4.81341e+10
-5.97194e+10
-3.05776e+10
-4.00451e+10
-4.00203e+10
-4.00073e+10
-4.00066e+10
-4.00803e+10
-4.0166e+10
-4.0237e+10
-4.02974e+10
-4.03699e+10
-4.04693e+10
-4.05797e+10
-4.06727e+10
-4.07494e+10
-4.08122e+10
-4.08589e+10
-4.08811e+10
-4.08712e+10
-4.08232e+10
-4.07331e+10
-4.05951e+10
-4.04036e+10
-4.01567e+10
-3.98623e+10
-3.95393e+10
-3.92119e+10
-3.89028e+10
-3.86285e+10
-3.83973e+10
-3.82105e+10
-3.80635e+10
-3.79475e+10
-3.78518e+10
-3.77667e+10
-3.76846e+10
-3.76012e+10
-3.75179e+10
-3.74416e+10
-3.73833e+10
-3.7355e+10
-3.73649e+10
-3.741e+10
-3.74713e+10
-3.7516e+10
-3.75137e+10
-3.74657e+10
-3.74073e+10
-3.72936e+10
-3.67672e+10
-3.52614e+10
-3.34285e+10
-3.55192e+10
-4.68665e+10
-5.82659e+10
-2.99507e+10
-4.0064e+10
-4.00391e+10
-3.99999e+10
-3.99903e+10
-4.00802e+10
-4.01598e+10
-4.02279e+10
-4.02996e+10
-4.03783e+10
-4.04743e+10
-4.05778e+10
-4.06722e+10
-4.07523e+10
-4.08185e+10
-4.08685e+10
-4.0894e+10
-4.0887e+10
-4.08421e+10
-4.07546e+10
-4.06191e+10
-4.04299e+10
-4.01854e+10
-3.98937e+10
-3.95739e+10
-3.92502e+10
-3.89453e+10
-3.86753e+10
-3.84489e+10
-3.82671e+10
-3.81253e+10
-3.80152e+10
-3.79263e+10
-3.78481e+10
-3.77728e+10
-3.76966e+10
-3.76206e+10
-3.75514e+10
-3.74999e+10
-3.74773e+10
-3.74911e+10
-3.75376e+10
-3.75966e+10
-3.76327e+10
-3.7613e+10
-3.75369e+10
-3.74368e+10
-3.72598e+10
-3.66305e+10
-3.49815e+10
-3.30697e+10
-3.54616e+10
-4.76998e+10
-5.97003e+10
-3.30597e+10
-3.99536e+10
-3.99277e+10
-3.99119e+10
-3.99473e+10
-4.00181e+10
-4.01069e+10
-4.0189e+10
-4.02637e+10
-4.03538e+10
-4.04727e+10
-4.05989e+10
-4.07154e+10
-4.08217e+10
-4.09164e+10
-4.09927e+10
-4.10412e+10
-4.10526e+10
-4.10195e+10
-4.09376e+10
-4.07999e+10
-4.05965e+10
-4.0318e+10
-3.99698e+10
-3.95788e+10
-3.9181e+10
-3.88103e+10
-3.84885e+10
-3.82256e+10
-3.80206e+10
-3.7865e+10
-3.77464e+10
-3.76524e+10
-3.75724e+10
-3.74972e+10
-3.74209e+10
-3.73438e+10
-3.72722e+10
-3.72167e+10
-3.71888e+10
-3.71958e+10
-3.72354e+10
-3.72893e+10
-3.73246e+10
-3.73103e+10
-3.72449e+10
-3.71592e+10
-3.70057e+10
-3.64257e+10
-3.48436e+10
-3.29303e+10
-3.51808e+10
-4.73928e+10
-6.01875e+10
-3.34455e+10
-3.99172e+10
-3.98952e+10
-3.99277e+10
-3.99661e+10
-4.00268e+10
-4.0095e+10
-4.0176e+10
-4.02654e+10
-4.03683e+10
-4.04869e+10
-4.06114e+10
-4.07314e+10
-4.08423e+10
-4.09408e+10
-4.10201e+10
-4.10702e+10
-4.10819e+10
-4.10481e+10
-4.09637e+10
-4.08222e+10
-4.06129e+10
-4.0327e+10
-3.99711e+10
-3.95726e+10
-3.91693e+10
-3.87948e+10
-3.84713e+10
-3.82084e+10
-3.8005e+10
-3.78527e+10
-3.77389e+10
-3.76502e+10
-3.75754e+10
-3.75054e+10
-3.7435e+10
-3.73645e+10
-3.72999e+10
-3.72517e+10
-3.72316e+10
-3.72466e+10
-3.72934e+10
-3.73525e+10
-3.73891e+10
-3.73695e+10
-3.72883e+10
-3.71697e+10
-3.69544e+10
-3.6266e+10
-3.44887e+10
-3.21254e+10
-3.33798e+10
-4.52128e+10
-6.23794e+10
-4.21662e+10
-3.99035e+10
-3.98666e+10
-3.98664e+10
-3.99264e+10
-4.00093e+10
-4.00897e+10
-4.01661e+10
-4.02494e+10
-4.03629e+10
-4.0506e+10
-4.06514e+10
-4.07933e+10
-4.09318e+10
-4.10616e+10
-4.11737e+10
-4.12567e+10
-4.12977e+10
-4.1288e+10
-4.12219e+10
-4.10941e+10
-4.08874e+10
-4.05786e+10
-4.01657e+10
-3.96854e+10
-3.9199e+10
-3.87567e+10
-3.83875e+10
-3.81004e+10
-3.78895e+10
-3.77404e+10
-3.76358e+10
-3.75597e+10
-3.74978e+10
-3.74392e+10
-3.73776e+10
-3.73128e+10
-3.72502e+10
-3.71993e+10
-3.71705e+10
-3.71698e+10
-3.71928e+10
-3.72198e+10
-3.72165e+10
-3.71499e+10
-3.70145e+10
-3.68337e+10
-3.65487e+10
-3.57849e+10
-3.39152e+10
-3.14404e+10
-3.26844e+10
-4.4586e+10
-6.11651e+10
-3.99356e+10
-3.98659e+10
-3.98249e+10
-3.98693e+10
-3.99486e+10
-4.00121e+10
-4.00707e+10
-4.01532e+10
-4.02501e+10
-4.03679e+10
-4.05058e+10
-4.06499e+10
-4.07936e+10
-4.09332e+10
-4.10632e+10
-4.11745e+10
-4.12555e+10
-4.12939e+10
-4.12811e+10
-4.12128e+10
-4.10828e+10
-4.0874e+10
-4.05643e+10
-4.0151e+10
-3.96713e+10
-3.91847e+10
-3.87412e+10
-3.83691e+10
-3.80773e+10
-3.78605e+10
-3.77053e+10
-3.75944e+10
-3.75115e+10
-3.74431e+10
-3.73785e+10
-3.73118e+10
-3.72432e+10
-3.71785e+10
-3.71277e+10
-3.71025e+10
-3.71107e+10
-3.71498e+10
-3.72026e+10
-3.72384e+10
-3.7228e+10
-3.71708e+10
-3.70953e+10
-3.69477e+10
-3.63517e+10
-3.46494e+10
-3.22299e+10
-3.32535e+10
-4.47714e+10
-6.15239e+10
-4.09706e+10
-3.97902e+10
-3.97523e+10
-3.97552e+10
-3.98108e+10
-3.99006e+10
-3.99793e+10
-4.00586e+10
-4.01636e+10
-4.03057e+10
-4.04722e+10
-4.06488e+10
-4.08319e+10
-4.10172e+10
-4.11969e+10
-4.13597e+10
-4.14903e+10
-4.15713e+10
-4.15895e+10
-4.15394e+10
-4.14198e+10
-4.12084e+10
-4.08568e+10
-4.03359e+10
-3.96988e+10
-3.90579e+10
-3.84977e+10
-3.80545e+10
-3.77321e+10
-3.75137e+10
-3.73738e+10
-3.72864e+10
-3.72298e+10
-3.71863e+10
-3.71432e+10
-3.70947e+10
-3.70418e+10
-3.69917e+10
-3.69558e+10
-3.69465e+10
-3.69721e+10
-3.70308e+10
-3.7106e+10
-3.7168e+10
-3.71901e+10
-3.71743e+10
-3.7152e+10
-3.70713e+10
-3.6557e+10
-3.49696e+10
-3.27997e+10
-3.42491e+10
-4.55532e+10
-5.9258e+10
-3.26398e+10
-3.97974e+10
-3.97548e+10
-3.97727e+10
-3.98419e+10
-3.99118e+10
-3.99812e+10
-4.00757e+10
-4.01902e+10
-4.03271e+10
-4.04866e+10
-4.06607e+10
-4.08427e+10
-4.10264e+10
-4.12043e+10
-4.13651e+10
-4.14936e+10
-4.15724e+10
-4.1587e+10
-4.15325e+10
-4.1407e+10
-4.11904e+10
-4.08353e+10
-4.03141e+10
-3.9681e+10
-3.90453e+10
-3.84915e+10
-3.80541e+10
-3.7736e+10
-3.75203e+10
-3.73818e+10
-3.72943e+10
-3.72352e+10
-3.71862e+10
-3.71347e+10
-3.7075e+10
-3.7008e+10
-3.69409e+10
-3.68853e+10
-3.68539e+10
-3.68561e+10
-3.68915e+10
-3.69466e+10
-3.69961e+10
-3.70194e+10
-3.70271e+10
-3.70621e+10
-3.70864e+10
-3.67364e+10
-3.5368e+10
-3.34732e+10
-3.54094e+10
-4.72334e+10
-5.90179e+10
-3.04902e+10
-3.97836e+10
-3.97714e+10
-3.97615e+10
-3.97859e+10
-3.98587e+10
-3.99374e+10
-4.00302e+10
-4.01593e+10
-4.03221e+10
-4.05084e+10
-4.07168e+10
-4.09413e+10
-4.11738e+10
-4.14043e+10
-4.16187e+10
-4.17991e+10
-4.19251e+10
-4.1979e+10
-4.19559e+10
-4.18623e+10
-4.16828e+10
-4.13296e+10
-4.07015e+10
-3.98531e+10
-3.89947e+10
-3.82853e+10
-3.7765e+10
-3.74223e+10
-3.72154e+10
-3.70998e+10
-3.70374e+10
-3.69987e+10
-3.69629e+10
-3.69167e+10
-3.6855e+10
-3.67799e+10
-3.66999e+10
-3.66284e+10
-3.65801e+10
-3.65655e+10
-3.65854e+10
-3.66267e+10
-3.66657e+10
-3.66844e+10
-3.66976e+10
-3.67503e+10
-3.67974e+10
-3.64554e+10
-3.50705e+10
-3.31874e+10
-3.51812e+10
-4.67841e+10
-5.86363e+10
-3.04349e+10
-3.97935e+10
-3.97723e+10
-3.97606e+10
-3.97897e+10
-3.98566e+10
-3.9946e+10
-4.00483e+10
-4.01777e+10
-4.03367e+10
-4.05232e+10
-4.07321e+10
-4.09567e+10
-4.11888e+10
-4.14182e+10
-4.16306e+10
-4.18081e+10
-4.19301e+10
-4.19792e+10
-4.19499e+10
-4.18492e+10
-4.16616e+10
-4.13007e+10
-4.06672e+10
-3.98128e+10
-3.89483e+10
-3.82344e+10
-3.77129e+10
-3.73711e+10
-3.71671e+10
-3.7056e+10
-3.6999e+10
-3.6966e+10
-3.69357e+10
-3.68945e+10
-3.68372e+10
-3.67657e+10
-3.66884e+10
-3.66185e+10
-3.657e+10
-3.65531e+10
-3.65682e+10
-3.66016e+10
-3.66289e+10
-3.66313e+10
-3.66221e+10
-3.66436e+10
-3.66438e+10
-3.6222e+10
-3.46802e+10
-3.24093e+10
-3.35272e+10
-4.44566e+10
-5.82299e+10
-3.29707e+10
-3.96477e+10
-3.96492e+10
-3.96288e+10
-3.96372e+10
-3.96873e+10
-3.9764e+10
-3.98698e+10
-4.00128e+10
-4.01951e+10
-4.04144e+10
-4.06665e+10
-4.09444e+10
-4.12393e+10
-4.15389e+10
-4.1826e+10
-4.20788e+10
-4.22731e+10
-4.23848e+10
-4.24037e+10
-4.23518e+10
-4.22461e+10
-4.19685e+10
-4.12572e+10
-4.00829e+10
-3.88465e+10
-3.79233e+10
-3.73308e+10
-3.69988e+10
-3.68395e+10
-3.67827e+10
-3.6777e+10
-3.67862e+10
-3.67868e+10
-3.67657e+10
-3.67185e+10
-3.66475e+10
-3.65616e+10
-3.64741e+10
-3.63992e+10
-3.63462e+10
-3.63138e+10
-3.62869e+10
-3.62402e+10
-3.61551e+10
-3.60458e+10
-3.59516e+10
-3.58064e+10
-3.51838e+10
-3.33789e+10
-3.08702e+10
-3.20372e+10
-4.35532e+10
-5.94214e+10
-3.88381e+10
-3.96409e+10
-3.963e+10
-3.96137e+10
-3.96264e+10
-3.96862e+10
-3.97693e+10
-3.98712e+10
-4.00138e+10
-4.01965e+10
-4.04159e+10
-4.06681e+10
-4.09461e+10
-4.1241e+10
-4.15403e+10
-4.18267e+10
-4.20784e+10
-4.22715e+10
-4.23831e+10
-4.24036e+10
-4.23556e+10
-4.22555e+10
-4.19835e+10
-4.12782e+10
-4.01084e+10
-3.88678e+10
-3.79356e+10
-3.73318e+10
-3.69886e+10
-3.68212e+10
-3.67596e+10
-3.67524e+10
-3.67635e+10
-3.67699e+10
-3.67588e+10
-3.67262e+10
-3.66752e+10
-3.66155e+10
-3.65614e+10
-3.65273e+10
-3.65227e+10
-3.6546e+10
-3.65809e+10
-3.65997e+10
-3.65801e+10
-3.65296e+10
-3.64774e+10
-3.63414e+10
-3.56724e+10
-3.37222e+10
-3.08085e+10
-3.09388e+10
-4.09335e+10
-5.63534e+10
-3.39975e+10
-3.95652e+10
-3.95641e+10
-3.95656e+10
-3.95894e+10
-3.96386e+10
-3.97206e+10
-3.98428e+10
-4.00108e+10
-4.02283e+10
-4.04942e+10
-4.08027e+10
-4.11461e+10
-4.15145e+10
-4.18945e+10
-4.22649e+10
-4.25985e+10
-4.28658e+10
-4.30393e+10
-4.31013e+10
-4.30852e+10
-4.30745e+10
-4.29691e+10
-4.221e+10
-4.04006e+10
-3.83762e+10
-3.71987e+10
-3.66454e+10
-3.64272e+10
-3.64056e+10
-3.6478e+10
-3.65839e+10
-3.66866e+10
-3.67666e+10
-3.68157e+10
-3.68326e+10
-3.68224e+10
-3.67954e+10
-3.67656e+10
-3.67477e+10
-3.6751e+10
-3.67739e+10
-3.68e+10
-3.68021e+10
-3.67589e+10
-3.66785e+10
-3.65854e+10
-3.6382e+10
-3.56106e+10
-3.36021e+10
-3.09722e+10
-3.20917e+10
-4.32187e+10
-5.71404e+10
-3.27815e+10
-3.95539e+10
-3.9552e+10
-3.95635e+10
-3.95941e+10
-3.96484e+10
-3.97266e+10
-3.98436e+10
-4.00076e+10
-4.02204e+10
-4.04801e+10
-4.07812e+10
-4.11161e+10
-4.14755e+10
-4.18459e+10
-4.22064e+10
-4.25301e+10
-4.27885e+10
-4.29554e+10
-4.30147e+10
-4.29996e+10
-4.29912e+10
-4.28961e+10
-4.21892e+10
-4.04652e+10
-3.8507e+10
-3.73141e+10
-3.67136e+10
-3.64548e+10
-3.64047e+10
-3.64569e+10
-3.65475e+10
-3.66374e+10
-3.67065e+10
-3.67454e+10
-3.67534e+10
-3.67364e+10
-3.67057e+10
-3.6677e+10
-3.66663e+10
-3.66849e+10
-3.67331e+10
-3.67972e+10
-3.68529e+10
-3.68819e+10
-3.68956e+10
-3.6921e+10
-3.68623e+10
-3.62587e+10
-3.44113e+10
-3.18462e+10
-3.2864e+10
-4.38335e+10
-5.6341e+10
-3.0083e+10
-3.93939e+10
-3.93603e+10
-3.93724e+10
-3.93904e+10
-3.9422e+10
-3.94814e+10
-3.95871e+10
-3.97504e+10
-3.99784e+10
-4.0271e+10
-4.0623e+10
-4.10279e+10
-4.14817e+10
-4.19776e+10
-4.24905e+10
-4.29785e+10
-4.34006e+10
-4.37271e+10
-4.39309e+10
-4.4032e+10
-4.41735e+10
-4.44033e+10
-4.38781e+10
-4.1042e+10
-3.73947e+10
-3.57984e+10
-3.53362e+10
-3.53438e+10
-3.55912e+10
-3.58864e+10
-3.61552e+10
-3.63709e+10
-3.65291e+10
-3.66327e+10
-3.66882e+10
-3.6706e+10
-3.66998e+10
-3.6686e+10
-3.66811e+10
-3.66965e+10
-3.67332e+10
-3.67789e+10
-3.68111e+10
-3.68138e+10
-3.67997e+10
-3.67937e+10
-3.66927e+10
-3.60501e+10
-3.43146e+10
-3.24443e+10
-3.50579e+10
-4.6922e+10
-5.68309e+10
-2.88168e+10
-3.93958e+10
-3.93784e+10
-3.93926e+10
-3.94137e+10
-3.94435e+10
-3.9498e+10
-3.95971e+10
-3.97515e+10
-3.9968e+10
-4.02464e+10
-4.05817e+10
-4.09682e+10
-4.14026e+10
-4.18778e+10
-4.23701e+10
-4.28383e+10
-4.32441e+10
-4.35602e+10
-4.37482e+10
-4.38163e+10
-4.39277e+10
-4.4195e+10
-4.3828e+10
-4.12967e+10
-3.78543e+10
-3.6187e+10
-3.56088e+10
-3.55355e+10
-3.57197e+10
-3.59676e+10
-3.62028e+10
-3.63938e+10
-3.65325e+10
-3.66188e+10
-3.66581e+10
-3.66602e+10
-3.66385e+10
-3.66095e+10
-3.65899e+10
-3.6592e+10
-3.66184e+10
-3.66585e+10
-3.66929e+10
-3.67087e+10
-3.67227e+10
-3.67634e+10
-3.67286e+10
-3.61604e+10
-3.446e+10
-3.24485e+10
-3.45633e+10
-4.59846e+10
-5.74674e+10
-3.22379e+10
-3.91884e+10
-3.91546e+10
-3.91626e+10
-3.91619e+10
-3.91774e+10
-3.92244e+10
-3.93294e+10
-3.95145e+10
-3.97961e+10
-4.01786e+10
-4.06572e+10
-4.1224e+10
-4.18797e+10
-4.26242e+10
-4.34107e+10
-4.41593e+10
-4.48128e+10
-4.53545e+10
-4.57649e+10
-4.60405e+10
-4.62813e+10
-4.67398e+10
-4.71416e+10
-4.41458e+10
-3.85227e+10
-3.42859e+10
-3.39964e+10
-3.4478e+10
-3.5051e+10
-3.553e+10
-3.59021e+10
-3.61787e+10
-3.63754e+10
-3.65043e+10
-3.65774e+10
-3.66083e+10
-3.6613e+10
-3.66087e+10
-3.66112e+10
-3.66312e+10
-3.6669e+10
-3.67115e+10
-3.67363e+10
-3.67267e+10
-3.66943e+10
-3.66618e+10
-3.65281e+10
-3.58682e+10
-3.4187e+10
-3.24536e+10
-3.49993e+10
-4.64626e+10
-5.78314e+10
-3.12005e+10
-3.91808e+10
-3.91528e+10
-3.91603e+10
-3.91575e+10
-3.91693e+10
-3.92132e+10
-3.9314e+10
-3.94935e+10
-3.97675e+10
-4.01403e+10
-4.06076e+10
-4.11649e+10
-4.18145e+10
-4.25533e+10
-4.33388e+10
-4.40837e+10
-4.47241e+10
-4.52521e+10
-4.56045e+10
-4.57421e+10
-4.58703e+10
-4.64964e+10
-4.71576e+10
-4.45914e+10
-3.91737e+10
-3.42439e+10
-3.40277e+10
-3.45448e+10
-3.51223e+10
-3.55962e+10
-3.59622e+10
-3.62341e+10
-3.64284e+10
-3.65573e+10
-3.6632e+10
-3.6665e+10
-3.66713e+10
-3.6667e+10
-3.66674e+10
-3.66822e+10
-3.67107e+10
-3.67386e+10
-3.67413e+10
-3.67003e+10
-3.6624e+10
-3.65288e+10
-3.62982e+10
-3.54643e+10
-3.34483e+10
-3.11156e+10
-3.28045e+10
-4.3898e+10
-5.85169e+10
-3.92977e+10
-3.9129e+10
-3.91243e+10
-3.91069e+10
-3.90869e+10
-3.90817e+10
-3.9115e+10
-3.92169e+10
-3.94164e+10
-3.97343e+10
-4.01719e+10
-4.07144e+10
-4.13403e+10
-4.20443e+10
-4.28282e+10
-4.3635e+10
-4.43917e+10
-4.50446e+10
-4.55658e+10
-4.59758e+10
-4.62527e+10
-4.64817e+10
-4.70767e+10
-4.81098e+10
-4.80171e+10
-4.34081e+10
-2.87027e+10
-3.13689e+10
-3.34063e+10
-3.45969e+10
-3.53295e+10
-3.58206e+10
-3.61583e+10
-3.63927e+10
-3.655e+10
-3.66494e+10
-3.67076e+10
-3.67418e+10
-3.67692e+10
-3.68046e+10
-3.68562e+10
-3.69208e+10
-3.69802e+10
-3.70051e+10
-3.69707e+10
-3.68794e+10
-3.67477e+10
-3.64789e+10
-3.56648e+10
-3.38108e+10
-3.18419e+10
-3.41908e+10
-4.60463e+10
-5.79012e+10
-3.20923e+10
-3.91177e+10
-3.91137e+10
-3.90928e+10
-3.9073e+10
-3.90699e+10
-3.91059e+10
-3.92081e+10
-3.94037e+10
-3.97114e+10
-4.0135e+10
-4.06645e+10
-4.1287e+10
-4.19979e+10
-4.27884e+10
-4.36129e+10
-4.43821e+10
-4.50121e+10
-4.55018e+10
-4.58832e+10
-4.60714e+10
-4.62663e+10
-4.71704e+10
-4.82873e+10
-4.83129e+10
-4.49597e+10
-2.83768e+10
-3.12289e+10
-3.33066e+10
-3.45404e+10
-3.52952e+10
-3.5798e+10
-3.61425e+10
-3.63809e+10
-3.65414e+10
-3.66439e+10
-3.67054e+10
-3.67426e+10
-3.67723e+10
-3.68092e+10
-3.6861e+10
-3.69238e+10
-3.69789e+10
-3.69964e+10
-3.69508e+10
-3.68426e+10
-3.66845e+10
-3.63656e+10
-3.54323e+10
-3.33406e+10
-3.1264e+10
-3.46288e+10
-4.86902e+10
-5.926e+10
-3.03449e+10
-3.9088e+10
-3.90972e+10
-3.90715e+10
-3.90483e+10
-3.90394e+10
-3.90733e+10
-3.91805e+10
-3.93917e+10
-3.9726e+10
-4.01767e+10
-4.07164e+10
-4.13302e+10
-4.20252e+10
-4.28087e+10
-4.36269e+10
-4.43881e+10
-4.50532e+10
-4.55966e+10
-4.60133e+10
-4.62914e+10
-4.65294e+10
-4.69969e+10
-4.82745e+10
-4.54661e+10
-2.21852e+10
-3.09885e+10
-3.31647e+10
-3.44588e+10
-3.52497e+10
-3.57705e+10
-3.61221e+10
-3.63623e+10
-3.65223e+10
-3.66238e+10
-3.66848e+10
-3.6723e+10
-3.67558e+10
-3.6798e+10
-3.68574e+10
-3.693e+10
-3.6997e+10
-3.70284e+10
-3.69989e+10
-3.69124e+10
-3.67942e+10
-3.65704e+10
-3.58592e+10
-3.41353e+10
-3.21239e+10
-3.38758e+10
-4.46231e+10
-5.74409e+10
-3.58973e+10
-3.91107e+10
-3.91425e+10
-3.91104e+10
-3.90908e+10
-3.90841e+10
-3.9118e+10
-3.92195e+10
-3.94172e+10
-3.97302e+10
-4.01598e+10
-4.06922e+10
-4.13115e+10
-4.20164e+10
-4.28061e+10
-4.36312e+10
-4.44051e+10
-4.50389e+10
-4.55033e+10
-4.58587e+10
-4.60361e+10
-4.62391e+10
-4.70723e+10
-4.86142e+10
-4.77439e+10
-2.33151e+10
-3.09457e+10
-3.30953e+10
-3.44067e+10
-3.52155e+10
-3.57468e+10
-3.61036e+10
-3.63449e+10
-3.65031e+10
-3.66001e+10
-3.66544e+10
-3.66839e+10
-3.67065e+10
-3.67376e+10
-3.67861e+10
-3.68499e+10
-3.69123e+10
-3.69463e+10
-3.69303e+10
-3.68716e+10
-3.67979e+10
-3.66325e+10
-3.59754e+10
-3.43039e+10
-3.26249e+10
-3.57888e+10
-4.85756e+10
-5.89884e+10
-2.91945e+10
-3.91381e+10
-3.9133e+10
-3.91244e+10
-3.91122e+10
-3.91165e+10
-3.91582e+10
-3.92643e+10
-3.94625e+10
-3.97732e+10
-4.01957e+10
-4.07057e+10
-4.12851e+10
-4.19462e+10
-4.26958e+10
-4.34808e+10
-4.42317e+10
-4.48808e+10
-4.53963e+10
-4.57788e+10
-4.59934e+10
-4.61612e+10
-4.66064e+10
-4.72245e+10
-4.63532e+10
-3.76411e+10
-3.34922e+10
-3.35435e+10
-3.43161e+10
-3.5065e+10
-3.56339e+10
-3.60469e+10
-3.63425e+10
-3.65506e+10
-3.6691e+10
-3.67792e+10
-3.68297e+10
-3.68584e+10
-3.68816e+10
-3.69137e+10
-3.69631e+10
-3.70275e+10
-3.70911e+10
-3.71282e+10
-3.71198e+10
-3.70788e+10
-3.70459e+10
-3.69757e+10
-3.65257e+10
-3.51974e+10
-3.376e+10
-3.64335e+10
-4.78402e+10
-5.76235e+10
-2.90405e+10
-3.91949e+10
-3.92076e+10
-3.9202e+10
-3.91996e+10
-3.92123e+10
-3.92598e+10
-3.93654e+10
-3.95528e+10
-3.98386e+10
-4.02244e+10
-4.06983e+10
-4.12476e+10
-4.18725e+10
-4.25714e+10
-4.33104e+10
-4.40325e+10
-4.46641e+10
-4.5139e+10
-4.55231e+10
-4.57693e+10
-4.59828e+10
-4.65465e+10
-4.6997e+10
-4.61914e+10
-3.83395e+10
-3.31939e+10
-3.33004e+10
-3.41701e+10
-3.49894e+10
-3.56022e+10
-3.604e+10
-3.63493e+10
-3.65644e+10
-3.67073e+10
-3.67948e+10
-3.68424e+10
-3.68664e+10
-3.68835e+10
-3.69091e+10
-3.69526e+10
-3.70132e+10
-3.70766e+10
-3.71186e+10
-3.71206e+10
-3.70939e+10
-3.70733e+10
-3.70019e+10
-3.65156e+10
-3.50695e+10
-3.33111e+10
-3.54211e+10
-4.70611e+10
-5.98829e+10
-3.472e+10
-3.94046e+10
-3.9395e+10
-3.94069e+10
-3.942e+10
-3.94497e+10
-3.9508e+10
-3.96112e+10
-3.97748e+10
-4.00089e+10
-4.03133e+10
-4.06773e+10
-4.10897e+10
-4.15463e+10
-4.20394e+10
-4.25405e+10
-4.30083e+10
-4.33951e+10
-4.36644e+10
-4.37988e+10
-4.38183e+10
-4.38854e+10
-4.41059e+10
-4.37297e+10
-4.12135e+10
-3.80511e+10
-3.63751e+10
-3.57779e+10
-3.56917e+10
-3.58694e+10
-3.61075e+10
-3.63357e+10
-3.65258e+10
-3.66717e+10
-3.67738e+10
-3.68372e+10
-3.68709e+10
-3.68871e+10
-3.68999e+10
-3.6922e+10
-3.69609e+10
-3.70139e+10
-3.70655e+10
-3.7091e+10
-3.70731e+10
-3.70266e+10
-3.69954e+10
-3.69451e+10
-3.65528e+10
-3.53125e+10
-3.38672e+10
-3.62996e+10
-4.79645e+10
-5.98993e+10
-3.27845e+10
-3.94083e+10
-3.94024e+10
-3.9415e+10
-3.94313e+10
-3.94646e+10
-3.95263e+10
-3.96321e+10
-3.97963e+10
-4.00279e+10
-4.03268e+10
-4.06841e+10
-4.10894e+10
-4.15356e+10
-4.20125e+10
-4.2496e+10
-4.2951e+10
-4.33357e+10
-4.36136e+10
-4.37781e+10
-4.38468e+10
-4.3964e+10
-4.42103e+10
-4.37974e+10
-4.13147e+10
-3.80161e+10
-3.62171e+10
-3.56325e+10
-3.55957e+10
-3.58184e+10
-3.60875e+10
-3.63349e+10
-3.65365e+10
-3.6689e+10
-3.6795e+10
-3.68611e+10
-3.68974e+10
-3.69172e+10
-3.69354e+10
-3.6966e+10
-3.70174e+10
-3.7088e+10
-3.71632e+10
-3.72179e+10
-3.72321e+10
-3.72136e+10
-3.71929e+10
-3.71151e+10
-3.66236e+10
-3.51154e+10
-3.29149e+10
-3.36935e+10
-4.44457e+10
-6.11101e+10
-4.01441e+10
-3.95154e+10
-3.9516e+10
-3.95376e+10
-3.95706e+10
-3.96237e+10
-3.97042e+10
-3.98222e+10
-3.99859e+10
-4.01997e+10
-4.04622e+10
-4.07666e+10
-4.11034e+10
-4.14617e+10
-4.18258e+10
-4.21729e+10
-4.2476e+10
-4.27078e+10
-4.2841e+10
-4.28557e+10
-4.27793e+10
-4.26988e+10
-4.25433e+10
-4.18193e+10
-4.0187e+10
-3.83956e+10
-3.72715e+10
-3.66727e+10
-3.64009e+10
-3.63506e+10
-3.6413e+10
-3.65215e+10
-3.66344e+10
-3.67305e+10
-3.68002e+10
-3.68425e+10
-3.68628e+10
-3.68716e+10
-3.68814e+10
-3.69044e+10
-3.69467e+10
-3.7005e+10
-3.70634e+10
-3.70969e+10
-3.70877e+10
-3.70493e+10
-3.70241e+10
-3.69772e+10
-3.65916e+10
-3.53677e+10
-3.39006e+10
-3.60239e+10
-4.68242e+10
-5.85415e+10
-3.21893e+10
-3.9498e+10
-3.95012e+10
-3.95218e+10
-3.95552e+10
-3.96091e+10
-3.96916e+10
-3.98127e+10
-3.99812e+10
-4.02018e+10
-4.04732e+10
-4.0789e+10
-4.11395e+10
-4.15128e+10
-4.18926e+10
-4.22554e+10
-4.2573e+10
-4.28149e+10
-4.29525e+10
-4.29751e+10
-4.29154e+10
-4.28495e+10
-4.26821e+10
-4.19149e+10
-4.02067e+10
-3.83279e+10
-3.71641e+10
-3.65788e+10
-3.63371e+10
-3.63159e+10
-3.64001e+10
-3.65227e+10
-3.66439e+10
-3.67445e+10
-3.6817e+10
-3.68618e+10
-3.68856e+10
-3.68999e+10
-3.69185e+10
-3.6954e+10
-3.70136e+10
-3.70945e+10
-3.71809e+10
-3.72476e+10
-3.72743e+10
-3.72686e+10
-3.72612e+10
-3.72001e+10
-3.67337e+10
-3.52558e+10
-3.30866e+10
-3.38739e+10
-4.43436e+10
-6.01268e+10
-3.9314e+10
-3.96016e+10
-3.96075e+10
-3.96307e+10
-3.96684e+10
-3.97264e+10
-3.981e+10
-3.99256e+10
-4.0078e+10
-4.02695e+10
-4.04983e+10
-4.07597e+10
-4.10458e+10
-4.13459e+10
-4.16455e+10
-4.19256e+10
-4.2165e+10
-4.23422e+10
-4.24339e+10
-4.24251e+10
-4.23313e+10
-4.21643e+10
-4.1809e+10
-4.10199e+10
-3.9794e+10
-3.85487e+10
-3.76411e+10
-3.708e+10
-3.67832e+10
-3.66662e+10
-3.66563e+10
-3.67008e+10
-3.67631e+10
-3.68207e+10
-3.68618e+10
-3.68833e+10
-3.68892e+10
-3.68889e+10
-3.68945e+10
-3.6917e+10
-3.69619e+10
-3.70246e+10
-3.7088e+10
-3.71262e+10
-3.71201e+10
-3.70815e+10
-3.70492e+10
-3.69787e+10
-3.65353e+10
-3.52067e+10
-3.36371e+10
-3.57936e+10
-4.65975e+10
-5.69777e+10
-2.93391e+10
-3.96028e+10
-3.96047e+10
-3.96265e+10
-3.96618e+10
-3.97175e+10
-3.97989e+10
-3.99128e+10
-4.00645e+10
-4.02564e+10
-4.04875e+10
-4.07533e+10
-4.10464e+10
-4.13564e+10
-4.16687e+10
-4.19646e+10
-4.22211e+10
-4.24133e+10
-4.25153e+10
-4.25142e+10
-4.24282e+10
-4.22665e+10
-4.19019e+10
-4.10788e+10
-3.98068e+10
-3.85255e+10
-3.76137e+10
-3.70669e+10
-3.67852e+10
-3.66784e+10
-3.66732e+10
-3.67181e+10
-3.67784e+10
-3.68329e+10
-3.68709e+10
-3.68901e+10
-3.6895e+10
-3.68954e+10
-3.69036e+10
-3.69304e+10
-3.6981e+10
-3.70497e+10
-3.71181e+10
-3.71582e+10
-3.71484e+10
-3.70965e+10
-3.70359e+10
-3.69155e+10
-3.6382e+10
-3.488e+10
-3.30974e+10
-3.55435e+10
-4.78533e+10
-5.95072e+10
-3.15193e+10
-3.97189e+10
-3.97234e+10
-3.97472e+10
-3.97843e+10
-3.98397e+10
-3.99163e+10
-4.0018e+10
-4.01473e+10
-4.03046e+10
-4.04879e+10
-4.06932e+10
-4.09144e+10
-4.11428e+10
-4.13677e+10
-4.15755e+10
-4.17488e+10
-4.18661e+10
-4.19085e+10
-4.18703e+10
-4.17581e+10
-4.15556e+10
-4.11741e+10
-4.05143e+10
-3.96349e+10
-3.87526e+10
-3.80381e+10
-3.75303e+10
-3.72078e+10
-3.70243e+10
-3.69332e+10
-3.68964e+10
-3.68847e+10
-3.68779e+10
-3.68641e+10
-3.68389e+10
-3.68049e+10
-3.67698e+10
-3.67438e+10
-3.67361e+10
-3.67498e+10
-3.67773e+10
-3.6798e+10
-3.67817e+10
-3.67042e+10
-3.65707e+10
-3.64078e+10
-3.61468e+10
-3.54039e+10
-3.35913e+10
-3.12609e+10
-3.24096e+10
-4.30987e+10
-5.69871e+10
-3.2676e+10
-3.97296e+10
-3.97289e+10
-3.97535e+10
-3.97891e+10
-3.98429e+10
-3.99175e+10
-4.00168e+10
-4.01433e+10
-4.02975e+10
-4.04778e+10
-4.068e+10
-4.08983e+10
-4.11246e+10
-4.13485e+10
-4.15562e+10
-4.17305e+10
-4.18499e+10
-4.18957e+10
-4.18619e+10
-4.17558e+10
-4.15611e+10
-4.11871e+10
-4.05356e+10
-3.96616e+10
-3.87853e+10
-3.80755e+10
-3.75693e+10
-3.7244e+10
-3.70548e+10
-3.69573e+10
-3.69146e+10
-3.68988e+10
-3.68904e+10
-3.68779e+10
-3.6857e+10
-3.68304e+10
-3.68055e+10
-3.67923e+10
-3.67992e+10
-3.68281e+10
-3.68699e+10
-3.69018e+10
-3.68911e+10
-3.68107e+10
-3.66636e+10
-3.64757e+10
-3.61775e+10
-3.53726e+10
-3.34906e+10
-3.14517e+10
-3.43589e+10
-4.78469e+10
-5.93769e+10
-2.96279e+10
-3.98211e+10
-3.98254e+10
-3.98489e+10
-3.98854e+10
-3.99383e+10
-4.0009e+10
-4.00995e+10
-4.02106e+10
-4.03414e+10
-4.04894e+10
-4.06503e+10
-4.08182e+10
-4.09858e+10
-4.11442e+10
-4.12829e+10
-4.13893e+10
-4.14493e+10
-4.14501e+10
-4.13851e+10
-4.12525e+10
-4.10346e+10
-4.06881e+10
-4.01841e+10
-3.95692e+10
-3.89475e+10
-3.8403e+10
-3.79732e+10
-3.76614e+10
-3.74505e+10
-3.73153e+10
-3.72305e+10
-3.71738e+10
-3.71276e+10
-3.70808e+10
-3.70288e+10
-3.69738e+10
-3.69236e+10
-3.68885e+10
-3.68779e+10
-3.6895e+10
-3.69328e+10
-3.69701e+10
-3.6976e+10
-3.69251e+10
-3.68206e+10
-3.66819e+10
-3.6421e+10
-3.56225e+10
-3.36857e+10
-3.12133e+10
-3.22606e+10
-4.2619e+10
-5.60545e+10
-3.26319e+10
-3.98306e+10
-3.98321e+10
-3.98576e+10
-3.98945e+10
-3.99479e+10
-4.00188e+10
-4.01093e+10
-4.02201e+10
-4.03504e+10
-4.04974e+10
-4.06569e+10
-4.0823e+10
-4.09886e+10
-4.11447e+10
-4.12808e+10
-4.13844e+10
-4.14417e+10
-4.14397e+10
-4.13721e+10
-4.12376e+10
-4.10192e+10
-4.06749e+10
-4.01753e+10
-3.95682e+10
-3.89533e+10
-3.84136e+10
-3.79859e+10
-3.76738e+10
-3.74615e+10
-3.73247e+10
-3.7239e+10
-3.71822e+10
-3.71372e+10
-3.7093e+10
-3.70454e+10
-3.69965e+10
-3.69542e+10
-3.69286e+10
-3.69287e+10
-3.6957e+10
-3.70053e+10
-3.7051e+10
-3.70607e+10
-3.70067e+10
-3.68899e+10
-3.67291e+10
-3.64329e+10
-3.55707e+10
-3.35714e+10
-3.14075e+10
-3.40463e+10
-4.68399e+10
-5.83188e+10
-2.95679e+10
-3.99076e+10
-3.99065e+10
-3.99286e+10
-3.99601e+10
-4.00062e+10
-4.00671e+10
-4.0144e+10
-4.02369e+10
-4.03446e+10
-4.04645e+10
-4.05926e+10
-4.07239e+10
-4.08518e+10
-4.0969e+10
-4.10661e+10
-4.11309e+10
-4.11512e+10
-4.11176e+10
-4.1024e+10
-4.08644e+10
-4.06257e+10
-4.02904e+10
-3.98603e+10
-3.93722e+10
-3.88834e+10
-3.84432e+10
-3.80788e+10
-3.7797e+10
-3.75903e+10
-3.74433e+10
-3.73378e+10
-3.72559e+10
-3.71829e+10
-3.71091e+10
-3.70308e+10
-3.69513e+10
-3.68795e+10
-3.68277e+10
-3.68078e+10
-3.68254e+10
-3.68757e+10
-3.69404e+10
-3.6992e+10
-3.70089e+10
-3.69989e+10
-3.69868e+10
-3.6888e+10
-3.63042e+10
-3.47352e+10
-3.30618e+10
-3.56059e+10
-4.70775e+10
-5.7254e+10
-2.89368e+10
-3.99054e+10
-3.99044e+10
-3.99274e+10
-3.99601e+10
-4.00076e+10
-4.007e+10
-4.01485e+10
-4.0243e+10
-4.03523e+10
-4.04737e+10
-4.0603e+10
-4.07349e+10
-4.08631e+10
-4.09797e+10
-4.10752e+10
-4.11382e+10
-4.11568e+10
-4.11212e+10
-4.10251e+10
-4.08625e+10
-4.06203e+10
-4.02813e+10
-3.98486e+10
-3.9358e+10
-3.88677e+10
-3.84258e+10
-3.80588e+10
-3.77741e+10
-3.75648e+10
-3.74158e+10
-3.73094e+10
-3.7228e+10
-3.71571e+10
-3.70869e+10
-3.70143e+10
-3.69427e+10
-3.68815e+10
-3.68435e+10
-3.68407e+10
-3.68789e+10
-3.69533e+10
-3.7045e+10
-3.71243e+10
-3.71657e+10
-3.71715e+10
-3.71572e+10
-3.70178e+10
-3.63133e+10
-3.44937e+10
-3.2474e+10
-3.48602e+10
-4.69164e+10
-5.91942e+10
-3.48313e+10
-3.99608e+10
-3.99661e+10
-3.99845e+10
-4.00143e+10
-4.00565e+10
-4.01111e+10
-4.01784e+10
-4.02576e+10
-4.03473e+10
-4.04447e+10
-4.0546e+10
-4.06463e+10
-4.07402e+10
-4.08216e+10
-4.08836e+10
-4.09193e+10
-4.09201e+10
-4.08772e+10
-4.07834e+10
-4.0632e+10
-4.04143e+10
-4.01258e+10
-3.97744e+10
-3.93852e+10
-3.89931e+10
-3.8629e+10
-3.83135e+10
-3.8055e+10
-3.78513e+10
-3.76934e+10
-3.75686e+10
-3.74631e+10
-3.7365e+10
-3.72662e+10
-3.71641e+10
-3.70626e+10
-3.69713e+10
-3.69036e+10
-3.68714e+10
-3.68806e+10
-3.69258e+10
-3.69875e+10
-3.70359e+10
-3.70468e+10
-3.70254e+10
-3.69936e+10
-3.68623e+10
-3.62408e+10
-3.4685e+10
-3.31985e+10
-3.60674e+10
-4.75082e+10
-5.75732e+10
-2.87896e+10
-3.9963e+10
-3.99658e+10
-3.99851e+10
-4.00149e+10
-4.00572e+10
-4.01118e+10
-4.0179e+10
-4.02582e+10
-4.03479e+10
-4.04455e+10
-4.0547e+10
-4.0648e+10
-4.07431e+10
-4.08263e+10
-4.08902e+10
-4.09268e+10
-4.09276e+10
-4.0884e+10
-4.0789e+10
-4.06353e+10
-4.04142e+10
-4.01209e+10
-3.97629e+10
-3.93674e+10
-3.89696e+10
-3.8601e+10
-3.82825e+10
-3.80223e+10
-3.78187e+10
-3.76623e+10
-3.75404e+10
-3.7439e+10
-3.7346e+10
-3.72532e+10
-3.71579e+10
-3.70642e+10
-3.69821e+10
-3.69251e+10
-3.69062e+10
-3.69319e+10
-3.69971e+10
-3.70819e+10
-3.71547e+10
-3.71875e+10
-3.71778e+10
-3.7132e+10
-3.69315e+10
-3.61301e+10
-3.41953e+10
-3.20236e+10
-3.39434e+10
-4.5288e+10
-5.9675e+10
-3.98877e+10
-4.00267e+10
-4.00263e+10
-4.00452e+10
-4.00724e+10
-4.01107e+10
-4.01593e+10
-4.02181e+10
-4.02863e+10
-4.0362e+10
-4.04424e+10
-4.05242e+10
-4.06029e+10
-4.06737e+10
-4.07313e+10
-4.07694e+10
-4.07807e+10
-4.07578e+10
-4.06945e+10
-4.0585e+10
-4.0424e+10
-4.02072e+10
-3.99349e+10
-3.96173e+10
-3.92742e+10
-3.893e+10
-3.8608e+10
-3.83244e+10
-3.80864e+10
-3.78934e+10
-3.77384e+10
-3.76111e+10
-3.75001e+10
-3.73951e+10
-3.72896e+10
-3.71819e+10
-3.70761e+10
-3.69814e+10
-3.69103e+10
-3.68744e+10
-3.68791e+10
-3.69173e+10
-3.69665e+10
-3.69922e+10
-3.69638e+10
-3.68773e+10
-3.67429e+10
-3.64581e+10
-3.56183e+10
-3.37647e+10
-3.18953e+10
-3.44661e+10
-4.64469e+10
-5.83202e+10
-3.4133e+10
-4.00307e+10
-4.0028e+10
-4.00474e+10
-4.00738e+10
-4.01111e+10
-4.01583e+10
-4.02153e+10
-4.0281e+10
-4.03539e+10
-4.04312e+10
-4.05095e+10
-4.05849e+10
-4.06528e+10
-4.07083e+10
-4.07451e+10
-4.07555e+10
-4.07317e+10
-4.0668e+10
-4.05597e+10
-4.04015e+10
-4.01894e+10
-3.99231e+10
-3.96129e+10
-3.9277e+10
-3.89397e+10
-3.86237e+10
-3.83441e+10
-3.81084e+10
-3.79163e+10
-3.77613e+10
-3.76335e+10
-3.75213e+10
-3.74148e+10
-3.73072e+10
-3.71972e+10
-3.70891e+10
-3.69927e+10
-3.69213e+10
-3.68879e+10
-3.6899e+10
-3.69485e+10
-3.70146e+10
-3.70631e+10
-3.70636e+10
-3.701e+10
-3.69064e+10
-3.66353e+10
-3.57557e+10
-3.37787e+10
-3.19593e+10
-3.57212e+10
-4.99623e+10
-5.9598e+10
-2.85735e+10
-4.00665e+10
-4.00642e+10
-4.00795e+10
-4.01016e+10
-4.0133e+10
-4.01727e+10
-4.02204e+10
-4.02749e+10
-4.03343e+10
-4.03961e+10
-4.0457e+10
-4.05133e+10
-4.05608e+10
-4.05951e+10
-4.06113e+10
-4.06038e+10
-4.05668e+10
-4.04955e+10
-4.03855e+10
-4.02331e+10
-4.00367e+10
-3.97991e+10
-3.95281e+10
-3.92369e+10
-3.89423e+10
-3.86603e+10
-3.8403e+10
-3.81772e+10
-3.7984e+10
-3.78194e+10
-3.76766e+10
-3.75474e+10
-3.74249e+10
-3.73049e+10
-3.71873e+10
-3.7077e+10
-3.69836e+10
-3.692e+10
-3.68986e+10
-3.69262e+10
-3.69977e+10
-3.70921e+10
-3.71753e+10
-3.72161e+10
-3.7208e+10
-3.71586e+10
-3.69716e+10
-3.6249e+10
-3.45059e+10
-3.26301e+10
-3.48695e+10
-4.6227e+10
-5.84639e+10
-3.29351e+10
-4.0075e+10
-4.00723e+10
-4.00882e+10
-4.01109e+10
-4.01428e+10
-4.01828e+10
-4.02304e+10
-4.02844e+10
-4.03427e+10
-4.04029e+10
-4.04617e+10
-4.05153e+10
-4.05597e+10
-4.05903e+10
-4.06025e+10
-4.05911e+10
-4.05512e+10
-4.04776e+10
-4.03658e+10
-4.02125e+10
-4.00161e+10
-3.97797e+10
-3.95101e+10
-3.9221e+10
-3.89289e+10
-3.86488e+10
-3.83933e+10
-3.81689e+10
-3.79767e+10
-3.78134e+10
-3.76719e+10
-3.75444e+10
-3.74234e+10
-3.73047e+10
-3.71883e+10
-3.70795e+10
-3.69884e+10
-3.69285e+10
-3.69129e+10
-3.69491e+10
-3.70323e+10
-3.71413e+10
-3.72408e+10
-3.72974e+10
-3.73027e+10
-3.72606e+10
-3.7064e+10
-3.62948e+10
-3.44632e+10
-3.26588e+10
-3.58846e+10
-4.90766e+10
-6.0024e+10
-3.05797e+10
-4.00937e+10
-4.00974e+10
-4.01077e+10
-4.01259e+10
-4.0152e+10
-4.01853e+10
-4.02252e+10
-4.02703e+10
-4.03189e+10
-4.03686e+10
-4.04162e+10
-4.04585e+10
-4.04915e+10
-4.05113e+10
-4.05135e+10
-4.04934e+10
-4.04467e+10
-4.03688e+10
-4.02567e+10
-4.01082e+10
-3.99237e+10
-3.97066e+10
-3.94642e+10
-3.92073e+10
-3.89482e+10
-3.86993e+10
-3.84708e+10
-3.82682e+10
-3.8093e+10
-3.7942e+10
-3.78093e+10
-3.76877e+10
-3.75708e+10
-3.74546e+10
-3.73383e+10
-3.7226e+10
-3.71262e+10
-3.70514e+10
-3.70147e+10
-3.70256e+10
-3.70826e+10
-3.71677e+10
-3.72477e+10
-3.72916e+10
-3.72985e+10
-3.72876e+10
-3.71754e+10
-3.65749e+10
-3.49977e+10
-3.33329e+10
-3.61285e+10
-4.83278e+10
-5.9172e+10
-3.06925e+10
-4.01065e+10
-4.01034e+10
-4.01168e+10
-4.01354e+10
-4.01622e+10
-4.01958e+10
-4.02359e+10
-4.02812e+10
-4.033e+10
-4.03799e+10
-4.04277e+10
-4.04702e+10
-4.05033e+10
-4.05228e+10
-4.05241e+10
-4.05023e+10
-4.04533e+10
-4.03733e+10
-4.0259e+10
-4.01086e+10
-3.99225e+10
-3.97038e+10
-3.94606e+10
-3.92032e+10
-3.89442e+10
-3.86964e+10
-3.84692e+10
-3.82685e+10
-3.80952e+10
-3.79467e+10
-3.78168e+10
-3.76987e+10
-3.75857e+10
-3.74738e+10
-3.73626e+10
-3.72567e+10
-3.71649e+10
-3.70991e+10
-3.70726e+10
-3.70947e+10
-3.71636e+10
-3.72594e+10
-3.73451e+10
-3.73849e+10
-3.73692e+10
-3.73014e+10
-3.70765e+10
-3.62821e+10
-3.4372e+10
-3.20496e+10
-3.36215e+10
-4.53813e+10
-6.11742e+10
-3.95628e+10
-4.01091e+10
-4.0119e+10
-4.01234e+10
-4.01383e+10
-4.01601e+10
-4.01882e+10
-4.02218e+10
-4.02598e+10
-4.03004e+10
-4.03413e+10
-4.03796e+10
-4.04121e+10
-4.04352e+10
-4.04451e+10
-4.04377e+10
-4.04088e+10
-4.03544e+10
-4.0271e+10
-4.01563e+10
-4.00093e+10
-3.98313e+10
-3.96259e+10
-3.93995e+10
-3.91605e+10
-3.89194e+10
-3.86863e+10
-3.84697e+10
-3.82752e+10
-3.81036e+10
-3.79523e+10
-3.78156e+10
-3.76868e+10
-3.75595e+10
-3.74297e+10
-3.72965e+10
-3.71641e+10
-3.70418e+10
-3.6943e+10
-3.68824e+10
-3.68715e+10
-3.69129e+10
-3.69922e+10
-3.70771e+10
-3.71346e+10
-3.71704e+10
-3.72199e+10
-3.71933e+10
-3.66741e+10
-3.50757e+10
-3.30381e+10
-3.48583e+10
-4.66045e+10
-6.14776e+10
-3.88536e+10
-4.0121e+10
-4.01162e+10
-4.01254e+10
-4.01391e+10
-4.01598e+10
-4.01862e+10
-4.02178e+10
-4.02536e+10
-4.02919e+10
-4.03304e+10
-4.03665e+10
-4.0397e+10
-4.04185e+10
-4.04273e+10
-4.04192e+10
-4.039e+10
-4.03358e+10
-4.02532e+10
-4.01398e+10
-3.99944e+10
-3.98179e+10
-3.96142e+10
-3.93893e+10
-3.91521e+10
-3.89128e+10
-3.86812e+10
-3.84662e+10
-3.82728e+10
-3.81021e+10
-3.79514e+10
-3.78152e+10
-3.76871e+10
-3.75608e+10
-3.7432e+10
-3.73004e+10
-3.71703e+10
-3.7051e+10
-3.69552e+10
-3.68968e+10
-3.68878e+10
-3.69314e+10
-3.70135e+10
-3.71024e+10
-3.7168e+10
-3.72119e+10
-3.72509e+10
-3.71892e+10
-3.66007e+10
-3.48541e+10
-3.24245e+10
-3.32359e+10
-4.37437e+10
-6.01222e+10
-4.24157e+10
-4.01555e+10
-4.01364e+10
-4.0148e+10
-4.01586e+10
-4.01766e+10
-4.0199e+10
-4.02259e+10
-4.02559e+10
-4.02876e+10
-4.03185e+10
-4.03463e+10
-4.03679e+10
-4.038e+10
-4.03792e+10
-4.03618e+10
-4.03241e+10
-4.02628e+10
-4.0175e+10
-4.00589e+10
-3.99137e+10
-3.97408e+10
-3.95443e+10
-3.93301e+10
-3.9106e+10
-3.88795e+10
-3.86598e+10
-3.84547e+10
-3.82691e+10
-3.81034e+10
-3.7955e+10
-3.78182e+10
-3.76867e+10
-3.75551e+10
-3.74202e+10
-3.72832e+10
-3.71509e+10
-3.70357e+10
-3.69531e+10
-3.69183e+10
-3.69426e+10
-3.70292e+10
-3.71677e+10
-3.73311e+10
-3.74887e+10
-3.76456e+10
-3.78423e+10
-3.79782e+10
-3.75743e+10
-3.5945e+10
-3.36681e+10
-3.52641e+10
-4.67508e+10
-5.77906e+10
-3.01193e+10
-4.01509e+10
-4.01345e+10
-4.01467e+10
-4.01582e+10
-4.01768e+10
-4.01998e+10
-4.02271e+10
-4.02574e+10
-4.02892e+10
-4.032e+10
-4.03476e+10
-4.03689e+10
-4.03806e+10
-4.03793e+10
-4.03614e+10
-4.03231e+10
-4.02611e+10
-4.01725e+10
-4.00557e+10
-3.99099e+10
-3.97366e+10
-3.95399e+10
-3.93258e+10
-3.91019e+10
-3.8876e+10
-3.86576e+10
-3.84541e+10
-3.82699e+10
-3.81055e+10
-3.79581e+10
-3.78221e+10
-3.76909e+10
-3.75589e+10
-3.74223e+10
-3.7282e+10
-3.71442e+10
-3.70205e+10
-3.6926e+10
-3.68752e+10
-3.68797e+10
-3.69431e+10
-3.70562e+10
-3.71965e+10
-3.73432e+10
-3.75057e+10
-3.77115e+10
-3.78695e+10
-3.75224e+10
-3.59666e+10
-3.37702e+10
-3.54462e+10
-4.66865e+10
-5.6508e+10
-2.84126e+10
-4.01749e+10
-4.01482e+10
-4.01557e+10
-4.01622e+10
-4.01753e+10
-4.01919e+10
-4.02117e+10
-4.02334e+10
-4.02557e+10
-4.02764e+10
-4.02934e+10
-4.03037e+10
-4.03044e+10
-4.02925e+10
-4.02646e+10
-4.02176e+10
-4.0149e+10
-4.00563e+10
-3.99382e+10
-3.97942e+10
-3.96255e+10
-3.94355e+10
-3.92299e+10
-3.90147e+10
-3.87971e+10
-3.85854e+10
-3.83861e+10
-3.82032e+10
-3.80373e+10
-3.78859e+10
-3.77439e+10
-3.76052e+10
-3.7465e+10
-3.73209e+10
-3.71754e+10
-3.7037e+10
-3.69187e+10
-3.68358e+10
-3.68003e+10
-3.68188e+10
-3.68901e+10
-3.70035e+10
-3.71395e+10
-3.7274e+10
-3.73991e+10
-3.75259e+10
-3.75573e+10
-3.69902e+10
-3.50113e+10
-3.20021e+10
-3.24725e+10
-4.36605e+10
-5.87229e+10
-3.8169e+10
-4.01567e+10
-4.01421e+10
-4.01463e+10
-4.01535e+10
-4.01669e+10
-4.01843e+10
-4.0205e+10
-4.02279e+10
-4.02516e+10
-4.0274e+10
-4.02927e+10
-4.03051e+10
-4.03081e+10
-4.02985e+10
-4.02728e+10
-4.02279e+10
-4.01609e+10
-4.00692e+10
-3.99518e+10
-3.98082e+10
-3.964e+10
-3.94513e+10
-3.92469e+10
-3.90335e+10
-3.88182e+10
-3.86092e+10
-3.84123e+10
-3.82312e+10
-3.80661e+10
-3.79141e+10
-3.77697e+10
-3.76265e+10
-3.74789e+10
-3.73241e+10
-3.7164e+10
-3.70064e+10
-3.68644e+10
-3.67537e+10
-3.66881e+10
-3.66758e+10
-3.6718e+10
-3.68066e+10
-3.69239e+10
-3.70517e+10
-3.71954e+10
-3.73783e+10
-3.74973e+10
-3.70497e+10
-3.5211e+10
-3.23333e+10
-3.28735e+10
-4.40309e+10
-5.83096e+10
-3.57137e+10
-4.46448e+10
-4.8248e+10
-4.55026e+10
-4.60579e+10
-4.71282e+10
-3.23145e+10
-4.45898e+10
-3.2637e+10
-1.58985e+10
-1.58522e+10
-4.66096e+10
-4.93548e+10
-4.51185e+10
-4.76642e+10
-4.81664e+10
-3.21079e+10
-4.51401e+10
-3.14633e+10
-1.56516e+10
-1.52624e+10
-4.68448e+10
-4.80408e+10
-4.348e+10
-4.81262e+10
-4.50416e+10
-1.55174e+10
-1.63968e+10
-4.13876e+10
-3.05658e+10
-4.30426e+10
-3.15235e+10
-4.82246e+10
-4.8206e+10
-4.59833e+10
-4.82776e+10
-4.64424e+10
-1.68975e+10
-1.74204e+10
-4.36581e+10
-3.17301e+10
-4.39702e+10
-3.13826e+10
-4.18111e+10
-4.42876e+10
-4.21609e+10
-4.61433e+10
-4.31975e+10
-4.6415e+10
-4.35749e+10
-3.61274e+10
-3.89813e+10
-3.67823e+10
-3.90298e+10
-3.56354e+10
-3.9365e+10
-3.62058e+10
-4.24468e+10
-4.4727e+10
-4.25395e+10
-4.66702e+10
-4.4033e+10
-4.77843e+10
-4.44973e+10
-3.67747e+10
-3.90282e+10
-3.65655e+10
-3.93899e+10
-3.58276e+10
-3.92106e+10
-3.54823e+10
-4.92196e+10
-4.80885e+10
-4.93378e+10
-4.85742e+10
-4.85492e+10
-4.85739e+10
-4.86564e+10
-4.23784e+10
-3.96328e+10
-4.36364e+10
-3.97292e+10
-4.10964e+10
-2.98392e+10
-2.88853e+10
-3.02517e+10
-2.25449e+10
-2.67884e+10
-2.2699e+10
-2.7256e+10
-4.94304e+10
-4.7914e+10
-4.90138e+10
-4.87014e+10
-4.89453e+10
-4.85027e+10
-4.88726e+10
-3.96893e+10
-3.99895e+10
-4.53528e+10
-4.00599e+10
-4.03024e+10
-3.00066e+10
-2.79658e+10
-2.96615e+10
-2.24179e+10
-2.70037e+10
-2.2135e+10
-2.66199e+10
-4.81846e+10
-4.84494e+10
-4.84871e+10
-4.77784e+10
-4.8886e+10
-4.78601e+10
-4.90803e+10
-4.58752e+10
-4.55705e+10
-4.68849e+10
-4.70452e+10
-4.52252e+10
-3.54508e+10
-3.35838e+10
-2.64716e+10
-2.27501e+10
-2.70181e+10
-2.75491e+10
-2.91172e+10
-2.81465e+10
-2.95652e+10
-4.89208e+10
-4.8461e+10
-4.89689e+10
-4.81392e+10
-4.92981e+10
-4.79794e+10
-4.91174e+10
-4.79719e+10
-4.80946e+10
-4.85673e+10
-4.75989e+10
-4.86825e+10
-4.01274e+10
-3.86496e+10
-2.72469e+10
-2.33188e+10
-2.68533e+10
-2.83806e+10
-2.95507e+10
-2.81592e+10
-2.90726e+10
-4.26022e+10
-4.63757e+10
-4.29436e+10
-4.38538e+10
-4.15462e+10
-4.41537e+10
-4.19432e+10
-3.40141e+10
-3.81339e+10
-3.45357e+10
-3.82491e+10
-3.58689e+10
-3.87607e+10
-3.6386e+10
-4.33587e+10
-4.62876e+10
-4.3369e+10
-4.4229e+10
-4.20289e+10
-4.43659e+10
-4.20394e+10
-3.43936e+10
-3.82124e+10
-3.39438e+10
-3.87723e+10
-3.63427e+10
-3.858e+10
-3.59161e+10
-4.65509e+10
-4.45635e+10
-4.4684e+10
-4.44484e+10
-4.61985e+10
-4.68227e+10
-4.50166e+10
-4.48498e+10
-4.46682e+10
-4.74761e+10
-4.69138e+10
-4.75145e+10
-4.61086e+10
-4.75071e+10
-4.66281e+10
-4.72557e+10
-4.68116e+10
-4.68437e+10
-4.7945e+10
-4.67058e+10
-4.77273e+10
-4.75315e+10
-4.71804e+10
-4.8617e+10
-4.21313e+10
-4.41951e+10
-4.0101e+10
-4.00364e+10
-4.10925e+10
-3.86955e+10
-3.75889e+10
-2.96979e+10
-2.11688e+10
-1.54718e+10
-2.10226e+10
-2.9068e+10
-3.81346e+10
-3.6535e+10
-2.92473e+10
-2.07214e+10
-1.56419e+10
-2.08956e+10
-2.76956e+10
-4.79669e+10
-4.61957e+10
-4.70667e+10
-4.66276e+10
-4.76214e+10
-4.90843e+10
-4.66375e+10
-4.38215e+10
-4.5315e+10
-4.82028e+10
-4.81016e+10
-4.84127e+10
-4.80934e+10
-4.78177e+10
-4.86387e+10
-4.81967e+10
-4.81602e+10
-4.84076e+10
-4.83766e+10
-4.86544e+10
-4.86016e+10
-4.79843e+10
-4.92441e+10
-5.08561e+10
-3.97164e+10
-4.56762e+10
-4.00111e+10
-4.01966e+10
-3.84486e+10
-3.41249e+10
-3.55149e+10
-2.5602e+10
-2.0123e+10
-1.53147e+10
-2.68642e+10
-1.97248e+10
-3.38386e+10
-3.23219e+10
-2.51956e+10
-1.92932e+10
-1.48144e+10
-1.92071e+10
-2.42299e+10
-4.59952e+10
-4.53517e+10
-4.63696e+10
-4.63089e+10
-4.79746e+10
-4.75163e+10
-4.71323e+10
-4.66239e+10
-4.77669e+10
-4.60456e+10
-4.42044e+10
-4.36628e+10
-4.43367e+10
-4.55157e+10
-4.64904e+10
-4.43656e+10
-4.54723e+10
-4.71789e+10
-4.49338e+10
-2.74601e+10
-1.5197e+10
-2.01257e+10
-2.01664e+10
-2.61275e+10
-3.59667e+10
-3.78129e+10
-2.79698e+10
-1.57874e+10
-2.1458e+10
-2.08091e+10
-2.96266e+10
-3.91714e+10
-3.74925e+10
-4.16709e+10
-3.76763e+10
-3.75821e+10
-3.95239e+10
-4.22961e+10
-3.86852e+10
-4.075e+10
-3.81264e+10
-4.81669e+10
-4.78995e+10
-4.7936e+10
-4.85382e+10
-4.86225e+10
-4.86727e+10
-4.75326e+10
-4.91918e+10
-4.8235e+10
-4.78363e+10
-4.64591e+10
-4.65813e+10
-4.74133e+10
-4.70843e+10
-4.78809e+10
-4.62456e+10
-4.68446e+10
-4.63003e+10
-4.8119e+10
-3.20007e+10
-1.7036e+10
-2.2282e+10
-3.04671e+10
-2.2619e+10
-4.0556e+10
-3.96262e+10
-3.2378e+10
-1.69939e+10
-2.28947e+10
-2.2839e+10
-3.158e+10
-4.23363e+10
-3.90568e+10
-4.40097e+10
-4.14103e+10
-3.92366e+10
-4.26987e+10
-4.40487e+10
-3.9325e+10
-3.93169e+10
-4.16727e+10
-4.72778e+10
-4.62858e+10
-4.79627e+10
-4.88039e+10
-4.61669e+10
-4.8698e+10
-4.7292e+10
-4.81884e+10
-4.69788e+10
-4.84045e+10
-4.94501e+10
-4.72688e+10
-4.8154e+10
-4.93731e+10
-4.72039e+10
-4.79437e+10
-4.66852e+10
-4.9206e+10
-4.66347e+10
-4.87996e+10
-4.77592e+10
-3.26581e+10
-3.52698e+10
-3.24199e+10
-2.80734e+10
-3.53957e+10
-2.80722e+10
-3.24123e+10
-3.24737e+10
-3.25297e+10
-3.54755e+10
-2.78681e+10
-3.55439e+10
-2.80031e+10
-3.19268e+10
-4.83211e+10
-4.90498e+10
-4.89223e+10
-4.96409e+10
-4.73948e+10
-4.95889e+10
-4.83812e+10
-3.07371e+10
-3.50228e+10
-3.19361e+10
-2.71083e+10
-3.48671e+10
-3.10864e+10
-2.67837e+10
-3.05453e+10
-3.16039e+10
-3.4502e+10
-2.6333e+10
-3.47132e+10
-2.64104e+10
-3.01297e+10
-4.73075e+10
-4.86951e+10
-4.64316e+10
-4.79792e+10
-4.86996e+10
-4.63551e+10
-4.73228e+10
-4.7601e+10
-4.91971e+10
-4.8113e+10
-4.68343e+10
-4.89283e+10
-4.80291e+10
-4.65691e+10
-3.05443e+10
-2.6414e+10
-3.31545e+10
-3.0807e+10
-2.66146e+10
-3.3426e+10
-3.00726e+10
-3.10586e+10
-2.76384e+10
-3.12728e+10
-3.42064e+10
-2.71613e+10
-3.16128e+10
-3.38292e+10
-4.84441e+10
-4.94712e+10
-4.71239e+10
-4.80798e+10
-4.82513e+10
-4.96228e+10
-4.71189e+10
-4.87977e+10
-4.94996e+10
-4.83364e+10
-4.75131e+10
-4.98627e+10
-4.69043e+10
-4.86726e+10
-3.28365e+10
-2.82535e+10
-3.4455e+10
-3.15929e+10
-3.2396e+10
-2.83969e+10
-3.4522e+10
-3.31625e+10
-2.84471e+10
-3.15206e+10
-3.441e+10
-2.85264e+10
-3.45315e+10
-3.29169e+10
-4.94147e+10
-4.1008e+10
-5.41262e+10
-4.24377e+10
-4.08056e+10
-4.99009e+10
-5.40767e+10
-5.02706e+10
-4.88153e+10
-4.9061e+10
-4.99052e+10
-4.99319e+10
-4.99726e+10
-4.92189e+10
-5.05418e+10
-5.00321e+10
-4.26143e+10
-4.07854e+10
-5.27832e+10
-4.08942e+10
-5.44521e+10
-4.86172e+10
-5.0218e+10
-4.01192e+10
-3.96379e+10
-5.31371e+10
-3.99486e+10
-5.08036e+10
-5.28421e+10
-5.21874e+10
-5.24891e+10
-5.2171e+10
-5.25502e+10
-5.01067e+10
-3.99364e+10
-4.02222e+10
-5.30861e+10
-5.02725e+10
-4.0058e+10
-5.27848e+10
-5.25489e+10
-5.37717e+10
-5.29008e+10
-5.32168e+10
-4.43726e+10
-4.41475e+10
-4.63466e+10
-4.55576e+10
-4.33865e+10
-4.47985e+10
-4.61361e+10
-4.28615e+10
-4.28072e+10
-4.25663e+10
-4.31208e+10
-4.33043e+10
-4.36055e+10
-4.30688e+10
-4.38049e+10
-4.3911e+10
-4.51132e+10
-4.3432e+10
-4.5867e+10
-4.32962e+10
-4.57791e+10
-4.42171e+10
-3.54216e+10
-3.48913e+10
-4.74838e+10
-4.78078e+10
-4.76998e+10
-4.7961e+10
-4.75176e+10
-4.76344e+10
-4.79344e+10
-4.67243e+10
-4.60849e+10
-4.64855e+10
-4.63865e+10
-4.71285e+10
-4.7281e+10
-4.69468e+10
-4.7362e+10
-4.72879e+10
-4.77003e+10
-4.68725e+10
-4.78378e+10
-4.71043e+10
-4.7253e+10
-4.78893e+10
-3.97476e+10
-3.92604e+10
-4.54049e+10
-4.61537e+10
-4.62974e+10
-4.62818e+10
-4.59686e+10
-4.56962e+10
-4.60558e+10
-4.55111e+10
-4.679e+10
-4.67533e+10
-4.53761e+10
-4.55511e+10
-4.77349e+10
-4.69012e+10
-4.59957e+10
-4.53255e+10
-4.61711e+10
-4.59169e+10
-4.57028e+10
-4.5935e+10
-4.58011e+10
-4.50319e+10
-4.62008e+10
-4.63153e+10
-4.70736e+10
-4.69073e+10
-4.60224e+10
-4.60572e+10
-4.7933e+10
-4.84029e+10
-5.09951e+10
-5.07073e+10
-4.83797e+10
-4.77893e+10
-4.90636e+10
-4.69699e+10
-5.01068e+10
-4.63424e+10
-4.67507e+10
-4.66446e+10
-4.81436e+10
-4.60399e+10
-4.86424e+10
-4.65142e+10
-4.58777e+10
-4.68865e+10
-4.59405e+10
-4.67372e+10
-4.68516e+10
-4.5788e+10
-4.60675e+10
-4.42914e+10
-4.34677e+10
-4.32236e+10
-4.44819e+10
-4.45869e+10
-4.41149e+10
-4.36275e+10
-4.49433e+10
-4.5686e+10
-4.66612e+10
-4.67955e+10
-4.5647e+10
-4.6798e+10
-4.56925e+10
-4.58948e+10
-4.70609e+10
-4.69235e+10
-4.64681e+10
-4.69498e+10
-4.69176e+10
-4.63761e+10
-4.68809e+10
-4.64221e+10
-4.6534e+10
-4.58497e+10
-4.56185e+10
-4.61638e+10
-4.53241e+10
-4.65809e+10
-4.72498e+10
-4.74017e+10
-4.70531e+10
-4.69717e+10
-4.69007e+10
-4.69321e+10
-4.57079e+10
-4.48123e+10
-4.55294e+10
-4.51112e+10
-4.76232e+10
-4.87502e+10
-5.03657e+10
-4.10988e+10
-5.41712e+10
-4.18673e+10
-5.02949e+10
-4.09872e+10
-5.42001e+10
-5.21876e+10
-5.28561e+10
-5.23342e+10
-5.27486e+10
-5.18944e+10
-5.11853e+10
-5.13193e+10
-5.21183e+10
-5.04138e+10
-4.14837e+10
-4.06871e+10
-5.37659e+10
-5.05276e+10
-4.07571e+10
-5.40121e+10
-3.91363e+10
-3.90539e+10
-1.84859e+10
-2.52966e+10
-2.1388e+10
-3.00401e+10
-2.53836e+10
-2.18103e+10
-1.83663e+10
-1.3506e+10
-1.13025e+10
-1.07608e+10
-1.38851e+10
-1.37159e+10
-1.14491e+10
-1.37469e+10
-1.11259e+10
-1.8187e+10
-2.97797e+10
-2.51257e+10
-2.10889e+10
-2.5179e+10
-2.13771e+10
-1.86898e+10
-3.77319e+10
-3.7211e+10
-1.77019e+10
-2.50067e+10
-2.87999e+10
-2.0794e+10
-2.4704e+10
-1.80403e+10
-2.01974e+10
-1.32298e+10
-1.1362e+10
-1.29906e+10
-1.14138e+10
-1.73052e+10
-2.82572e+10
-2.39434e+10
-1.90204e+10
-2.42625e+10
-1.96508e+10
-1.69289e+10
-1.34525e+10
-1.15592e+10
-1.36233e+10
-1.14964e+10
-4.72156e+10
-4.75959e+10
-4.76951e+10
-4.78848e+10
-4.75138e+10
-4.75312e+10
-4.75159e+10
-4.80271e+10
-5.05083e+10
-5.05388e+10
-4.80924e+10
-4.70826e+10
-4.76181e+10
-4.72184e+10
-4.75934e+10
-4.73579e+10
-4.70412e+10
-4.74355e+10
-4.82126e+10
-5.16299e+10
-5.08403e+10
-4.897e+10
-5.02618e+10
-4.72254e+10
-4.97141e+10
-4.83502e+10
-4.78823e+10
-4.575e+10
-5.54118e+10
-5.72695e+10
-5.56481e+10
-5.67142e+10
-5.29634e+10
-5.47817e+10
-5.40244e+10
-5.12662e+10
-5.64862e+10
-5.47033e+10
-4.8014e+10
-4.42152e+10
-6.57036e+10
-4.46703e+10
-7.04914e+10
-4.69471e+10
-4.77619e+10
-4.79513e+10
-4.81752e+10
-4.78372e+10
-4.80973e+10
-4.76135e+10
-4.79657e+10
-4.68312e+10
-4.60925e+10
-4.64294e+10
-4.65673e+10
-4.75356e+10
-4.79113e+10
-4.78057e+10
-4.72861e+10
-4.79774e+10
-4.7309e+10
-4.74354e+10
-4.71973e+10
-4.72608e+10
-4.68673e+10
-4.75483e+10
-4.8021e+10
-4.80616e+10
-4.77642e+10
-4.82129e+10
-4.79824e+10
-4.84777e+10
-4.78833e+10
-4.81178e+10
-4.79877e+10
-4.76673e+10
-4.75166e+10
-4.76921e+10
-4.75308e+10
-4.78334e+10
-4.77941e+10
-4.79695e+10
-4.78769e+10
-4.76862e+10
-4.81948e+10
-4.78084e+10
-4.81441e+10
-4.77047e+10
-4.81971e+10
-4.77238e+10
-5.01381e+10
-5.16067e+10
-5.19877e+10
-4.02034e+10
-5.36034e+10
-3.98887e+10
-5.15351e+10
-4.02608e+10
-5.41264e+10
-5.60234e+10
-5.75224e+10
-5.83161e+10
-5.52302e+10
-5.56968e+10
-5.58737e+10
-5.45191e+10
-5.79629e+10
-5.26462e+10
-3.98452e+10
-4.01073e+10
-5.26283e+10
-4.02424e+10
-5.44446e+10
-5.0674e+10
-3.43799e+10
-3.49171e+10
-1.55982e+10
-2.58305e+10
-2.24855e+10
-1.65811e+10
-2.26155e+10
-1.69369e+10
-1.52853e+10
-1.25524e+10
-1.13471e+10
-1.27383e+10
-1.12895e+10
-1.59568e+10
-2.63118e+10
-2.32703e+10
-1.82948e+10
-1.63449e+10
-2.28989e+10
-1.76781e+10
-1.22387e+10
-1.10143e+10
-1.19527e+10
-1.11397e+10
-3.39682e+10
-3.36038e+10
-1.44658e+10
-2.21098e+10
-1.5981e+10
-2.51133e+10
-2.19166e+10
-1.47399e+10
-1.57119e+10
-1.06857e+10
-1.04325e+10
-9.78908e+09
-1.1294e+10
-1.11738e+10
-1.06624e+10
-1.15048e+10
-1.02064e+10
-1.38339e+10
-2.45465e+10
-2.16219e+10
-1.50931e+10
-2.15058e+10
-1.4949e+10
-1.46641e+10
-4.5726e+10
-4.54175e+10
-4.53825e+10
-4.48802e+10
-4.67406e+10
-4.65352e+10
-4.53636e+10
-4.48263e+10
-4.68077e+10
-4.50707e+10
-4.54282e+10
-4.56322e+10
-4.50292e+10
-4.46976e+10
-4.43398e+10
-4.44825e+10
-4.47134e+10
-4.58082e+10
-4.67145e+10
-4.59372e+10
-4.72819e+10
-4.63641e+10
-4.47522e+10
-4.70531e+10
-4.69439e+10
-4.77361e+10
-4.47553e+10
-4.56486e+10
-4.59034e+10
-4.57635e+10
-4.53654e+10
-4.56695e+10
-4.50123e+10
-4.39574e+10
-4.39564e+10
-4.38799e+10
-4.38638e+10
-4.3892e+10
-4.4256e+10
-4.42529e+10
-4.38569e+10
-4.45843e+10
-4.55633e+10
-4.51036e+10
-4.54649e+10
-4.52778e+10
-4.55389e+10
-4.43619e+10
-4.62064e+10
-4.61617e+10
-4.66541e+10
-4.63132e+10
-4.67453e+10
-4.55484e+10
-4.64947e+10
-4.64025e+10
-4.72414e+10
-4.6417e+10
-4.68328e+10
-4.56387e+10
-4.48762e+10
-4.48419e+10
-4.55734e+10
-4.68569e+10
-4.69543e+10
-4.75603e+10
-4.70744e+10
-4.74115e+10
-4.6872e+10
-4.68649e+10
-1.67847e+10
-1.96484e+10
-2.37421e+10
-2.73199e+10
-1.93753e+10
-1.71228e+10
-2.34974e+10
-1.24e+10
-1.09808e+10
-1.04337e+10
-1.28511e+10
-1.28047e+10
-1.12798e+10
-1.08443e+10
-1.31589e+10
-1.61792e+10
-2.67005e+10
-1.82891e+10
-2.30731e+10
-1.843e+10
-2.3102e+10
-1.68291e+10
-3.64378e+10
-3.71855e+10
-1.80704e+10
-2.02447e+10
-2.41896e+10
-2.84271e+10
-1.76486e+10
-2.07435e+10
-2.45176e+10
-1.43889e+10
-1.20059e+10
-1.18422e+10
-1.47934e+10
-1.39088e+10
-1.15662e+10
-1.16569e+10
-1.35625e+10
-1.86278e+10
-2.90229e+10
-2.24121e+10
-2.53525e+10
-2.16764e+10
-2.49282e+10
-1.91764e+10
-4.56563e+10
-4.95873e+10
-3.82944e+10
-3.90431e+10
-4.95204e+10
-3.80698e+10
-4.5952e+10
-4.59198e+10
-4.48265e+10
-4.49247e+10
-4.57815e+10
-4.55543e+10
-4.52592e+10
-4.49584e+10
-4.58139e+10
-4.61983e+10
-3.89544e+10
-4.82562e+10
-3.79104e+10
-4.97314e+10
-3.80447e+10
-4.49616e+10
-4.6665e+10
-4.99824e+10
-3.98541e+10
-3.86509e+10
-5.04155e+10
-4.63246e+10
-3.88718e+10
-4.74689e+10
-4.79993e+10
-4.7396e+10
-4.78692e+10
-4.69416e+10
-4.58108e+10
-4.65884e+10
-4.62935e+10
-4.70962e+10
-4.03352e+10
-5.11467e+10
-3.95165e+10
-5.07744e+10
-3.92372e+10
-4.74591e+10
-4.83096e+10
-4.80784e+10
-4.75323e+10
-4.85444e+10
-4.75123e+10
-4.64198e+10
-4.75548e+10
-5.12058e+10
-4.71133e+10
-4.79248e+10
-4.75497e+10
-4.77548e+10
-4.77894e+10
-4.78242e+10
-4.76807e+10
-4.75049e+10
-4.78807e+10
-4.78855e+10
-4.72548e+10
-4.81439e+10
-4.79125e+10
-4.83776e+10
-4.78999e+10
-4.77866e+10
-5.07089e+10
-4.84752e+10
-4.75858e+10
-4.77978e+10
-4.78364e+10
-4.78503e+10
-4.77369e+10
-4.78193e+10
-4.7795e+10
-4.74468e+10
-4.7684e+10
-4.72402e+10
-4.79585e+10
-4.73873e+10
-4.76323e+10
-4.75702e+10
-4.73892e+10
-4.72183e+10
-4.76757e+10
-4.76381e+10
-4.76704e+10
-4.86989e+10
-4.80647e+10
-4.82945e+10
-4.7793e+10
-4.85059e+10
-4.77817e+10
-4.81455e+10
-4.81506e+10
-4.81574e+10
-4.7853e+10
-4.83975e+10
-4.92864e+10
-4.93533e+10
-4.83531e+10
-4.83805e+10
-4.89695e+10
-4.86114e+10
-4.93586e+10
-4.79199e+10
-4.81501e+10
-4.80377e+10
-4.79727e+10
-4.80096e+10
-4.79958e+10
-4.78788e+10
-2.09222e+10
-2.5336e+10
-3.15627e+10
-2.71751e+10
-2.4839e+10
-2.13049e+10
-2.68437e+10
-1.57351e+10
-1.22728e+10
-1.24116e+10
-1.53269e+10
-1.60335e+10
-1.25301e+10
-1.24891e+10
-1.62404e+10
-2.04589e+10
-3.10244e+10
-2.34359e+10
-2.60958e+10
-2.42777e+10
-1.99491e+10
-2.64374e+10
-4.09178e+10
-4.09939e+10
-2.16889e+10
-2.56729e+10
-2.74647e+10
-3.26642e+10
-2.15546e+10
-2.60229e+10
-2.75613e+10
-1.62621e+10
-1.25075e+10
-1.19277e+10
-1.63628e+10
-1.63045e+10
-1.23584e+10
-1.21109e+10
-1.62843e+10
-2.14418e+10
-3.24751e+10
-2.5192e+10
-2.71839e+10
-2.57979e+10
-2.7341e+10
-2.16515e+10
-4.77054e+10
-4.19363e+10
-5.21159e+10
-4.04097e+10
-5.18348e+10
-4.01256e+10
-4.80541e+10
-4.81925e+10
-4.8341e+10
-4.81167e+10
-4.85102e+10
-4.75566e+10
-4.15991e+10
-5.15257e+10
-3.99491e+10
-5.15985e+10
-4.76532e+10
-3.98941e+10
-4.84109e+10
-4.91187e+10
-4.87425e+10
-4.86672e+10
-4.83513e+10
-5.24495e+10
-4.05713e+10
-4.2783e+10
-5.266e+10
-4.83275e+10
-4.05249e+10
-4.97265e+10
-4.97293e+10
-4.99856e+10
-4.95106e+10
-4.92725e+10
-4.9561e+10
-4.99041e+10
-4.90195e+10
-4.90749e+10
-4.30783e+10
-5.18829e+10
-4.06468e+10
-5.32322e+10
-4.07004e+10
-4.77805e+10
)
;

boundaryField
{
    inlet
    {
        type            zeroGradient;
    }
    outlet
    {
        type            fixedValue;
        value           uniform 101325;
    }
    rightSide
    {
        type            symmetryPlane;
    }
    leftSide
    {
        type            symmetryPlane;
    }
    duct
    {
        type            zeroGradient;
    }
    cylinder
    {
        type            zeroGradient;
    }
}


// ************************************************************************* //
