/*--------------------------------*- C++ -*----------------------------------*\
| =========                 |                                                 |
| \\      /  F ield         | OpenFOAM: The Open Source CFD Toolbox           |
|  \\    /   O peration     | Version:  4.1                                   |
|   \\  /    A nd           | Web:      www.OpenFOAM.org                      |
|    \\/     M anipulation  |                                                 |
\*---------------------------------------------------------------------------*/
FoamFile
{
    version     2.0;
    format      ascii;
    class       volScalarField;
    location    "19";
    object      p;
}
// * * * * * * * * * * * * * * * * * * * * * * * * * * * * * * * * * * * * * //

dimensions      [0 2 -2 0 0 0 0];

internalField   nonuniform List<scalar> 
4432
(
-5.14946e+09
-4.53325e+09
4.70054e+09
2.75889e+10
9.29276e+09
-6.95363e+09
-3.87431e+09
-3.22555e+09
-3.76293e+09
-4.46745e+09
-4.73182e+09
-4.98868e+09
-5.42818e+09
-5.92012e+09
-6.36329e+09
-6.58511e+09
-6.43826e+09
-6.27712e+09
-6.24513e+09
-6.30305e+09
-6.34864e+09
-6.38867e+09
-6.41801e+09
-6.43863e+09
-6.45253e+09
-6.46195e+09
-6.46933e+09
-6.4772e+09
-6.488e+09
-6.50405e+09
-6.52709e+09
-6.559e+09
-6.60099e+09
-6.6498e+09
-6.70103e+09
-6.75377e+09
-6.80494e+09
-6.85362e+09
-6.90096e+09
-6.94761e+09
-6.9961e+09
-7.05007e+09
-7.1102e+09
-7.17788e+09
-7.26652e+09
-7.39292e+09
-7.54594e+09
-7.73476e+09
-8.01843e+09
-8.51796e+09
-9.56058e+09
-1.1709e+10
-1.41589e+10
-9.38548e+09
-6.13208e+09
-1.74467e+09
2.83401e+09
7.79146e+09
6.41553e+09
-7.29329e+09
-6.86715e+09
-5.11855e+09
-5.05745e+09
-5.4058e+09
-5.24135e+09
-5.13751e+09
-5.4298e+09
-5.94373e+09
-6.40027e+09
-6.5852e+09
-6.40155e+09
-6.23985e+09
-6.23693e+09
-6.29494e+09
-6.33875e+09
-6.38003e+09
-6.41041e+09
-6.43237e+09
-6.44747e+09
-6.45815e+09
-6.46688e+09
-6.47623e+09
-6.4886e+09
-6.50624e+09
-6.531e+09
-6.56471e+09
-6.60857e+09
-6.66059e+09
-6.7171e+09
-6.77441e+09
-6.82936e+09
-6.88214e+09
-6.93405e+09
-6.98553e+09
-7.03847e+09
-7.096e+09
-7.15798e+09
-7.22415e+09
-7.30355e+09
-7.41183e+09
-7.54346e+09
-7.697e+09
-7.96196e+09
-8.46089e+09
-9.57008e+09
-1.20796e+10
-1.45692e+10
-8.40812e+09
1.19238e+09
2.67934e+09
2.41043e+09
-5.7948e+09
-1.60451e+09
-8.81432e+09
-1.1937e+10
-8.755e+09
-6.92815e+09
-6.19507e+09
-5.34625e+09
-5.06082e+09
-5.23613e+09
-5.63234e+09
-6.12299e+09
-6.55544e+09
-6.59125e+09
-6.39257e+09
-6.31618e+09
-6.32547e+09
-6.36848e+09
-6.4083e+09
-6.43882e+09
-6.45909e+09
-6.47175e+09
-6.47932e+09
-6.48465e+09
-6.49059e+09
-6.49964e+09
-6.5141e+09
-6.53543e+09
-6.5654e+09
-6.60756e+09
-6.65604e+09
-6.69753e+09
-6.73729e+09
-6.78088e+09
-6.82634e+09
-6.87258e+09
-6.91626e+09
-6.95747e+09
-7.00242e+09
-7.05863e+09
-7.12871e+09
-7.22136e+09
-7.3823e+09
-7.6013e+09
-7.83028e+09
-8.19647e+09
-8.87946e+09
-1.02774e+10
-1.29588e+10
-1.47043e+10
-7.56855e+09
-1.54509e+09
-5.81185e+08
7.21275e+08
-1.33477e+09
-3.43579e+09
-9.88713e+09
-1.2237e+10
-8.59951e+09
-7.00377e+09
-6.10997e+09
-5.28945e+09
-4.9717e+09
-5.14601e+09
-5.5875e+09
-6.14241e+09
-6.60716e+09
-6.57701e+09
-6.3343e+09
-6.30196e+09
-6.32244e+09
-6.36826e+09
-6.40893e+09
-6.44086e+09
-6.46264e+09
-6.47696e+09
-6.48631e+09
-6.49355e+09
-6.50144e+09
-6.51238e+09
-6.52841e+09
-6.55089e+09
-6.58123e+09
-6.62124e+09
-6.66844e+09
-6.71646e+09
-6.76274e+09
-6.80628e+09
-6.8507e+09
-6.89892e+09
-6.94521e+09
-6.98812e+09
-7.03413e+09
-7.08922e+09
-7.15644e+09
-7.24525e+09
-7.38601e+09
-7.5799e+09
-7.81925e+09
-8.20253e+09
-8.89969e+09
-1.03412e+10
-1.3117e+10
-1.50951e+10
-7.89885e+09
-8.35882e+08
1.05336e+09
3.09502e+09
-8.67061e+09
-5.21465e+09
-7.85438e+09
-1.03254e+10
-9.79447e+09
-8.45163e+09
-7.01417e+09
-5.67812e+09
-5.12077e+09
-5.05707e+09
-5.33316e+09
-5.89055e+09
-6.3899e+09
-6.49214e+09
-6.37531e+09
-6.35334e+09
-6.37137e+09
-6.41495e+09
-6.45503e+09
-6.48623e+09
-6.5066e+09
-6.51897e+09
-6.52612e+09
-6.53124e+09
-6.5372e+09
-6.54582e+09
-6.55846e+09
-6.5758e+09
-6.59681e+09
-6.62477e+09
-6.66913e+09
-6.70828e+09
-6.73e+09
-6.76514e+09
-6.79952e+09
-6.8312e+09
-6.85184e+09
-6.86713e+09
-6.89328e+09
-6.94209e+09
-7.01613e+09
-7.1313e+09
-7.31764e+09
-7.58585e+09
-7.96035e+09
-8.52389e+09
-9.38995e+09
-1.08858e+10
-1.34464e+10
-1.53619e+10
-8.22891e+09
-2.01154e+07
-7.85152e+08
2.66345e+07
-1.06193e+09
-6.40772e+09
-9.12581e+09
-9.56354e+09
-8.43194e+09
-7.76397e+09
-6.47097e+09
-5.35004e+09
-4.91003e+09
-4.98923e+09
-5.36181e+09
-5.91394e+09
-6.43441e+09
-6.46954e+09
-6.33279e+09
-6.33357e+09
-6.36629e+09
-6.41569e+09
-6.45844e+09
-6.49143e+09
-6.51359e+09
-6.52758e+09
-6.53624e+09
-6.54271e+09
-6.54987e+09
-6.55989e+09
-6.57396e+09
-6.59184e+09
-6.61291e+09
-6.63997e+09
-6.67592e+09
-6.71184e+09
-6.74718e+09
-6.78231e+09
-6.81616e+09
-6.84617e+09
-6.86357e+09
-6.87372e+09
-6.89432e+09
-6.93572e+09
-7.00225e+09
-7.10577e+09
-7.27673e+09
-7.53969e+09
-7.91883e+09
-8.49251e+09
-9.39519e+09
-1.09476e+10
-1.35045e+10
-1.51651e+10
-7.54359e+09
-2.34739e+09
-3.68675e+09
-3.25979e+09
-3.67439e+09
-7.05939e+09
-7.9423e+09
-8.77304e+09
-8.55648e+09
-7.86351e+09
-6.65889e+09
-5.53224e+09
-5.09326e+09
-5.08282e+09
-5.36532e+09
-5.85409e+09
-6.27125e+09
-6.36733e+09
-6.32838e+09
-6.35298e+09
-6.3987e+09
-6.45194e+09
-6.49646e+09
-6.52986e+09
-6.55231e+09
-6.56703e+09
-6.57735e+09
-6.58614e+09
-6.59575e+09
-6.60657e+09
-6.61792e+09
-6.63068e+09
-6.63986e+09
-6.64628e+09
-6.72904e+09
-6.86377e+09
-6.84318e+09
-6.82108e+09
-6.84314e+09
-6.85825e+09
-6.8659e+09
-6.86394e+09
-6.87165e+09
-6.90141e+09
-6.94888e+09
-7.03561e+09
-7.1995e+09
-7.4601e+09
-7.87746e+09
-8.52676e+09
-9.50188e+09
-1.11036e+10
-1.37709e+10
-1.60047e+10
-9.50314e+09
-1.56207e+09
-1.99743e+09
-2.89741e+09
-4.46678e+09
-8.98912e+09
-8.52662e+09
-7.04234e+09
-6.80441e+09
-6.95419e+09
-6.11945e+09
-5.31755e+09
-5.00209e+09
-5.07938e+09
-5.42204e+09
-5.9112e+09
-6.28998e+09
-6.33218e+09
-6.2976e+09
-6.33686e+09
-6.39311e+09
-6.45152e+09
-6.49888e+09
-6.53426e+09
-6.55804e+09
-6.57363e+09
-6.5846e+09
-6.59441e+09
-6.60574e+09
-6.6198e+09
-6.63642e+09
-6.65487e+09
-6.67485e+09
-6.70203e+09
-6.74631e+09
-6.79032e+09
-6.82938e+09
-6.85141e+09
-6.8571e+09
-6.87233e+09
-6.88001e+09
-6.87663e+09
-6.88173e+09
-6.9105e+09
-6.9606e+09
-7.04407e+09
-7.20621e+09
-7.47621e+09
-7.90747e+09
-8.57905e+09
-9.60135e+09
-1.12785e+10
-1.39208e+10
-1.55842e+10
-7.94925e+09
-3.78152e+09
-5.06046e+09
-5.70799e+09
-5.0465e+09
-7.2854e+09
-6.75069e+09
-6.69436e+09
-6.89512e+09
-6.98217e+09
-6.47716e+09
-5.62896e+09
-5.06879e+09
-5.11823e+09
-5.42313e+09
-5.84799e+09
-6.13711e+09
-6.22647e+09
-6.25808e+09
-6.31867e+09
-6.3852e+09
-6.44815e+09
-6.49861e+09
-6.53475e+09
-6.55847e+09
-6.57374e+09
-6.58517e+09
-6.59564e+09
-6.60777e+09
-6.62262e+09
-6.63529e+09
-6.64743e+09
-6.66188e+09
-6.68754e+09
-6.75574e+09
-6.83518e+09
-6.85858e+09
-6.86557e+09
-6.88241e+09
-6.89362e+09
-6.89842e+09
-6.8985e+09
-6.89894e+09
-6.90715e+09
-6.93216e+09
-6.99748e+09
-7.13935e+09
-7.39115e+09
-7.80331e+09
-8.44101e+09
-9.40886e+09
-1.10467e+10
-1.39737e+10
-1.69901e+10
-1.18969e+10
-3.62923e+09
-3.84681e+09
-4.70283e+09
-5.52764e+09
-7.78786e+09
-6.03747e+09
-5.07928e+09
-5.40936e+09
-5.85099e+09
-5.75514e+09
-5.37469e+09
-5.08935e+09
-5.15529e+09
-5.45552e+09
-5.85487e+09
-6.12551e+09
-6.19921e+09
-6.23805e+09
-6.30753e+09
-6.37989e+09
-6.44587e+09
-6.49761e+09
-6.53454e+09
-6.55834e+09
-6.57363e+09
-6.58531e+09
-6.59691e+09
-6.61018e+09
-6.62543e+09
-6.64413e+09
-6.67093e+09
-6.70256e+09
-6.731e+09
-6.77101e+09
-6.8181e+09
-6.85571e+09
-6.8844e+09
-6.90439e+09
-6.9193e+09
-6.92717e+09
-6.93334e+09
-6.94183e+09
-6.95869e+09
-6.99688e+09
-7.07772e+09
-7.23423e+09
-7.50544e+09
-7.9436e+09
-8.61469e+09
-9.63436e+09
-1.13491e+10
-1.41838e+10
-1.62248e+10
-8.92535e+09
-5.35255e+09
-5.9637e+09
-6.04373e+09
-5.7708e+09
-6.3896e+09
-5.71475e+09
-5.41928e+09
-5.6321e+09
-5.94766e+09
-5.98558e+09
-5.67919e+09
-5.19197e+09
-5.18343e+09
-5.47834e+09
-5.80804e+09
-6.01443e+09
-6.1196e+09
-6.19883e+09
-6.28805e+09
-6.37261e+09
-6.44696e+09
-6.50374e+09
-6.54132e+09
-6.56153e+09
-6.57128e+09
-6.57858e+09
-6.58571e+09
-6.5891e+09
-6.59497e+09
-6.60889e+09
-6.63164e+09
-6.66474e+09
-6.70811e+09
-6.75669e+09
-6.78873e+09
-6.81043e+09
-6.8349e+09
-6.85691e+09
-6.87041e+09
-6.87638e+09
-6.87624e+09
-6.87279e+09
-6.87269e+09
-6.89006e+09
-6.95031e+09
-7.08464e+09
-7.32933e+09
-7.73149e+09
-8.34298e+09
-9.25563e+09
-1.08221e+10
-1.38228e+10
-1.72316e+10
-1.26696e+10
-5.53967e+09
-5.39528e+09
-5.31105e+09
-4.97889e+09
-6.11184e+09
-5.10018e+09
-4.75035e+09
-5.19038e+09
-5.50362e+09
-5.54825e+09
-5.33991e+09
-5.11644e+09
-5.18382e+09
-5.47611e+09
-5.79084e+09
-5.99337e+09
-6.09833e+09
-6.18653e+09
-6.28188e+09
-6.37027e+09
-6.44579e+09
-6.50302e+09
-6.54114e+09
-6.56295e+09
-6.57455e+09
-6.58213e+09
-6.58925e+09
-6.59771e+09
-6.60954e+09
-6.62505e+09
-6.64968e+09
-6.6833e+09
-6.71619e+09
-6.75315e+09
-6.79143e+09
-6.82324e+09
-6.85399e+09
-6.88082e+09
-6.89886e+09
-6.91023e+09
-6.91948e+09
-6.92745e+09
-6.94148e+09
-6.97579e+09
-7.05524e+09
-7.21097e+09
-7.481e+09
-7.90991e+09
-8.55041e+09
-9.50343e+09
-1.11203e+10
-1.39754e+10
-1.6442e+10
-1.00326e+10
-6.1404e+09
-6.53067e+09
-6.12008e+09
-5.86763e+09
-5.40883e+09
-5.03245e+09
-4.9949e+09
-5.23302e+09
-5.58575e+09
-5.76469e+09
-5.46894e+09
-5.17351e+09
-5.25502e+09
-5.51393e+09
-5.74565e+09
-5.91298e+09
-6.03893e+09
-6.1538e+09
-6.26957e+09
-6.37564e+09
-6.46522e+09
-6.52931e+09
-6.56586e+09
-6.57913e+09
-6.5798e+09
-6.57607e+09
-6.57131e+09
-6.57003e+09
-6.57629e+09
-6.58933e+09
-6.61107e+09
-6.64533e+09
-6.6912e+09
-6.73465e+09
-6.76265e+09
-6.78591e+09
-6.81023e+09
-6.83187e+09
-6.84862e+09
-6.85871e+09
-6.86238e+09
-6.86467e+09
-6.87564e+09
-6.91184e+09
-6.99608e+09
-7.15891e+09
-7.43842e+09
-7.87442e+09
-8.50246e+09
-9.38128e+09
-1.0767e+10
-1.32088e+10
-1.58693e+10
-1.05837e+10
-6.3891e+09
-6.14326e+09
-5.8831e+09
-4.72314e+09
-4.4686e+09
-4.47883e+09
-5.01144e+09
-5.41534e+09
-5.58126e+09
-5.49492e+09
-5.2461e+09
-5.12665e+09
-5.25438e+09
-5.50504e+09
-5.73256e+09
-5.89727e+09
-6.02492e+09
-6.14468e+09
-6.26292e+09
-6.37022e+09
-6.4595e+09
-6.52394e+09
-6.56217e+09
-6.57843e+09
-6.58012e+09
-6.57577e+09
-6.57309e+09
-6.57607e+09
-6.58587e+09
-6.60159e+09
-6.62284e+09
-6.65069e+09
-6.68879e+09
-6.72821e+09
-6.76052e+09
-6.78919e+09
-6.81664e+09
-6.84017e+09
-6.85865e+09
-6.87222e+09
-6.88135e+09
-6.89046e+09
-6.90991e+09
-6.95644e+09
-7.05433e+09
-7.23302e+09
-7.53045e+09
-7.98543e+09
-8.63225e+09
-9.53244e+09
-1.09353e+10
-1.33243e+10
-1.56961e+10
-9.69809e+09
-6.2992e+09
-6.3955e+09
-6.0914e+09
-5.67735e+09
-4.80975e+09
-4.19253e+09
-4.39015e+09
-4.90013e+09
-5.45739e+09
-5.71494e+09
-5.41546e+09
-5.22048e+09
-5.31339e+09
-5.50085e+09
-5.67848e+09
-5.83278e+09
-5.97633e+09
-6.1194e+09
-6.26071e+09
-6.39109e+09
-6.4974e+09
-6.56836e+09
-6.60141e+09
-6.6045e+09
-6.58993e+09
-6.57134e+09
-6.55745e+09
-6.55349e+09
-6.56089e+09
-6.57266e+09
-6.59445e+09
-6.63552e+09
-6.67201e+09
-6.70102e+09
-6.72742e+09
-6.7565e+09
-6.78498e+09
-6.80645e+09
-6.82049e+09
-6.82779e+09
-6.83102e+09
-6.83741e+09
-6.85792e+09
-6.90941e+09
-7.0174e+09
-7.21561e+09
-7.54317e+09
-8.03784e+09
-8.72626e+09
-9.65664e+09
-1.10553e+10
-1.32e+10
-1.45112e+10
-7.74849e+09
-6.37104e+09
-6.09927e+09
-5.9993e+09
-5.02282e+09
-3.83241e+09
-3.58194e+09
-4.40468e+09
-4.96234e+09
-5.28511e+09
-5.40469e+09
-5.27354e+09
-5.21646e+09
-5.32561e+09
-5.50522e+09
-5.67567e+09
-5.82779e+09
-5.97245e+09
-6.11647e+09
-6.2583e+09
-6.38831e+09
-6.49503e+09
-6.56709e+09
-6.60134e+09
-6.60458e+09
-6.58868e+09
-6.5682e+09
-6.55397e+09
-6.54969e+09
-6.55963e+09
-6.57946e+09
-6.60027e+09
-6.62982e+09
-6.66435e+09
-6.69681e+09
-6.72675e+09
-6.7582e+09
-6.78738e+09
-6.80832e+09
-6.82176e+09
-6.82946e+09
-6.83344e+09
-6.8418e+09
-6.8655e+09
-6.92165e+09
-7.03591e+09
-7.24149e+09
-7.57754e+09
-8.08157e+09
-8.78073e+09
-9.72535e+09
-1.11433e+10
-1.33287e+10
-1.46747e+10
-7.63318e+09
-5.92781e+09
-5.75731e+09
-5.7093e+09
-5.40536e+09
-4.78125e+09
-3.99614e+09
-4.11623e+09
-4.76314e+09
-5.31621e+09
-5.41201e+09
-5.24688e+09
-5.20756e+09
-5.30933e+09
-5.4601e+09
-5.61825e+09
-5.77567e+09
-5.9371e+09
-6.10462e+09
-6.27306e+09
-6.43084e+09
-6.55916e+09
-6.64081e+09
-6.66696e+09
-6.64763e+09
-6.60576e+09
-6.5653e+09
-6.53771e+09
-6.5256e+09
-6.53262e+09
-6.55084e+09
-6.57026e+09
-6.6033e+09
-6.63979e+09
-6.67009e+09
-6.69828e+09
-6.72198e+09
-6.73807e+09
-6.74484e+09
-6.74213e+09
-6.7298e+09
-6.71016e+09
-6.69073e+09
-6.68426e+09
-6.70962e+09
-6.79389e+09
-6.97221e+09
-7.28365e+09
-7.76452e+09
-8.43833e+09
-9.34591e+09
-1.06871e+10
-1.27566e+10
-1.41199e+10
-7.46969e+09
-5.70007e+09
-5.50277e+09
-5.60573e+09
-5.2283e+09
-4.13834e+09
-3.58019e+09
-4.12416e+09
-4.66126e+09
-4.97889e+09
-5.14035e+09
-5.1641e+09
-5.21635e+09
-5.32459e+09
-5.4711e+09
-5.6235e+09
-5.77964e+09
-5.94095e+09
-6.10799e+09
-6.27614e+09
-6.43362e+09
-6.56321e+09
-6.64548e+09
-6.67166e+09
-6.65166e+09
-6.60884e+09
-6.56661e+09
-6.53647e+09
-6.52172e+09
-6.53079e+09
-6.55819e+09
-6.57899e+09
-6.60825e+09
-6.64142e+09
-6.67283e+09
-6.70528e+09
-6.73158e+09
-6.74862e+09
-6.75588e+09
-6.75306e+09
-6.74107e+09
-6.72244e+09
-6.70426e+09
-6.69894e+09
-6.7259e+09
-6.81206e+09
-6.99186e+09
-7.30358e+09
-7.78197e+09
-8.44935e+09
-9.34496e+09
-1.0678e+10
-1.28189e+10
-1.44638e+10
-7.63763e+09
-5.10474e+09
-5.02521e+09
-5.01666e+09
-5.17071e+09
-5.21468e+09
-4.60402e+09
-4.4118e+09
-4.77357e+09
-5.02853e+09
-5.02264e+09
-5.07027e+09
-5.16107e+09
-5.2791e+09
-5.42067e+09
-5.57576e+09
-5.74153e+09
-5.91976e+09
-6.11002e+09
-6.30822e+09
-6.49916e+09
-6.66049e+09
-6.76031e+09
-6.77389e+09
-6.71061e+09
-6.6202e+09
-6.54421e+09
-6.49647e+09
-6.47611e+09
-6.48109e+09
-6.50771e+09
-6.54687e+09
-6.5906e+09
-6.6318e+09
-6.66688e+09
-6.69624e+09
-6.71549e+09
-6.7213e+09
-6.71309e+09
-6.69044e+09
-6.65276e+09
-6.60181e+09
-6.54458e+09
-6.4941e+09
-6.4707e+09
-6.50313e+09
-6.628e+09
-6.88585e+09
-7.31272e+09
-7.92806e+09
-8.77501e+09
-1.00871e+10
-1.22689e+10
-1.43461e+10
-9.28499e+09
-4.80383e+09
-4.84795e+09
-5.11546e+09
-5.3902e+09
-5.06454e+09
-4.59014e+09
-4.29623e+09
-4.47955e+09
-4.73474e+09
-4.92692e+09
-5.06086e+09
-5.17234e+09
-5.28854e+09
-5.42872e+09
-5.58123e+09
-5.74685e+09
-5.92496e+09
-6.11492e+09
-6.31167e+09
-6.50229e+09
-6.66326e+09
-6.7628e+09
-6.77591e+09
-6.71411e+09
-6.62587e+09
-6.55152e+09
-6.50412e+09
-6.48404e+09
-6.49476e+09
-6.52828e+09
-6.56396e+09
-6.60361e+09
-6.64365e+09
-6.679e+09
-6.71173e+09
-6.73477e+09
-6.74313e+09
-6.73666e+09
-6.71544e+09
-6.67969e+09
-6.63198e+09
-6.57945e+09
-6.53496e+09
-6.51864e+09
-6.55872e+09
-6.69076e+09
-6.95345e+09
-7.38054e+09
-7.9922e+09
-8.83553e+09
-1.01483e+10
-1.23851e+10
-1.45337e+10
-9.18249e+09
-4.3439e+09
-4.46101e+09
-4.52475e+09
-5.2717e+09
-5.63265e+09
-5.24951e+09
-4.85815e+09
-4.7479e+09
-4.78807e+09
-4.90174e+09
-5.02667e+09
-5.13976e+09
-5.25806e+09
-5.39468e+09
-5.54938e+09
-5.72192e+09
-5.91294e+09
-6.12346e+09
-6.35063e+09
-6.58099e+09
-6.78823e+09
-6.92224e+09
-6.91829e+09
-6.77592e+09
-6.59157e+09
-6.4563e+09
-6.38372e+09
-6.36206e+09
-6.38001e+09
-6.42918e+09
-6.49403e+09
-6.55813e+09
-6.61491e+09
-6.66405e+09
-6.70502e+09
-6.73345e+09
-6.74567e+09
-6.74117e+09
-6.71965e+09
-6.68055e+09
-6.62605e+09
-6.56306e+09
-6.50491e+09
-6.47291e+09
-6.49748e+09
-6.61763e+09
-6.87799e+09
-7.3194e+09
-7.97056e+09
-8.91313e+09
-1.04605e+10
-1.29482e+10
-1.45187e+10
-7.78267e+09
-4.10087e+09
-4.4695e+09
-4.94431e+09
-5.54401e+09
-5.70836e+09
-5.1161e+09
-4.51754e+09
-4.57441e+09
-4.74266e+09
-4.89039e+09
-5.02331e+09
-5.14311e+09
-5.26186e+09
-5.39775e+09
-5.55183e+09
-5.72494e+09
-5.91728e+09
-6.12811e+09
-6.35388e+09
-6.58234e+09
-6.78707e+09
-6.918e+09
-6.91053e+09
-6.7668e+09
-6.58356e+09
-6.45118e+09
-6.3804e+09
-6.36135e+09
-6.38438e+09
-6.4351e+09
-6.49696e+09
-6.55833e+09
-6.61513e+09
-6.66516e+09
-6.70814e+09
-6.73884e+09
-6.75276e+09
-6.74934e+09
-6.72876e+09
-6.69095e+09
-6.63861e+09
-6.57906e+09
-6.5257e+09
-6.49937e+09
-6.52982e+09
-6.65564e+09
-6.92068e+09
-7.36488e+09
-8.01807e+09
-8.96487e+09
-1.05591e+10
-1.31498e+10
-1.4558e+10
-7.5503e+09
-4.04609e+09
-4.329e+09
-4.70558e+09
-5.37468e+09
-5.51171e+09
-5.29537e+09
-5.02713e+09
-4.87759e+09
-4.86679e+09
-4.93351e+09
-5.02996e+09
-5.1407e+09
-5.25765e+09
-5.38881e+09
-5.5414e+09
-5.71706e+09
-5.91829e+09
-6.14632e+09
-6.40137e+09
-6.67744e+09
-6.95174e+09
-7.16073e+09
-7.1762e+09
-6.91972e+09
-6.57366e+09
-6.34855e+09
-6.25292e+09
-6.23806e+09
-6.27805e+09
-6.3489e+09
-6.4331e+09
-6.51366e+09
-6.58321e+09
-6.6411e+09
-6.68686e+09
-6.71862e+09
-6.73414e+09
-6.73268e+09
-6.71416e+09
-6.67889e+09
-6.62993e+09
-6.57497e+09
-6.5287e+09
-6.51473e+09
-6.5659e+09
-6.72332e+09
-7.03372e+09
-7.54055e+09
-8.27773e+09
-9.32277e+09
-1.09484e+10
-1.33862e+10
-1.47851e+10
-7.9157e+09
-3.98673e+09
-4.58471e+09
-5.12202e+09
-5.49184e+09
-5.39143e+09
-4.9936e+09
-4.82958e+09
-4.8297e+09
-4.8714e+09
-4.94374e+09
-5.03547e+09
-5.14305e+09
-5.25904e+09
-5.38921e+09
-5.54147e+09
-5.71821e+09
-5.92218e+09
-6.15264e+09
-6.40812e+09
-6.68152e+09
-6.95124e+09
-7.15486e+09
-7.16582e+09
-6.90103e+09
-6.55579e+09
-6.33383e+09
-6.24095e+09
-6.22953e+09
-6.27436e+09
-6.34568e+09
-6.42662e+09
-6.50457e+09
-6.57272e+09
-6.62944e+09
-6.67406e+09
-6.7044e+09
-6.7179e+09
-6.7136e+09
-6.69152e+09
-6.65211e+09
-6.59861e+09
-6.53905e+09
-6.48842e+09
-6.46943e+09
-6.51362e+09
-6.66227e+09
-6.96189e+09
-7.45482e+09
-8.17328e+09
-9.19194e+09
-1.0791e+10
-1.32647e+10
-1.49859e+10
-9.20871e+09
-4.18288e+09
-4.47746e+09
-5.0348e+09
-5.27055e+09
-5.14415e+09
-5.0226e+09
-4.96845e+09
-4.94799e+09
-4.95801e+09
-5.00383e+09
-5.07235e+09
-5.16049e+09
-5.26372e+09
-5.38498e+09
-5.53271e+09
-5.71016e+09
-5.92323e+09
-6.17487e+09
-6.46682e+09
-6.80026e+09
-7.16844e+09
-7.52964e+09
-7.68042e+09
-7.25882e+09
-6.57083e+09
-6.15209e+09
-6.03872e+09
-6.06351e+09
-6.1562e+09
-6.26199e+09
-6.36627e+09
-6.45866e+09
-6.53482e+09
-6.59364e+09
-6.63588e+09
-6.662e+09
-6.67114e+09
-6.66281e+09
-6.63721e+09
-6.59513e+09
-6.53997e+09
-6.48017e+09
-6.43216e+09
-6.42208e+09
-6.48532e+09
-6.66423e+09
-7.00515e+09
-7.54982e+09
-8.33038e+09
-9.41462e+09
-1.10516e+10
-1.35531e+10
-1.51824e+10
-9.2006e+09
-4.23331e+09
-4.79199e+09
-5.12802e+09
-5.17318e+09
-4.96052e+09
-4.86823e+09
-4.89138e+09
-4.91818e+09
-4.95338e+09
-5.0035e+09
-5.07035e+09
-5.1551e+09
-5.25628e+09
-5.37615e+09
-5.52351e+09
-5.70288e+09
-5.92079e+09
-6.17882e+09
-6.47351e+09
-6.80387e+09
-7.16266e+09
-7.51399e+09
-7.66695e+09
-7.2294e+09
-6.5414e+09
-6.13264e+09
-6.02797e+09
-6.06001e+09
-6.15888e+09
-6.26711e+09
-6.37108e+09
-6.46391e+09
-6.54081e+09
-6.6e+09
-6.64257e+09
-6.66941e+09
-6.67896e+09
-6.67027e+09
-6.64352e+09
-6.5996e+09
-6.54195e+09
-6.47935e+09
-6.42835e+09
-6.41385e+09
-6.4695e+09
-6.63799e+09
-6.96579e+09
-7.49466e+09
-8.26013e+09
-9.34291e+09
-1.10477e+10
-1.36972e+10
-1.51107e+10
-7.9295e+09
-4.37989e+09
-4.57249e+09
-4.99452e+09
-4.97763e+09
-4.9023e+09
-4.89234e+09
-4.9314e+09
-4.97177e+09
-5.01585e+09
-5.06835e+09
-5.13185e+09
-5.21141e+09
-5.30807e+09
-5.42545e+09
-5.5742e+09
-5.76059e+09
-5.99274e+09
-6.27597e+09
-6.60771e+09
-6.99637e+09
-7.45942e+09
-8.02341e+09
-8.56248e+09
-8.20407e+09
-6.87942e+09
-5.59801e+09
-5.63029e+09
-5.8425e+09
-6.05453e+09
-6.2242e+09
-6.36353e+09
-6.47577e+09
-6.56466e+09
-6.63182e+09
-6.67973e+09
-6.70976e+09
-6.72188e+09
-6.71607e+09
-6.69245e+09
-6.65202e+09
-6.59884e+09
-6.54287e+09
-6.50246e+09
-6.50533e+09
-6.58717e+09
-6.79036e+09
-7.16034e+09
-7.73585e+09
-8.54423e+09
-9.64795e+09
-1.13064e+10
-1.37699e+10
-1.5186e+10
-7.97394e+09
-4.41298e+09
-4.77259e+09
-4.93548e+09
-4.86001e+09
-4.78949e+09
-4.8344e+09
-4.90322e+09
-4.96077e+09
-5.01146e+09
-5.06416e+09
-5.12541e+09
-5.20028e+09
-5.29164e+09
-5.40435e+09
-5.55026e+09
-5.73744e+09
-5.97719e+09
-6.27837e+09
-6.62452e+09
-7.01753e+09
-7.46134e+09
-7.97803e+09
-8.56037e+09
-8.19492e+09
-6.85298e+09
-5.56115e+09
-5.61187e+09
-5.83008e+09
-6.04622e+09
-6.21683e+09
-6.35547e+09
-6.46655e+09
-6.55357e+09
-6.6184e+09
-6.66476e+09
-6.69388e+09
-6.70456e+09
-6.6963e+09
-6.6693e+09
-6.62466e+09
-6.56654e+09
-6.50527e+09
-6.45942e+09
-6.45518e+09
-6.52683e+09
-6.71669e+09
-7.06957e+09
-7.6237e+09
-8.40709e+09
-9.48524e+09
-1.11136e+10
-1.36176e+10
-1.53678e+10
-9.56806e+09
-4.59624e+09
-4.68313e+09
-4.8534e+09
-4.82265e+09
-4.83484e+09
-4.89647e+09
-4.96999e+09
-5.03972e+09
-5.10505e+09
-5.16993e+09
-5.23859e+09
-5.31567e+09
-5.40548e+09
-5.51272e+09
-5.64835e+09
-5.82064e+09
-6.03696e+09
-6.30786e+09
-6.63291e+09
-7.01793e+09
-7.48897e+09
-8.12942e+09
-8.77119e+09
-9.3128e+09
-9.28671e+09
-3.99361e+09
-5.08539e+09
-5.63137e+09
-5.97805e+09
-6.20259e+09
-6.37043e+09
-6.49716e+09
-6.59489e+09
-6.66874e+09
-6.72181e+09
-6.75473e+09
-6.76751e+09
-6.76033e+09
-6.73324e+09
-6.68752e+09
-6.6283e+09
-6.56679e+09
-6.52159e+09
-6.51946e+09
-6.59609e+09
-6.79423e+09
-7.15706e+09
-7.71954e+09
-8.50361e+09
-9.55943e+09
-1.11414e+10
-1.36986e+10
-1.58736e+10
-9.55098e+09
-4.67043e+09
-4.73392e+09
-4.80765e+09
-4.76691e+09
-4.79073e+09
-4.86983e+09
-4.95021e+09
-5.02541e+09
-5.09461e+09
-5.1617e+09
-5.23093e+09
-5.30761e+09
-5.397e+09
-5.50437e+09
-5.64023e+09
-5.81385e+09
-6.03668e+09
-6.3237e+09
-6.66954e+09
-7.07709e+09
-7.52729e+09
-8.0603e+09
-8.65696e+09
-9.30679e+09
-8.95009e+09
-4.11199e+09
-5.07746e+09
-5.60765e+09
-5.95267e+09
-6.17849e+09
-6.34692e+09
-6.47335e+09
-6.57071e+09
-6.64526e+09
-6.69988e+09
-6.73445e+09
-6.74895e+09
-6.74383e+09
-6.71936e+09
-6.67725e+09
-6.62308e+09
-6.56867e+09
-6.53307e+09
-6.5424e+09
-6.63127e+09
-6.84094e+09
-7.21513e+09
-7.79162e+09
-8.5975e+09
-9.70716e+09
-1.14325e+10
-1.40735e+10
-1.55409e+10
-7.97727e+09
-4.9141e+09
-4.8597e+09
-4.85235e+09
-4.84403e+09
-4.8781e+09
-4.93708e+09
-5.00632e+09
-5.08347e+09
-5.15969e+09
-5.23194e+09
-5.30236e+09
-5.37653e+09
-5.46e+09
-5.55937e+09
-5.68411e+09
-5.84105e+09
-6.03836e+09
-6.29211e+09
-6.6086e+09
-6.98637e+09
-7.4596e+09
-8.14423e+09
-8.95579e+09
-9.30431e+09
-2.6296e+09
-5.0854e+09
-5.63464e+09
-5.9828e+09
-6.20985e+09
-6.37704e+09
-6.50153e+09
-6.59659e+09
-6.66741e+09
-6.71587e+09
-6.74198e+09
-6.74538e+09
-6.7258e+09
-6.68336e+09
-6.6203e+09
-6.54285e+09
-6.46237e+09
-6.39626e+09
-6.37054e+09
-6.42248e+09
-6.59562e+09
-6.92963e+09
-7.45677e+09
-8.19662e+09
-9.18747e+09
-1.06711e+10
-1.3343e+10
-1.66781e+10
-1.27008e+10
-5.02194e+09
-4.8535e+09
-4.84472e+09
-4.82837e+09
-4.86734e+09
-4.93126e+09
-5.00222e+09
-5.07885e+09
-5.1546e+09
-5.22893e+09
-5.30219e+09
-5.378e+09
-5.46116e+09
-5.55765e+09
-5.67751e+09
-5.83017e+09
-6.02508e+09
-6.28127e+09
-6.61155e+09
-7.00714e+09
-7.47457e+09
-8.11323e+09
-8.89069e+09
-9.26366e+09
-3.09391e+09
-5.08885e+09
-5.60922e+09
-5.95019e+09
-6.17918e+09
-6.3489e+09
-6.47575e+09
-6.57369e+09
-6.64757e+09
-6.69967e+09
-6.73075e+09
-6.7408e+09
-6.72985e+09
-6.69868e+09
-6.65024e+09
-6.59161e+09
-6.535e+09
-6.49834e+09
-6.50799e+09
-6.6009e+09
-6.81891e+09
-7.20324e+09
-7.78979e+09
-8.60173e+09
-9.70319e+09
-1.13893e+10
-1.40754e+10
-1.60604e+10
-9.45904e+09
-5.08625e+09
-4.95972e+09
-4.93558e+09
-4.93557e+09
-4.96338e+09
-5.00903e+09
-5.06965e+09
-5.14156e+09
-5.21887e+09
-5.29631e+09
-5.37118e+09
-5.44546e+09
-5.5229e+09
-5.61042e+09
-5.71922e+09
-5.8587e+09
-6.03416e+09
-6.25546e+09
-6.53121e+09
-6.8653e+09
-7.29122e+09
-7.84774e+09
-8.32409e+09
-8.52589e+09
-6.752e+09
-5.54044e+09
-5.62849e+09
-5.86255e+09
-6.08633e+09
-6.26607e+09
-6.40904e+09
-6.5217e+09
-6.61039e+09
-6.6776e+09
-6.7235e+09
-6.7474e+09
-6.74862e+09
-6.72681e+09
-6.68289e+09
-6.6205e+09
-6.54679e+09
-6.4727e+09
-6.41486e+09
-6.40036e+09
-6.46914e+09
-6.66557e+09
-7.0271e+09
-7.58431e+09
-8.35586e+09
-9.37993e+09
-1.09002e+10
-1.3485e+10
-1.61001e+10
-1.08287e+10
-5.09776e+09
-4.94908e+09
-4.93039e+09
-4.93098e+09
-4.96248e+09
-5.01127e+09
-5.07445e+09
-5.14684e+09
-5.22273e+09
-5.2996e+09
-5.37551e+09
-5.45163e+09
-5.53129e+09
-5.61961e+09
-5.72496e+09
-5.85705e+09
-6.02356e+09
-6.23885e+09
-6.5165e+09
-6.85784e+09
-7.2855e+09
-7.83273e+09
-8.31319e+09
-8.60013e+09
-7.0376e+09
-5.55363e+09
-5.60169e+09
-5.82835e+09
-6.0523e+09
-6.2361e+09
-6.3843e+09
-6.49977e+09
-6.58991e+09
-6.65842e+09
-6.70606e+09
-6.73262e+09
-6.73759e+09
-6.72098e+09
-6.68434e+09
-6.6319e+09
-6.5713e+09
-6.51377e+09
-6.47629e+09
-6.4865e+09
-6.58403e+09
-6.81198e+09
-7.20932e+09
-7.80983e+09
-8.6354e+09
-9.74214e+09
-1.13857e+10
-1.3897e+10
-1.54971e+10
-8.26128e+09
-5.08929e+09
-5.00809e+09
-5.00382e+09
-5.01115e+09
-5.03777e+09
-5.08036e+09
-5.13713e+09
-5.20322e+09
-5.27591e+09
-5.35138e+09
-5.42584e+09
-5.49837e+09
-5.57129e+09
-5.65011e+09
-5.74401e+09
-5.86211e+09
-6.00846e+09
-6.18785e+09
-6.4061e+09
-6.66703e+09
-6.98085e+09
-7.32379e+09
-7.48061e+09
-7.11801e+09
-6.50143e+09
-6.13424e+09
-6.05766e+09
-6.10198e+09
-6.20954e+09
-6.32559e+09
-6.43456e+09
-6.5287e+09
-6.6067e+09
-6.6676e+09
-6.70981e+09
-6.73162e+09
-6.73207e+09
-6.71128e+09
-6.67132e+09
-6.61696e+09
-6.55552e+09
-6.49761e+09
-6.45988e+09
-6.47042e+09
-6.57097e+09
-6.80763e+09
-7.21666e+09
-7.82561e+09
-8.65015e+09
-9.72539e+09
-1.12682e+10
-1.36374e+10
-1.5348e+10
-8.52831e+09
-5.07604e+09
-5.00735e+09
-5.00164e+09
-5.01048e+09
-5.03844e+09
-5.08268e+09
-5.14226e+09
-5.21134e+09
-5.28567e+09
-5.36196e+09
-5.43768e+09
-5.51244e+09
-5.58857e+09
-5.67052e+09
-5.76442e+09
-5.8775e+09
-6.0173e+09
-6.19291e+09
-6.41277e+09
-6.67924e+09
-6.99739e+09
-7.3388e+09
-7.48292e+09
-7.11404e+09
-6.4913e+09
-6.10837e+09
-6.02823e+09
-6.07864e+09
-6.19008e+09
-6.31056e+09
-6.42441e+09
-6.52079e+09
-6.59926e+09
-6.65997e+09
-6.70164e+09
-6.72277e+09
-6.7225e+09
-6.70129e+09
-6.66155e+09
-6.60812e+09
-6.54807e+09
-6.49208e+09
-6.45734e+09
-6.47197e+09
-6.57674e+09
-6.81666e+09
-7.22828e+09
-7.84007e+09
-8.66611e+09
-9.74029e+09
-1.12685e+10
-1.35687e+10
-1.51118e+10
-7.86831e+09
-5.10521e+09
-5.06009e+09
-5.06122e+09
-5.07183e+09
-5.10118e+09
-5.14332e+09
-5.19808e+09
-5.26231e+09
-5.33283e+09
-5.40647e+09
-5.48e+09
-5.55107e+09
-5.6214e+09
-5.6974e+09
-5.7864e+09
-5.89393e+09
-6.02292e+09
-6.17508e+09
-6.35291e+09
-6.55722e+09
-6.77927e+09
-6.96939e+09
-7.00561e+09
-6.80322e+09
-6.51626e+09
-6.33165e+09
-6.2622e+09
-6.26517e+09
-6.31719e+09
-6.39113e+09
-6.46996e+09
-6.54383e+09
-6.60762e+09
-6.65756e+09
-6.69031e+09
-6.70313e+09
-6.69484e+09
-6.66601e+09
-6.61932e+09
-6.55942e+09
-6.49315e+09
-6.4305e+09
-6.38767e+09
-6.3926e+09
-6.48749e+09
-6.72014e+09
-7.12704e+09
-7.73177e+09
-8.54335e+09
-9.59191e+09
-1.10796e+10
-1.33126e+10
-1.48117e+10
-7.93554e+09
-5.10984e+09
-5.06229e+09
-5.06312e+09
-5.0728e+09
-5.10152e+09
-5.14408e+09
-5.20056e+09
-5.26732e+09
-5.34012e+09
-5.41557e+09
-5.49113e+09
-5.56507e+09
-5.63928e+09
-5.71881e+09
-5.80892e+09
-5.91398e+09
-6.03916e+09
-6.19035e+09
-6.37107e+09
-6.58042e+09
-6.80599e+09
-6.99395e+09
-7.02245e+09
-6.80736e+09
-6.50918e+09
-6.32018e+09
-6.2563e+09
-6.26612e+09
-6.32082e+09
-6.39695e+09
-6.47811e+09
-6.55288e+09
-6.61629e+09
-6.66483e+09
-6.6952e+09
-6.70472e+09
-6.69222e+09
-6.65842e+09
-6.60595e+09
-6.53899e+09
-6.46367e+09
-6.38993e+09
-6.33448e+09
-6.32483e+09
-6.40172e+09
-6.61114e+09
-6.98899e+09
-7.55712e+09
-8.31841e+09
-9.29675e+09
-1.06839e+10
-1.28794e+10
-1.48915e+10
-9.24381e+09
-5.15679e+09
-5.11427e+09
-5.12074e+09
-5.13255e+09
-5.16003e+09
-5.19873e+09
-5.24947e+09
-5.30978e+09
-5.37665e+09
-5.44741e+09
-5.51905e+09
-5.58804e+09
-5.6548e+09
-5.72634e+09
-5.81006e+09
-5.90803e+09
-6.02191e+09
-6.15252e+09
-6.30036e+09
-6.46367e+09
-6.62703e+09
-6.74901e+09
-6.76804e+09
-6.67132e+09
-6.53599e+09
-6.43854e+09
-6.39391e+09
-6.39272e+09
-6.42513e+09
-6.47839e+09
-6.53917e+09
-6.59928e+09
-6.65305e+09
-6.6948e+09
-6.71988e+09
-6.72495e+09
-6.70872e+09
-6.67193e+09
-6.61726e+09
-6.54878e+09
-6.47217e+09
-6.39635e+09
-6.33686e+09
-6.32104e+09
-6.39139e+09
-6.59774e+09
-6.97751e+09
-7.55068e+09
-8.32268e+09
-9.33424e+09
-1.08028e+10
-1.30514e+10
-1.46971e+10
-8.2263e+09
-5.15963e+09
-5.11737e+09
-5.12344e+09
-5.1343e+09
-5.16075e+09
-5.19916e+09
-5.25108e+09
-5.31376e+09
-5.38309e+09
-5.45568e+09
-5.52889e+09
-5.60011e+09
-5.67028e+09
-5.74468e+09
-5.82869e+09
-5.92512e+09
-6.03708e+09
-6.16862e+09
-6.32087e+09
-6.48853e+09
-6.65327e+09
-6.77197e+09
-6.78255e+09
-6.67683e+09
-6.53449e+09
-6.43771e+09
-6.40049e+09
-6.40547e+09
-6.43862e+09
-6.49138e+09
-6.55126e+09
-6.60925e+09
-6.65985e+09
-6.69725e+09
-6.71665e+09
-6.71454e+09
-6.68945e+09
-6.64195e+09
-6.57412e+09
-6.48911e+09
-6.39188e+09
-6.29103e+09
-6.20213e+09
-6.15154e+09
-6.17953e+09
-6.33383e+09
-6.65134e+09
-7.14834e+09
-7.81998e+09
-8.69765e+09
-9.99645e+09
-1.22211e+10
-1.48998e+10
-1.17114e+10
-5.20471e+09
-5.17176e+09
-5.18001e+09
-5.19163e+09
-5.21727e+09
-5.25307e+09
-5.30006e+09
-5.35643e+09
-5.41964e+09
-5.48691e+09
-5.55504e+09
-5.62035e+09
-5.68228e+09
-5.74677e+09
-5.82165e+09
-5.91001e+09
-6.01152e+09
-6.12514e+09
-6.25092e+09
-6.38422e+09
-6.50937e+09
-6.59906e+09
-6.62613e+09
-6.5932e+09
-6.53644e+09
-6.49223e+09
-6.47396e+09
-6.48093e+09
-6.50991e+09
-6.55567e+09
-6.60912e+09
-6.66299e+09
-6.71201e+09
-6.75032e+09
-6.77272e+09
-6.77578e+09
-6.75818e+09
-6.72074e+09
-6.66605e+09
-6.59793e+09
-6.5209e+09
-6.44231e+09
-6.3774e+09
-6.3539e+09
-6.4154e+09
-6.61297e+09
-6.98532e+09
-7.54979e+09
-8.30955e+09
-9.32164e+09
-1.08274e+10
-1.31103e+10
-1.46277e+10
-7.90521e+09
-5.2068e+09
-5.17296e+09
-5.18115e+09
-5.19209e+09
-5.2167e+09
-5.25163e+09
-5.29878e+09
-5.35648e+09
-5.42136e+09
-5.49006e+09
-5.55973e+09
-5.6274e+09
-5.69269e+09
-5.7601e+09
-5.8354e+09
-5.92208e+09
-6.02191e+09
-6.1356e+09
-6.26288e+09
-6.39825e+09
-6.5248e+09
-6.61289e+09
-6.6358e+09
-6.59704e+09
-6.53696e+09
-6.49504e+09
-6.48362e+09
-6.49561e+09
-6.52458e+09
-6.56846e+09
-6.61918e+09
-6.66906e+09
-6.71341e+09
-6.74641e+09
-6.76265e+09
-6.75861e+09
-6.73272e+09
-6.68534e+09
-6.61813e+09
-6.53399e+09
-6.43739e+09
-6.33581e+09
-6.24358e+09
-6.18713e+09
-6.20808e+09
-6.35697e+09
-6.67075e+09
-7.16682e+09
-7.84394e+09
-8.7634e+09
-1.02039e+10
-1.26122e+10
-1.48231e+10
-9.91604e+09
-5.24235e+09
-5.21633e+09
-5.22745e+09
-5.24013e+09
-5.2646e+09
-5.29762e+09
-5.34052e+09
-5.39229e+09
-5.4511e+09
-5.51432e+09
-5.57877e+09
-5.6408e+09
-5.69932e+09
-5.75906e+09
-5.82746e+09
-5.90784e+09
-5.99813e+09
-6.09664e+09
-6.20339e+09
-6.31373e+09
-6.41595e+09
-6.49432e+09
-6.53577e+09
-6.54217e+09
-6.53195e+09
-6.52431e+09
-6.5291e+09
-6.54739e+09
-6.57774e+09
-6.61924e+09
-6.66733e+09
-6.71549e+09
-6.75878e+09
-6.79202e+09
-6.80992e+09
-6.80925e+09
-6.78876e+09
-6.74927e+09
-6.69328e+09
-6.62415e+09
-6.54606e+09
-6.46667e+09
-6.40118e+09
-6.37733e+09
-6.44008e+09
-6.63802e+09
-7.00817e+09
-7.56734e+09
-8.32044e+09
-9.32775e+09
-1.08551e+10
-1.32497e+10
-1.50351e+10
-8.49575e+09
-5.24292e+09
-5.21614e+09
-5.22705e+09
-5.23926e+09
-5.26296e+09
-5.29507e+09
-5.33759e+09
-5.38982e+09
-5.44939e+09
-5.51302e+09
-5.57803e+09
-5.6418e+09
-5.70319e+09
-5.76497e+09
-5.83224e+09
-5.90885e+09
-5.99633e+09
-6.09421e+09
-6.20115e+09
-6.31267e+09
-6.41599e+09
-6.49339e+09
-6.53173e+09
-6.53535e+09
-6.52404e+09
-6.51835e+09
-6.52796e+09
-6.55048e+09
-6.58124e+09
-6.62086e+09
-6.66622e+09
-6.71067e+09
-6.75004e+09
-6.77956e+09
-6.79391e+09
-6.79009e+09
-6.76671e+09
-6.72412e+09
-6.66379e+09
-6.5887e+09
-6.50401e+09
-6.41764e+09
-6.34333e+09
-6.30873e+09
-6.35871e+09
-6.54396e+09
-6.90035e+09
-7.4476e+09
-8.19449e+09
-9.22666e+09
-1.08829e+10
-1.35195e+10
-1.51548e+10
-8.0337e+09
-5.27315e+09
-5.25318e+09
-5.26597e+09
-5.2798e+09
-5.30377e+09
-5.33493e+09
-5.37457e+09
-5.4221e+09
-5.47633e+09
-5.53499e+09
-5.5953e+09
-5.65431e+09
-5.71077e+09
-5.76755e+09
-5.83024e+09
-5.90168e+09
-5.98039e+09
-6.06554e+09
-6.15662e+09
-6.24977e+09
-6.33802e+09
-6.41164e+09
-6.4634e+09
-6.49445e+09
-6.51331e+09
-6.53033e+09
-6.5522e+09
-6.57992e+09
-6.61213e+09
-6.64988e+09
-6.692e+09
-6.73282e+09
-6.76752e+09
-6.79145e+09
-6.79961e+09
-6.78885e+09
-6.75799e+09
-6.70773e+09
-6.64057e+09
-6.55948e+09
-6.46925e+09
-6.37955e+09
-6.3052e+09
-6.27199e+09
-6.32372e+09
-6.51082e+09
-6.8718e+09
-7.4207e+09
-8.1737e+09
-9.18366e+09
-1.07161e+10
-1.32342e+10
-1.56503e+10
-1.06152e+10
-5.27231e+09
-5.25263e+09
-5.26555e+09
-5.2793e+09
-5.30294e+09
-5.33351e+09
-5.37268e+09
-5.42029e+09
-5.47492e+09
-5.5336e+09
-5.59366e+09
-5.65325e+09
-5.71151e+09
-5.76962e+09
-5.83092e+09
-5.89899e+09
-5.97549e+09
-6.05991e+09
-6.15045e+09
-6.24393e+09
-6.3324e+09
-6.40485e+09
-6.45489e+09
-6.4848e+09
-6.50363e+09
-6.52174e+09
-6.54664e+09
-6.57898e+09
-6.61378e+09
-6.65078e+09
-6.69171e+09
-6.73092e+09
-6.76416e+09
-6.78746e+09
-6.79622e+09
-6.78766e+09
-6.76052e+09
-6.71501e+09
-6.6523e+09
-6.57558e+09
-6.49121e+09
-6.40852e+09
-6.3409e+09
-6.31675e+09
-6.38185e+09
-6.58618e+09
-6.96435e+09
-7.53533e+09
-8.31881e+09
-9.404e+09
-1.11264e+10
-1.38337e+10
-1.53865e+10
-8.0608e+09
-5.29721e+09
-5.28363e+09
-5.2985e+09
-5.31423e+09
-5.33896e+09
-5.37007e+09
-5.40875e+09
-5.45454e+09
-5.50665e+09
-5.5631e+09
-5.6214e+09
-5.67907e+09
-5.73502e+09
-5.7911e+09
-5.85143e+09
-5.91755e+09
-5.98861e+09
-6.06514e+09
-6.14617e+09
-6.22865e+09
-6.30844e+09
-6.38003e+09
-6.43915e+09
-6.48619e+09
-6.52536e+09
-6.56164e+09
-6.59893e+09
-6.63787e+09
-6.67705e+09
-6.71714e+09
-6.75918e+09
-6.79922e+09
-6.83204e+09
-6.85297e+09
-6.85764e+09
-6.84298e+09
-6.80832e+09
-6.75496e+09
-6.68464e+09
-6.59918e+09
-6.50387e+09
-6.41015e+09
-6.33368e+09
-6.29475e+09
-6.33387e+09
-6.51571e+09
-6.87865e+09
-7.42002e+09
-8.17622e+09
-9.22183e+09
-1.08254e+10
-1.33284e+10
-1.51488e+10
-8.976e+09
-5.29566e+09
-5.2829e+09
-5.29794e+09
-5.31379e+09
-5.33847e+09
-5.36925e+09
-5.4074e+09
-5.4528e+09
-5.50473e+09
-5.5608e+09
-5.61825e+09
-5.67536e+09
-5.73183e+09
-5.7887e+09
-5.84813e+09
-5.91223e+09
-5.98205e+09
-6.05774e+09
-6.13765e+09
-6.21939e+09
-6.29906e+09
-6.37051e+09
-6.42899e+09
-6.47518e+09
-6.51349e+09
-6.549e+09
-6.58635e+09
-6.62788e+09
-6.67041e+09
-6.71103e+09
-6.75134e+09
-6.78898e+09
-6.81947e+09
-6.83886e+09
-6.84329e+09
-6.82984e+09
-6.79744e+09
-6.74615e+09
-6.67678e+09
-6.59199e+09
-6.49884e+09
-6.40967e+09
-6.34062e+09
-6.31605e+09
-6.37691e+09
-6.57295e+09
-6.94123e+09
-7.49667e+09
-8.27355e+09
-9.35495e+09
-1.10154e+10
-1.35301e+10
-1.49373e+10
-7.48757e+09
-5.31484e+09
-5.3045e+09
-5.32107e+09
-5.33826e+09
-5.36369e+09
-5.39494e+09
-5.43309e+09
-5.47774e+09
-5.5283e+09
-5.58311e+09
-5.63978e+09
-5.69599e+09
-5.75079e+09
-5.80567e+09
-5.8637e+09
-5.92552e+09
-5.99071e+09
-6.06036e+09
-6.13403e+09
-6.20924e+09
-6.28306e+09
-6.35245e+09
-6.41473e+09
-6.46961e+09
-6.51887e+09
-6.56529e+09
-6.61089e+09
-6.65587e+09
-6.69883e+09
-6.7393e+09
-6.77843e+09
-6.81441e+09
-6.84205e+09
-6.85626e+09
-6.85305e+09
-6.83009e+09
-6.78725e+09
-6.7258e+09
-6.646e+09
-6.54796e+09
-6.43754e+09
-6.32867e+09
-6.2382e+09
-6.18268e+09
-6.20174e+09
-6.37015e+09
-6.71355e+09
-7.20378e+09
-7.92006e+09
-8.9497e+09
-1.05303e+10
-1.30938e+10
-1.55415e+10
-1.0771e+10
-5.31178e+09
-5.30393e+09
-5.32046e+09
-5.33785e+09
-5.36331e+09
-5.3944e+09
-5.43213e+09
-5.47617e+09
-5.52611e+09
-5.58027e+09
-5.63605e+09
-5.69132e+09
-5.74585e+09
-5.80114e+09
-5.85904e+09
-5.92031e+09
-5.98545e+09
-6.05517e+09
-6.12865e+09
-6.20339e+09
-6.27719e+09
-6.34714e+09
-6.40996e+09
-6.46522e+09
-6.51475e+09
-6.56119e+09
-6.60681e+09
-6.65309e+09
-6.69973e+09
-6.7437e+09
-6.78403e+09
-6.82067e+09
-6.84926e+09
-6.86567e+09
-6.86675e+09
-6.84993e+09
-6.81422e+09
-6.75952e+09
-6.68586e+09
-6.59516e+09
-6.49537e+09
-6.40238e+09
-6.3363e+09
-6.31937e+09
-6.38753e+09
-6.58907e+09
-6.95843e+09
-7.50582e+09
-8.28565e+09
-9.39026e+09
-1.11006e+10
-1.37059e+10
-1.52594e+10
-8.3858e+09
-5.32515e+09
-5.31743e+09
-5.33488e+09
-5.35274e+09
-5.37828e+09
-5.40919e+09
-5.44648e+09
-5.48976e+09
-5.53852e+09
-5.59136e+09
-5.64616e+09
-5.70071e+09
-5.75403e+09
-5.80717e+09
-5.86251e+09
-5.92053e+09
-5.98099e+09
-6.0449e+09
-6.11245e+09
-6.1821e+09
-6.25154e+09
-6.31873e+09
-6.38207e+09
-6.4409e+09
-6.49598e+09
-6.54872e+09
-6.60004e+09
-6.64948e+09
-6.69558e+09
-6.7372e+09
-6.77498e+09
-6.80915e+09
-6.83526e+09
-6.84781e+09
-6.84312e+09
-6.81919e+09
-6.77621e+09
-6.71551e+09
-6.63574e+09
-6.53519e+09
-6.41924e+09
-6.30569e+09
-6.21963e+09
-6.18424e+09
-6.22219e+09
-6.38263e+09
-6.75125e+09
-7.26021e+09
-7.98567e+09
-9.01648e+09
-1.05813e+10
-1.31653e+10
-1.56322e+10
-1.05204e+10
-5.32228e+09
-5.3181e+09
-5.33544e+09
-5.35362e+09
-5.37935e+09
-5.41034e+09
-5.44755e+09
-5.49048e+09
-5.53868e+09
-5.59093e+09
-5.64513e+09
-5.699e+09
-5.75178e+09
-5.80476e+09
-5.85973e+09
-5.91737e+09
-5.97798e+09
-6.04215e+09
-6.10961e+09
-6.17857e+09
-6.24738e+09
-6.31458e+09
-6.37824e+09
-6.43734e+09
-6.49268e+09
-6.54562e+09
-6.59682e+09
-6.64608e+09
-6.69388e+09
-6.73961e+09
-6.78032e+09
-6.81578e+09
-6.84323e+09
-6.85854e+09
-6.85919e+09
-6.84246e+09
-6.80729e+09
-6.753e+09
-6.6783e+09
-6.58435e+09
-6.47896e+09
-6.37878e+09
-6.30917e+09
-6.30015e+09
-6.3832e+09
-6.60196e+09
-6.99265e+09
-7.53601e+09
-8.31655e+09
-9.42165e+09
-1.10861e+10
-1.36348e+10
-1.53283e+10
-8.65062e+09
-5.3327e+09
-5.3276e+09
-5.34486e+09
-5.36275e+09
-5.38802e+09
-5.41833e+09
-5.45462e+09
-5.49639e+09
-5.54313e+09
-5.59361e+09
-5.64606e+09
-5.69867e+09
-5.75036e+09
-5.80158e+09
-5.85399e+09
-5.90823e+09
-5.96442e+09
-6.02343e+09
-6.08582e+09
-6.15093e+09
-6.21713e+09
-6.28264e+09
-6.34624e+09
-6.40742e+09
-6.46674e+09
-6.52503e+09
-6.58266e+09
-6.6387e+09
-6.69154e+09
-6.73958e+09
-6.78289e+09
-6.82246e+09
-6.85488e+09
-6.87453e+09
-6.87734e+09
-6.86163e+09
-6.82838e+09
-6.77813e+09
-6.70654e+09
-6.6097e+09
-6.49256e+09
-6.37518e+09
-6.29754e+09
-6.29162e+09
-6.38084e+09
-6.62665e+09
-7.07164e+09
-7.57849e+09
-8.32877e+09
-9.45268e+09
-1.10921e+10
-1.35739e+10
-1.52849e+10
-8.48419e+09
-5.32932e+09
-5.32654e+09
-5.3442e+09
-5.36255e+09
-5.38836e+09
-5.41913e+09
-5.45585e+09
-5.49793e+09
-5.54481e+09
-5.59537e+09
-5.64803e+09
-5.70098e+09
-5.75309e+09
-5.80474e+09
-5.85722e+09
-5.91158e+09
-5.96848e+09
-6.02846e+09
-6.09151e+09
-6.15657e+09
-6.2222e+09
-6.28738e+09
-6.35079e+09
-6.41198e+09
-6.47144e+09
-6.52994e+09
-6.58773e+09
-6.64345e+09
-6.69634e+09
-6.74687e+09
-6.79399e+09
-6.83617e+09
-6.869e+09
-6.88942e+09
-6.89589e+09
-6.88567e+09
-6.85704e+09
-6.80773e+09
-6.73521e+09
-6.64013e+09
-6.52886e+09
-6.41444e+09
-6.32467e+09
-6.30724e+09
-6.40951e+09
-6.65273e+09
-7.06882e+09
-7.59804e+09
-8.39697e+09
-9.52241e+09
-1.11559e+10
-1.35933e+10
-1.5153e+10
-7.94182e+09
-5.33338e+09
-5.32772e+09
-5.34537e+09
-5.3633e+09
-5.38889e+09
-5.41928e+09
-5.45544e+09
-5.49668e+09
-5.54242e+09
-5.59151e+09
-5.64244e+09
-5.6938e+09
-5.74472e+09
-5.79535e+09
-5.84662e+09
-5.89908e+09
-5.95315e+09
-6.0099e+09
-6.07005e+09
-6.13342e+09
-6.1987e+09
-6.2643e+09
-6.32899e+09
-6.39267e+09
-6.45574e+09
-6.51897e+09
-6.58229e+09
-6.64436e+09
-6.70305e+09
-6.75645e+09
-6.80404e+09
-6.84632e+09
-6.88036e+09
-6.90023e+09
-6.90145e+09
-6.88341e+09
-6.84563e+09
-6.78531e+09
-6.6974e+09
-6.57813e+09
-6.43236e+09
-6.27937e+09
-6.16874e+09
-6.14125e+09
-6.26491e+09
-6.6738e+09
-7.10765e+09
-7.4776e+09
-8.2499e+09
-9.40066e+09
-1.10411e+10
-1.3474e+10
-1.50551e+10
-8.00043e+09
-5.33157e+09
-5.3234e+09
-5.3426e+09
-5.36078e+09
-5.38706e+09
-5.41805e+09
-5.45487e+09
-5.49676e+09
-5.54311e+09
-5.59275e+09
-5.64429e+09
-5.69643e+09
-5.74837e+09
-5.80003e+09
-5.85197e+09
-5.90498e+09
-5.96001e+09
-6.01803e+09
-6.07945e+09
-6.1436e+09
-6.20915e+09
-6.27466e+09
-6.33937e+09
-6.40317e+09
-6.46631e+09
-6.52951e+09
-6.59267e+09
-6.65444e+09
-6.71288e+09
-6.76749e+09
-6.8188e+09
-6.86485e+09
-6.89996e+09
-6.9194e+09
-6.92162e+09
-6.9072e+09
-6.87332e+09
-6.81551e+09
-6.73094e+09
-6.62013e+09
-6.48755e+09
-6.34222e+09
-6.20677e+09
-6.14281e+09
-6.25677e+09
-6.54885e+09
-6.98972e+09
-7.47439e+09
-8.24343e+09
-9.34205e+09
-1.09569e+10
-1.339e+10
-1.49741e+10
-7.99687e+09
-5.34395e+09
-5.33433e+09
-5.35225e+09
-5.36982e+09
-5.39608e+09
-5.42709e+09
-5.46373e+09
-5.50505e+09
-5.55045e+09
-5.5989e+09
-5.64916e+09
-5.70009e+09
-5.75111e+09
-5.80232e+09
-5.85421e+09
-5.90711e+09
-5.96157e+09
-6.01864e+09
-6.07905e+09
-6.14283e+09
-6.20899e+09
-6.27617e+09
-6.34312e+09
-6.40962e+09
-6.47607e+09
-6.54275e+09
-6.60919e+09
-6.67408e+09
-6.73496e+09
-6.78904e+09
-6.8352e+09
-6.87498e+09
-6.90614e+09
-6.9214e+09
-6.91545e+09
-6.88761e+09
-6.83736e+09
-6.75921e+09
-6.65032e+09
-6.51547e+09
-6.36158e+09
-6.20427e+09
-6.06646e+09
-5.95928e+09
-5.95073e+09
-6.39044e+09
-7.01238e+09
-7.2307e+09
-7.93358e+09
-9.02801e+09
-1.06423e+10
-1.31624e+10
-1.52365e+10
-9.20686e+09
-5.3424e+09
-5.32496e+09
-5.34505e+09
-5.3621e+09
-5.38866e+09
-5.42011e+09
-5.45751e+09
-5.49974e+09
-5.54609e+09
-5.59534e+09
-5.64623e+09
-5.69768e+09
-5.74917e+09
-5.80076e+09
-5.85276e+09
-5.90564e+09
-5.96028e+09
-6.01772e+09
-6.07862e+09
-6.14278e+09
-6.20912e+09
-6.27621e+09
-6.34304e+09
-6.4096e+09
-6.47613e+09
-6.54259e+09
-6.60858e+09
-6.673e+09
-6.73385e+09
-6.78873e+09
-6.83643e+09
-6.87771e+09
-6.91026e+09
-6.92614e+09
-6.92058e+09
-6.89466e+09
-6.84948e+09
-6.77998e+09
-6.68208e+09
-6.55882e+09
-6.41833e+09
-6.27185e+09
-6.13504e+09
-6.04884e+09
-6.0831e+09
-6.31479e+09
-6.75961e+09
-7.2544e+09
-8.004e+09
-9.06933e+09
-1.06667e+10
-1.31508e+10
-1.52281e+10
-1.03238e+10
-5.34817e+09
-5.32951e+09
-5.34437e+09
-5.35821e+09
-5.3823e+09
-5.41259e+09
-5.44984e+09
-5.49268e+09
-5.54012e+09
-5.59075e+09
-5.64327e+09
-5.69648e+09
-5.74955e+09
-5.80245e+09
-5.85558e+09
-5.90951e+09
-5.96508e+09
-6.02319e+09
-6.08454e+09
-6.14911e+09
-6.21624e+09
-6.28458e+09
-6.35306e+09
-6.42149e+09
-6.48993e+09
-6.55823e+09
-6.62578e+09
-6.6914e+09
-6.753e+09
-6.80745e+09
-6.85287e+09
-6.8908e+09
-6.9216e+09
-6.93756e+09
-6.93224e+09
-6.90355e+09
-6.85149e+09
-6.77378e+09
-6.66982e+09
-6.55234e+09
-6.43292e+09
-6.30982e+09
-6.19399e+09
-6.08675e+09
-5.98635e+09
-6.00008e+09
-6.43651e+09
-6.99381e+09
-7.73381e+09
-8.81236e+09
-1.04508e+10
-1.2892e+10
-1.45433e+10
-8.39941e+09
-5.35274e+09
-5.33419e+09
-5.34737e+09
-5.36047e+09
-5.38364e+09
-5.41311e+09
-5.44956e+09
-5.4917e+09
-5.53854e+09
-5.58869e+09
-5.64082e+09
-5.69369e+09
-5.74658e+09
-5.79944e+09
-5.85259e+09
-5.90661e+09
-5.96231e+09
-6.02053e+09
-6.08192e+09
-6.14653e+09
-6.21359e+09
-6.28185e+09
-6.35041e+09
-6.41904e+09
-6.48768e+09
-6.55623e+09
-6.62412e+09
-6.69071e+09
-6.75476e+09
-6.81311e+09
-6.86211e+09
-6.90148e+09
-6.93138e+09
-6.9464e+09
-6.94099e+09
-6.9142e+09
-6.86884e+09
-6.80403e+09
-6.71696e+09
-6.61189e+09
-6.49551e+09
-6.37415e+09
-6.2579e+09
-6.15447e+09
-6.09792e+09
-6.22984e+09
-6.58831e+09
-7.11633e+09
-7.88612e+09
-8.98907e+09
-1.07239e+10
-1.3311e+10
-1.47332e+10
-7.83877e+09
-1.01561e+10
-9.4066e+09
-9.92291e+09
-9.35377e+09
-9.3025e+09
-4.73022e+09
-9.13715e+09
-4.89594e+09
-1.02466e+09
-1.37829e+09
-9.79669e+09
-9.63796e+09
-8.49464e+09
-9.28738e+09
-9.19722e+09
-4.8553e+09
-8.01569e+09
-4.68377e+09
-1.59588e+09
-1.74018e+09
-9.27869e+09
-9.22674e+09
-9.47829e+09
-9.34371e+09
-9.75672e+09
-8.6514e+08
-1.34734e+09
-8.52196e+09
-4.39554e+09
-8.88564e+09
-4.82925e+09
-9.24807e+09
-9.29852e+09
-9.85059e+09
-9.40313e+09
-9.60718e+09
-1.61273e+09
-1.81627e+09
-8.96749e+09
-4.96165e+09
-8.72019e+09
-4.84044e+09
-7.70734e+09
-8.22442e+09
-7.71979e+09
-8.88267e+09
-8.45009e+09
-8.93478e+09
-8.43576e+09
-6.25241e+09
-6.91158e+09
-6.29166e+09
-7.17859e+09
-5.98536e+09
-7.18732e+09
-6.03909e+09
-7.68371e+09
-8.19246e+09
-7.61404e+09
-8.89779e+09
-8.34516e+09
-9.13343e+09
-8.25759e+09
-6.245e+09
-6.76972e+09
-6.16424e+09
-7.07256e+09
-5.9524e+09
-6.861e+09
-5.8117e+09
-9.28266e+09
-8.75757e+09
-9.26226e+09
-8.96978e+09
-9.30693e+09
-8.96094e+09
-9.27754e+09
-6.32914e+09
-7.51908e+09
-9.47897e+09
-7.65938e+09
-6.10401e+09
-4.51392e+09
-4.10237e+09
-4.60279e+09
-2.67976e+09
-3.88898e+09
-2.84526e+09
-4.01802e+09
-9.24116e+09
-8.66353e+09
-9.18036e+09
-8.86447e+09
-9.22715e+09
-8.77333e+09
-9.11925e+09
-5.9774e+09
-7.33138e+09
-8.77581e+09
-7.24124e+09
-6.11106e+09
-4.60423e+09
-4.05907e+09
-4.5381e+09
-2.98663e+09
-4.04912e+09
-2.98944e+09
-3.98046e+09
-9.28388e+09
-8.9517e+09
-9.25395e+09
-8.70375e+09
-9.24209e+09
-8.70408e+09
-9.25152e+09
-9.75818e+09
-9.3163e+09
-9.38387e+09
-9.41983e+09
-9.65379e+09
-3.46125e+09
-3.12811e+09
-3.87134e+09
-2.84719e+09
-4.0352e+09
-3.87154e+09
-4.46942e+09
-4.09027e+09
-4.61704e+09
-9.20704e+09
-8.81577e+09
-9.14557e+09
-8.65211e+09
-9.2162e+09
-8.645e+09
-9.27487e+09
-1.02919e+10
-9.26531e+09
-9.37003e+09
-1.02569e+10
-9.40584e+09
-5.01668e+09
-4.4773e+09
-4.13155e+09
-3.09257e+09
-4.04459e+09
-4.24136e+09
-4.68619e+09
-4.18469e+09
-4.58328e+09
-8.01485e+09
-8.60767e+09
-8.14262e+09
-7.93335e+09
-7.41727e+09
-8.02589e+09
-7.53431e+09
-5.70496e+09
-6.95243e+09
-5.89801e+09
-6.62975e+09
-6.08003e+09
-6.78602e+09
-6.2153e+09
-8.19484e+09
-8.58745e+09
-8.0928e+09
-8.00577e+09
-7.54536e+09
-7.96421e+09
-7.46502e+09
-5.9839e+09
-6.92669e+09
-5.85361e+09
-6.82257e+09
-6.25896e+09
-6.72426e+09
-6.14371e+09
-1.10355e+10
-9.82346e+09
-1.02346e+10
-9.7374e+09
-1.10746e+10
-1.09519e+10
-1.01232e+10
-9.62436e+09
-9.7392e+09
-1.09169e+10
-9.97339e+09
-9.4366e+09
-9.35638e+09
-9.42177e+09
-9.83502e+09
-1.12713e+10
-1.0855e+10
-9.83611e+09
-9.34295e+09
-9.32312e+09
-9.38892e+09
-9.93099e+09
-1.09621e+10
-1.16093e+10
-6.23571e+09
-9.36585e+09
-7.45574e+09
-7.60889e+09
-6.1103e+09
-4.79056e+09
-4.48798e+09
-3.16669e+09
-1.89859e+09
-9.4633e+08
-1.89614e+09
-2.95466e+09
-4.67759e+09
-4.58735e+09
-3.14307e+09
-2.19983e+09
-1.13452e+09
-2.04422e+09
-3.16566e+09
-1.03839e+10
-9.56796e+09
-9.53005e+09
-9.41455e+09
-1.07727e+10
-1.05759e+10
-9.0838e+09
-8.81358e+09
-9.21681e+09
-1.10194e+10
-9.85934e+09
-9.37871e+09
-9.28907e+09
-9.903e+09
-9.40826e+09
-1.02868e+10
-1.08767e+10
-9.86814e+09
-9.23491e+09
-9.23236e+09
-9.29034e+09
-9.72673e+09
-1.05884e+10
-1.07843e+10
-5.96701e+09
-8.46259e+09
-6.80011e+09
-7.0398e+09
-5.6798e+09
-4.6698e+09
-4.67714e+09
-3.33034e+09
-2.34485e+09
-1.62314e+09
-3.25719e+09
-2.35262e+09
-4.71635e+09
-4.39598e+09
-3.33225e+09
-2.35245e+09
-1.61427e+09
-2.31068e+09
-3.15488e+09
-1.02568e+10
-1.00929e+10
-9.97421e+09
-9.30829e+09
-9.38805e+09
-9.43619e+09
-1.01413e+10
-1.04666e+10
-1.16763e+10
-1.04162e+10
-9.36514e+09
-9.6234e+09
-9.38739e+09
-1.03466e+10
-1.05538e+10
-9.73327e+09
-9.60383e+09
-1.0928e+10
-9.54603e+09
-2.17604e+09
-8.12839e+08
-1.61732e+09
-1.6344e+09
-1.94964e+09
-3.55319e+09
-4.09143e+09
-2.31675e+09
-1.05438e+09
-2.14439e+09
-1.87991e+09
-2.82324e+09
-5.23954e+09
-6.76538e+09
-8.77598e+09
-6.9521e+09
-4.92669e+09
-5.31599e+09
-8.85841e+09
-7.18465e+09
-5.75879e+09
-7.08381e+09
-1.08545e+10
-1.13237e+10
-1.02637e+10
-9.21125e+09
-9.41071e+09
-9.34933e+09
-1.02501e+10
-1.14315e+10
-1.12192e+10
-1.0772e+10
-9.74006e+09
-9.83565e+09
-1.09356e+10
-9.69878e+09
-1.06653e+10
-9.70648e+09
-9.52754e+09
-9.46568e+09
-1.09835e+10
-3.60704e+09
-1.68386e+09
-2.43618e+09
-3.15212e+09
-2.50333e+09
-5.2105e+09
-4.95938e+09
-3.73327e+09
-1.69426e+09
-2.55147e+09
-2.50949e+09
-3.58067e+09
-6.32055e+09
-7.31395e+09
-8.97824e+09
-6.03269e+09
-7.35682e+09
-6.44469e+09
-8.9246e+09
-7.1932e+09
-7.32592e+09
-6.17958e+09
-9.64091e+09
-9.54052e+09
-9.30585e+09
-9.62791e+09
-9.45936e+09
-9.58577e+09
-9.75176e+09
-9.73024e+09
-9.45828e+09
-9.39056e+09
-9.592e+09
-9.46267e+09
-9.70663e+09
-9.65755e+09
-9.6347e+09
-9.36389e+09
-9.49814e+09
-9.59642e+09
-9.55082e+09
-9.5602e+09
-9.61784e+09
-4.49239e+09
-5.59701e+09
-4.77642e+09
-3.52653e+09
-5.6917e+09
-3.54483e+09
-4.39677e+09
-4.521e+09
-4.85098e+09
-5.70323e+09
-3.71896e+09
-5.72527e+09
-3.64251e+09
-4.51178e+09
-9.87857e+09
-9.57743e+09
-9.89538e+09
-9.57757e+09
-9.60493e+09
-9.62958e+09
-9.81379e+09
-4.47204e+09
-5.63087e+09
-4.79152e+09
-3.7414e+09
-5.5692e+09
-4.51415e+09
-3.69761e+09
-4.39527e+09
-4.7087e+09
-5.33637e+09
-3.62634e+09
-5.44418e+09
-3.63127e+09
-4.29175e+09
-9.65988e+09
-9.66307e+09
-9.34143e+09
-9.2023e+09
-9.65385e+09
-9.32236e+09
-9.65398e+09
-9.80867e+09
-9.76035e+09
-9.28268e+09
-9.49368e+09
-9.72208e+09
-9.69366e+09
-9.45049e+09
-3.8567e+09
-3.1694e+09
-5.0649e+09
-4.48002e+09
-3.2285e+09
-5.19942e+09
-3.70611e+09
-4.07086e+09
-3.67027e+09
-4.67981e+09
-5.55341e+09
-3.45324e+09
-4.32148e+09
-5.38387e+09
-9.84109e+09
-9.7229e+09
-9.52868e+09
-9.28996e+09
-9.82709e+09
-9.80456e+09
-9.45951e+09
-9.6767e+09
-9.83772e+09
-9.39869e+09
-9.44937e+09
-9.96749e+09
-9.34478e+09
-9.70721e+09
-4.71766e+09
-3.88471e+09
-5.70722e+09
-4.93109e+09
-4.6099e+09
-3.89872e+09
-5.72538e+09
-4.75966e+09
-3.88006e+09
-4.88528e+09
-5.60329e+09
-3.88499e+09
-5.68755e+09
-4.67049e+09
-9.7582e+09
-7.0592e+09
-9.2234e+09
-6.41195e+09
-7.05652e+09
-9.71475e+09
-9.36686e+09
-1.14564e+10
-1.24186e+10
-1.2794e+10
-1.11234e+10
-1.17264e+10
-1.27858e+10
-1.30457e+10
-1.15314e+10
-9.67028e+09
-6.31433e+09
-6.88288e+09
-8.82077e+09
-6.97686e+09
-9.23779e+09
-9.21869e+09
-8.86359e+09
-6.63173e+09
-6.01736e+09
-8.44365e+09
-6.6475e+09
-8.84914e+09
-8.51974e+09
-1.05433e+10
-1.18758e+10
-1.07089e+10
-1.17528e+10
-8.94486e+09
-6.06369e+09
-6.77033e+09
-8.68896e+09
-9.10638e+09
-6.69244e+09
-8.58239e+09
-1.04783e+10
-1.13874e+10
-1.16217e+10
-1.03492e+10
-9.24327e+09
-9.35429e+09
-9.54405e+09
-9.72659e+09
-9.24765e+09
-9.3447e+09
-9.45844e+09
-9.0783e+09
-9.08819e+09
-9.08119e+09
-9.08872e+09
-9.12147e+09
-9.1816e+09
-9.12423e+09
-9.19222e+09
-9.21414e+09
-9.61598e+09
-9.2456e+09
-9.44759e+09
-9.22433e+09
-9.44233e+09
-9.22775e+09
-3.44502e+09
-3.21893e+09
-9.46343e+09
-9.91182e+09
-1.02036e+10
-9.69407e+09
-1.00689e+10
-9.57517e+09
-9.56243e+09
-9.28593e+09
-9.23834e+09
-9.24942e+09
-9.27482e+09
-9.30015e+09
-9.26738e+09
-9.25782e+09
-9.33237e+09
-9.47405e+09
-1.02085e+10
-1.00382e+10
-9.55477e+09
-9.48426e+09
-9.95203e+09
-9.56745e+09
-4.91459e+09
-4.71729e+09
-1.1484e+10
-1.01377e+10
-1.2359e+10
-1.09425e+10
-1.00645e+10
-1.15548e+10
-1.25518e+10
-1.29581e+10
-1.29881e+10
-1.33235e+10
-1.28011e+10
-1.29898e+10
-1.32565e+10
-1.34387e+10
-1.28968e+10
-1.16581e+10
-1.11345e+10
-1.02634e+10
-1.23981e+10
-1.02339e+10
-1.24424e+10
-1.16172e+10
-1.16512e+10
-1.01045e+10
-1.27507e+10
-1.10379e+10
-1.1624e+10
-1.00088e+10
-1.31948e+10
-1.29144e+10
-1.27926e+10
-1.30602e+10
-1.26634e+10
-1.29741e+10
-1.32751e+10
-1.30061e+10
-1.32077e+10
-1.15437e+10
-1.08925e+10
-9.88764e+09
-1.27419e+10
-9.86961e+09
-1.34435e+10
-1.13152e+10
-9.35056e+09
-9.4762e+09
-9.54879e+09
-9.8654e+09
-9.4784e+09
-9.4571e+09
-9.37832e+09
-9.2547e+09
-9.18917e+09
-9.17866e+09
-9.26495e+09
-9.27712e+09
-9.24062e+09
-9.19792e+09
-9.31028e+09
-9.32878e+09
-9.92178e+09
-9.5224e+09
-9.41147e+09
-9.51955e+09
-9.52847e+09
-9.36464e+09
-1.11576e+10
-1.09403e+10
-9.37537e+09
-9.47648e+09
-9.856e+09
-9.51108e+09
-9.42563e+09
-9.39991e+09
-9.53709e+09
-9.2978e+09
-9.26107e+09
-9.32068e+09
-9.26097e+09
-9.35478e+09
-9.99933e+09
-9.43456e+09
-9.68817e+09
-9.36904e+09
-9.86931e+09
-9.39663e+09
-9.30808e+09
-9.25359e+09
-9.31124e+09
-9.26771e+09
-1.13396e+10
-1.214e+10
-9.41582e+09
-7.00412e+09
-9.06331e+09
-6.18802e+09
-9.59511e+09
-6.93083e+09
-8.96349e+09
-1.10579e+10
-1.21924e+10
-1.09333e+10
-1.24825e+10
-1.13085e+10
-1.27059e+10
-1.14133e+10
-1.26929e+10
-9.28382e+09
-6.14329e+09
-6.82263e+09
-8.75848e+09
-9.24654e+09
-6.84567e+09
-8.8453e+09
-4.84354e+09
-4.64715e+09
-1.10955e+09
-2.53543e+09
-1.60342e+09
-3.15165e+09
-2.49308e+09
-1.50341e+09
-1.18886e+09
-8.10517e+07
2.55286e+08
4.02536e+08
-2.10688e+08
-2.58646e+08
5.15261e+06
-3.82265e+08
2.01836e+08
-9.52757e+08
-2.98649e+09
-2.39809e+09
-1.26445e+09
-2.40117e+09
-1.21118e+09
-1.08577e+09
-4.62199e+09
-4.60068e+09
-1.26394e+09
-2.57507e+09
-3.11659e+09
-1.57367e+09
-2.58996e+09
-1.23052e+09
-1.51931e+09
-5.70462e+08
-3.291e+08
-6.5555e+08
-2.34844e+08
-1.29774e+09
-3.11209e+09
-2.68055e+09
-1.57601e+09
-2.61584e+09
-1.52841e+09
-1.37941e+09
-5.11042e+08
-1.14814e+08
-4.6369e+08
-1.59636e+08
-1.0634e+10
-9.84882e+09
-1.04636e+10
-1.12344e+10
-9.89303e+09
-1.05659e+10
-1.13087e+10
-1.18645e+10
-1.24839e+10
-1.224e+10
-1.22737e+10
-1.08478e+10
-1.06198e+10
-9.97688e+09
-1.20024e+10
-9.97927e+09
-1.11081e+10
-1.15741e+10
-1.16309e+10
-1.1812e+10
-1.203e+10
-1.15379e+10
-1.10158e+10
-9.91293e+09
-1.15724e+10
-1.07548e+10
-1.06061e+10
-1.02034e+10
-1.23099e+10
-1.06396e+10
-1.02141e+10
-1.04746e+10
-1.05599e+10
-1.09246e+10
-1.15038e+10
-1.13449e+10
-1.09513e+10
-1.2706e+10
-1.07295e+10
-9.49531e+09
-1.40087e+10
-1.00191e+10
-1.44998e+10
-1.27874e+10
-9.48195e+09
-9.86639e+09
-9.60982e+09
-9.62875e+09
-9.57898e+09
-9.64803e+09
-9.50367e+09
-9.34388e+09
-9.26218e+09
-9.272e+09
-9.3352e+09
-9.45116e+09
-9.89904e+09
-9.51352e+09
-9.56861e+09
-9.54056e+09
-9.43705e+09
-9.60244e+09
-9.36262e+09
-9.28862e+09
-9.28046e+09
-9.37692e+09
-1.03698e+10
-1.06046e+10
-9.30847e+09
-9.54968e+09
-9.54769e+09
-9.9183e+09
-9.45066e+09
-9.43314e+09
-9.43356e+09
-9.20531e+09
-9.20587e+09
-9.20582e+09
-9.19904e+09
-9.24994e+09
-9.25448e+09
-9.3357e+09
-9.19265e+09
-9.22128e+09
-9.81861e+09
-9.33009e+09
-9.33522e+09
-9.29577e+09
-9.36544e+09
-9.23211e+09
-1.07888e+10
-1.08238e+10
-8.6448e+09
-6.55663e+09
-8.4154e+09
-5.9754e+09
-8.75963e+09
-6.48545e+09
-8.39676e+09
-9.73433e+09
-1.02595e+10
-1.05324e+10
-9.45699e+09
-1.00796e+10
-1.11674e+10
-1.0192e+10
-1.09379e+10
-8.48886e+09
-5.86506e+09
-6.28915e+09
-7.86932e+09
-6.37199e+09
-8.21696e+09
-8.11895e+09
-4.69393e+09
-4.68936e+09
-1.7003e+09
-3.2973e+09
-2.8364e+09
-2.00884e+09
-2.80508e+09
-1.95888e+09
-1.72684e+09
-9.87601e+08
-5.78565e+08
-8.64007e+08
-7.15137e+08
-1.61806e+09
-3.28097e+09
-2.77155e+09
-1.76292e+09
-1.53388e+09
-2.78899e+09
-1.85656e+09
-1.10341e+09
-9.07981e+08
-1.12718e+09
-8.55869e+08
-4.72586e+09
-4.53769e+09
-1.70611e+09
-2.80617e+09
-2.06431e+09
-3.3143e+09
-2.775e+09
-1.73113e+09
-2.0178e+09
-1.00522e+09
-8.50459e+08
-7.38554e+08
-1.10166e+09
-1.11921e+09
-9.49139e+08
-1.15537e+09
-8.67712e+08
-1.59677e+09
-3.17891e+09
-2.72687e+09
-1.81705e+09
-2.71437e+09
-1.77327e+09
-1.69624e+09
-1.04073e+10
-1.01541e+10
-9.46883e+09
-9.58242e+09
-9.65028e+09
-1.01806e+10
-9.45527e+09
-9.88385e+09
-9.59365e+09
-9.2647e+09
-9.23494e+09
-9.26371e+09
-9.23895e+09
-9.26276e+09
-9.23121e+09
-9.25922e+09
-9.24644e+09
-9.42924e+09
-9.95042e+09
-1.02495e+10
-9.42195e+09
-9.48152e+09
-1.03808e+10
-9.37243e+09
-1.09694e+10
-1.18024e+10
-1.06052e+10
-1.10969e+10
-9.87838e+09
-1.03263e+10
-1.10609e+10
-9.81845e+09
-1.06017e+10
-1.1616e+10
-1.17027e+10
-1.1962e+10
-1.14888e+10
-1.16206e+10
-1.18677e+10
-1.15655e+10
-1.20094e+10
-1.06113e+10
-1.04223e+10
-1.10927e+10
-9.83289e+09
-1.12728e+10
-9.81286e+09
-1.05479e+10
-1.09933e+10
-1.11457e+10
-1.06921e+10
-1.0093e+10
-1.16856e+10
-1.08089e+10
-1.01008e+10
-1.20621e+10
-1.2116e+10
-1.21058e+10
-1.2143e+10
-1.18985e+10
-1.19363e+10
-1.17145e+10
-1.20319e+10
-1.12335e+10
-1.08243e+10
-1.22557e+10
-1.01079e+10
-1.21871e+10
-1.00522e+10
-1.12931e+10
-3.6115e+08
-5.00819e+08
-1.89704e+09
-2.08833e+09
-3.47022e+08
-4.85454e+08
-1.79652e+09
3.50353e+08
4.04451e+08
5.48617e+08
1.93484e+08
1.86926e+08
1.78924e+08
3.74695e+08
3.41713e+07
-1.74612e+08
-1.88527e+09
-2.0763e+08
-1.7183e+09
-7.83378e+07
-1.67176e+09
-3.89849e+08
-3.66998e+09
-3.88722e+09
-7.66087e+08
-6.40115e+08
-2.06312e+09
-2.41439e+09
-6.49155e+08
-7.08854e+08
-2.15441e+09
-3.29501e+08
-2.357e+08
-1.26179e+08
-4.75208e+08
-2.14965e+08
2.04813e+07
-3.95624e+07
-1.2366e+08
-8.99674e+08
-2.60138e+09
-1.11027e+09
-2.49828e+09
-8.97334e+08
-2.31786e+09
-1.0917e+09
-8.56529e+09
-7.87539e+09
-6.13398e+09
-5.22684e+09
-7.92022e+09
-6.07757e+09
-8.57464e+09
-1.00932e+10
-1.10839e+10
-1.1395e+10
-9.82246e+09
-1.03853e+10
-1.14153e+10
-1.16086e+10
-1.02489e+10
-8.41943e+09
-5.06346e+09
-7.38959e+09
-5.86702e+09
-7.74024e+09
-5.94652e+09
-7.99954e+09
-8.60602e+09
-7.90688e+09
-5.41373e+09
-6.22731e+09
-7.98631e+09
-8.5976e+09
-6.27982e+09
-1.02782e+10
-1.14893e+10
-1.15347e+10
-1.03298e+10
-1.03021e+10
-1.14278e+10
-1.15325e+10
-1.02513e+10
-8.68583e+09
-5.5808e+09
-8.25725e+09
-6.52389e+09
-8.09268e+09
-6.39461e+09
-8.81224e+09
-1.12354e+10
-1.12597e+10
-9.41991e+09
-1.02385e+10
-9.53873e+09
-8.48182e+09
-9.57898e+09
-1.12232e+10
-9.09149e+09
-9.22053e+09
-9.21528e+09
-9.20604e+09
-9.24242e+09
-9.16755e+09
-9.22394e+09
-9.28047e+09
-9.141e+09
-9.42139e+09
-1.00603e+10
-9.93178e+09
-9.54132e+09
-9.92003e+09
-9.43627e+09
-9.44298e+09
-1.30153e+10
-1.14265e+10
-1.11661e+10
-1.0898e+10
-1.14232e+10
-1.02966e+10
-1.1579e+10
-1.03969e+10
-1.11006e+10
-1.19733e+10
-1.21185e+10
-1.21474e+10
-1.20843e+10
-1.12613e+10
-1.09544e+10
-1.20486e+10
-1.03078e+10
-1.13897e+10
-1.18678e+10
-1.03583e+10
-1.18649e+10
-1.19366e+10
-1.1833e+10
-1.20095e+10
-1.10119e+10
-1.1871e+10
-9.99922e+09
-1.08332e+10
-1.16344e+10
-1.10137e+10
-1.00569e+10
-1.19637e+10
-1.18673e+10
-1.2098e+10
-1.18312e+10
-1.18574e+10
-1.1874e+10
-1.18751e+10
-1.20641e+10
-1.12377e+10
-1.09953e+10
-1.16978e+10
-1.01792e+10
-1.17083e+10
-1.02541e+10
-1.11699e+10
-1.73855e+09
-2.15442e+09
-3.48233e+09
-3.06681e+09
-1.99627e+09
-1.83275e+09
-2.97843e+09
-9.80811e+08
-5.47109e+08
-7.11258e+08
-7.96531e+08
-1.1142e+09
-9.1972e+08
-8.47322e+08
-1.18523e+09
-1.57805e+09
-3.32088e+09
-1.52512e+09
-2.77673e+09
-1.79062e+09
-1.40789e+09
-2.86306e+09
-5.29859e+09
-5.15449e+09
-1.90751e+09
-2.3262e+09
-3.12229e+09
-3.77372e+09
-1.90498e+09
-2.36231e+09
-3.11894e+09
-1.13986e+09
-9.14372e+08
-8.05198e+08
-1.22999e+09
-1.22074e+09
-9.77205e+08
-9.0951e+08
-1.24585e+09
-1.81906e+09
-3.64331e+09
-2.18374e+09
-3.05852e+09
-2.18337e+09
-3.05725e+09
-1.93378e+09
-8.99041e+09
-6.24563e+09
-8.754e+09
-6.87786e+09
-8.68224e+09
-6.80879e+09
-9.07896e+09
-1.03879e+10
-1.15207e+10
-1.03933e+10
-1.15302e+10
-8.92806e+09
-6.11886e+09
-8.48152e+09
-6.70872e+09
-8.54727e+09
-8.92633e+09
-6.71891e+09
-1.0444e+10
-1.14315e+10
-1.15152e+10
-1.0417e+10
-9.1472e+09
-8.86725e+09
-6.92326e+09
-6.4807e+09
-8.92791e+09
-9.13638e+09
-6.88857e+09
-1.04269e+10
-1.12596e+10
-1.15294e+10
-1.01858e+10
-1.06108e+10
-1.14466e+10
-1.16497e+10
-1.04508e+10
-9.07973e+09
-6.39525e+09
-8.48086e+09
-6.73861e+09
-8.83046e+09
-6.81174e+09
-8.69022e+09
)
;

boundaryField
{
    inlet
    {
        type            zeroGradient;
    }
    outlet
    {
        type            fixedValue;
        value           uniform 101325;
    }
    rightSide
    {
        type            symmetryPlane;
    }
    leftSide
    {
        type            symmetryPlane;
    }
    duct
    {
        type            zeroGradient;
    }
    cylinder
    {
        type            zeroGradient;
    }
}


// ************************************************************************* //
