/*--------------------------------*- C++ -*----------------------------------*\
| =========                 |                                                 |
| \\      /  F ield         | OpenFOAM: The Open Source CFD Toolbox           |
|  \\    /   O peration     | Version:  4.1                                   |
|   \\  /    A nd           | Web:      www.OpenFOAM.org                      |
|    \\/     M anipulation  |                                                 |
\*---------------------------------------------------------------------------*/
FoamFile
{
    version     2.0;
    format      ascii;
    class       volScalarField;
    location    "66";
    object      omega;
}
// * * * * * * * * * * * * * * * * * * * * * * * * * * * * * * * * * * * * * //

dimensions      [0 0 -1 0 0 0 0];

internalField   nonuniform List<scalar> 
4432
(
0.0111041
0.0114382
0.0118247
0.0121454
0.0125227
0.0128331
0.0131984
0.0135014
0.0138526
0.0141478
0.0144833
0.0147692
0.0150902
0.0153641
0.0156717
0.0159313
0.0162266
0.0164705
0.0167551
0.0169818
0.0172583
0.01747
0.0177421
0.0179394
0.0182069
0.0183964
0.0186624
0.0188551
0.0191189
0.0193204
0.0195769
0.0197842
0.0200123
0.0202199
0.0204188
0.020626
0.0208007
0.0210025
0.0211641
0.0213531
0.0214953
0.0216628
0.0218063
0.0219675
0.0220926
0.0222409
0.0223298
0.0224632
0.0225459
0.022663
0.0227325
0.0228587
0.0229566
0.023111
0.0111187
0.0114241
0.0118429
0.0121288
0.012543
0.0128151
0.0132196
0.0134831
0.0138729
0.0141308
0.0145009
0.0147547
0.0151041
0.0153521
0.0156823
0.0159214
0.0162351
0.0164624
0.0167628
0.0169755
0.017265
0.0174663
0.0177483
0.0179398
0.0182137
0.0184019
0.0186689
0.0188625
0.0191211
0.0193277
0.0195746
0.0197925
0.0200078
0.0202296
0.0204186
0.0206354
0.0208129
0.0210115
0.0211926
0.0213635
0.0215424
0.0216933
0.0218703
0.021995
0.022152
0.0222472
0.0223965
0.0224864
0.0226074
0.0226864
0.0227952
0.0228526
0.0228998
0.0231845
21.7964
3.38032
1.22863
0.66335
0.436389
0.320373
0.251527
0.206451
0.174813
0.151456
0.133535
0.119374
0.107905
0.098443
0.0904959
0.083745
0.0779241
0.0728758
0.0684323
0.064522
0.0610214
0.0579109
0.0550848
0.0525596
0.0502312
0.0481451
0.0461918
0.0444395
0.0427739
0.0412786
0.0398363
0.0385346
0.0372527
0.0361048
0.0349743
0.0339665
0.0329835
0.0321006
0.031244
0.0304584
0.0296951
0.0289849
0.0283101
0.0276674
0.02707
0.0264686
0.0259358
0.0253736
0.024897
0.0243881
0.0239854
0.0235322
0.0232315
0.0224312
21.7964
3.38032
1.22863
0.663349
0.436387
0.320371
0.251525
0.206449
0.174812
0.151454
0.133534
0.119372
0.107905
0.0984405
0.0904954
0.0837428
0.0779229
0.0728741
0.0684308
0.0645219
0.0610201
0.0579138
0.0550849
0.052565
0.0502315
0.0481502
0.0461894
0.044442
0.0427677
0.0412782
0.0398258
0.03853
0.03724
0.0361037
0.0349663
0.0339741
0.032982
0.0321186
0.0312447
0.0304742
0.0296906
0.0290014
0.028298
0.0276801
0.0270417
0.0264815
0.025902
0.0253896
0.0248652
0.0244172
0.023932
0.023543
0.0231679
0.0222946
21.796
3.38045
1.22879
0.663556
0.436621
0.320606
0.251752
0.206653
0.175
0.151637
0.133716
0.119557
0.108092
0.0986315
0.090689
0.0839391
0.0781223
0.0730736
0.0686356
0.0647239
0.0612309
0.0581189
0.0553
0.0527687
0.050445
0.0483498
0.0464005
0.0446401
0.042978
0.0414749
0.0400358
0.0387333
0.0374742
0.0363316
0.0352256
0.0342155
0.0332435
0.0323475
0.0314898
0.0306827
0.0299204
0.0291864
0.0285122
0.0278335
0.0272411
0.0266071
0.0260934
0.0254932
0.0250421
0.0245063
0.0240973
0.0236104
0.0232426
0.0226797
21.796
3.38045
1.22879
0.663555
0.43662
0.320604
0.251751
0.206651
0.174999
0.151635
0.133715
0.119555
0.10809
0.09863
0.0906869
0.0839382
0.0781195
0.0730738
0.068632
0.0647263
0.0612284
0.0581236
0.0552978
0.0527741
0.0504418
0.048354
0.0463958
0.0446428
0.042971
0.0414767
0.0400273
0.0387361
0.0374662
0.0363399
0.03522
0.0342297
0.0332391
0.0323606
0.0314798
0.0306934
0.0299086
0.0291951
0.0284946
0.027839
0.0272183
0.0266141
0.0260628
0.0255092
0.0250178
0.0245202
0.0240714
0.0236008
0.02326
0.0226573
21.7961
3.38037
1.22872
0.663495
0.436568
0.320558
0.251709
0.206611
0.174961
0.151599
0.13368
0.11952
0.108057
0.0985956
0.0906558
0.0839037
0.0780902
0.0730394
0.0686069
0.0646968
0.061211
0.0580984
0.0552838
0.0527474
0.0504277
0.0483261
0.0463873
0.0446191
0.0429739
0.0414578
0.0400412
0.0387207
0.0374928
0.0363293
0.0352569
0.0342181
0.0332752
0.0323424
0.0315071
0.0306714
0.029926
0.0291683
0.0284959
0.0278059
0.0272133
0.0265799
0.0260654
0.0254891
0.0250351
0.0244984
0.0240664
0.0235729
0.0232081
0.0226554
21.7961
3.38037
1.22872
0.663493
0.436566
0.320557
0.251707
0.20661
0.174959
0.151598
0.133678
0.11952
0.108054
0.0985965
0.0906515
0.0839054
0.0780847
0.0730425
0.0686007
0.0647007
0.0612029
0.0581017
0.0552751
0.0527526
0.0504223
0.0483345
0.0463841
0.0446264
0.0429694
0.0414618
0.040036
0.0387234
0.037487
0.03633
0.0352489
0.0342202
0.0332661
0.0323482
0.0314992
0.030679
0.0299148
0.0291738
0.0284896
0.0278112
0.0272136
0.0265833
0.026069
0.0254885
0.025027
0.0244854
0.0240919
0.0234976
0.0233965
0.0224938
21.7962
3.38035
1.22869
0.663472
0.436548
0.32054
0.251691
0.206592
0.174943
0.151578
0.13366
0.119497
0.108035
0.0985703
0.090631
0.0838763
0.0780627
0.0730118
0.0685796
0.0646701
0.0611828
0.0580727
0.0552566
0.0527274
0.0504079
0.0483161
0.0463763
0.0446178
0.0429695
0.0414623
0.0400414
0.0387278
0.0374942
0.0363346
0.0352594
0.0342222
0.0332811
0.0323399
0.0315176
0.0306588
0.0299366
0.0291468
0.0285078
0.0277881
0.0272221
0.0265741
0.0260773
0.0254895
0.0250415
0.024483
0.0240919
0.0234716
0.0233326
0.0224472
21.7962
3.38035
1.22869
0.66347
0.436547
0.320538
0.25169
0.206591
0.174942
0.151577
0.133659
0.119496
0.108034
0.0985689
0.0906298
0.0838744
0.0780621
0.0730098
0.0685791
0.0646671
0.0611807
0.0580688
0.0552552
0.0527268
0.0504088
0.0483193
0.0463761
0.0446216
0.0429647
0.0414677
0.0400328
0.0387376
0.0374807
0.036348
0.0352397
0.0342391
0.0332571
0.0323617
0.0314923
0.0306777
0.0299138
0.029161
0.0284969
0.0277965
0.0272238
0.0265773
0.0260773
0.0254807
0.0250313
0.0244705
0.024049
0.0235283
0.0232487
0.0223884
21.7962
3.38034
1.22867
0.66345
0.436528
0.32052
0.25167
0.206571
0.174919
0.151553
0.133632
0.119467
0.108004
0.0985358
0.0905972
0.0838374
0.0780288
0.0729695
0.0685463
0.0646239
0.061151
0.0580249
0.0552335
0.0526878
0.0504002
0.0482874
0.046381
0.0445969
0.0429841
0.041451
0.0400643
0.0387234
0.0375164
0.0363312
0.0352767
0.0342219
0.033292
0.0323423
0.0315164
0.0306591
0.0299263
0.0291535
0.0285035
0.0278045
0.0272287
0.026597
0.0260854
0.0254989
0.0250299
0.0244753
0.0240158
0.0235299
0.0231596
0.022256
21.7962
3.38034
1.22867
0.663448
0.436526
0.320518
0.251669
0.206569
0.174918
0.151551
0.133632
0.119466
0.108003
0.0985342
0.0905964
0.0838353
0.0780278
0.0729668
0.0685448
0.0646196
0.0611498
0.0580208
0.0552342
0.052684
0.0504035
0.0482842
0.0463871
0.0445926
0.0429909
0.0414418
0.0400705
0.0387096
0.0375248
0.0363161
0.0352877
0.0342047
0.0333047
0.0323253
0.0315324
0.0306449
0.029946
0.0291386
0.028524
0.0277869
0.0272491
0.0265698
0.026099
0.025463
0.0250363
0.0244302
0.0240527
0.0234708
0.023215
0.022318
21.7962
3.38033
1.22866
0.663431
0.436509
0.3205
0.251648
0.206548
0.174893
0.151528
0.133602
0.119438
0.107968
0.098502
0.0905564
0.0837987
0.0779826
0.0729267
0.0684957
0.0645787
0.0610997
0.0579835
0.0551904
0.0526569
0.0503723
0.0482696
0.0463694
0.0445891
0.0429862
0.0414492
0.0400782
0.0387256
0.0375395
0.0363355
0.0353038
0.0342224
0.0333192
0.0323393
0.0315413
0.0306517
0.0299513
0.0291436
0.0285306
0.0277945
0.0272574
0.0265772
0.0261038
0.0254664
0.0250285
0.0244225
0.0240357
0.0234452
0.0231693
0.0222121
21.7962
3.38033
1.22866
0.66343
0.436507
0.320498
0.251647
0.206546
0.174893
0.151525
0.133603
0.119435
0.107969
0.0984987
0.0905575
0.0837946
0.0779838
0.0729211
0.0684972
0.0645714
0.0611025
0.0579756
0.0551949
0.0526503
0.050378
0.0482648
0.0463744
0.0445851
0.042987
0.0414442
0.0400751
0.0387212
0.0375373
0.0363326
0.035303
0.0342195
0.0333182
0.0323359
0.0315431
0.0306527
0.0299516
0.0291483
0.0285254
0.0278001
0.0272409
0.0265821
0.0260774
0.0254611
0.0250024
0.0244253
0.024007
0.0234915
0.0229945
0.0224272
21.7962
3.38032
1.22864
0.66341
0.436489
0.320479
0.251627
0.206524
0.174868
0.151498
0.133573
0.119403
0.107933
0.0984604
0.0905129
0.0837502
0.0779301
0.0728715
0.0684354
0.0645217
0.0610375
0.0579332
0.0551337
0.0526245
0.0503303
0.0482594
0.0463413
0.0445965
0.0429673
0.0414721
0.0400717
0.0387648
0.0375472
0.0363819
0.0353157
0.0342623
0.033328
0.032367
0.0315504
0.0306726
0.029958
0.029161
0.0285352
0.0278076
0.0272518
0.0265809
0.0260781
0.0254494
0.024995
0.0244034
0.0240023
0.0234192
0.023156
0.0222043
21.7962
3.38032
1.22863
0.663409
0.436487
0.320478
0.251625
0.206523
0.174866
0.151498
0.133571
0.119404
0.10793
0.0984608
0.0905104
0.0837497
0.0779279
0.0728696
0.068434
0.0645165
0.0610378
0.0579249
0.0551378
0.0526128
0.0503376
0.0482473
0.0463534
0.0445861
0.0429821
0.0414601
0.0400838
0.0387485
0.0375542
0.0363622
0.0353209
0.0342429
0.0333343
0.0323519
0.0315581
0.030661
0.0299672
0.0291515
0.0285404
0.0277971
0.0272508
0.0265684
0.0260714
0.025439
0.024988
0.0244
0.0240039
0.0234271
0.0231724
0.0222295
21.7962
3.38032
1.22862
0.663392
0.43647
0.320459
0.251605
0.2065
0.174841
0.151469
0.13354
0.119367
0.107892
0.0984159
0.090464
0.0836952
0.0778714
0.0728046
0.0683675
0.0644443
0.0609651
0.0578539
0.0550721
0.0525638
0.0502995
0.0482352
0.0463443
0.0446002
0.0429877
0.041492
0.0400997
0.0387958
0.0375746
0.0364167
0.035338
0.0342964
0.0333445
0.0324005
0.0315613
0.0307024
0.0299614
0.029184
0.0285304
0.0278217
0.0272424
0.0265782
0.0260632
0.0254376
0.0249806
0.0244008
0.0239971
0.0234206
0.0231587
0.0222394
21.7962
3.38032
1.22862
0.663391
0.436469
0.320458
0.251603
0.206499
0.17484
0.151468
0.133539
0.119367
0.107891
0.0984152
0.0904626
0.0836938
0.0778699
0.0728025
0.0683656
0.0644407
0.0609637
0.0578494
0.0550724
0.0525579
0.0503012
0.0482288
0.0463473
0.0445938
0.0429919
0.0414837
0.0401008
0.0387822
0.0375728
0.0364021
0.0353366
0.0342842
0.0333452
0.0323898
0.0315648
0.0306911
0.02997
0.0291695
0.0285399
0.0278035
0.0272462
0.0265608
0.0260634
0.0254247
0.0249862
0.0243917
0.0240062
0.0234221
0.0231656
0.0222532
21.7962
3.38031
1.2286
0.663371
0.436451
0.320439
0.251584
0.206476
0.174816
0.151439
0.133508
0.119329
0.107852
0.0983683
0.0904118
0.0836353
0.0778044
0.0727304
0.0682831
0.0643552
0.0608694
0.0577632
0.0549885
0.0525013
0.0502608
0.0482299
0.046358
0.0446257
0.0430193
0.0415299
0.0401407
0.0388396
0.0376169
0.0364671
0.0353801
0.0343544
0.0333821
0.032462
0.0315895
0.0307613
0.02998
0.0292312
0.0285432
0.0278487
0.0272589
0.0265813
0.0260882
0.0254339
0.0250144
0.0244194
0.0240237
0.0234942
0.0230235
0.022451
21.7962
3.38031
1.2286
0.66337
0.43645
0.320438
0.251583
0.206474
0.174816
0.151437
0.133509
0.119327
0.107853
0.0983652
0.0904133
0.0836318
0.0778055
0.0727266
0.0682839
0.0643514
0.0608693
0.0577596
0.0549874
0.0524946
0.0502565
0.0482207
0.0463558
0.044624
0.0430192
0.0415319
0.0401355
0.038841
0.037605
0.0364661
0.035364
0.0343527
0.0333687
0.0324593
0.0315853
0.0307555
0.0299889
0.0292216
0.0285595
0.0278411
0.0272656
0.026588
0.0260807
0.0254543
0.0250078
0.0244265
0.0240212
0.0235064
0.0229802
0.0224444
21.7962
3.3803
1.22858
0.663354
0.436433
0.320422
0.251563
0.206456
0.174788
0.151414
0.133472
0.119298
0.107805
0.0983283
0.0903513
0.0835819
0.0777262
0.072658
0.0681839
0.0642618
0.0607522
0.0576569
0.0548744
0.0524259
0.0502324
0.0482575
0.046412
0.0447081
0.0430933
0.0416328
0.0402132
0.0389393
0.0376689
0.0365528
0.0354117
0.034434
0.0334013
0.0325365
0.0316101
0.0308243
0.0300215
0.0292737
0.0286107
0.0278792
0.0273383
0.0266242
0.0261681
0.0255065
0.0251127
0.0245017
0.0241557
0.0235717
0.0233153
0.0224073
21.7962
3.3803
1.22858
0.663353
0.436432
0.320421
0.251562
0.206454
0.174788
0.151412
0.133473
0.119295
0.107808
0.0983235
0.0903558
0.0835746
0.0777328
0.0726487
0.0681923
0.0642508
0.0607621
0.0576456
0.0548835
0.0524136
0.0502375
0.0482457
0.0464191
0.0446955
0.0431104
0.0416131
0.0402331
0.0389103
0.0376928
0.0365167
0.0354409
0.0343921
0.0334336
0.0324971
0.0316382
0.0307982
0.0300357
0.0292666
0.0286085
0.027882
0.027322
0.0266274
0.0261491
0.0255009
0.0250785
0.0244901
0.0240934
0.0235742
0.0231241
0.0225685
21.7962
3.38029
1.22856
0.663335
0.436415
0.320409
0.251539
0.206445
0.174753
0.151406
0.133421
0.119292
0.107734
0.098323
0.090253
0.083574
0.0775926
0.072641
0.0680071
0.0642264
0.060535
0.0576032
0.0546747
0.0524295
0.0503013
0.0485027
0.0467396
0.0451099
0.0435238
0.0420775
0.040676
0.039401
0.0381304
0.0370152
0.0358681
0.0348968
0.0338619
0.0330055
0.0320797
0.0313144
0.0305028
0.0298028
0.0291015
0.0284662
0.0278733
0.0273041
0.0267991
0.0263027
0.0258984
0.025431
0.0251339
0.0247934
0.024293
0.0239295
21.7962
3.38029
1.22856
0.663334
0.436414
0.320409
0.251538
0.206445
0.174752
0.151406
0.13342
0.119292
0.107734
0.0983214
0.0902557
0.083569
0.0775995
0.0726313
0.0680195
0.0642113
0.0605533
0.0575801
0.0547009
0.0524092
0.0503184
0.0484826
0.0467431
0.0450834
0.0435157
0.042052
0.0406641
0.0393714
0.038118
0.0369741
0.0358471
0.0348301
0.0338239
0.0329177
0.0320165
0.0312207
0.0304043
0.0297018
0.0289758
0.0283394
0.0277026
0.0271495
0.0265978
0.0260925
0.02568
0.0251777
0.0248778
0.0243893
0.0242673
0.0235806
21.7962
3.38028
1.22855
0.663323
0.436401
0.3204
0.251519
0.206437
0.174723
0.151402
0.133375
0.119294
0.107666
0.0983306
0.0901543
0.0835869
0.0774502
0.0726586
0.0677941
0.0642629
0.0602033
0.0577584
0.0542517
0.0532607
0.0508305
0.0509189
0.0501391
0.0495628
0.0478698
0.0461662
0.0445168
0.0429662
0.0414945
0.0401526
0.0388682
0.0377271
0.0366479
0.0357808
0.0347153
0.0346378
0.0322177
0.0322511
0.0308575
0.0315346
0.0304872
0.0304144
0.0308337
0.0312559
0.032245
0.0322863
0.033428
0.0332673
0.0344441
0.0343304
21.7962
3.38029
1.22855
0.663322
0.4364
0.320399
0.251518
0.206437
0.174722
0.151401
0.133376
0.119291
0.10767
0.098324
0.0901627
0.0835753
0.0774648
0.0726396
0.0678208
0.0642231
0.0602651
0.0576616
0.054418
0.0529827
0.0511639
0.0503674
0.049514
0.0482637
0.0465554
0.0449293
0.0432747
0.0418121
0.040356
0.0390868
0.0378625
0.0367291
0.0357339
0.0347345
0.033896
0.0330689
0.0323561
0.0315268
0.0313971
0.0301949
0.0298564
0.0301236
0.0305742
0.0307984
0.0314077
0.0316201
0.032391
0.0328654
0.0325175
0.0328202
21.7962
3.38028
1.22853
0.663305
0.436399
0.320372
0.251539
0.206381
0.174773
0.151302
0.133467
0.119137
0.107808
0.0981014
0.0903567
0.0832671
0.0777179
0.0722193
0.0681355
0.0636356
0.0606524
0.0569029
0.0552265
0.0547014
0.0605961
0.112899
0.111482
0.111332
0.1111
0.10691
0.10519
0.101994
0.0984738
0.0948667
0.0914236
0.0882093
0.0853009
0.0827288
0.0804543
0.0785522
0.0768577
0.0755809
0.0741776
0.0731089
0.0717998
0.0707653
0.069586
0.0684583
0.0674991
0.0661077
0.0653758
0.0635614
0.0631857
0.0599353
21.7962
3.38028
1.22853
0.663305
0.436399
0.320372
0.251538
0.206381
0.174772
0.151303
0.133466
0.119138
0.107808
0.098103
0.0903551
0.0832713
0.0777132
0.0722319
0.0681159
0.0636826
0.0605765
0.0570144
0.0551253
0.0547297
0.0598238
0.0881148
0.0906056
0.0943327
0.0958918
0.0952639
0.0945294
0.09318
0.0913554
0.0893121
0.0871172
0.0848696
0.0826797
0.0807099
0.078904
0.0774295
0.0760591
0.0750932
0.0738909
0.0730032
0.0717615
0.0707871
0.0695513
0.0683976
0.0673039
0.0658688
0.0649501
0.0631663
0.0622074
0.0598946
21.7962
3.38028
1.22852
0.663298
0.436397
0.320363
0.251542
0.206364
0.174783
0.151272
0.133488
0.119087
0.107846
0.0980253
0.0904122
0.083155
0.0778011
0.0720299
0.0683207
0.0631676
0.0612683
0.0555717
0.0568408
0.061374
0.28621
0.361503
0.185099
0.158323
0.123627
0.106443
0.0986229
0.0934284
0.0887899
0.0843389
0.0801285
0.0761895
0.0725287
0.06914
0.065957
0.0630003
0.0601699
0.0575453
0.0549556
0.0525803
0.0503233
0.0482104
0.046182
0.0441548
0.0423429
0.0403574
0.0388663
0.037013
0.0358186
0.0342619
21.7962
3.38028
1.22852
0.663298
0.436397
0.320361
0.251544
0.206358
0.17479
0.151261
0.133503
0.119067
0.107873
0.0979882
0.090463
0.0830903
0.0778797
0.0719588
0.0683455
0.0632985
0.0608103
0.0564054
0.0563473
0.0595177
0.197105
0.30698
0.185508
0.125011
0.106647
0.097885
0.0931486
0.0897412
0.0862193
0.0825089
0.078842
0.0753416
0.0720307
0.0689195
0.0659208
0.0631168
0.060322
0.0577421
0.055089
0.0527976
0.0504658
0.0484707
0.0463452
0.0444336
0.04253
0.0406741
0.0391423
0.0373684
0.0363148
0.0347029
21.7962
3.38027
1.22851
0.66329
0.436395
0.320361
0.251544
0.20636
0.174789
0.151265
0.133497
0.119075
0.107858
0.098007
0.090432
0.0831264
0.0778274
0.0720137
0.0682551
0.0634705
0.0603203
0.0567185
0.0555559
0.105507
0.175015
0.183902
0.154569
0.122345
0.106781
0.0994656
0.0947803
0.0906679
0.0867347
0.0830241
0.0795494
0.0763702
0.0735185
0.0709583
0.0687396
0.0667127
0.0650872
0.0635502
0.0623995
0.0611857
0.0603763
0.0594317
0.0588814
0.0580823
0.0575507
0.0566957
0.0558502
0.0549044
0.0527903
21.7962
3.38027
1.22851
0.663291
0.436394
0.320361
0.251542
0.206363
0.174783
0.151274
0.133482
0.119099
0.107826
0.0980525
0.0903739
0.0832031
0.0777405
0.0721008
0.0682435
0.0632439
0.0612022
0.0557051
0.0585892
0.118711
0.193376
0.195638
0.139586
0.119555
0.107604
0.10126
0.0972663
0.0937397
0.0902194
0.0867983
0.0835323
0.0805073
0.0777557
0.0752714
0.0731188
0.0711465
0.0695637
0.0679928
0.0668715
0.0654885
0.0646315
0.0633663
0.0625779
0.0612889
0.0603421
0.05864
0.0572517
0.0553115
0.0530528
21.7962
3.38027
1.22851
0.663292
0.436394
0.320371
0.251539
0.206382
0.174774
0.151302
0.133469
0.119133
0.107812
0.0980915
0.0903632
0.0832511
0.077726
0.0721993
0.0681392
0.0636283
0.0606059
0.0569427
0.055184
0.0581906
0.105092
0.108062
0.110369
0.111423
0.110414
0.108198
0.103771
0.0992673
0.094858
0.0905351
0.0864968
0.0826478
0.0791438
0.0757843
0.0727445
0.0697736
0.0670772
0.0643447
0.0617846
0.0591303
0.0565144
0.0538221
0.0509964
0.0482634
0.0451475
0.042471
0.0390867
0.036773
0.0333996
0.0319238
21.7962
3.38027
1.22851
0.663292
0.436393
0.320372
0.251536
0.206385
0.174769
0.151309
0.133459
0.119146
0.107795
0.0981145
0.0903371
0.0832845
0.0776911
0.0722438
0.0680975
0.0636729
0.0605976
0.0569555
0.0551653
0.0580304
0.0941279
0.0863509
0.088938
0.0903745
0.0903006
0.0894618
0.0877084
0.0851542
0.0823467
0.0792951
0.0762808
0.0732315
0.0703662
0.0674666
0.0647841
0.0620233
0.0594981
0.0568317
0.0543813
0.0517302
0.0492613
0.0465672
0.0440179
0.0413545
0.0388312
0.0364979
0.0341593
0.0322745
0.0299669
0.0286609
21.7962
3.38027
1.2285
0.663294
0.436389
0.320398
0.251518
0.206441
0.17472
0.151406
0.133369
0.119299
0.107654
0.0983374
0.0901328
0.0835987
0.0774132
0.0726794
0.0677363
0.0642886
0.0601372
0.0577586
0.0542441
0.053114
0.0509221
0.050455
0.0498423
0.0489153
0.0470993
0.0452854
0.0435806
0.0419263
0.0404475
0.0390003
0.0377353
0.0364591
0.0353667
0.0342198
0.033266
0.032217
0.0313777
0.0304044
0.0296639
0.0287501
0.028095
0.027235
0.0266608
0.0258584
0.0253568
0.0246071
0.0241575
0.0234463
0.0231038
0.0221803
21.7962
3.38027
1.2285
0.663295
0.43639
0.320397
0.251519
0.206438
0.174724
0.151401
0.133378
0.119288
0.10767
0.0983181
0.0901617
0.0835644
0.0774626
0.0726224
0.067815
0.0642052
0.0602411
0.0576539
0.0543689
0.0529898
0.0509982
0.050431
0.0492179
0.0477155
0.0460115
0.0443096
0.0426907
0.0411116
0.0396809
0.0382808
0.037044
0.0358051
0.0347385
0.0336351
0.032713
0.0317187
0.0309181
0.0300106
0.029314
0.0284726
0.0278654
0.0270768
0.0265509
0.0258081
0.0253506
0.0246432
0.0242411
0.0235498
0.0232585
0.0223677
21.7962
3.38027
1.2285
0.6633
0.436402
0.320406
0.25154
0.206446
0.174755
0.151406
0.133421
0.119291
0.10773
0.0983192
0.0902431
0.0835674
0.0775755
0.0726304
0.0679816
0.0642079
0.060504
0.0575687
0.0546557
0.052373
0.0502693
0.048416
0.0466705
0.0449999
0.0434477
0.0419673
0.0406087
0.0392672
0.038044
0.0368184
0.0357258
0.0346126
0.033646
0.032637
0.0317856
0.0308659
0.0301161
0.0292701
0.0286106
0.0278226
0.027242
0.0264997
0.0259899
0.0252861
0.0248368
0.0241591
0.0237722
0.0230897
0.02282
0.021941
21.7962
3.38027
1.22851
0.663301
0.436402
0.320405
0.251541
0.206444
0.174757
0.151403
0.133426
0.119285
0.107739
0.0983095
0.0902581
0.0835523
0.0775985
0.0726089
0.068014
0.0641817
0.0605424
0.0575448
0.0546842
0.0523638
0.0502765
0.0484228
0.0466711
0.044996
0.0434363
0.041955
0.0405852
0.0392436
0.0380129
0.0367875
0.0356905
0.034579
0.0336105
0.0326033
0.0317505
0.0308323
0.0300821
0.0292381
0.0285781
0.0277947
0.0272117
0.0264801
0.0259623
0.0252766
0.0248126
0.0241663
0.0237542
0.0231169
0.0228477
0.0219592
21.7962
3.38027
1.2285
0.663306
0.436415
0.320418
0.251564
0.206457
0.17479
0.151414
0.133472
0.119295
0.107801
0.0983205
0.0903427
0.0835681
0.0777118
0.0726374
0.0681638
0.0642327
0.060726
0.057616
0.0548411
0.0523729
0.0501829
0.0481812
0.0463516
0.0446266
0.0430512
0.041552
0.0401776
0.0388361
0.0376144
0.036405
0.0353272
0.0342408
0.0332947
0.0323129
0.0314775
0.0305815
0.0298412
0.0290179
0.0283595
0.0275987
0.0270105
0.0263033
0.0257765
0.0251163
0.0246447
0.0240379
0.0236107
0.0230588
0.0226523
0.0220539
21.7961
3.38027
1.22851
0.663307
0.436416
0.320418
0.251563
0.206457
0.17479
0.151415
0.133472
0.119297
0.107802
0.0983224
0.0903441
0.0835697
0.0777147
0.0726387
0.0681679
0.0642344
0.0607286
0.0576197
0.0548395
0.0523744
0.0501764
0.0481837
0.0463497
0.0446389
0.0430541
0.041563
0.0401773
0.0388442
0.0376159
0.0364149
0.0353336
0.0342516
0.0333035
0.032321
0.0314893
0.0305872
0.0298586
0.0290215
0.0283839
0.0276017
0.0270414
0.0263104
0.025811
0.0251321
0.0246839
0.0240566
0.0236523
0.0230959
0.022628
0.0220825
21.7961
3.38027
1.22851
0.663318
0.436431
0.320435
0.251585
0.206478
0.174818
0.15144
0.133508
0.119326
0.107848
0.0983596
0.0904032
0.0836192
0.0777896
0.0727056
0.0682611
0.0643218
0.0608382
0.057718
0.0549429
0.0524385
0.0501997
0.048152
0.0462874
0.0445447
0.0429479
0.0414378
0.0400511
0.0387146
0.0374958
0.036299
0.0352293
0.0341507
0.0332136
0.0322314
0.0314095
0.0305059
0.029783
0.028945
0.0283079
0.0275287
0.0269646
0.0262406
0.0257361
0.0250603
0.0246127
0.0239787
0.023586
0.0229803
0.0226996
0.0217773
21.7961
3.38028
1.22851
0.663319
0.436432
0.320435
0.251584
0.206479
0.174817
0.151441
0.133508
0.119328
0.107848
0.0983626
0.0904032
0.083623
0.0777903
0.0727104
0.0682631
0.0643277
0.0608411
0.0577251
0.0549431
0.0524465
0.0501958
0.048161
0.0462853
0.0445598
0.0429475
0.0414529
0.0400484
0.0387292
0.037495
0.0363166
0.0352319
0.0341695
0.0332177
0.0322495
0.0314156
0.0305225
0.0297926
0.028961
0.0283223
0.0275454
0.0269848
0.0262595
0.025762
0.0250855
0.0246407
0.0240093
0.0236088
0.0230298
0.0225854
0.0220075
21.7961
3.38027
1.22851
0.663327
0.436446
0.320453
0.251606
0.206502
0.174845
0.151469
0.133541
0.119364
0.107888
0.0984073
0.0904533
0.0836797
0.0778523
0.072781
0.068338
0.0644107
0.0609248
0.0578096
0.0550192
0.0525064
0.0502345
0.048167
0.0462705
0.0445196
0.0428983
0.0413867
0.0399813
0.0386537
0.0374215
0.036239
0.0351533
0.0340885
0.0331344
0.0321658
0.0313316
0.0304359
0.0297083
0.0288694
0.028237
0.0274495
0.0269006
0.0261613
0.0256786
0.0249831
0.0245499
0.0238868
0.0235039
0.0228497
0.022574
0.0216826
21.7961
3.38028
1.22852
0.663328
0.436446
0.320453
0.251606
0.206502
0.174845
0.15147
0.133542
0.119365
0.10789
0.098408
0.090456
0.0836807
0.0778558
0.072783
0.0683418
0.0644144
0.0609279
0.0578154
0.0550214
0.0525131
0.0502343
0.0481756
0.0462684
0.0445331
0.0428969
0.0414039
0.0399791
0.0386726
0.0374196
0.0362592
0.0351543
0.0341102
0.0331397
0.0321874
0.0313392
0.0304569
0.0297182
0.0288922
0.0282502
0.0274757
0.0269164
0.0261888
0.0256981
0.0250094
0.024574
0.0239206
0.023521
0.0229156
0.0224937
0.0219118
21.7961
3.38028
1.22852
0.66334
0.436463
0.320473
0.251629
0.206526
0.174872
0.151499
0.133574
0.1194
0.107929
0.0984512
0.0905026
0.0837332
0.0779115
0.0728445
0.068407
0.0644813
0.0609993
0.0578779
0.0550878
0.052554
0.0502797
0.0481784
0.0462855
0.0444983
0.0428912
0.0413428
0.0399584
0.0385992
0.0373917
0.0361854
0.0351204
0.0340411
0.0330971
0.0321256
0.0312874
0.0304025
0.0296585
0.0288414
0.0281845
0.0274228
0.0268445
0.0261305
0.0256223
0.0249444
0.0244923
0.0238446
0.0234443
0.0227952
0.0225199
0.0216697
21.7961
3.38028
1.22853
0.663341
0.436463
0.320473
0.251628
0.206527
0.174871
0.1515
0.133574
0.119402
0.107929
0.0984537
0.0905033
0.0837362
0.0779128
0.0728483
0.0684086
0.0644865
0.0610005
0.0578854
0.0550873
0.0525645
0.0502755
0.048191
0.0462783
0.0445151
0.0428841
0.0413633
0.0399524
0.0386207
0.0373878
0.0362055
0.0351214
0.0340591
0.0331049
0.0321399
0.0313012
0.0304141
0.0296768
0.0288551
0.0282047
0.0274414
0.0268643
0.0261538
0.02564
0.0249714
0.0245148
0.0238743
0.0234712
0.0228412
0.0225701
0.0216871
21.7961
3.38028
1.22853
0.663351
0.436479
0.320493
0.25165
0.206551
0.174897
0.151529
0.133604
0.119436
0.107965
0.0984942
0.0905446
0.0837839
0.0779603
0.0729027
0.068461
0.0645444
0.0610537
0.0579389
0.0551333
0.0526013
0.0503045
0.0482011
0.046286
0.0444977
0.042874
0.0413243
0.0399315
0.0385684
0.0373622
0.0361473
0.0350926
0.0339973
0.0330697
0.0320756
0.0312581
0.0303496
0.0296256
0.0287888
0.0281446
0.0273679
0.0267935
0.0260719
0.0255579
0.0248843
0.024427
0.0237944
0.023375
0.0227987
0.0223764
0.0218005
21.796
3.38029
1.22853
0.663353
0.43648
0.320493
0.251649
0.206551
0.174896
0.15153
0.133604
0.119438
0.107965
0.0984964
0.0905464
0.0837856
0.0779639
0.0729038
0.0684666
0.064545
0.0610609
0.0579397
0.0551416
0.0526023
0.050313
0.0482022
0.0462947
0.0445001
0.0428851
0.0413287
0.0399454
0.038574
0.0373777
0.0361538
0.0351085
0.0340073
0.0330863
0.0320912
0.0312748
0.03037
0.0296429
0.0288131
0.0281641
0.0273973
0.0268181
0.0261044
0.0255887
0.0249197
0.0244611
0.0238252
0.0234299
0.0228074
0.0225435
0.0216454
21.796
3.38029
1.22854
0.663367
0.436496
0.320513
0.251671
0.206574
0.174922
0.151556
0.133633
0.119468
0.107998
0.0985311
0.0905832
0.0838258
0.0780039
0.0729488
0.0685079
0.0645922
0.0610999
0.0579833
0.0551718
0.0526349
0.0503277
0.0482179
0.0462909
0.0444994
0.0428639
0.0413162
0.0399098
0.0385553
0.0373324
0.0361323
0.0350594
0.0339813
0.0330371
0.0320572
0.0312268
0.0303274
0.0295955
0.0287633
0.0281162
0.0273415
0.0267661
0.0260399
0.0255289
0.0248539
0.0243968
0.0237535
0.0233638
0.0227382
0.0224665
0.0215611
21.796
3.38029
1.22854
0.663368
0.436497
0.320513
0.25167
0.206574
0.174921
0.151557
0.133633
0.11947
0.107998
0.0985337
0.090584
0.0838288
0.0780055
0.0729518
0.068511
0.0645947
0.0611049
0.0579851
0.0551792
0.0526358
0.0503369
0.0482178
0.0463024
0.0444988
0.042879
0.0413161
0.0399286
0.0385557
0.0373526
0.0361346
0.0350778
0.0339901
0.0330516
0.0320755
0.0312371
0.0303534
0.0296047
0.0287929
0.0281305
0.0273717
0.0267869
0.0260741
0.0255547
0.0248891
0.024424
0.0238019
0.0233944
0.0227809
0.0225026
0.0216017
21.796
3.38029
1.22855
0.663381
0.436514
0.320532
0.251692
0.206597
0.174946
0.151583
0.133661
0.119498
0.108029
0.0985653
0.0906178
0.0838638
0.0780408
0.0729898
0.0685453
0.0646338
0.0611345
0.0580217
0.0551989
0.0526647
0.0503417
0.0482364
0.0462899
0.044509
0.0428493
0.0413216
0.0398836
0.0385596
0.0372965
0.0361367
0.0350184
0.0339849
0.0329955
0.0320569
0.0311856
0.030322
0.0295525
0.0287566
0.028072
0.0273309
0.0267219
0.0260186
0.0254912
0.0248151
0.0243574
0.0237211
0.023311
0.022682
0.0224017
0.0215078
21.796
3.3803
1.22855
0.663383
0.436515
0.320533
0.251692
0.206598
0.174945
0.151585
0.13366
0.119501
0.108028
0.0985695
0.0906167
0.0838687
0.0780406
0.0729947
0.0685471
0.0646378
0.0611393
0.0580238
0.0552078
0.0526641
0.0503553
0.0482327
0.0463083
0.0445031
0.0428723
0.0413151
0.0399097
0.0385545
0.0373221
0.0361364
0.0350382
0.0339952
0.0330063
0.0320812
0.031189
0.0303553
0.0295588
0.028787
0.0280917
0.0273499
0.0267591
0.0260335
0.0255367
0.024839
0.0244077
0.023746
0.0233598
0.0227221
0.0224396
0.0215759
21.796
3.38031
1.22857
0.663402
0.436533
0.32055
0.251711
0.206616
0.174966
0.151602
0.133682
0.119519
0.108053
0.0985888
0.0906446
0.0838892
0.0780706
0.073016
0.0685772
0.0646587
0.061166
0.058042
0.0552267
0.0526767
0.0503629
0.0482372
0.0463048
0.0444991
0.0428598
0.0413036
0.0398904
0.0385365
0.0372999
0.0361117
0.0350182
0.0339617
0.0329915
0.0320376
0.0311761
0.0303066
0.0295368
0.0287443
0.0280464
0.0273197
0.0266944
0.0260033
0.0254718
0.0247896
0.0243492
0.0236794
0.0232957
0.0226627
0.0223796
0.0215061
21.796
3.38032
1.22858
0.663404
0.436534
0.32055
0.25171
0.206616
0.174965
0.151604
0.133681
0.119522
0.108052
0.0985922
0.0906441
0.0838934
0.0780708
0.0730207
0.0685785
0.0646634
0.061169
0.0580464
0.0552318
0.052681
0.0503698
0.0482425
0.0463124
0.0445064
0.0428673
0.0413139
0.0398973
0.0385501
0.0373053
0.036129
0.0350207
0.0339845
0.0329904
0.0320672
0.0311734
0.0303405
0.0295393
0.0287738
0.0280628
0.0273401
0.026725
0.0260231
0.0255083
0.0248201
0.0243759
0.0237234
0.0233234
0.0227292
0.0223034
0.0217347
21.7958
3.38039
1.22864
0.66346
0.436585
0.320596
0.251753
0.206653
0.175003
0.151635
0.133717
0.119549
0.108089
0.0986174
0.0906815
0.0839171
0.0781081
0.0730436
0.0686131
0.0646856
0.0611975
0.0580673
0.0552508
0.0526986
0.0503772
0.0482549
0.0463087
0.0445124
0.0428544
0.041313
0.0398771
0.0385421
0.0372785
0.0361139
0.0349889
0.0339613
0.0329561
0.0320349
0.0311385
0.0303024
0.0295011
0.0287416
0.0280129
0.0273372
0.0266631
0.0260659
0.0254606
0.0248997
0.0243837
0.0238313
0.0234357
0.022899
0.0224969
0.0219982
21.7958
3.38039
1.22864
0.663461
0.436585
0.320596
0.251751
0.206654
0.175002
0.151637
0.133717
0.119553
0.108088
0.0986225
0.0906807
0.0839229
0.0781076
0.0730498
0.0686133
0.0646921
0.061199
0.0580741
0.0552537
0.0527058
0.0503822
0.0482627
0.0463151
0.0445209
0.0428612
0.0413227
0.0398835
0.0385544
0.0372834
0.0361297
0.0349916
0.0339806
0.0329588
0.0320547
0.0311489
0.0303151
0.0295288
0.028741
0.0280629
0.0273253
0.0267301
0.0260508
0.0255277
0.0248954
0.0244424
0.0238545
0.0234769
0.0229331
0.0225025
0.0220089
21.7961
3.38019
1.22835
0.66317
0.436312
0.320337
0.251511
0.206429
0.174803
0.151448
0.133534
0.119367
0.107906
0.0984332
0.090496
0.0837289
0.0779202
0.0728513
0.0684236
0.0644902
0.0610069
0.0578694
0.0550591
0.0524989
0.0501855
0.0480538
0.0461158
0.0443113
0.0426584
0.0411139
0.0396446
0.0382917
0.036966
0.0357797
0.0345798
0.0335301
0.0324522
0.0315042
0.0305541
0.0296715
0.0288611
0.0280203
0.0273381
0.0265662
0.0259699
0.0253041
0.0248147
0.0242511
0.0238658
0.0234685
0.0230931
0.0227929
0.022701
0.0221386
21.7961
3.3802
1.22836
0.663172
0.436313
0.320337
0.251511
0.206429
0.174804
0.151448
0.133535
0.119369
0.107908
0.098435
0.0904979
0.0837309
0.0779226
0.0728535
0.0684267
0.0644928
0.0610108
0.0578727
0.0550639
0.0525038
0.0501908
0.0480603
0.0461223
0.0443178
0.0426686
0.0411182
0.0396645
0.0382907
0.0369986
0.0357723
0.0346257
0.0335182
0.0325091
0.0314932
0.0306147
0.0296726
0.0289098
0.0280487
0.0273662
0.0266122
0.0259971
0.0253491
0.0248209
0.0243159
0.0238729
0.0234868
0.0232024
0.0226123
0.0223797
0.0218681
0.0110865
0.0114545
0.011807
0.012161
0.0125055
0.0128475
0.0131821
0.0135135
0.0138373
0.0141574
0.0144701
0.0147773
0.0150789
0.0153718
0.0156626
0.0159403
0.0162204
0.0164831
0.016752
0.0170023
0.0172584
0.017502
0.0177445
0.0179864
0.0182203
0.0184588
0.0186945
0.0189284
0.0191666
0.0194045
0.0196279
0.0198597
0.0200629
0.0202806
0.0204614
0.0206589
0.0208101
0.0209865
0.0211095
0.0212513
0.0213523
0.0214504
0.0215334
0.0216454
0.0217368
0.0218218
0.0219734
0.0219254
0.0218131
0.0217264
0.0214147
0.0213108
0.0209171
0.0208682
0.0110778
0.0114629
0.0117958
0.0121704
0.0124947
0.0128562
0.0131743
0.0135202
0.0138335
0.0141618
0.0144699
0.01478
0.0150809
0.0153739
0.0156655
0.0159425
0.0162232
0.0164859
0.0167552
0.0170053
0.0172628
0.0175046
0.0177512
0.0179887
0.018229
0.0184623
0.0187044
0.0189341
0.0191788
0.0194116
0.0196456
0.0198691
0.0200858
0.0202966
0.0204892
0.0206814
0.0208468
0.0210149
0.0211526
0.0212884
0.0214073
0.0214946
0.0215793
0.0216514
0.0217668
0.0218377
0.021997
0.0219866
0.0218434
0.0217919
0.0214883
0.0214176
0.0210477
0.0210071
0.254973
0.0640845
0.280529
0.109233
0.102603
0.388566
0.310395
0.404949
0.15083
0.136102
0.171493
0.0617787
0.11649
0.119819
0.124108
0.351553
0.141192
0.28547
0.125929
0.147731
0.106287
0.0598741
0.254308
0.0564876
0.286726
0.15793
0.141246
0.292652
0.390857
0.330829
0.405399
0.106073
0.0600453
0.175338
0.0664223
0.111608
0.117603
0.148893
0.216019
0.359495
0.111334
0.272242
0.0568755
0.0546695
0.0570743
0.0576397
0.0856094
0.0574682
0.0869227
0.0474684
0.0609263
0.0498955
0.098231
0.1792
0.101701
0.187137
0.0550642
0.0546744
0.0549514
0.058286
0.0765583
0.0580726
0.0724339
0.0525149
0.0594727
0.0496861
0.0881534
0.132739
0.0857522
0.112808
0.0594404
0.0566279
0.059304
0.0587618
0.0622174
0.0586412
0.0620978
0.461629
0.334858
0.340839
0.417913
0.481356
0.284344
0.357784
0.281072
0.175672
0.207275
0.176829
0.203559
0.0583799
0.0560587
0.059695
0.0570872
0.0594583
0.0536548
0.0697776
0.393311
0.263061
0.147522
0.235885
0.436957
0.303208
0.289322
0.274303
0.18417
0.212197
0.171384
0.199613
0.0671805
0.0569406
0.061763
0.0561721
0.0597624
0.0564111
0.0585327
0.557
0.109858
0.0908822
0.0922858
0.402733
0.581213
0.437584
0.202365
0.179397
0.206508
0.359348
0.280222
0.357796
0.280908
0.0579899
0.0571797
0.0586878
0.0568248
0.0582488
0.0565664
0.0586272
0.191947
0.124665
0.119263
0.36417
0.132386
0.467914
0.534997
0.222147
0.177634
0.214353
0.31431
0.307715
0.28522
0.282792
0.0838666
0.0583767
0.0847655
0.0546052
0.0560448
0.0545288
0.0563534
0.169912
0.113975
0.174565
0.0607159
0.047096
0.0615419
0.048572
0.076074
0.0574842
0.0718677
0.0544077
0.055547
0.0544991
0.0554098
0.132867
0.0838032
0.107129
0.0589629
0.0514891
0.0578276
0.048552
0.615995
0.155113
0.307046
0.18964
0.454315
0.595538
0.288103
0.170159
0.176744
0.559119
0.560818
0.106752
0.102804
0.0977029
0.422347
1.15795
0.9284
0.537881
0.101389
0.102522
0.089253
0.513659
1.13131
1.06929
0.458787
0.336697
0.388417
0.396406
0.440577
0.547824
0.379461
0.402036
0.16275
0.144097
0.151253
0.33385
0.558749
0.539338
0.395297
0.157808
0.14224
0.150801
0.386152
0.226344
0.153486
0.142603
0.13846
0.36951
0.171295
0.119929
0.125432
0.129146
0.126382
0.189919
0.11777
0.121956
0.327896
0.105038
0.249768
0.662463
0.148161
0.104991
0.129515
0.115052
0.148458
0.145993
0.0946157
0.41159
0.138944
0.18746
0.198401
0.394314
0.477713
0.544608
0.388328
0.150816
0.110595
0.378902
0.145848
0.496778
0.335501
0.396137
0.150819
0.122488
0.14796
0.310515
1.17035
0.930171
0.525921
0.0990842
0.103038
0.0824695
0.521216
1.16875
1.09373
0.620439
0.154738
0.303327
0.177297
0.448618
0.606124
0.294533
0.164911
0.566729
0.172895
0.400026
0.147182
0.159865
0.151646
0.320442
0.583365
0.522697
0.389796
0.139344
0.158811
0.152778
0.389121
0.443516
0.342375
0.340161
0.424716
0.443461
0.442794
0.341864
0.39138
0.422265
0.4035
0.255429
0.742171
0.148703
0.122285
0.112912
0.123601
0.139241
0.143366
0.0510373
0.231859
0.155513
0.136224
0.401942
0.139777
0.17212
0.119094
0.12445
0.129745
0.111237
0.38621
0.104825
0.149164
0.385255
0.147551
0.449167
0.255531
0.388998
0.12031
0.153726
0.142522
0.315731
0.407355
0.276827
0.181227
0.427143
0.236933
0.400098
0.138252
0.183436
0.196572
0.352419
0.184234
0.0922694
0.064978
0.0765309
0.0714976
0.0741895
0.157605
0.120178
0.0882658
0.0605417
0.0731968
0.0868953
0.130208
0.0736454
0.178801
0.0616386
0.0743101
0.0729517
0.0888444
0.078158
0.173266
0.442873
0.371768
0.422795
0.378153
0.426041
0.362793
0.455153
0.435449
0.413408
0.3971
0.357849
0.411596
0.359218
0.431419
0.12521
0.0611638
0.0854596
0.0730727
0.0858111
0.0745204
0.121247
0.407232
0.303663
0.327723
0.348148
0.276495
0.424378
0.333309
0.410406
0.30366
0.219298
0.375938
0.237282
0.346867
0.416016
0.181792
0.074788
0.0930324
0.0597873
0.0760789
0.0914266
0.156476
0.177754
0.0721435
0.0588874
0.0915181
0.0767286
0.170918
0.0923762
0.434405
0.383927
0.373704
0.424986
0.356325
0.428973
0.439781
0.433357
0.360812
0.415974
0.398816
0.359446
0.439917
0.416009
0.124233
0.075744
0.090974
0.0669353
0.129934
0.0754418
0.0827629
0.126411
0.0711794
0.0611243
0.0726571
0.0732899
0.0871456
0.12555
0.419047
0.354274
0.311571
0.329059
0.430691
0.350575
0.27619
0.401374
0.369009
0.295887
0.214071
0.346551
0.23093
0.404506
0.481428
0.551789
0.428198
0.458311
0.566903
0.48166
0.454965
0.421447
0.455338
0.558904
0.34017
0.422675
0.578027
0.581168
0.426223
0.506341
0.475318
0.576888
0.534585
0.582806
0.361446
0.456156
0.26398
0.45588
0.403073
0.435845
0.470052
0.245834
0.400393
0.133457
0.372921
0.301271
0.1704
0.257046
0.401881
0.532104
0.407391
0.390649
0.474331
0.399073
0.137281
0.157614
0.180411
0.114883
0.312489
1.05751
0.189323
0.552606
1.0541
0.306623
0.197357
0.51087
0.481127
0.588634
0.39704
0.573588
0.674752
0.667424
0.570187
0.275136
0.540048
0.811757
0.194352
0.989356
0.195147
0.215105
0.585923
0.545123
0.114914
0.197479
0.201571
0.147436
0.227519
0.112145
0.147957
0.140815
0.305339
0.173195
0.250908
0.0776024
0.0900953
0.0961873
0.0718813
0.150385
0.239252
0.509139
0.135854
0.191496
0.282813
0.146461
0.524204
0.529131
0.706593
0.274345
1.02193
0.605855
0.274958
0.708086
1.02467
0.527528
0.481063
0.589768
0.431415
0.537539
0.619774
0.623292
0.542616
0.707514
0.613637
0.253629
0.763867
0.249307
0.985706
0.466103
0.680568
0.275962
0.999908
0.591346
0.685943
0.277875
0.997311
0.516157
0.559391
0.588273
0.491161
0.521386
0.602496
0.529382
0.597564
0.66693
0.588476
0.262301
0.932703
0.27024
0.970308
0.644155
0.307962
0.178524
1.04748
0.561257
0.180663
1.04697
0.305018
0.535658
0.496614
0.598249
0.426035
0.573041
0.687906
0.684725
0.574454
0.298216
0.548285
0.151293
0.793816
0.182549
0.994958
0.235809
1.15949
1.13241
0.297478
0.176716
0.523403
1.01152
0.188395
0.281376
0.995033
0.513526
0.600067
0.509992
0.599562
0.28683
0.514962
0.158972
0.940463
0.164896
0.944653
0.28342
0.540848
0.643012
0.523911
0.629825
1.12744
1.14059
0.464462
0.548646
0.414264
0.443842
0.472207
0.544535
0.426351
0.407024
0.527701
0.392937
0.557003
0.408893
0.566252
0.419187
0.557029
0.463106
0.440158
0.548807
0.448558
0.450026
0.550423
0.440595
0.554974
0.570904
0.262182
0.220319
0.612706
0.404703
0.217534
0.619393
0.249398
0.38776
0.335987
0.450518
0.305066
0.403099
0.45736
0.388296
0.471171
0.267147
0.411506
0.156553
0.478866
0.162302
0.597402
0.239009
0.544848
0.537291
0.25291
0.217312
0.395359
0.61697
0.224419
0.249436
0.610532
0.378557
0.460869
0.381736
0.458619
0.251662
0.386255
0.211315
0.603745
0.211002
0.605537
0.250277
0.392642
0.463184
0.388785
0.46545
0.236573
0.169816
0.239533
0.244286
0.159351
0.22166
0.264883
0.142658
0.374734
0.175365
0.296891
0.257648
0.292428
0.193635
0.569407
0.202199
0.417624
0.29821
0.144573
0.157665
0.1779
0.127772
0.146353
0.170279
0.137967
0.142183
0.157978
0.153199
0.114859
0.0971715
0.0809992
0.116809
0.064479
0.0700887
0.104975
0.0795636
0.0925338
0.188714
0.208803
0.146814
0.108671
0.172865
0.184365
0.141184
0.110258
0.18666
0.135738
0.198453
0.136584
0.208507
0.105683
0.136742
0.281235
0.165773
0.227663
0.142885
0.225425
0.138736
0.433653
0.149672
0.180934
0.249544
0.0801974
0.0894215
0.0966552
0.0734331
0.278222
0.338516
0.0881495
0.148447
0.0867089
0.137852
0.145983
0.096025
0.0673578
0.0272327
0.0152117
0.0232798
0.0108839
0.0168762
0.0394988
0.0317168
0.0222629
0.0785113
0.167306
0.136829
0.0657235
0.147401
0.14822
0.101508
0.11317
0.20713
0.217483
0.441408
0.542177
0.410019
0.206367
0.452225
0.565517
0.1618
0.104593
0.156566
0.037656
0.0917659
0.116933
0.0864557
0.0964762
0.336897
0.383923
0.456771
0.484468
0.48638
0.483111
0.248687
0.494308
0.487673
0.249193
0.383061
0.20611
0.609425
0.211916
0.602189
0.251077
0.390694
0.493662
0.390101
0.483026
0.25854
0.386857
0.147848
0.610371
0.255688
0.149067
0.606393
0.390223
0.487933
0.39831
0.494865
0.473441
0.466635
0.268167
0.157352
0.623108
0.393541
0.157734
0.260979
0.610587
0.437713
0.422491
0.517936
0.354707
0.422309
0.524308
0.412034
0.520705
0.273177
0.425993
0.191145
0.436924
0.21174
0.609021
0.235921
1.16729
1.14537
0.299077
1.018
0.191547
0.525554
0.300961
1.01421
0.192179
0.51869
0.61293
0.512517
0.615551
0.555114
0.659337
0.55586
0.656986
0.283194
0.525349
0.943157
0.146362
0.277083
0.963144
0.15887
1.1617
1.17764
0.712673
1.03166
0.280013
0.609075
1.03221
0.280819
0.715389
0.532949
0.49291
0.597719
0.441045
0.544586
0.628272
0.550922
0.633842
0.710079
0.617178
0.776079
0.2479
0.988766
0.248096
0.470257
0.702761
1.0403
0.599794
0.274491
1.0366
0.708586
0.275078
0.541849
0.590388
0.61993
0.516489
0.547219
0.626408
0.550566
0.626399
0.694819
0.601169
0.985989
0.268363
1.02484
0.277637
0.671105
0.260749
0.631489
0.214542
0.409304
0.648387
0.255906
0.219825
0.41023
0.364284
0.467987
0.326157
0.409563
0.472062
0.475396
0.405772
0.266184
0.425444
0.493822
0.202396
0.626603
0.223297
0.229843
0.531549
0.516029
0.264713
0.626609
0.15773
0.396287
0.252881
0.621374
0.15214
0.381208
0.46074
0.451625
0.392316
0.398477
0.460026
0.479217
0.385332
0.257138
0.390472
0.609704
0.158683
0.610064
0.150815
0.258184
0.471965
0.321295
0.544005
0.448041
0.474034
0.550044
0.48318
0.424009
0.466897
0.567627
0.346853
0.425712
0.588349
0.589061
0.430321
0.489318
0.435734
0.520824
0.560432
0.412574
0.556154
0.462893
0.470678
0.40732
0.410837
0.54876
0.459262
0.477705
0.543156
0.427477
0.557291
0.584897
0.4125
0.427843
0.588494
0.58409
0.43254
0.473852
0.411931
0.50366
0.539004
0.495077
0.542657
0.463013
0.282967
0.327962
0.0900321
0.0809947
0.154327
0.136818
0.0987766
0.0593488
0.152287
0.0149776
0.0112114
0.0169217
0.00856143
0.0175008
0.0389985
0.0316006
0.016397
0.0877904
0.13852
0.0351655
0.141215
0.0734041
0.147132
0.101479
0.0939074
0.115805
0.239016
0.243151
0.246826
0.173178
0.26662
0.160158
0.222286
0.142058
0.394347
0.322321
0.174165
0.25791
0.293876
0.609639
0.200047
0.44604
0.294623
0.204979
0.145368
0.16005
0.129466
0.179654
0.138571
0.135836
0.171867
0.126589
0.101667
0.158077
0.146798
0.0658554
0.051043
0.0826962
0.0394554
0.0574437
0.102804
0.0788497
0.076593
0.148848
0.146056
0.0687885
0.142349
0.118016
0.150308
0.128199
0.254387
0.595665
0.374506
0.153553
0.594968
0.253633
0.15033
0.397463
0.479232
0.476286
0.387963
0.393202
0.476153
0.48383
0.395262
0.256831
0.38445
0.616062
0.155415
0.616012
0.251349
0.151947
0.396745
0.362395
0.258585
0.578246
0.215094
0.396187
0.258355
0.576751
0.228849
0.398933
0.376712
0.460662
0.324572
0.400065
0.491405
0.47182
0.402114
0.273411
0.404574
0.387619
0.214744
0.538677
0.22921
0.249315
0.264286
0.426572
0.550325
0.453964
0.518787
0.481583
0.241831
0.122662
0.402301
0.32678
0.176377
0.257175
0.426705
0.479166
0.532017
0.497734
0.420085
0.486554
0.143096
0.159457
0.185761
0.115895
0.224475
0.602924
0.42872
0.381277
0.6127
0.21211
0.434677
0.161652
0.0919654
0.135066
0.0712572
0.0808861
0.114968
0.081408
0.0870796
0.363903
0.341239
0.449265
0.46867
0.509287
0.47873
0.288563
)
;

boundaryField
{
    inlet
    {
        type            fixedValue;
        value           uniform 440.15;
    }
    outlet
    {
        type            zeroGradient;
    }
    rightSide
    {
        type            symmetryPlane;
    }
    leftSide
    {
        type            symmetryPlane;
    }
    duct
    {
        Cmu             0.09;
        kappa           0.41;
        E               9.8;
        beta1           0.075;
        type            omegaWallFunction;
        value           nonuniform List<scalar> 
216
(
0.0111041
0.0111187
0.0114382
0.0114241
0.0118247
0.0118429
0.0121454
0.0121288
0.0125227
0.012543
0.0128331
0.0128151
0.0131984
0.0132196
0.0135014
0.0134831
0.0138526
0.0138729
0.0141478
0.0141308
0.0144833
0.0145009
0.0147692
0.0147547
0.0150902
0.0151041
0.0153641
0.0153521
0.0156717
0.0156823
0.0159313
0.0159214
0.0162266
0.0162351
0.0164705
0.0164624
0.0167551
0.0167628
0.0169818
0.0169755
0.0172583
0.017265
0.01747
0.0174663
0.0177421
0.0177483
0.0179394
0.0179398
0.0182069
0.0182137
0.0183964
0.0184019
0.0186624
0.0186689
0.0188551
0.0188625
0.0191189
0.0191211
0.0193204
0.0193277
0.0195769
0.0195746
0.0197842
0.0197925
0.0200123
0.0200078
0.0202199
0.0202296
0.0204188
0.0204186
0.020626
0.0206354
0.0208007
0.0208129
0.0210025
0.0210115
0.0211641
0.0211926
0.0213531
0.0213635
0.0214953
0.0215424
0.0216628
0.0216933
0.0218063
0.0218703
0.0219675
0.021995
0.0220926
0.022152
0.0222409
0.0222472
0.0223298
0.0223965
0.0224632
0.0224864
0.0225459
0.0226074
0.022663
0.0226864
0.0227325
0.0227952
0.0228587
0.0228526
0.0229566
0.0228998
0.023111
0.0231845
0.0110865
0.0110778
0.0114545
0.0114629
0.011807
0.0117958
0.012161
0.0121704
0.0125055
0.0124947
0.0128475
0.0128562
0.0131821
0.0131743
0.0135135
0.0135202
0.0138373
0.0138335
0.0141574
0.0141618
0.0144701
0.0144699
0.0147773
0.01478
0.0150789
0.0150809
0.0153718
0.0153739
0.0156626
0.0156655
0.0159403
0.0159425
0.0162204
0.0162232
0.0164831
0.0164859
0.016752
0.0167552
0.0170023
0.0170053
0.0172584
0.0172628
0.017502
0.0175046
0.0177445
0.0177512
0.0179864
0.0179887
0.0182203
0.018229
0.0184588
0.0184623
0.0186945
0.0187044
0.0189284
0.0189341
0.0191666
0.0191788
0.0194045
0.0194116
0.0196279
0.0196456
0.0198597
0.0198691
0.0200629
0.0200858
0.0202806
0.0202966
0.0204614
0.0204892
0.0206589
0.0206814
0.0208101
0.0208468
0.0209865
0.0210149
0.0211095
0.0211526
0.0212513
0.0212884
0.0213523
0.0214073
0.0214504
0.0214946
0.0215334
0.0215793
0.0216454
0.0216514
0.0217368
0.0217668
0.0218218
0.0218377
0.0219734
0.021997
0.0219254
0.0219866
0.0218131
0.0218434
0.0217264
0.0217919
0.0214147
0.0214883
0.0213108
0.0214176
0.0209171
0.0210477
0.0208682
0.0210071
)
;
    }
    cylinder
    {
        Cmu             0.09;
        kappa           0.41;
        E               9.8;
        beta1           0.075;
        type            omegaWallFunction;
        value           nonuniform List<scalar> 
448
(
0.581213
0.437584
0.467914
0.534997
1.15795
0.9284
1.13131
1.06929
0.547824
0.379461
0.558749
0.539338
0.249768
0.662463
0.145993
0.0946157
0.477713
0.544608
0.496778
0.335501
1.17035
0.930171
1.16875
1.09373
0.583365
0.522697
0.255429
0.742171
0.143366
0.0510373
0.449167
0.255531
0.428198
0.454965
0.421447
0.422675
0.534585
0.361446
0.435845
0.400393
0.133457
0.407391
0.399073
0.137281
1.05751
1.0541
0.51087
0.573588
0.585923
0.545123
0.197479
0.227519
0.140815
0.0776024
0.524204
0.529131
1.02193
1.02467
0.527528
0.537539
0.763867
0.985706
0.999908
0.997311
0.516157
0.521386
0.932703
0.970308
1.04748
1.04697
0.535658
0.573041
1.15949
1.13241
1.01152
0.995033
0.513526
0.940463
0.540848
1.12744
1.14059
0.414264
0.426351
0.407024
0.408893
0.448558
0.440595
0.554974
0.570904
0.612706
0.619393
0.38776
0.403099
0.544848
0.537291
0.61697
0.610532
0.378557
0.392642
0.244286
0.264883
0.142658
0.569407
0.144573
0.137967
0.114859
0.0971715
0.0700887
0.108671
0.184365
0.198453
0.208507
0.136742
0.433653
0.249544
0.0801974
0.278222
0.338516
0.0867089
0.0673578
0.0272327
0.0168762
0.11317
0.20713
0.542177
0.565517
0.1618
0.0917659
0.494308
0.487673
0.609425
0.602189
0.390694
0.390223
0.473441
0.466635
0.623108
0.610587
0.437713
0.422309
1.16729
1.14537
1.018
1.01421
0.51869
0.555114
1.1617
1.17764
0.532949
0.544586
1.0403
1.0366
0.541849
0.547219
0.631489
0.41023
0.409563
0.531549
0.516029
0.381208
0.398477
0.321295
0.424009
0.425712
0.427477
0.427843
0.282967
0.327962
0.0809947
0.0593488
0.0149776
0.0175008
0.0939074
0.115805
0.246826
0.26662
0.142058
0.145368
0.0658554
0.0574437
0.595665
0.594968
0.397463
0.393202
0.396745
0.362395
0.578246
0.576751
0.398933
0.400065
0.550325
0.518787
0.122662
0.143096
0.602924
0.6127
0.161652
0.0808861
0.455338
0.578027
0.372921
0.157614
0.481127
0.674752
0.305339
0.0900953
0.481063
0.619774
0.559391
0.602496
0.496614
0.687906
0.600067
0.643012
0.527701
0.566252
0.335987
0.45736
0.460869
0.463184
0.374734
0.157665
0.0809992
0.104975
0.281235
0.0894215
0.0152117
0.0394988
0.104593
0.116933
0.493662
0.487933
0.422491
0.524308
0.61293
0.659337
0.49291
0.628272
0.590388
0.626408
0.364284
0.472062
0.46074
0.460026
0.466897
0.588349
0.557291
0.588494
0.0112114
0.0389985
0.394347
0.16005
0.051043
0.102804
0.479232
0.476153
0.376712
0.491405
0.402301
0.159457
0.0919654
0.114968
0.558904
0.34017
0.426223
0.581168
0.301271
0.1704
0.114883
0.180411
0.588634
0.39704
0.811757
0.989356
0.570187
0.667424
0.648387
0.474034
0.493822
0.626603
0.173195
0.250908
0.509139
0.282813
0.0718813
0.0961873
0.616062
0.616012
0.589768
0.431415
0.542616
0.623292
0.588273
0.491161
0.529382
0.597564
0.598249
0.426035
0.793816
0.994958
0.574454
0.684725
0.509992
0.599562
0.944653
0.523911
0.629825
0.557003
0.392937
0.419187
0.557029
0.450518
0.305066
0.478866
0.597402
0.388296
0.471171
0.381736
0.603745
0.458619
0.605537
0.388785
0.46545
0.296891
0.175365
0.29821
0.127772
0.1779
0.116809
0.064479
0.0795636
0.0925338
0.227663
0.165773
0.0734331
0.0966552
0.0232798
0.0108839
0.0657235
0.14822
0.0317168
0.0222629
0.156566
0.037656
0.484468
0.483111
0.0864557
0.0964762
0.390101
0.610371
0.483026
0.606393
0.39831
0.494865
0.436924
0.609021
0.517936
0.354707
0.412034
0.520705
1.03166
1.03221
0.615551
0.512517
0.943157
0.963144
0.55586
0.656986
0.985989
1.02484
0.597719
0.441045
0.776079
0.988766
0.550922
0.633842
0.61993
0.516489
0.550566
0.626399
0.467987
0.326157
0.405772
0.475396
0.626609
0.40732
0.621374
0.459262
0.50366
0.451625
0.392316
0.609704
0.610064
0.385332
0.479217
0.567627
0.346853
0.520824
0.412574
0.430321
0.589061
0.584897
0.4125
0.495077
0.43254
0.58409
0.0169217
0.00856143
0.0351655
0.0734041
0.0316006
0.016397
0.135836
0.101667
0.322321
0.609639
0.174165
0.294623
0.129466
0.179654
0.0826962
0.0394554
0.0687885
0.118016
0.0788497
0.076593
0.476286
0.387963
0.395262
0.48383
0.538677
0.460662
0.324572
0.387619
0.402114
0.47182
0.32678
0.479166
0.176377
0.497734
0.115895
0.185761
0.135066
0.0712572
0.449265
0.509287
0.0870796
0.081408
)
;
    }
}


// ************************************************************************* //
