/*--------------------------------*- C++ -*----------------------------------*\
| =========                 |                                                 |
| \\      /  F ield         | OpenFOAM: The Open Source CFD Toolbox           |
|  \\    /   O peration     | Version:  4.1                                   |
|   \\  /    A nd           | Web:      www.OpenFOAM.org                      |
|    \\/     M anipulation  |                                                 |
\*---------------------------------------------------------------------------*/
FoamFile
{
    version     2.0;
    format      ascii;
    class       volScalarField;
    location    "37";
    object      p;
}
// * * * * * * * * * * * * * * * * * * * * * * * * * * * * * * * * * * * * * //

dimensions      [0 2 -2 0 0 0 0];

internalField   nonuniform List<scalar> 
4432
(
-3.09134e+10
-3.42865e+10
-3.32081e+10
-2.5288e+10
-2.51457e+10
-2.6961e+10
-2.61691e+10
-2.56597e+10
-2.53885e+10
-2.52316e+10
-2.50113e+10
-2.47366e+10
-2.44594e+10
-2.42221e+10
-2.40618e+10
-2.39374e+10
-2.37646e+10
-2.35628e+10
-2.33592e+10
-2.31625e+10
-2.29618e+10
-2.27598e+10
-2.25577e+10
-2.23578e+10
-2.21629e+10
-2.19758e+10
-2.17988e+10
-2.16335e+10
-2.14801e+10
-2.13375e+10
-2.12036e+10
-2.10758e+10
-2.09507e+10
-2.08229e+10
-2.06866e+10
-2.05372e+10
-2.03703e+10
-2.01841e+10
-1.99812e+10
-1.97707e+10
-1.95697e+10
-1.94027e+10
-1.92974e+10
-1.9282e+10
-1.9381e+10
-1.95944e+10
-1.98526e+10
-1.99849e+10
-1.97922e+10
-1.9427e+10
-1.99947e+10
-2.28346e+10
-2.49791e+10
-1.31425e+10
-3.07732e+10
-3.15175e+10
-3.0626e+10
-2.77454e+10
-2.52672e+10
-2.64326e+10
-2.62024e+10
-2.56682e+10
-2.54134e+10
-2.53012e+10
-2.50775e+10
-2.47629e+10
-2.4457e+10
-2.42229e+10
-2.40711e+10
-2.39433e+10
-2.37606e+10
-2.35541e+10
-2.33543e+10
-2.31578e+10
-2.29563e+10
-2.27542e+10
-2.25519e+10
-2.23522e+10
-2.21575e+10
-2.19708e+10
-2.17942e+10
-2.16293e+10
-2.14761e+10
-2.13337e+10
-2.11996e+10
-2.1071e+10
-2.09447e+10
-2.08159e+10
-2.06793e+10
-2.05295e+10
-2.03617e+10
-2.01746e+10
-1.99707e+10
-1.97591e+10
-1.95571e+10
-1.93891e+10
-1.92826e+10
-1.92649e+10
-1.93575e+10
-1.95562e+10
-1.97842e+10
-1.98541e+10
-1.95489e+10
-1.90086e+10
-1.94187e+10
-2.2471e+10
-2.54173e+10
-1.50787e+10
-2.98752e+10
-2.93511e+10
-2.84041e+10
-2.82556e+10
-2.56666e+10
-2.57186e+10
-2.62263e+10
-2.57945e+10
-2.54947e+10
-2.53617e+10
-2.51109e+10
-2.48234e+10
-2.45207e+10
-2.42379e+10
-2.40385e+10
-2.39253e+10
-2.37887e+10
-2.35937e+10
-2.33899e+10
-2.31857e+10
-2.29815e+10
-2.27756e+10
-2.25689e+10
-2.2364e+10
-2.21637e+10
-2.19713e+10
-2.17893e+10
-2.16195e+10
-2.14626e+10
-2.13177e+10
-2.11824e+10
-2.10546e+10
-2.09327e+10
-2.08097e+10
-2.06757e+10
-2.05284e+10
-2.03662e+10
-2.0188e+10
-1.99969e+10
-1.98007e+10
-1.96139e+10
-1.94586e+10
-1.93608e+10
-1.93434e+10
-1.9423e+10
-1.95979e+10
-1.97833e+10
-1.97702e+10
-1.93694e+10
-1.8872e+10
-1.97183e+10
-2.34098e+10
-2.61485e+10
-1.55953e+10
-3.00197e+10
-2.98442e+10
-2.87319e+10
-2.7232e+10
-2.56399e+10
-2.57865e+10
-2.62329e+10
-2.57355e+10
-2.55041e+10
-2.53628e+10
-2.5124e+10
-2.48232e+10
-2.45047e+10
-2.42194e+10
-2.40342e+10
-2.39362e+10
-2.37892e+10
-2.35798e+10
-2.33799e+10
-2.31769e+10
-2.29728e+10
-2.27665e+10
-2.25598e+10
-2.23549e+10
-2.21549e+10
-2.1963e+10
-2.17818e+10
-2.16131e+10
-2.14575e+10
-2.1314e+10
-2.11801e+10
-2.10526e+10
-2.09283e+10
-2.08026e+10
-2.06697e+10
-2.05243e+10
-2.03628e+10
-2.01858e+10
-1.99977e+10
-1.98058e+10
-1.96246e+10
-1.94761e+10
-1.93856e+10
-1.9375e+10
-1.94586e+10
-1.96261e+10
-1.97903e+10
-1.97473e+10
-1.92976e+10
-1.87577e+10
-1.97751e+10
-2.4002e+10
-2.62874e+10
-1.29543e+10
-3.03232e+10
-2.87288e+10
-2.65292e+10
-2.77058e+10
-2.58806e+10
-2.51956e+10
-2.5339e+10
-2.53848e+10
-2.53901e+10
-2.53231e+10
-2.51108e+10
-2.48568e+10
-2.4551e+10
-2.42468e+10
-2.40392e+10
-2.39149e+10
-2.37732e+10
-2.35866e+10
-2.33941e+10
-2.31942e+10
-2.29909e+10
-2.27845e+10
-2.25764e+10
-2.23694e+10
-2.21667e+10
-2.1972e+10
-2.17884e+10
-2.16184e+10
-2.14628e+10
-2.13203e+10
-2.11866e+10
-2.10549e+10
-2.09225e+10
-2.07918e+10
-2.06558e+10
-2.05038e+10
-2.03378e+10
-2.01576e+10
-1.99686e+10
-1.97782e+10
-1.96025e+10
-1.94668e+10
-1.93987e+10
-1.94197e+10
-1.95418e+10
-1.97474e+10
-1.99398e+10
-1.99125e+10
-1.94724e+10
-1.89348e+10
-1.97315e+10
-2.32793e+10
-2.58754e+10
-1.34653e+10
-2.96371e+10
-2.92101e+10
-2.77309e+10
-2.62068e+10
-2.58899e+10
-2.56576e+10
-2.55257e+10
-2.53606e+10
-2.54017e+10
-2.53079e+10
-2.50918e+10
-2.48266e+10
-2.45292e+10
-2.42407e+10
-2.40405e+10
-2.39306e+10
-2.37793e+10
-2.35837e+10
-2.33909e+10
-2.31913e+10
-2.29878e+10
-2.27802e+10
-2.25709e+10
-2.23625e+10
-2.21586e+10
-2.19626e+10
-2.17778e+10
-2.16065e+10
-2.14498e+10
-2.13065e+10
-2.11723e+10
-2.10417e+10
-2.09112e+10
-2.07787e+10
-2.06393e+10
-2.04887e+10
-2.03237e+10
-2.01453e+10
-1.99585e+10
-1.97707e+10
-1.95966e+10
-1.94604e+10
-1.93876e+10
-1.93971e+10
-1.94953e+10
-1.96584e+10
-1.97865e+10
-1.96663e+10
-1.91001e+10
-1.84461e+10
-1.92758e+10
-2.31827e+10
-2.62938e+10
-1.53766e+10
-2.85972e+10
-2.84353e+10
-2.73643e+10
-2.64246e+10
-2.61834e+10
-2.56513e+10
-2.53719e+10
-2.52496e+10
-2.52496e+10
-2.5181e+10
-2.50023e+10
-2.4792e+10
-2.45358e+10
-2.42794e+10
-2.40935e+10
-2.39602e+10
-2.38044e+10
-2.36198e+10
-2.34317e+10
-2.32358e+10
-2.30335e+10
-2.28245e+10
-2.2612e+10
-2.23995e+10
-2.2192e+10
-2.19944e+10
-2.18108e+10
-2.16444e+10
-2.14958e+10
-2.1362e+10
-2.12352e+10
-2.1102e+10
-2.09577e+10
-2.08274e+10
-2.07096e+10
-2.05505e+10
-2.03677e+10
-2.01756e+10
-1.99735e+10
-1.97726e+10
-1.95902e+10
-1.94546e+10
-1.9395e+10
-1.943e+10
-1.95662e+10
-1.97761e+10
-1.99562e+10
-1.99105e+10
-1.94488e+10
-1.88542e+10
-1.95486e+10
-2.32719e+10
-2.71308e+10
-1.65095e+10
-2.83345e+10
-2.78094e+10
-2.69067e+10
-2.61843e+10
-2.65427e+10
-2.61702e+10
-2.54971e+10
-2.5206e+10
-2.52231e+10
-2.51391e+10
-2.49728e+10
-2.47618e+10
-2.45143e+10
-2.42753e+10
-2.41009e+10
-2.3968e+10
-2.38012e+10
-2.36128e+10
-2.34232e+10
-2.32266e+10
-2.30227e+10
-2.28119e+10
-2.25973e+10
-2.23826e+10
-2.21728e+10
-2.19727e+10
-2.17867e+10
-2.16177e+10
-2.14664e+10
-2.13307e+10
-2.12047e+10
-2.10804e+10
-2.09535e+10
-2.08233e+10
-2.06841e+10
-2.05325e+10
-2.03613e+10
-2.01703e+10
-1.99712e+10
-1.97724e+10
-1.95897e+10
-1.94501e+10
-1.93815e+10
-1.9401e+10
-1.95097e+10
-1.96788e+10
-1.98052e+10
-1.9689e+10
-1.9155e+10
-1.86068e+10
-1.98046e+10
-2.44433e+10
-2.74286e+10
-1.40807e+10
-2.69509e+10
-2.69279e+10
-2.67269e+10
-2.6049e+10
-2.61061e+10
-2.57272e+10
-2.53607e+10
-2.51616e+10
-2.51346e+10
-2.50962e+10
-2.49369e+10
-2.46977e+10
-2.44703e+10
-2.42658e+10
-2.41135e+10
-2.39748e+10
-2.38137e+10
-2.36348e+10
-2.34486e+10
-2.32522e+10
-2.30451e+10
-2.28269e+10
-2.26012e+10
-2.23729e+10
-2.21494e+10
-2.19376e+10
-2.17435e+10
-2.15703e+10
-2.14179e+10
-2.12813e+10
-2.11518e+10
-2.10183e+10
-2.08776e+10
-2.07399e+10
-2.05998e+10
-2.04332e+10
-2.02395e+10
-2.00265e+10
-1.98e+10
-1.95744e+10
-1.93714e+10
-1.9219e+10
-1.91452e+10
-1.91694e+10
-1.92949e+10
-1.94887e+10
-1.96459e+10
-1.95644e+10
-1.9031e+10
-1.82703e+10
-1.87082e+10
-2.25552e+10
-2.81243e+10
-2.0983e+10
-2.70639e+10
-2.66643e+10
-2.62601e+10
-2.60474e+10
-2.64243e+10
-2.60177e+10
-2.5463e+10
-2.51671e+10
-2.50736e+10
-2.50068e+10
-2.48785e+10
-2.46784e+10
-2.44589e+10
-2.42604e+10
-2.41087e+10
-2.39673e+10
-2.38002e+10
-2.36186e+10
-2.34306e+10
-2.32328e+10
-2.30238e+10
-2.28039e+10
-2.25761e+10
-2.23458e+10
-2.21203e+10
-2.19069e+10
-2.17114e+10
-2.15368e+10
-2.13826e+10
-2.12462e+10
-2.11228e+10
-2.10036e+10
-2.08798e+10
-2.07495e+10
-2.06086e+10
-2.04499e+10
-2.02689e+10
-2.0066e+10
-1.98487e+10
-1.96303e+10
-1.94325e+10
-1.92822e+10
-1.92067e+10
-1.92269e+10
-1.93463e+10
-1.95336e+10
-1.9689e+10
-1.96159e+10
-1.91246e+10
-1.85693e+10
-1.96655e+10
-2.43286e+10
-2.79746e+10
-1.54957e+10
-2.62686e+10
-2.61671e+10
-2.60653e+10
-2.59054e+10
-2.59425e+10
-2.56887e+10
-2.53515e+10
-2.51072e+10
-2.50073e+10
-2.49784e+10
-2.48879e+10
-2.46667e+10
-2.44534e+10
-2.42872e+10
-2.4152e+10
-2.40129e+10
-2.38562e+10
-2.36858e+10
-2.35048e+10
-2.33106e+10
-2.31005e+10
-2.28739e+10
-2.26331e+10
-2.23854e+10
-2.21413e+10
-2.19116e+10
-2.17032e+10
-2.15175e+10
-2.1354e+10
-2.12092e+10
-2.10764e+10
-2.09491e+10
-2.08231e+10
-2.06919e+10
-2.05432e+10
-2.03726e+10
-2.01792e+10
-1.99639e+10
-1.97333e+10
-1.9503e+10
-1.92957e+10
-1.9139e+10
-1.90603e+10
-1.90805e+10
-1.92038e+10
-1.93988e+10
-1.95691e+10
-1.95217e+10
-1.90332e+10
-1.8273e+10
-1.85985e+10
-2.22146e+10
-2.74691e+10
-2.01755e+10
-2.63824e+10
-2.62162e+10
-2.60419e+10
-2.58827e+10
-2.6046e+10
-2.57338e+10
-2.53702e+10
-2.51618e+10
-2.50395e+10
-2.49612e+10
-2.48388e+10
-2.46478e+10
-2.44514e+10
-2.42888e+10
-2.41516e+10
-2.40094e+10
-2.38498e+10
-2.36783e+10
-2.34966e+10
-2.33016e+10
-2.30908e+10
-2.2863e+10
-2.26212e+10
-2.23727e+10
-2.21279e+10
-2.18969e+10
-2.16869e+10
-2.15012e+10
-2.1339e+10
-2.11963e+10
-2.10682e+10
-2.09479e+10
-2.08264e+10
-2.06978e+10
-2.05556e+10
-2.03927e+10
-2.02067e+10
-1.99984e+10
-1.97736e+10
-1.9547e+10
-1.93417e+10
-1.91848e+10
-1.91041e+10
-1.91217e+10
-1.92438e+10
-1.94425e+10
-1.96255e+10
-1.96042e+10
-1.91763e+10
-1.85964e+10
-1.93493e+10
-2.33881e+10
-2.7337e+10
-1.60195e+10
-2.56776e+10
-2.56955e+10
-2.56911e+10
-2.57606e+10
-2.57034e+10
-2.55167e+10
-2.52573e+10
-2.50333e+10
-2.49251e+10
-2.48895e+10
-2.47724e+10
-2.45855e+10
-2.44201e+10
-2.42872e+10
-2.4162e+10
-2.40282e+10
-2.38799e+10
-2.37175e+10
-2.35414e+10
-2.33486e+10
-2.3134e+10
-2.28935e+10
-2.26279e+10
-2.23491e+10
-2.20731e+10
-2.18155e+10
-2.1585e+10
-2.13853e+10
-2.12146e+10
-2.10667e+10
-2.09355e+10
-2.08166e+10
-2.07048e+10
-2.05886e+10
-2.04549e+10
-2.02993e+10
-2.01207e+10
-1.99202e+10
-1.97047e+10
-1.94882e+10
-1.92917e+10
-1.91416e+10
-1.90653e+10
-1.90839e+10
-1.92025e+10
-1.93952e+10
-1.95796e+10
-1.95845e+10
-1.92113e+10
-1.86644e+10
-1.92901e+10
-2.28966e+10
-2.61842e+10
-1.44642e+10
-2.57572e+10
-2.57944e+10
-2.59138e+10
-2.57817e+10
-2.5621e+10
-2.53921e+10
-2.5224e+10
-2.50882e+10
-2.49859e+10
-2.48872e+10
-2.47458e+10
-2.45785e+10
-2.44239e+10
-2.42926e+10
-2.41673e+10
-2.40323e+10
-2.38833e+10
-2.37212e+10
-2.35453e+10
-2.33522e+10
-2.31371e+10
-2.28955e+10
-2.26298e+10
-2.23509e+10
-2.20747e+10
-2.18158e+10
-2.15844e+10
-2.13848e+10
-2.12155e+10
-2.10707e+10
-2.09432e+10
-2.08263e+10
-2.07141e+10
-2.0597e+10
-2.0465e+10
-2.03121e+10
-2.01359e+10
-1.99372e+10
-1.97227e+10
-1.95062e+10
-1.93084e+10
-1.91552e+10
-1.90736e+10
-1.90852e+10
-1.91958e+10
-1.93802e+10
-1.95564e+10
-1.95523e+10
-1.91707e+10
-1.86179e+10
-1.92536e+10
-2.28695e+10
-2.60592e+10
-1.38724e+10
-2.53061e+10
-2.53566e+10
-2.54948e+10
-2.56556e+10
-2.55725e+10
-2.53099e+10
-2.5061e+10
-2.48931e+10
-2.48489e+10
-2.48368e+10
-2.4712e+10
-2.45549e+10
-2.44262e+10
-2.43162e+10
-2.42071e+10
-2.40875e+10
-2.3953e+10
-2.38022e+10
-2.36353e+10
-2.34491e+10
-2.32361e+10
-2.29849e+10
-2.26951e+10
-2.23812e+10
-2.20691e+10
-2.17808e+10
-2.15292e+10
-2.13186e+10
-2.11453e+10
-2.09999e+10
-2.0875e+10
-2.07657e+10
-2.06596e+10
-2.05464e+10
-2.04179e+10
-2.02692e+10
-2.00968e+10
-1.99007e+10
-1.96874e+10
-1.94702e+10
-1.9269e+10
-1.91086e+10
-1.90145e+10
-1.90055e+10
-1.90843e+10
-1.9224e+10
-1.9343e+10
-1.92752e+10
-1.88311e+10
-1.82125e+10
-1.87373e+10
-2.21768e+10
-2.54678e+10
-1.37918e+10
-2.53328e+10
-2.5406e+10
-2.56931e+10
-2.57666e+10
-2.55025e+10
-2.51967e+10
-2.50624e+10
-2.49523e+10
-2.48758e+10
-2.48068e+10
-2.46856e+10
-2.45474e+10
-2.44238e+10
-2.43138e+10
-2.42031e+10
-2.40824e+10
-2.39475e+10
-2.37967e+10
-2.36293e+10
-2.34425e+10
-2.32283e+10
-2.29766e+10
-2.2686e+10
-2.23716e+10
-2.20585e+10
-2.17687e+10
-2.15158e+10
-2.13037e+10
-2.11307e+10
-2.09886e+10
-2.08662e+10
-2.07557e+10
-2.06486e+10
-2.05346e+10
-2.04057e+10
-2.02566e+10
-2.00836e+10
-1.98864e+10
-1.96718e+10
-1.94532e+10
-1.92499e+10
-1.90864e+10
-1.89868e+10
-1.8969e+10
-1.90343e+10
-1.91543e+10
-1.9245e+10
-1.91358e+10
-1.86275e+10
-1.78821e+10
-1.81345e+10
-2.13109e+10
-2.53954e+10
-1.57804e+10
-2.51265e+10
-2.51004e+10
-2.52324e+10
-2.53825e+10
-2.53777e+10
-2.51281e+10
-2.49033e+10
-2.48078e+10
-2.47932e+10
-2.47432e+10
-2.46315e+10
-2.45175e+10
-2.44204e+10
-2.43321e+10
-2.42415e+10
-2.41388e+10
-2.40184e+10
-2.38783e+10
-2.37195e+10
-2.35414e+10
-2.33336e+10
-2.30751e+10
-2.27542e+10
-2.23899e+10
-2.20269e+10
-2.17013e+10
-2.143e+10
-2.12144e+10
-2.10473e+10
-2.09153e+10
-2.08046e+10
-2.07074e+10
-2.06119e+10
-2.05068e+10
-2.03847e+10
-2.02396e+10
-2.0068e+10
-1.98712e+10
-1.96565e+10
-1.94377e+10
-1.92353e+10
-1.90742e+10
-1.89791e+10
-1.89665e+10
-1.90353e+10
-1.91516e+10
-1.92235e+10
-1.9072e+10
-1.84914e+10
-1.76449e+10
-1.7801e+10
-2.09576e+10
-2.51933e+10
-1.56345e+10
-2.50985e+10
-2.50769e+10
-2.52875e+10
-2.54621e+10
-2.53292e+10
-2.50856e+10
-2.49662e+10
-2.48724e+10
-2.47869e+10
-2.47075e+10
-2.46096e+10
-2.45088e+10
-2.44137e+10
-2.43245e+10
-2.42319e+10
-2.41282e+10
-2.40075e+10
-2.38674e+10
-2.37086e+10
-2.35304e+10
-2.33231e+10
-2.30665e+10
-2.27486e+10
-2.23885e+10
-2.20286e+10
-2.17045e+10
-2.1432e+10
-2.1213e+10
-2.1043e+10
-2.09109e+10
-2.07996e+10
-2.07003e+10
-2.06024e+10
-2.04964e+10
-2.0375e+10
-2.0231e+10
-2.00606e+10
-1.98651e+10
-1.96517e+10
-1.94345e+10
-1.92341e+10
-1.90753e+10
-1.89827e+10
-1.8973e+10
-1.90449e+10
-1.91645e+10
-1.92386e+10
-1.90828e+10
-1.84803e+10
-1.75661e+10
-1.75431e+10
-2.05039e+10
-2.49783e+10
-1.5802e+10
-2.50509e+10
-2.49506e+10
-2.49061e+10
-2.49758e+10
-2.50829e+10
-2.49789e+10
-2.48403e+10
-2.47894e+10
-2.47448e+10
-2.46552e+10
-2.45703e+10
-2.44935e+10
-2.44236e+10
-2.43582e+10
-2.42895e+10
-2.42083e+10
-2.41072e+10
-2.39832e+10
-2.38387e+10
-2.36765e+10
-2.34858e+10
-2.32288e+10
-2.28631e+10
-2.24094e+10
-2.19547e+10
-2.15703e+10
-2.12757e+10
-2.10632e+10
-2.09134e+10
-2.08068e+10
-2.0726e+10
-2.06556e+10
-2.05825e+10
-2.04962e+10
-2.0389e+10
-2.02549e+10
-2.00913e+10
-1.99011e+10
-1.96939e+10
-1.94864e+10
-1.9302e+10
-1.91688e+10
-1.91139e+10
-1.9156e+10
-1.92937e+10
-1.94904e+10
-1.96459e+10
-1.95672e+10
-1.90421e+10
-1.82666e+10
-1.86111e+10
-2.20416e+10
-2.55842e+10
-1.37221e+10
-2.49733e+10
-2.48499e+10
-2.48709e+10
-2.5013e+10
-2.50869e+10
-2.50392e+10
-2.49014e+10
-2.47999e+10
-2.4719e+10
-2.46436e+10
-2.45693e+10
-2.44967e+10
-2.44272e+10
-2.43614e+10
-2.42912e+10
-2.42089e+10
-2.41071e+10
-2.39823e+10
-2.38364e+10
-2.36723e+10
-2.34802e+10
-2.32227e+10
-2.2859e+10
-2.24089e+10
-2.19589e+10
-2.15778e+10
-2.12847e+10
-2.10721e+10
-2.09237e+10
-2.08197e+10
-2.07398e+10
-2.06698e+10
-2.0597e+10
-2.05108e+10
-2.04043e+10
-2.02713e+10
-2.01086e+10
-1.99185e+10
-1.97104e+10
-1.9501e+10
-1.93137e+10
-1.91768e+10
-1.91179e+10
-1.91567e+10
-1.92932e+10
-1.94922e+10
-1.96543e+10
-1.95828e+10
-1.90582e+10
-1.82797e+10
-1.86591e+10
-2.21742e+10
-2.55408e+10
-1.41664e+10
-2.49111e+10
-2.47716e+10
-2.46083e+10
-2.46651e+10
-2.47965e+10
-2.4807e+10
-2.47462e+10
-2.46771e+10
-2.46076e+10
-2.45431e+10
-2.44871e+10
-2.44395e+10
-2.44012e+10
-2.43696e+10
-2.43367e+10
-2.42919e+10
-2.42254e+10
-2.41312e+10
-2.40103e+10
-2.38705e+10
-2.3709e+10
-2.34707e+10
-2.30501e+10
-2.24418e+10
-2.18191e+10
-2.13453e+10
-2.10264e+10
-2.0826e+10
-2.07043e+10
-2.06311e+10
-2.05828e+10
-2.05399e+10
-2.04878e+10
-2.04161e+10
-2.03173e+10
-2.01855e+10
-2.00184e+10
-1.98198e+10
-1.9601e+10
-1.93805e+10
-1.91845e+10
-1.90442e+10
-1.899e+10
-1.90434e+10
-1.92055e+10
-1.944e+10
-1.96439e+10
-1.96196e+10
-1.91708e+10
-1.85765e+10
-1.92882e+10
-2.30537e+10
-2.65359e+10
-1.53741e+10
-2.47853e+10
-2.46552e+10
-2.46112e+10
-2.4714e+10
-2.48672e+10
-2.48557e+10
-2.47303e+10
-2.46604e+10
-2.46003e+10
-2.45387e+10
-2.44835e+10
-2.44365e+10
-2.43972e+10
-2.43636e+10
-2.43281e+10
-2.42814e+10
-2.42141e+10
-2.41195e+10
-2.39982e+10
-2.38579e+10
-2.36969e+10
-2.34603e+10
-2.30422e+10
-2.24377e+10
-2.18176e+10
-2.13445e+10
-2.10237e+10
-2.08227e+10
-2.07035e+10
-2.0634e+10
-2.0589e+10
-2.0549e+10
-2.04994e+10
-2.04297e+10
-2.03327e+10
-2.02023e+10
-2.0036e+10
-1.98371e+10
-1.96162e+10
-1.93918e+10
-1.91896e+10
-1.90409e+10
-1.89764e+10
-1.90183e+10
-1.91684e+10
-1.93918e+10
-1.95854e+10
-1.95476e+10
-1.90733e+10
-1.84343e+10
-1.91123e+10
-2.29907e+10
-2.70335e+10
-1.69072e+10
-2.46966e+10
-2.45845e+10
-2.45169e+10
-2.45798e+10
-2.46415e+10
-2.46606e+10
-2.4638e+10
-2.45904e+10
-2.45383e+10
-2.4493e+10
-2.44604e+10
-2.44441e+10
-2.44414e+10
-2.44464e+10
-2.44487e+10
-2.44352e+10
-2.43939e+10
-2.43166e+10
-2.42041e+10
-2.40719e+10
-2.39426e+10
-2.37682e+10
-2.33451e+10
-2.25194e+10
-2.16203e+10
-2.10457e+10
-2.07334e+10
-2.05708e+10
-2.05004e+10
-2.04751e+10
-2.04669e+10
-2.04557e+10
-2.04285e+10
-2.03758e+10
-2.02905e+10
-2.01672e+10
-2.00039e+10
-1.98045e+10
-1.95796e+10
-1.93477e+10
-1.91347e+10
-1.89709e+10
-1.88858e+10
-1.89002e+10
-1.90153e+10
-1.91953e+10
-1.93395e+10
-1.92594e+10
-1.87895e+10
-1.82578e+10
-1.90954e+10
-2.28523e+10
-2.68837e+10
-1.87076e+10
-2.45964e+10
-2.4564e+10
-2.45995e+10
-2.46696e+10
-2.47081e+10
-2.467e+10
-2.46301e+10
-2.45914e+10
-2.45455e+10
-2.4501e+10
-2.44665e+10
-2.44476e+10
-2.44421e+10
-2.44438e+10
-2.44429e+10
-2.4427e+10
-2.4385e+10
-2.4308e+10
-2.41953e+10
-2.40626e+10
-2.39336e+10
-2.37636e+10
-2.33519e+10
-2.25394e+10
-2.16555e+10
-2.10818e+10
-2.0759e+10
-2.05854e+10
-2.05067e+10
-2.04754e+10
-2.04625e+10
-2.04478e+10
-2.04182e+10
-2.03639e+10
-2.02776e+10
-2.01536e+10
-1.99899e+10
-1.97901e+10
-1.95649e+10
-1.93328e+10
-1.91195e+10
-1.89559e+10
-1.88719e+10
-1.88887e+10
-1.90075e+10
-1.91927e+10
-1.93422e+10
-1.92615e+10
-1.87726e+10
-1.81789e+10
-1.88821e+10
-2.26094e+10
-2.7201e+10
-1.9975e+10
-2.4468e+10
-2.43948e+10
-2.44722e+10
-2.45227e+10
-2.45145e+10
-2.44932e+10
-2.44734e+10
-2.44464e+10
-2.44148e+10
-2.43889e+10
-2.43771e+10
-2.4386e+10
-2.44144e+10
-2.44528e+10
-2.44861e+10
-2.44975e+10
-2.44771e+10
-2.44238e+10
-2.43453e+10
-2.42577e+10
-2.42093e+10
-2.42142e+10
-2.39775e+10
-2.28507e+10
-2.13818e+10
-2.05905e+10
-2.02868e+10
-2.01966e+10
-2.02175e+10
-2.02661e+10
-2.03117e+10
-2.03394e+10
-2.03419e+10
-2.03133e+10
-2.02486e+10
-2.0144e+10
-1.99987e+10
-1.98169e+10
-1.96095e+10
-1.93947e+10
-1.91969e+10
-1.90443e+10
-1.89638e+10
-1.89736e+10
-1.9073e+10
-1.92262e+10
-1.93365e+10
-1.92266e+10
-1.8757e+10
-1.83137e+10
-1.94102e+10
-2.35082e+10
-2.61506e+10
-1.3779e+10
-2.44337e+10
-2.44673e+10
-2.45547e+10
-2.45884e+10
-2.45523e+10
-2.4512e+10
-2.44884e+10
-2.44607e+10
-2.44301e+10
-2.44034e+10
-2.43894e+10
-2.43944e+10
-2.44175e+10
-2.44498e+10
-2.44762e+10
-2.44813e+10
-2.44569e+10
-2.44018e+10
-2.43194e+10
-2.42263e+10
-2.41729e+10
-2.41858e+10
-2.39722e+10
-2.28756e+10
-2.14167e+10
-2.06427e+10
-2.03398e+10
-2.02442e+10
-2.02596e+10
-2.03029e+10
-2.03436e+10
-2.03671e+10
-2.03659e+10
-2.03338e+10
-2.0266e+10
-2.0159e+10
-2.00119e+10
-1.98288e+10
-1.9621e+10
-1.94066e+10
-1.92104e+10
-1.9061e+10
-1.8986e+10
-1.90036e+10
-1.91118e+10
-1.92736e+10
-1.93872e+10
-1.92667e+10
-1.87591e+10
-1.82391e+10
-1.92553e+10
-2.33465e+10
-2.59716e+10
-1.35603e+10
-2.43758e+10
-2.43454e+10
-2.44418e+10
-2.44604e+10
-2.44444e+10
-2.44185e+10
-2.43962e+10
-2.43749e+10
-2.43592e+10
-2.43562e+10
-2.43751e+10
-2.44237e+10
-2.45015e+10
-2.45954e+10
-2.4683e+10
-2.4743e+10
-2.47717e+10
-2.47867e+10
-2.48162e+10
-2.48464e+10
-2.49056e+10
-2.50971e+10
-2.53714e+10
-2.42385e+10
-2.17739e+10
-1.97427e+10
-1.96228e+10
-1.97938e+10
-1.99798e+10
-2.0118e+10
-2.02118e+10
-2.02659e+10
-2.02833e+10
-2.02631e+10
-2.02026e+10
-2.00999e+10
-1.99555e+10
-1.9775e+10
-1.95701e+10
-1.93596e+10
-1.91684e+10
-1.90247e+10
-1.89557e+10
-1.89795e+10
-1.90956e+10
-1.92701e+10
-1.94103e+10
-1.93461e+10
-1.89412e+10
-1.85464e+10
-1.95375e+10
-2.31905e+10
-2.57827e+10
-1.36351e+10
-2.43588e+10
-2.43937e+10
-2.4467e+10
-2.44718e+10
-2.44464e+10
-2.44234e+10
-2.44041e+10
-2.43862e+10
-2.43733e+10
-2.43721e+10
-2.4391e+10
-2.44371e+10
-2.451e+10
-2.4597e+10
-2.46764e+10
-2.47284e+10
-2.47546e+10
-2.47732e+10
-2.47906e+10
-2.48041e+10
-2.48569e+10
-2.50895e+10
-2.54317e+10
-2.43853e+10
-2.19023e+10
-1.97356e+10
-1.96341e+10
-1.9803e+10
-1.99848e+10
-2.01187e+10
-2.02095e+10
-2.02616e+10
-2.02773e+10
-2.02551e+10
-2.01929e+10
-2.00888e+10
-1.99429e+10
-1.97607e+10
-1.95536e+10
-1.93402e+10
-1.91451e+10
-1.89963e+10
-1.89205e+10
-1.89346e+10
-1.90356e+10
-1.91855e+10
-1.92847e+10
-1.91499e+10
-1.86251e+10
-1.80522e+10
-1.88619e+10
-2.25627e+10
-2.57415e+10
-1.48326e+10
-2.43956e+10
-2.44217e+10
-2.44624e+10
-2.44607e+10
-2.44433e+10
-2.44201e+10
-2.43933e+10
-2.43668e+10
-2.43471e+10
-2.43423e+10
-2.43622e+10
-2.44154e+10
-2.4503e+10
-2.46095e+10
-2.47061e+10
-2.47703e+10
-2.48043e+10
-2.48276e+10
-2.48708e+10
-2.49253e+10
-2.50213e+10
-2.53193e+10
-2.58232e+10
-2.58388e+10
-2.39554e+10
-1.73686e+10
-1.85209e+10
-1.93012e+10
-1.97541e+10
-2.00089e+10
-2.01617e+10
-2.02459e+10
-2.02785e+10
-2.02644e+10
-2.0204e+10
-2.00967e+10
-1.99439e+10
-1.9752e+10
-1.95337e+10
-1.93086e+10
-1.9103e+10
-1.89463e+10
-1.88666e+10
-1.88824e+10
-1.89933e+10
-1.91654e+10
-1.93061e+10
-1.92422e+10
-1.8811e+10
-1.8281e+10
-1.89665e+10
-2.26063e+10
-2.65691e+10
-1.68154e+10
-2.43987e+10
-2.44396e+10
-2.4465e+10
-2.44578e+10
-2.44385e+10
-2.44165e+10
-2.439e+10
-2.43639e+10
-2.43447e+10
-2.43408e+10
-2.43619e+10
-2.4416e+10
-2.45022e+10
-2.4605e+10
-2.46975e+10
-2.47568e+10
-2.47882e+10
-2.4816e+10
-2.48517e+10
-2.48972e+10
-2.49993e+10
-2.53629e+10
-2.58378e+10
-2.60607e+10
-2.46082e+10
-1.72583e+10
-1.84924e+10
-1.92841e+10
-1.97294e+10
-1.99758e+10
-2.01231e+10
-2.02037e+10
-2.02343e+10
-2.02198e+10
-2.01607e+10
-2.00561e+10
-1.99072e+10
-1.97199e+10
-1.95061e+10
-1.92848e+10
-1.90813e+10
-1.89244e+10
-1.88415e+10
-1.88502e+10
-1.89482e+10
-1.9099e+10
-1.92059e+10
-1.90889e+10
-1.85917e+10
-1.80933e+10
-1.92498e+10
-2.36782e+10
-2.63824e+10
-1.38245e+10
-2.43933e+10
-2.4437e+10
-2.44493e+10
-2.44517e+10
-2.44437e+10
-2.44274e+10
-2.44042e+10
-2.438e+10
-2.43608e+10
-2.43551e+10
-2.4373e+10
-2.44242e+10
-2.45094e+10
-2.46128e+10
-2.47035e+10
-2.47543e+10
-2.47808e+10
-2.48205e+10
-2.48586e+10
-2.49222e+10
-2.50365e+10
-2.52895e+10
-2.59908e+10
-2.56404e+10
-1.53864e+10
-1.83637e+10
-1.9181e+10
-1.96675e+10
-1.99472e+10
-2.01156e+10
-2.02095e+10
-2.02482e+10
-2.02381e+10
-2.01806e+10
-2.00753e+10
-1.99242e+10
-1.97337e+10
-1.95167e+10
-1.92933e+10
-1.90906e+10
-1.89387e+10
-1.8865e+10
-1.88869e+10
-1.9003e+10
-1.91778e+10
-1.93153e+10
-1.92363e+10
-1.87539e+10
-1.80627e+10
-1.8423e+10
-2.18734e+10
-2.65622e+10
-1.79186e+10
-2.44085e+10
-2.44338e+10
-2.44421e+10
-2.44408e+10
-2.44331e+10
-2.44189e+10
-2.43978e+10
-2.43747e+10
-2.43562e+10
-2.4351e+10
-2.43696e+10
-2.44203e+10
-2.45037e+10
-2.46051e+10
-2.46976e+10
-2.47589e+10
-2.47892e+10
-2.48128e+10
-2.48422e+10
-2.48813e+10
-2.49911e+10
-2.5378e+10
-2.60395e+10
-2.60125e+10
-1.50593e+10
-1.83552e+10
-1.91667e+10
-1.96399e+10
-1.99108e+10
-2.00763e+10
-2.01706e+10
-2.02124e+10
-2.02074e+10
-2.01567e+10
-2.00597e+10
-1.99179e+10
-1.97369e+10
-1.95285e+10
-1.93118e+10
-1.91124e+10
-1.89594e+10
-1.88793e+10
-1.88891e+10
-1.8987e+10
-1.91376e+10
-1.92462e+10
-1.91357e+10
-1.86418e+10
-1.8095e+10
-1.90407e+10
-2.31578e+10
-2.634e+10
-1.43389e+10
-2.4374e+10
-2.43787e+10
-2.43868e+10
-2.43901e+10
-2.4387e+10
-2.4376e+10
-2.43582e+10
-2.43374e+10
-2.43196e+10
-2.43124e+10
-2.4325e+10
-2.43663e+10
-2.44387e+10
-2.45325e+10
-2.46248e+10
-2.46889e+10
-2.47178e+10
-2.47393e+10
-2.47671e+10
-2.48128e+10
-2.48954e+10
-2.51152e+10
-2.54507e+10
-2.53203e+10
-2.13901e+10
-1.92018e+10
-1.92124e+10
-1.95138e+10
-1.97911e+10
-1.99854e+10
-2.01103e+10
-2.01806e+10
-2.02052e+10
-2.01865e+10
-2.01237e+10
-2.00155e+10
-1.98631e+10
-1.96722e+10
-1.94554e+10
-1.9233e+10
-1.9032e+10
-1.88823e+10
-1.88105e+10
-1.88341e+10
-1.89529e+10
-1.91342e+10
-1.92866e+10
-1.92389e+10
-1.88184e+10
-1.82766e+10
-1.89912e+10
-2.26634e+10
-2.57999e+10
-1.42194e+10
-2.4388e+10
-2.4379e+10
-2.43861e+10
-2.43878e+10
-2.4385e+10
-2.43751e+10
-2.43591e+10
-2.43398e+10
-2.43223e+10
-2.43145e+10
-2.43254e+10
-2.43633e+10
-2.44309e+10
-2.45193e+10
-2.46089e+10
-2.46793e+10
-2.47223e+10
-2.47496e+10
-2.4763e+10
-2.47663e+10
-2.48365e+10
-2.51178e+10
-2.53456e+10
-2.50741e+10
-2.15685e+10
-1.92475e+10
-1.92295e+10
-1.94989e+10
-1.97579e+10
-1.99435e+10
-2.00659e+10
-2.01368e+10
-2.0164e+10
-2.01496e+10
-2.00925e+10
-1.99911e+10
-1.98458e+10
-1.96616e+10
-1.94499e+10
-1.92297e+10
-1.90265e+10
-1.88683e+10
-1.87801e+10
-1.8778e+10
-1.88608e+10
-1.8996e+10
-1.90949e+10
-1.89899e+10
-1.85193e+10
-1.79678e+10
-1.87543e+10
-2.25184e+10
-2.56525e+10
-1.38321e+10
-2.43493e+10
-2.43304e+10
-2.43327e+10
-2.43306e+10
-2.43246e+10
-2.43126e+10
-2.42944e+10
-2.42711e+10
-2.42468e+10
-2.4227e+10
-2.4218e+10
-2.42249e+10
-2.42493e+10
-2.42854e+10
-2.43213e+10
-2.43422e+10
-2.43377e+10
-2.43049e+10
-2.42432e+10
-2.41692e+10
-2.41311e+10
-2.41545e+10
-2.39362e+10
-2.27894e+10
-2.12976e+10
-2.04156e+10
-2.00998e+10
-2.00223e+10
-2.00578e+10
-2.01139e+10
-2.01613e+10
-2.01867e+10
-2.0184e+10
-2.01479e+10
-2.00734e+10
-1.99566e+10
-1.97969e+10
-1.95986e+10
-1.93732e+10
-1.91406e+10
-1.89271e+10
-1.87617e+10
-1.86702e+10
-1.86697e+10
-1.8762e+10
-1.89191e+10
-1.90581e+10
-1.90209e+10
-1.8653e+10
-1.82101e+10
-1.8972e+10
-2.24346e+10
-2.53977e+10
-1.36568e+10
-2.43525e+10
-2.43347e+10
-2.43365e+10
-2.43345e+10
-2.43288e+10
-2.4317e+10
-2.42993e+10
-2.42767e+10
-2.42523e+10
-2.42312e+10
-2.42197e+10
-2.4223e+10
-2.42429e+10
-2.42746e+10
-2.43068e+10
-2.43259e+10
-2.43221e+10
-2.42904e+10
-2.42273e+10
-2.41483e+10
-2.41147e+10
-2.41494e+10
-2.39106e+10
-2.27777e+10
-2.12575e+10
-2.03812e+10
-2.0063e+10
-1.99841e+10
-2.00223e+10
-2.00822e+10
-2.01332e+10
-2.0161e+10
-2.01597e+10
-2.01241e+10
-2.00497e+10
-1.99324e+10
-1.97714e+10
-1.95709e+10
-1.93421e+10
-1.9104e+10
-1.88818e+10
-1.87032e+10
-1.85921e+10
-1.85638e+10
-1.86175e+10
-1.87232e+10
-1.87973e+10
-1.86798e+10
-1.82078e+10
-1.76057e+10
-1.81402e+10
-2.15935e+10
-2.54203e+10
-1.53492e+10
-2.4311e+10
-2.42946e+10
-2.42944e+10
-2.4291e+10
-2.42862e+10
-2.42768e+10
-2.42624e+10
-2.42434e+10
-2.42219e+10
-2.42014e+10
-2.41861e+10
-2.41782e+10
-2.4178e+10
-2.41822e+10
-2.41841e+10
-2.41749e+10
-2.41444e+10
-2.40823e+10
-2.39823e+10
-2.38552e+10
-2.37234e+10
-2.35455e+10
-2.31274e+10
-2.23241e+10
-2.14453e+10
-2.08496e+10
-2.05094e+10
-2.0329e+10
-2.02525e+10
-2.0227e+10
-2.02209e+10
-2.02134e+10
-2.01911e+10
-2.01438e+10
-2.00634e+10
-1.99439e+10
-1.97829e+10
-1.95837e+10
-1.93572e+10
-1.91227e+10
-1.89059e+10
-1.8735e+10
-1.86341e+10
-1.86186e+10
-1.86886e+10
-1.88173e+10
-1.89264e+10
-1.88652e+10
-1.84846e+10
-1.80229e+10
-1.8712e+10
-2.2021e+10
-2.48649e+10
-1.35037e+10
-2.43141e+10
-2.42983e+10
-2.42985e+10
-2.42959e+10
-2.42916e+10
-2.42826e+10
-2.42688e+10
-2.42504e+10
-2.42294e+10
-2.42091e+10
-2.41933e+10
-2.41848e+10
-2.41843e+10
-2.41886e+10
-2.4191e+10
-2.41822e+10
-2.41524e+10
-2.40918e+10
-2.39945e+10
-2.38721e+10
-2.37472e+10
-2.35723e+10
-2.31476e+10
-2.23243e+10
-2.14219e+10
-2.08202e+10
-2.04861e+10
-2.03148e+10
-2.02454e+10
-2.02241e+10
-2.02191e+10
-2.02096e+10
-2.01826e+10
-2.01284e+10
-2.0039e+10
-1.99087e+10
-1.97354e+10
-1.95227e+10
-1.92821e+10
-1.9033e+10
-1.8801e+10
-1.86138e+10
-1.84951e+10
-1.84583e+10
-1.85006e+10
-1.85905e+10
-1.86443e+10
-1.85011e+10
-1.79846e+10
-1.72465e+10
-1.74279e+10
-2.05329e+10
-2.51403e+10
-1.85025e+10
-2.42705e+10
-2.42562e+10
-2.42528e+10
-2.42469e+10
-2.42396e+10
-2.42281e+10
-2.42118e+10
-2.41907e+10
-2.4166e+10
-2.41404e+10
-2.41164e+10
-2.40953e+10
-2.40763e+10
-2.40573e+10
-2.40346e+10
-2.40016e+10
-2.395e+10
-2.38709e+10
-2.37592e+10
-2.36185e+10
-2.34452e+10
-2.31904e+10
-2.27616e+10
-2.21579e+10
-2.15421e+10
-2.10614e+10
-2.07323e+10
-2.05257e+10
-2.04068e+10
-2.03425e+10
-2.03064e+10
-2.02784e+10
-2.02435e+10
-2.01894e+10
-2.01062e+10
-1.99864e+10
-1.98269e+10
-1.96308e+10
-1.94093e+10
-1.91823e+10
-1.89763e+10
-1.88196e+10
-1.87361e+10
-1.87394e+10
-1.88274e+10
-1.8972e+10
-1.9094e+10
-1.90389e+10
-1.86484e+10
-1.81444e+10
-1.87454e+10
-2.20003e+10
-2.50843e+10
-1.36725e+10
-2.42674e+10
-2.42534e+10
-2.42489e+10
-2.42427e+10
-2.42347e+10
-2.42225e+10
-2.42056e+10
-2.41843e+10
-2.41595e+10
-2.41336e+10
-2.41094e+10
-2.40884e+10
-2.40702e+10
-2.40529e+10
-2.40321e+10
-2.40012e+10
-2.3952e+10
-2.38763e+10
-2.37701e+10
-2.36372e+10
-2.34734e+10
-2.32266e+10
-2.28003e+10
-2.21948e+10
-2.15729e+10
-2.109e+10
-2.07615e+10
-2.05561e+10
-2.04367e+10
-2.03704e+10
-2.03306e+10
-2.02971e+10
-2.02547e+10
-2.01911e+10
-2.00963e+10
-1.99634e+10
-1.97897e+10
-1.9579e+10
-1.93435e+10
-1.9104e+10
-1.88876e+10
-1.87233e+10
-1.86354e+10
-1.86366e+10
-1.87222e+10
-1.88586e+10
-1.89581e+10
-1.8851e+10
-1.83416e+10
-1.75629e+10
-1.76747e+10
-2.07566e+10
-2.5195e+10
-1.73565e+10
-2.42496e+10
-2.42363e+10
-2.42337e+10
-2.42285e+10
-2.4222e+10
-2.42115e+10
-2.4196e+10
-2.41751e+10
-2.41495e+10
-2.41209e+10
-2.40912e+10
-2.40608e+10
-2.40285e+10
-2.39923e+10
-2.39496e+10
-2.38959e+10
-2.38243e+10
-2.37276e+10
-2.3602e+10
-2.34457e+10
-2.32463e+10
-2.29675e+10
-2.25739e+10
-2.2092e+10
-2.16116e+10
-2.12086e+10
-2.09056e+10
-2.06961e+10
-2.05604e+10
-2.04756e+10
-2.04205e+10
-2.0377e+10
-2.033e+10
-2.02667e+10
-2.01762e+10
-2.00504e+10
-1.9886e+10
-1.9686e+10
-1.94622e+10
-1.92356e+10
-1.90338e+10
-1.88858e+10
-1.88157e+10
-1.88369e+10
-1.89473e+10
-1.91177e+10
-1.92658e+10
-1.9229e+10
-1.88421e+10
-1.83604e+10
-1.90995e+10
-2.26597e+10
-2.5997e+10
-1.52998e+10
-2.42495e+10
-2.42349e+10
-2.42321e+10
-2.42264e+10
-2.42192e+10
-2.42077e+10
-2.41912e+10
-2.41694e+10
-2.41431e+10
-2.41138e+10
-2.40835e+10
-2.4053e+10
-2.40213e+10
-2.39867e+10
-2.39459e+10
-2.3894e+10
-2.38245e+10
-2.37307e+10
-2.36094e+10
-2.34589e+10
-2.32659e+10
-2.29915e+10
-2.25992e+10
-2.21143e+10
-2.16312e+10
-2.12266e+10
-2.0924e+10
-2.07156e+10
-2.05799e+10
-2.04941e+10
-2.04368e+10
-2.03895e+10
-2.03375e+10
-2.02678e+10
-2.01695e+10
-2.00349e+10
-1.98611e+10
-1.96518e+10
-1.94197e+10
-1.91863e+10
-1.89802e+10
-1.88311e+10
-1.87634e+10
-1.879e+10
-1.89059e+10
-1.90776e+10
-1.92148e+10
-1.91413e+10
-1.86707e+10
-1.80712e+10
-1.88498e+10
-2.28375e+10
-2.62368e+10
-1.37926e+10
-2.42053e+10
-2.41866e+10
-2.41835e+10
-2.41767e+10
-2.41687e+10
-2.41566e+10
-2.41395e+10
-2.41164e+10
-2.40878e+10
-2.40545e+10
-2.40181e+10
-2.39786e+10
-2.39346e+10
-2.38846e+10
-2.38267e+10
-2.37574e+10
-2.36715e+10
-2.3563e+10
-2.34282e+10
-2.32623e+10
-2.3054e+10
-2.27846e+10
-2.24442e+10
-2.20563e+10
-2.16709e+10
-2.13306e+10
-2.10561e+10
-2.08489e+10
-2.06994e+10
-2.05938e+10
-2.05166e+10
-2.04522e+10
-2.03866e+10
-2.03068e+10
-2.02013e+10
-2.00616e+10
-1.98837e+10
-1.96707e+10
-1.94343e+10
-1.91959e+10
-1.89831e+10
-1.8825e+10
-1.87453e+10
-1.87566e+10
-1.88554e+10
-1.90084e+10
-1.91267e+10
-1.9038e+10
-1.85717e+10
-1.79842e+10
-1.86272e+10
-2.24419e+10
-2.76731e+10
-2.05194e+10
-2.42055e+10
-2.41851e+10
-2.41831e+10
-2.41763e+10
-2.41683e+10
-2.41558e+10
-2.4138e+10
-2.41144e+10
-2.40852e+10
-2.40511e+10
-2.40136e+10
-2.39734e+10
-2.39295e+10
-2.38801e+10
-2.38226e+10
-2.37529e+10
-2.3666e+10
-2.35567e+10
-2.34215e+10
-2.32566e+10
-2.30504e+10
-2.27835e+10
-2.24443e+10
-2.2058e+10
-2.16734e+10
-2.1334e+10
-2.10603e+10
-2.08535e+10
-2.07036e+10
-2.05968e+10
-2.05181e+10
-2.04519e+10
-2.03845e+10
-2.0303e+10
-2.01961e+10
-2.00553e+10
-1.98769e+10
-1.96641e+10
-1.94285e+10
-1.91912e+10
-1.89804e+10
-1.88254e+10
-1.87494e+10
-1.87644e+10
-1.88661e+10
-1.9021e+10
-1.91378e+10
-1.90403e+10
-1.85646e+10
-1.80882e+10
-1.93233e+10
-2.40822e+10
-2.75903e+10
-1.51797e+10
-2.41656e+10
-2.41465e+10
-2.41417e+10
-2.41326e+10
-2.41221e+10
-2.41073e+10
-2.40873e+10
-2.40608e+10
-2.40278e+10
-2.39886e+10
-2.39442e+10
-2.38947e+10
-2.38391e+10
-2.3776e+10
-2.37039e+10
-2.36205e+10
-2.35217e+10
-2.34034e+10
-2.32613e+10
-2.30905e+10
-2.28843e+10
-2.26354e+10
-2.23448e+10
-2.20292e+10
-2.1716e+10
-2.14312e+10
-2.11902e+10
-2.09972e+10
-2.0848e+10
-2.07343e+10
-2.06452e+10
-2.05679e+10
-2.04898e+10
-2.03984e+10
-2.02824e+10
-2.01332e+10
-1.99472e+10
-1.97277e+10
-1.94867e+10
-1.92457e+10
-1.90328e+10
-1.88782e+10
-1.88064e+10
-1.88293e+10
-1.89422e+10
-1.91095e+10
-1.92377e+10
-1.91511e+10
-1.86901e+10
-1.81394e+10
-1.88556e+10
-2.25955e+10
-2.67686e+10
-1.71724e+10
-2.41671e+10
-2.41476e+10
-2.41435e+10
-2.41348e+10
-2.41247e+10
-2.41101e+10
-2.40901e+10
-2.40637e+10
-2.40308e+10
-2.39915e+10
-2.39466e+10
-2.38965e+10
-2.38408e+10
-2.37777e+10
-2.3705e+10
-2.36196e+10
-2.35183e+10
-2.33971e+10
-2.32523e+10
-2.30798e+10
-2.28729e+10
-2.26235e+10
-2.23333e+10
-2.20175e+10
-2.17042e+10
-2.14179e+10
-2.11748e+10
-2.09798e+10
-2.08287e+10
-2.07128e+10
-2.06221e+10
-2.05438e+10
-2.04655e+10
-2.03746e+10
-2.026e+10
-2.01133e+10
-1.99306e+10
-1.97151e+10
-1.94781e+10
-1.92402e+10
-1.90293e+10
-1.88745e+10
-1.87989e+10
-1.88142e+10
-1.89158e+10
-1.90684e+10
-1.91766e+10
-1.90629e+10
-1.85809e+10
-1.81233e+10
-1.92843e+10
-2.35523e+10
-2.64463e+10
-1.40085e+10
-2.41313e+10
-2.41172e+10
-2.41099e+10
-2.40996e+10
-2.40876e+10
-2.40715e+10
-2.40501e+10
-2.40223e+10
-2.39876e+10
-2.39461e+10
-2.3898e+10
-2.38433e+10
-2.37811e+10
-2.37104e+10
-2.36297e+10
-2.3537e+10
-2.3429e+10
-2.33026e+10
-2.31547e+10
-2.29815e+10
-2.27787e+10
-2.25451e+10
-2.22851e+10
-2.20112e+10
-2.17412e+10
-2.14916e+10
-2.12739e+10
-2.10927e+10
-2.0946e+10
-2.08281e+10
-2.07307e+10
-2.06432e+10
-2.0554e+10
-2.0451e+10
-2.03235e+10
-2.01632e+10
-1.99669e+10
-1.97393e+10
-1.94936e+10
-1.92516e+10
-1.90432e+10
-1.89008e+10
-1.88514e+10
-1.89075e+10
-1.90642e+10
-1.92897e+10
-1.9487e+10
-1.94721e+10
-1.90918e+10
-1.86696e+10
-1.95993e+10
-2.32332e+10
-2.57856e+10
-1.35622e+10
-2.41337e+10
-2.4118e+10
-2.41118e+10
-2.41021e+10
-2.40908e+10
-2.40752e+10
-2.40543e+10
-2.40271e+10
-2.3993e+10
-2.39519e+10
-2.39038e+10
-2.38489e+10
-2.37865e+10
-2.37155e+10
-2.36339e+10
-2.35394e+10
-2.34293e+10
-2.33008e+10
-2.315e+10
-2.29732e+10
-2.27666e+10
-2.25289e+10
-2.22639e+10
-2.19853e+10
-2.17102e+10
-2.14554e+10
-2.12329e+10
-2.10483e+10
-2.09e+10
-2.07816e+10
-2.06847e+10
-2.05988e+10
-2.05122e+10
-2.04129e+10
-2.02901e+10
-2.01355e+10
-1.99457e+10
-1.97242e+10
-1.94829e+10
-1.92419e+10
-1.90288e+10
-1.88739e+10
-1.88024e+10
-1.88264e+10
-1.89402e+10
-1.91053e+10
-1.92194e+10
-1.90966e+10
-1.8587e+10
-1.80489e+10
-1.89103e+10
-2.25714e+10
-2.57616e+10
-1.58269e+10
-2.40961e+10
-2.40765e+10
-2.40691e+10
-2.40564e+10
-2.40419e+10
-2.40229e+10
-2.39986e+10
-2.39679e+10
-2.39301e+10
-2.38852e+10
-2.38331e+10
-2.37737e+10
-2.37063e+10
-2.36302e+10
-2.35443e+10
-2.34469e+10
-2.33352e+10
-2.32065e+10
-2.30572e+10
-2.28837e+10
-2.2684e+10
-2.24594e+10
-2.2216e+10
-2.19645e+10
-2.17179e+10
-2.14891e+10
-2.12868e+10
-2.11151e+10
-2.09729e+10
-2.08551e+10
-2.07545e+10
-2.06618e+10
-2.05654e+10
-2.04536e+10
-2.03151e+10
-2.01417e+10
-1.99313e+10
-1.96893e+10
-1.94302e+10
-1.9176e+10
-1.8956e+10
-1.88037e+10
-1.87467e+10
-1.87972e+10
-1.89494e+10
-1.917e+10
-1.93542e+10
-1.93047e+10
-1.88583e+10
-1.83108e+10
-1.90962e+10
-2.29966e+10
-2.71779e+10
-1.78611e+10
-2.41002e+10
-2.40784e+10
-2.40724e+10
-2.40604e+10
-2.40466e+10
-2.40284e+10
-2.40051e+10
-2.39752e+10
-2.39384e+10
-2.38945e+10
-2.38432e+10
-2.37841e+10
-2.37169e+10
-2.36406e+10
-2.35539e+10
-2.34547e+10
-2.33403e+10
-2.32081e+10
-2.3055e+10
-2.28779e+10
-2.2675e+10
-2.24475e+10
-2.22016e+10
-2.19474e+10
-2.16986e+10
-2.14671e+10
-2.12619e+10
-2.10876e+10
-2.09441e+10
-2.08263e+10
-2.07266e+10
-2.06357e+10
-2.05424e+10
-2.0435e+10
-2.03026e+10
-2.01373e+10
-1.99363e+10
-1.97041e+10
-1.94532e+10
-1.92034e+10
-1.8982e+10
-1.882e+10
-1.87451e+10
-1.87726e+10
-1.88977e+10
-1.90816e+10
-1.922e+10
-1.91245e+10
-1.86468e+10
-1.81863e+10
-1.94254e+10
-2.40227e+10
-2.68671e+10
-1.39097e+10
-2.40661e+10
-2.40481e+10
-2.40395e+10
-2.40261e+10
-2.40104e+10
-2.39901e+10
-2.39644e+10
-2.39319e+10
-2.38921e+10
-2.38445e+10
-2.3789e+10
-2.37251e+10
-2.36522e+10
-2.35697e+10
-2.34768e+10
-2.33722e+10
-2.32541e+10
-2.31204e+10
-2.29691e+10
-2.27983e+10
-2.26071e+10
-2.23977e+10
-2.21756e+10
-2.19491e+10
-2.17281e+10
-2.15217e+10
-2.13371e+10
-2.11777e+10
-2.1043e+10
-2.0929e+10
-2.08293e+10
-2.07359e+10
-2.06382e+10
-2.05247e+10
-2.03842e+10
-2.02091e+10
-1.99978e+10
-1.97576e+10
-1.95034e+10
-1.92566e+10
-1.90436e+10
-1.88943e+10
-1.88353e+10
-1.88804e+10
-1.90213e+10
-1.92189e+10
-1.93811e+10
-1.93039e+10
-1.8813e+10
-1.8154e+10
-1.86413e+10
-2.21948e+10
-2.70516e+10
-1.96131e+10
-2.40694e+10
-2.40493e+10
-2.40416e+10
-2.40282e+10
-2.40125e+10
-2.39922e+10
-2.39665e+10
-2.39341e+10
-2.38942e+10
-2.38466e+10
-2.37909e+10
-2.37268e+10
-2.36534e+10
-2.357e+10
-2.3476e+10
-2.33699e+10
-2.32503e+10
-2.31151e+10
-2.29622e+10
-2.27894e+10
-2.25963e+10
-2.23855e+10
-2.21622e+10
-2.19352e+10
-2.17139e+10
-2.15076e+10
-2.1323e+10
-2.11636e+10
-2.10297e+10
-2.09177e+10
-2.08207e+10
-2.07301e+10
-2.06353e+10
-2.05249e+10
-2.03883e+10
-2.02178e+10
-2.00116e+10
-1.97752e+10
-1.95223e+10
-1.92733e+10
-1.9054e+10
-1.88924e+10
-1.88142e+10
-1.88368e+10
-1.89587e+10
-1.91456e+10
-1.92956e+10
-1.92162e+10
-1.87559e+10
-1.82522e+10
-1.92097e+10
-2.33733e+10
-2.68357e+10
-1.48184e+10
-2.40449e+10
-2.40271e+10
-2.40191e+10
-2.40055e+10
-2.39896e+10
-2.39692e+10
-2.39436e+10
-2.39115e+10
-2.3872e+10
-2.38246e+10
-2.37689e+10
-2.37043e+10
-2.36301e+10
-2.35455e+10
-2.34498e+10
-2.33418e+10
-2.322e+10
-2.30827e+10
-2.29279e+10
-2.27546e+10
-2.25631e+10
-2.23565e+10
-2.21406e+10
-2.19227e+10
-2.17109e+10
-2.15127e+10
-2.1334e+10
-2.11777e+10
-2.10434e+10
-2.09275e+10
-2.0824e+10
-2.07254e+10
-2.0622e+10
-2.05025e+10
-2.03561e+10
-2.01758e+10
-1.99616e+10
-1.9722e+10
-1.94723e+10
-1.92327e+10
-1.90254e+10
-1.88734e+10
-1.87988e+10
-1.88174e+10
-1.89349e+10
-1.91309e+10
-1.93055e+10
-1.92383e+10
-1.87856e+10
-1.82641e+10
-1.90585e+10
-2.27486e+10
-2.56129e+10
-1.40737e+10
-2.40485e+10
-2.40296e+10
-2.40219e+10
-2.4008e+10
-2.39917e+10
-2.39709e+10
-2.39447e+10
-2.3912e+10
-2.38718e+10
-2.38236e+10
-2.3767e+10
-2.37015e+10
-2.36264e+10
-2.35408e+10
-2.34438e+10
-2.33344e+10
-2.32112e+10
-2.30727e+10
-2.29174e+10
-2.2744e+10
-2.2553e+10
-2.23475e+10
-2.21332e+10
-2.19171e+10
-2.17075e+10
-2.15118e+10
-2.13356e+10
-2.11816e+10
-2.10493e+10
-2.09358e+10
-2.08352e+10
-2.07392e+10
-2.06371e+10
-2.05175e+10
-2.03705e+10
-2.01892e+10
-1.99729e+10
-1.97285e+10
-1.9471e+10
-1.92219e+10
-1.90053e+10
-1.88422e+10
-1.87499e+10
-1.87461e+10
-1.88412e+10
-1.90065e+10
-1.914e+10
-1.90395e+10
-1.85619e+10
-1.79973e+10
-1.87293e+10
-2.23991e+10
-2.55217e+10
-1.38661e+10
-2.40205e+10
-2.40039e+10
-2.39933e+10
-2.39779e+10
-2.39601e+10
-2.39379e+10
-2.39106e+10
-2.38768e+10
-2.38358e+10
-2.37867e+10
-2.3729e+10
-2.36621e+10
-2.35852e+10
-2.34977e+10
-2.33988e+10
-2.32875e+10
-2.31624e+10
-2.30223e+10
-2.28657e+10
-2.26921e+10
-2.25023e+10
-2.22998e+10
-2.20901e+10
-2.18797e+10
-2.16756e+10
-2.14843e+10
-2.13107e+10
-2.11577e+10
-2.10252e+10
-2.091e+10
-2.08067e+10
-2.07083e+10
-2.06058e+10
-2.04881e+10
-2.03451e+10
-2.01702e+10
-1.99637e+10
-1.97324e+10
-1.949e+10
-1.92547e+10
-1.90469e+10
-1.8885e+10
-1.87838e+10
-1.87534e+10
-1.88243e+10
-1.902e+10
-1.91736e+10
-1.90425e+10
-1.85379e+10
-1.79326e+10
-1.85522e+10
-2.20438e+10
-2.52356e+10
-1.39082e+10
-2.40229e+10
-2.40046e+10
-2.39947e+10
-2.39794e+10
-2.39617e+10
-2.39395e+10
-2.39121e+10
-2.38783e+10
-2.38373e+10
-2.37881e+10
-2.37303e+10
-2.36634e+10
-2.35865e+10
-2.34991e+10
-2.34002e+10
-2.32888e+10
-2.31639e+10
-2.30243e+10
-2.28687e+10
-2.26964e+10
-2.25083e+10
-2.2308e+10
-2.21006e+10
-2.18928e+10
-2.16913e+10
-2.15025e+10
-2.13314e+10
-2.11803e+10
-2.10489e+10
-2.0934e+10
-2.08308e+10
-2.07317e+10
-2.06263e+10
-2.05032e+10
-2.03523e+10
-2.01679e+10
-1.99492e+10
-1.97028e+10
-1.94431e+10
-1.91919e+10
-1.8973e+10
-1.88038e+10
-1.8693e+10
-1.86555e+10
-1.87188e+10
-1.88599e+10
-1.89667e+10
-1.88187e+10
-1.82743e+10
-1.75802e+10
-1.79965e+10
-2.11988e+10
-2.49182e+10
-1.65977e+10
-2.40256e+10
-2.40031e+10
-2.39938e+10
-2.39782e+10
-2.39607e+10
-2.39386e+10
-2.39113e+10
-2.38775e+10
-2.38364e+10
-2.3787e+10
-2.37287e+10
-2.36609e+10
-2.35828e+10
-2.3494e+10
-2.33939e+10
-2.32814e+10
-2.31557e+10
-2.30154e+10
-2.28596e+10
-2.2688e+10
-2.25022e+10
-2.23061e+10
-2.21051e+10
-2.19055e+10
-2.17134e+10
-2.15346e+10
-2.13735e+10
-2.12331e+10
-2.11133e+10
-2.10109e+10
-2.09204e+10
-2.0835e+10
-2.07462e+10
-2.06427e+10
-2.05139e+10
-2.03531e+10
-2.01581e+10
-1.99324e+10
-1.96872e+10
-1.94432e+10
-1.92272e+10
-1.90655e+10
-1.89699e+10
-1.89319e+10
-1.89685e+10
-1.91515e+10
-1.93236e+10
-1.91457e+10
-1.85953e+10
-1.79237e+10
-1.84049e+10
-2.16269e+10
-2.46069e+10
-1.36253e+10
-2.40278e+10
-2.40034e+10
-2.39943e+10
-2.39785e+10
-2.39608e+10
-2.39383e+10
-2.39107e+10
-2.38766e+10
-2.38353e+10
-2.37857e+10
-2.37271e+10
-2.3659e+10
-2.35807e+10
-2.34915e+10
-2.33908e+10
-2.32778e+10
-2.31515e+10
-2.30108e+10
-2.28546e+10
-2.2683e+10
-2.24975e+10
-2.23019e+10
-2.21016e+10
-2.19026e+10
-2.17113e+10
-2.15332e+10
-2.13729e+10
-2.1233e+10
-2.11137e+10
-2.10117e+10
-2.09218e+10
-2.08369e+10
-2.0748e+10
-2.06432e+10
-2.05114e+10
-2.03457e+10
-2.01447e+10
-1.99127e+10
-1.96621e+10
-1.94151e+10
-1.92004e+10
-1.90441e+10
-1.89596e+10
-1.89529e+10
-1.90322e+10
-1.91824e+10
-1.93055e+10
-1.91807e+10
-1.86575e+10
-1.8e+10
-1.8553e+10
-2.19419e+10
-2.45577e+10
-1.21132e+10
-2.40104e+10
-2.39786e+10
-2.3969e+10
-2.3952e+10
-2.39332e+10
-2.39098e+10
-2.38812e+10
-2.38462e+10
-2.3804e+10
-2.37538e+10
-2.36947e+10
-2.36261e+10
-2.35473e+10
-2.34578e+10
-2.33569e+10
-2.32437e+10
-2.31174e+10
-2.29771e+10
-2.28218e+10
-2.26514e+10
-2.24676e+10
-2.22744e+10
-2.20772e+10
-2.18817e+10
-2.1694e+10
-2.15192e+10
-2.13616e+10
-2.12239e+10
-2.11063e+10
-2.10051e+10
-2.09145e+10
-2.08273e+10
-2.07352e+10
-2.06273e+10
-2.04925e+10
-2.03229e+10
-2.01146e+10
-1.98695e+10
-1.95984e+10
-1.93273e+10
-1.90937e+10
-1.89362e+10
-1.88826e+10
-1.89261e+10
-1.90304e+10
-1.91743e+10
-1.93403e+10
-1.93036e+10
-1.89013e+10
-1.845e+10
-1.93479e+10
-2.2929e+10
-2.54426e+10
-1.38277e+10
-2.40125e+10
-2.39798e+10
-2.39717e+10
-2.39553e+10
-2.39372e+10
-2.39143e+10
-2.38863e+10
-2.3852e+10
-2.38104e+10
-2.37607e+10
-2.37023e+10
-2.36343e+10
-2.3556e+10
-2.3467e+10
-2.33662e+10
-2.32528e+10
-2.31257e+10
-2.29841e+10
-2.28274e+10
-2.26558e+10
-2.24714e+10
-2.2278e+10
-2.20805e+10
-2.1885e+10
-2.16971e+10
-2.15222e+10
-2.13645e+10
-2.1227e+10
-2.11102e+10
-2.1011e+10
-2.09234e+10
-2.08396e+10
-2.07506e+10
-2.06451e+10
-2.05114e+10
-2.03406e+10
-2.013e+10
-1.98827e+10
-1.96102e+10
-1.93361e+10
-1.90943e+10
-1.89214e+10
-1.8841e+10
-1.885e+10
-1.89312e+10
-1.90707e+10
-1.91786e+10
-1.90654e+10
-1.85719e+10
-1.79955e+10
-1.87197e+10
-2.22505e+10
-2.60368e+10
-1.77975e+10
-2.48842e+10
-2.61115e+10
-2.51367e+10
-2.57218e+10
-2.59342e+10
-1.87133e+10
-2.44097e+10
-1.89071e+10
-1.32671e+10
-1.27352e+10
-2.55937e+10
-2.66993e+10
-2.43507e+10
-2.59829e+10
-2.60158e+10
-1.87472e+10
-2.417e+10
-1.83693e+10
-1.21328e+10
-1.14062e+10
-2.59205e+10
-2.62256e+10
-2.45816e+10
-2.60695e+10
-2.4969e+10
-1.34918e+10
-1.30557e+10
-2.32531e+10
-1.8381e+10
-2.37952e+10
-1.85476e+10
-2.60476e+10
-2.60168e+10
-2.5261e+10
-2.61607e+10
-2.55052e+10
-1.24926e+10
-1.18701e+10
-2.40031e+10
-1.85004e+10
-2.41164e+10
-1.8278e+10
-2.32546e+10
-2.43285e+10
-2.33893e+10
-2.51584e+10
-2.39636e+10
-2.53351e+10
-2.41347e+10
-2.06902e+10
-2.19345e+10
-2.08995e+10
-2.19292e+10
-2.02792e+10
-2.20718e+10
-2.05063e+10
-2.34084e+10
-2.44435e+10
-2.33852e+10
-2.538e+10
-2.42473e+10
-2.59513e+10
-2.43482e+10
-2.08463e+10
-2.17783e+10
-2.06974e+10
-2.20826e+10
-2.04265e+10
-2.18917e+10
-2.02155e+10
-2.63032e+10
-2.57804e+10
-2.63264e+10
-2.60358e+10
-2.61936e+10
-2.60108e+10
-2.61979e+10
-2.17301e+10
-2.19914e+10
-2.41209e+10
-2.20473e+10
-2.13833e+10
-1.78635e+10
-1.74422e+10
-1.80387e+10
-1.52995e+10
-1.67503e+10
-1.52354e+10
-1.6888e+10
-2.63835e+10
-2.57416e+10
-2.6265e+10
-2.60487e+10
-2.62356e+10
-2.59607e+10
-2.61795e+10
-2.12287e+10
-2.2289e+10
-2.47734e+10
-2.23077e+10
-2.15118e+10
-1.79385e+10
-1.70042e+10
-1.77728e+10
-1.48408e+10
-1.67366e+10
-1.45241e+10
-1.65154e+10
-2.61785e+10
-2.59954e+10
-2.61996e+10
-2.5777e+10
-2.63897e+10
-2.57533e+10
-2.64086e+10
-2.59709e+10
-2.56991e+10
-2.60741e+10
-2.61122e+10
-2.60513e+10
-2.06561e+10
-2.02818e+10
-1.67294e+10
-1.53464e+10
-1.68519e+10
-1.71271e+10
-1.75858e+10
-1.72138e+10
-1.77324e+10
-2.62449e+10
-2.59719e+10
-2.62255e+10
-2.58368e+10
-2.64025e+10
-2.57588e+10
-2.63528e+10
-2.62289e+10
-2.6063e+10
-2.62755e+10
-2.61376e+10
-2.63072e+10
-2.00964e+10
-2.02979e+10
-1.67506e+10
-1.47866e+10
-1.65568e+10
-1.71443e+10
-1.76858e+10
-1.69771e+10
-1.75578e+10
-2.37737e+10
-2.52373e+10
-2.38065e+10
-2.42002e+10
-2.30904e+10
-2.42232e+10
-2.31536e+10
-1.95739e+10
-2.15171e+10
-1.97675e+10
-2.14857e+10
-2.03322e+10
-2.16062e+10
-2.05053e+10
-2.38311e+10
-2.51356e+10
-2.38335e+10
-2.42033e+10
-2.31117e+10
-2.41933e+10
-2.30676e+10
-1.98246e+10
-2.15086e+10
-1.96997e+10
-2.15663e+10
-2.04764e+10
-2.14567e+10
-2.03279e+10
-2.58082e+10
-2.48756e+10
-2.49601e+10
-2.48318e+10
-2.564e+10
-2.59917e+10
-2.50506e+10
-2.49188e+10
-2.4932e+10
-2.63483e+10
-2.58143e+10
-2.59848e+10
-2.57612e+10
-2.59678e+10
-2.57201e+10
-2.61615e+10
-2.58453e+10
-2.57513e+10
-2.60368e+10
-2.58838e+10
-2.60119e+10
-2.61678e+10
-2.61415e+10
-2.70373e+10
-2.17169e+10
-2.42833e+10
-2.22388e+10
-2.21493e+10
-2.1734e+10
-1.99554e+10
-1.96921e+10
-1.71243e+10
-1.47702e+10
-1.30917e+10
-1.47017e+10
-1.70135e+10
-1.99341e+10
-1.95783e+10
-1.70487e+10
-1.43934e+10
-1.29407e+10
-1.4563e+10
-1.65354e+10
-2.64124e+10
-2.53722e+10
-2.57537e+10
-2.55486e+10
-2.63619e+10
-2.68194e+10
-2.52662e+10
-2.40594e+10
-2.49376e+10
-2.71762e+10
-2.62084e+10
-2.61559e+10
-2.60641e+10
-2.62255e+10
-2.62198e+10
-2.63705e+10
-2.65748e+10
-2.63254e+10
-2.6075e+10
-2.61689e+10
-2.61457e+10
-2.62576e+10
-2.69846e+10
-2.79706e+10
-2.12212e+10
-2.46608e+10
-2.20331e+10
-2.22323e+10
-2.0741e+10
-1.84821e+10
-1.91584e+10
-1.53534e+10
-1.38737e+10
-1.16114e+10
-1.6101e+10
-1.347e+10
-1.8406e+10
-1.79563e+10
-1.51931e+10
-1.31219e+10
-1.1191e+10
-1.31039e+10
-1.48808e+10
-2.60068e+10
-2.60214e+10
-2.60313e+10
-2.5854e+10
-2.62382e+10
-2.61915e+10
-2.60506e+10
-2.61206e+10
-2.6593e+10
-2.58479e+10
-2.49973e+10
-2.47317e+10
-2.51511e+10
-2.58734e+10
-2.59192e+10
-2.49303e+10
-2.51549e+10
-2.60065e+10
-2.52723e+10
-1.80054e+10
-1.33454e+10
-1.50888e+10
-1.50506e+10
-1.77496e+10
-2.06569e+10
-2.05991e+10
-1.79561e+10
-1.32252e+10
-1.48778e+10
-1.49642e+10
-1.77027e+10
-2.1759e+10
-2.1442e+10
-2.34263e+10
-2.14914e+10
-2.13783e+10
-2.17573e+10
-2.36104e+10
-2.17234e+10
-2.19892e+10
-2.15911e+10
-2.64152e+10
-2.64407e+10
-2.61533e+10
-2.6123e+10
-2.62594e+10
-2.62228e+10
-2.61749e+10
-2.70237e+10
-2.66215e+10
-2.62964e+10
-2.54435e+10
-2.55908e+10
-2.60976e+10
-2.57681e+10
-2.6328e+10
-2.54455e+10
-2.56701e+10
-2.54366e+10
-2.65589e+10
-1.70309e+10
-1.20491e+10
-1.45094e+10
-1.739e+10
-1.42194e+10
-2.01229e+10
-1.97103e+10
-1.69835e+10
-1.16832e+10
-1.3961e+10
-1.39609e+10
-1.66114e+10
-2.18493e+10
-2.17994e+10
-2.42073e+10
-2.1873e+10
-2.18567e+10
-2.19013e+10
-2.42258e+10
-2.17961e+10
-2.18609e+10
-2.14366e+10
-2.56969e+10
-2.5339e+10
-2.5831e+10
-2.62742e+10
-2.53442e+10
-2.62463e+10
-2.57157e+10
-2.61661e+10
-2.57249e+10
-2.61264e+10
-2.65599e+10
-2.58942e+10
-2.6178e+10
-2.65336e+10
-2.57509e+10
-2.59158e+10
-2.56608e+10
-2.64675e+10
-2.56608e+10
-2.62901e+10
-2.60312e+10
-1.86026e+10
-1.9901e+10
-1.87594e+10
-1.70813e+10
-1.99481e+10
-1.70726e+10
-1.85366e+10
-1.85372e+10
-1.88047e+10
-2.00684e+10
-1.70073e+10
-2.00039e+10
-1.70203e+10
-1.84609e+10
-2.63017e+10
-2.65403e+10
-2.66155e+10
-2.66571e+10
-2.60171e+10
-2.6619e+10
-2.63556e+10
-1.79713e+10
-1.99759e+10
-1.86342e+10
-1.67182e+10
-1.98762e+10
-1.81891e+10
-1.64744e+10
-1.77905e+10
-1.84277e+10
-1.95957e+10
-1.61723e+10
-1.97257e+10
-1.62112e+10
-1.75857e+10
-2.60877e+10
-2.64774e+10
-2.57079e+10
-2.6163e+10
-2.64693e+10
-2.57111e+10
-2.61784e+10
-2.60912e+10
-2.66336e+10
-2.61195e+10
-2.56436e+10
-2.65286e+10
-2.61359e+10
-2.57113e+10
-1.87457e+10
-1.71301e+10
-1.952e+10
-1.84287e+10
-1.71466e+10
-1.95726e+10
-1.86641e+10
-1.86976e+10
-1.71296e+10
-1.84718e+10
-1.96706e+10
-1.71161e+10
-1.86723e+10
-1.96143e+10
-2.63627e+10
-2.66914e+10
-2.57072e+10
-2.60144e+10
-2.62379e+10
-2.67951e+10
-2.57688e+10
-2.6567e+10
-2.6808e+10
-2.61826e+10
-2.59638e+10
-2.69804e+10
-2.56917e+10
-2.66254e+10
-1.84365e+10
-1.6978e+10
-1.96607e+10
-1.84378e+10
-1.854e+10
-1.68376e+10
-1.96205e+10
-1.83518e+10
-1.66461e+10
-1.83144e+10
-1.94707e+10
-1.66724e+10
-1.95465e+10
-1.81809e+10
-2.52598e+10
-2.18182e+10
-2.60637e+10
-2.17349e+10
-2.17594e+10
-2.54051e+10
-2.60344e+10
-2.64544e+10
-2.67399e+10
-2.69484e+10
-2.62439e+10
-2.65482e+10
-2.73554e+10
-2.71468e+10
-2.67119e+10
-2.53583e+10
-2.17783e+10
-2.17484e+10
-2.55717e+10
-2.17656e+10
-2.60819e+10
-2.48263e+10
-2.61907e+10
-2.18838e+10
-2.12683e+10
-2.66405e+10
-2.18556e+10
-2.63741e+10
-2.66141e+10
-2.77334e+10
-2.83944e+10
-2.76449e+10
-2.84999e+10
-2.61092e+10
-2.13931e+10
-2.19276e+10
-2.65489e+10
-2.6094e+10
-2.18861e+10
-2.65538e+10
-2.79632e+10
-2.90397e+10
-2.87229e+10
-2.81861e+10
-2.57027e+10
-2.57151e+10
-2.6045e+10
-2.60107e+10
-2.55634e+10
-2.57728e+10
-2.60444e+10
-2.52565e+10
-2.51644e+10
-2.51193e+10
-2.53187e+10
-2.53217e+10
-2.5355e+10
-2.52154e+10
-2.54595e+10
-2.56412e+10
-2.60113e+10
-2.56674e+10
-2.613e+10
-2.56351e+10
-2.60816e+10
-2.57519e+10
-2.06908e+10
-2.06572e+10
-2.59799e+10
-2.61279e+10
-2.60634e+10
-2.61037e+10
-2.60132e+10
-2.60289e+10
-2.6081e+10
-2.58186e+10
-2.57224e+10
-2.57883e+10
-2.57836e+10
-2.58808e+10
-2.59137e+10
-2.58623e+10
-2.59326e+10
-2.59605e+10
-2.61306e+10
-2.59604e+10
-2.60871e+10
-2.59632e+10
-2.59987e+10
-2.60987e+10
-2.01292e+10
-2.01936e+10
-2.55718e+10
-2.5436e+10
-2.605e+10
-2.56422e+10
-2.53526e+10
-2.57372e+10
-2.59486e+10
-2.61207e+10
-2.66383e+10
-2.67588e+10
-2.59972e+10
-2.62012e+10
-2.71326e+10
-2.68309e+10
-2.64103e+10
-2.55164e+10
-2.56331e+10
-2.53463e+10
-2.57006e+10
-2.53562e+10
-2.5747e+10
-2.53911e+10
-2.59801e+10
-2.55226e+10
-2.66162e+10
-2.60914e+10
-2.59102e+10
-2.54025e+10
-2.72651e+10
-2.72264e+10
-2.81697e+10
-2.80255e+10
-2.72062e+10
-2.70497e+10
-2.7565e+10
-2.68244e+10
-2.78649e+10
-2.59875e+10
-2.5981e+10
-2.56154e+10
-2.71544e+10
-2.53463e+10
-2.76929e+10
-2.59708e+10
-2.56083e+10
-2.56668e+10
-2.56668e+10
-2.57065e+10
-2.56767e+10
-2.56425e+10
-2.5632e+10
-2.53759e+10
-2.52187e+10
-2.51677e+10
-2.54226e+10
-2.54449e+10
-2.53745e+10
-2.52565e+10
-2.55181e+10
-2.55993e+10
-2.57374e+10
-2.57241e+10
-2.56136e+10
-2.57143e+10
-2.56487e+10
-2.56609e+10
-2.59956e+10
-2.58916e+10
-2.57223e+10
-2.57033e+10
-2.58257e+10
-2.57586e+10
-2.56718e+10
-2.57257e+10
-2.5833e+10
-2.56757e+10
-2.56515e+10
-2.57533e+10
-2.5615e+10
-2.57504e+10
-2.60962e+10
-2.59046e+10
-2.60733e+10
-2.57067e+10
-2.61133e+10
-2.58608e+10
-2.56775e+10
-2.55425e+10
-2.56556e+10
-2.56121e+10
-2.65231e+10
-2.7309e+10
-2.5639e+10
-2.18615e+10
-2.61881e+10
-2.17037e+10
-2.55494e+10
-2.18791e+10
-2.63385e+10
-2.73445e+10
-2.8429e+10
-2.75695e+10
-2.83004e+10
-2.71761e+10
-2.77407e+10
-2.69535e+10
-2.80578e+10
-2.57946e+10
-2.17029e+10
-2.20258e+10
-2.66084e+10
-2.60379e+10
-2.18993e+10
-2.6477e+10
-2.00427e+10
-2.00429e+10
-1.3649e+10
-1.58844e+10
-1.43271e+10
-1.71838e+10
-1.59065e+10
-1.43752e+10
-1.36004e+10
-1.22886e+10
-1.18728e+10
-1.16975e+10
-1.24412e+10
-1.23263e+10
-1.17399e+10
-1.22971e+10
-1.17392e+10
-1.3562e+10
-1.71246e+10
-1.58704e+10
-1.43172e+10
-1.5837e+10
-1.43075e+10
-1.37541e+10
-1.99106e+10
-1.98203e+10
-1.33081e+10
-1.57795e+10
-1.69019e+10
-1.42187e+10
-1.56496e+10
-1.34697e+10
-1.39802e+10
-1.16625e+10
-1.0678e+10
-1.12946e+10
-1.10396e+10
-1.3025e+10
-1.67408e+10
-1.53674e+10
-1.32313e+10
-1.54814e+10
-1.36662e+10
-1.27248e+10
-1.19772e+10
-1.15901e+10
-1.21476e+10
-1.13816e+10
-2.62606e+10
-2.60697e+10
-2.63506e+10
-2.6664e+10
-2.60849e+10
-2.64014e+10
-2.6477e+10
-2.70602e+10
-2.80935e+10
-2.81221e+10
-2.71158e+10
-2.62238e+10
-2.63286e+10
-2.58947e+10
-2.66503e+10
-2.60117e+10
-2.62051e+10
-2.64875e+10
-2.71478e+10
-2.86376e+10
-2.83011e+10
-2.75158e+10
-2.75877e+10
-2.58297e+10
-2.77321e+10
-2.6757e+10
-2.65139e+10
-2.55423e+10
-3.06539e+10
-2.9333e+10
-2.84333e+10
-2.89271e+10
-2.78263e+10
-2.88613e+10
-2.92465e+10
-2.82007e+10
-2.93497e+10
-3.03709e+10
-2.68013e+10
-2.45232e+10
-3.56822e+10
-2.49287e+10
-3.78505e+10
-2.74624e+10
-2.60649e+10
-2.61768e+10
-2.61267e+10
-2.6123e+10
-2.61105e+10
-2.61004e+10
-2.61017e+10
-2.58735e+10
-2.57037e+10
-2.57696e+10
-2.58194e+10
-2.60216e+10
-2.62205e+10
-2.60428e+10
-2.60772e+10
-2.60943e+10
-2.59625e+10
-2.60898e+10
-2.5948e+10
-2.59204e+10
-2.58519e+10
-2.60123e+10
-2.63452e+10
-2.64384e+10
-2.59815e+10
-2.61072e+10
-2.6135e+10
-2.64343e+10
-2.60092e+10
-2.60921e+10
-2.61858e+10
-2.59787e+10
-2.59676e+10
-2.59867e+10
-2.59762e+10
-2.60054e+10
-2.60169e+10
-2.60657e+10
-2.60185e+10
-2.59921e+10
-2.64125e+10
-2.59863e+10
-2.62068e+10
-2.59593e+10
-2.62381e+10
-2.60104e+10
-2.75762e+10
-2.82531e+10
-2.65468e+10
-2.1869e+10
-2.67633e+10
-2.12539e+10
-2.65469e+10
-2.18119e+10
-2.69051e+10
-2.84454e+10
-2.91407e+10
-2.95365e+10
-2.80385e+10
-2.86335e+10
-2.95704e+10
-2.84933e+10
-2.97996e+10
-2.66244e+10
-2.11772e+10
-2.16823e+10
-2.61846e+10
-2.17394e+10
-2.68863e+10
-2.58377e+10
-1.8649e+10
-1.89085e+10
-1.15529e+10
-1.55002e+10
-1.43389e+10
-1.16051e+10
-1.44705e+10
-1.17318e+10
-1.13465e+10
-1.03818e+10
-1.01071e+10
-1.07e+10
-9.80088e+09
-1.18163e+10
-1.57686e+10
-1.49645e+10
-1.25386e+10
-1.21663e+10
-1.46944e+10
-1.21133e+10
-1.01011e+10
-9.4723e+09
-9.91582e+09
-9.57151e+09
-1.85077e+10
-1.83478e+10
-1.09848e+10
-1.41414e+10
-1.14218e+10
-1.51524e+10
-1.40231e+10
-1.11059e+10
-1.13241e+10
-9.30916e+09
-9.08356e+09
-8.77729e+09
-9.59744e+09
-9.53261e+09
-9.2502e+09
-9.68407e+09
-9.00963e+09
-1.07213e+10
-1.49087e+10
-1.39232e+10
-1.11911e+10
-1.38402e+10
-1.10346e+10
-1.10963e+10
-2.60921e+10
-2.60866e+10
-2.5796e+10
-2.58539e+10
-2.60708e+10
-2.60255e+10
-2.5864e+10
-2.57812e+10
-2.60355e+10
-2.56382e+10
-2.56678e+10
-2.57211e+10
-2.56299e+10
-2.56101e+10
-2.55337e+10
-2.56062e+10
-2.56157e+10
-2.58946e+10
-2.59269e+10
-2.58768e+10
-2.60241e+10
-2.59222e+10
-2.56847e+10
-2.59941e+10
-2.62273e+10
-2.67275e+10
-2.55316e+10
-2.58588e+10
-2.5675e+10
-2.57632e+10
-2.57316e+10
-2.55989e+10
-2.56511e+10
-2.55103e+10
-2.53648e+10
-2.54545e+10
-2.54247e+10
-2.55747e+10
-2.56077e+10
-2.57288e+10
-2.54714e+10
-2.53969e+10
-2.58778e+10
-2.56951e+10
-2.55774e+10
-2.57682e+10
-2.55851e+10
-2.5315e+10
-2.60933e+10
-2.5975e+10
-2.58855e+10
-2.5751e+10
-2.62561e+10
-2.58399e+10
-2.57503e+10
-2.63521e+10
-2.63337e+10
-2.61582e+10
-2.63511e+10
-2.6277e+10
-2.58417e+10
-2.59904e+10
-2.60496e+10
-2.62164e+10
-2.58557e+10
-2.6527e+10
-2.57908e+10
-2.65351e+10
-2.57141e+10
-2.60796e+10
-1.448e+10
-1.56743e+10
-1.65184e+10
-1.80553e+10
-1.57132e+10
-1.44661e+10
-1.65377e+10
-1.29558e+10
-1.21784e+10
-1.2026e+10
-1.30283e+10
-1.29518e+10
-1.20314e+10
-1.20304e+10
-1.29565e+10
-1.44104e+10
-1.79589e+10
-1.54702e+10
-1.64561e+10
-1.56012e+10
-1.6475e+10
-1.45383e+10
-2.06799e+10
-2.06889e+10
-1.42595e+10
-1.56043e+10
-1.64392e+10
-1.78905e+10
-1.43709e+10
-1.5473e+10
-1.63681e+10
-1.24885e+10
-1.10484e+10
-1.13917e+10
-1.22018e+10
-1.27251e+10
-1.18896e+10
-1.17059e+10
-1.28403e+10
-1.40719e+10
-1.77995e+10
-1.49505e+10
-1.62183e+10
-1.52772e+10
-1.6259e+10
-1.38788e+10
-2.40106e+10
-2.50717e+10
-2.14945e+10
-2.17184e+10
-2.50047e+10
-2.14173e+10
-2.41325e+10
-2.45597e+10
-2.48967e+10
-2.50269e+10
-2.45026e+10
-2.45833e+10
-2.5216e+10
-2.51153e+10
-2.46928e+10
-2.41379e+10
-2.17651e+10
-2.47031e+10
-2.14315e+10
-2.50873e+10
-2.14377e+10
-2.37626e+10
-2.43902e+10
-2.51906e+10
-2.17958e+10
-2.15282e+10
-2.53735e+10
-2.42471e+10
-2.15646e+10
-2.52787e+10
-2.6122e+10
-2.58883e+10
-2.5557e+10
-2.5081e+10
-2.54031e+10
-2.56624e+10
-2.4844e+10
-2.45716e+10
-2.18445e+10
-2.58325e+10
-2.17779e+10
-2.55594e+10
-2.16034e+10
-2.48549e+10
-2.65251e+10
-2.64397e+10
-2.59178e+10
-2.65993e+10
-2.58372e+10
-2.48464e+10
-2.60042e+10
-2.82751e+10
-2.55849e+10
-2.60228e+10
-2.59719e+10
-2.5996e+10
-2.60008e+10
-2.59858e+10
-2.59761e+10
-2.59367e+10
-2.60028e+10
-2.60434e+10
-2.5917e+10
-2.63776e+10
-2.61044e+10
-2.64886e+10
-2.60541e+10
-2.60378e+10
-2.82529e+10
-2.67693e+10
-2.62922e+10
-2.62858e+10
-2.63957e+10
-2.62317e+10
-2.6373e+10
-2.62051e+10
-2.64059e+10
-2.64662e+10
-2.65111e+10
-2.64349e+10
-2.6682e+10
-2.61946e+10
-2.62138e+10
-2.64115e+10
-2.59439e+10
-2.61832e+10
-2.63972e+10
-2.60783e+10
-2.65446e+10
-2.6955e+10
-2.6722e+10
-2.68082e+10
-2.63942e+10
-2.68595e+10
-2.61946e+10
-2.65506e+10
-2.66469e+10
-2.66482e+10
-2.62574e+10
-2.68514e+10
-2.71417e+10
-2.72314e+10
-2.67965e+10
-2.68174e+10
-2.70208e+10
-2.69847e+10
-2.72037e+10
-2.64581e+10
-2.65505e+10
-2.65753e+10
-2.63582e+10
-2.65709e+10
-2.63565e+10
-2.64363e+10
-1.29463e+10
-1.38559e+10
-1.70754e+10
-1.55424e+10
-1.38758e+10
-1.28339e+10
-1.56031e+10
-1.13895e+10
-1.04929e+10
-1.01929e+10
-1.16602e+10
-1.11174e+10
-9.83379e+09
-9.93328e+09
-1.09767e+10
-1.31442e+10
-1.71844e+10
-1.43604e+10
-1.59344e+10
-1.40925e+10
-1.34149e+10
-1.5754e+10
-2.02459e+10
-2.01537e+10
-1.26226e+10
-1.37749e+10
-1.54355e+10
-1.69952e+10
-1.26812e+10
-1.37807e+10
-1.53682e+10
-1.05532e+10
-9.52082e+09
-9.23166e+09
-1.07223e+10
-1.06832e+10
-9.61405e+09
-9.4114e+09
-1.07798e+10
-1.2418e+10
-1.6808e+10
-1.35242e+10
-1.52121e+10
-1.35713e+10
-1.52047e+10
-1.2663e+10
-2.51595e+10
-2.18008e+10
-2.61663e+10
-2.17875e+10
-2.61002e+10
-2.1729e+10
-2.52702e+10
-2.59566e+10
-2.63567e+10
-2.57832e+10
-2.65586e+10
-2.50791e+10
-2.18228e+10
-2.58957e+10
-2.17389e+10
-2.59741e+10
-2.4995e+10
-2.17232e+10
-2.61213e+10
-2.6831e+10
-2.6699e+10
-2.62088e+10
-2.54028e+10
-2.62823e+10
-2.17954e+10
-2.19197e+10
-2.64143e+10
-2.53789e+10
-2.1752e+10
-2.6537e+10
-2.69594e+10
-2.71493e+10
-2.63544e+10
-2.65009e+10
-2.70009e+10
-2.7178e+10
-2.63512e+10
-2.55808e+10
-2.1914e+10
-2.58961e+10
-2.16908e+10
-2.64971e+10
-2.17409e+10
-2.49651e+10
)
;

boundaryField
{
    inlet
    {
        type            zeroGradient;
    }
    outlet
    {
        type            fixedValue;
        value           uniform 101325;
    }
    rightSide
    {
        type            symmetryPlane;
    }
    leftSide
    {
        type            symmetryPlane;
    }
    duct
    {
        type            zeroGradient;
    }
    cylinder
    {
        type            zeroGradient;
    }
}


// ************************************************************************* //
