/*--------------------------------*- C++ -*----------------------------------*\
| =========                 |                                                 |
| \\      /  F ield         | OpenFOAM: The Open Source CFD Toolbox           |
|  \\    /   O peration     | Version:  4.1                                   |
|   \\  /    A nd           | Web:      www.OpenFOAM.org                      |
|    \\/     M anipulation  |                                                 |
\*---------------------------------------------------------------------------*/
FoamFile
{
    version     2.0;
    format      ascii;
    class       volScalarField;
    location    "14";
    object      p;
}
// * * * * * * * * * * * * * * * * * * * * * * * * * * * * * * * * * * * * * //

dimensions      [0 2 -2 0 0 0 0];

internalField   nonuniform List<scalar> 
4432
(
-1.80657e+10
-1.42697e+10
-3.54965e+09
2.23863e+10
-1.29777e+10
-3.71436e+10
-2.87662e+10
-2.55366e+10
-2.48406e+10
-2.47457e+10
-2.40303e+10
-2.33986e+10
-2.30515e+10
-2.26472e+10
-2.20457e+10
-2.11553e+10
-1.99334e+10
-1.89606e+10
-1.83602e+10
-1.79981e+10
-1.76852e+10
-1.74141e+10
-1.71661e+10
-1.69377e+10
-1.67274e+10
-1.65339e+10
-1.63566e+10
-1.61945e+10
-1.60464e+10
-1.59106e+10
-1.57849e+10
-1.5667e+10
-1.55554e+10
-1.54442e+10
-1.53275e+10
-1.52052e+10
-1.50761e+10
-1.49418e+10
-1.4806e+10
-1.46699e+10
-1.45355e+10
-1.44044e+10
-1.42721e+10
-1.41309e+10
-1.39858e+10
-1.38461e+10
-1.36762e+10
-1.34639e+10
-1.32581e+10
-1.31201e+10
-1.3141e+10
-1.35506e+10
-1.45481e+10
-1.17427e+10
-2.21645e+10
-1.6106e+10
-1.42587e+10
-1.41338e+10
-2.12602e+10
-4.12095e+10
-3.59752e+10
-2.98814e+10
-2.76526e+10
-2.65789e+10
-2.49471e+10
-2.36638e+10
-2.30712e+10
-2.27011e+10
-2.21066e+10
-2.11582e+10
-1.98966e+10
-1.89321e+10
-1.83719e+10
-1.80031e+10
-1.76828e+10
-1.74103e+10
-1.71597e+10
-1.69297e+10
-1.67177e+10
-1.65223e+10
-1.63429e+10
-1.61784e+10
-1.60277e+10
-1.58888e+10
-1.57597e+10
-1.56381e+10
-1.55219e+10
-1.54066e+10
-1.5287e+10
-1.51599e+10
-1.50239e+10
-1.48824e+10
-1.47393e+10
-1.45956e+10
-1.44524e+10
-1.43112e+10
-1.41668e+10
-1.40108e+10
-1.3843e+10
-1.36716e+10
-1.34718e+10
-1.32205e+10
-1.30205e+10
-1.29207e+10
-1.29926e+10
-1.367e+10
-1.46497e+10
-1.12814e+10
-2.80032e+10
-2.87605e+10
-3.21079e+10
-4.67102e+10
-3.90039e+10
-4.68368e+10
-4.60359e+10
-3.60544e+10
-3.01025e+10
-2.70607e+10
-2.44423e+10
-2.3092e+10
-2.2549e+10
-2.22125e+10
-2.18419e+10
-2.13213e+10
-2.03191e+10
-1.92015e+10
-1.84827e+10
-1.80238e+10
-1.76947e+10
-1.74134e+10
-1.71604e+10
-1.69272e+10
-1.67127e+10
-1.65156e+10
-1.63357e+10
-1.61722e+10
-1.60236e+10
-1.58881e+10
-1.57633e+10
-1.56468e+10
-1.55388e+10
-1.54315e+10
-1.53089e+10
-1.51778e+10
-1.50483e+10
-1.49202e+10
-1.47933e+10
-1.46641e+10
-1.45321e+10
-1.44028e+10
-1.42794e+10
-1.41538e+10
-1.40189e+10
-1.39178e+10
-1.38071e+10
-1.35836e+10
-1.33888e+10
-1.32996e+10
-1.33299e+10
-1.37897e+10
-1.37843e+10
-8.15117e+09
-2.91076e+10
-3.04272e+10
-3.13596e+10
-3.69396e+10
-4.07491e+10
-4.73791e+10
-4.55506e+10
-3.52988e+10
-3.00305e+10
-2.6785e+10
-2.42572e+10
-2.2905e+10
-2.23899e+10
-2.21352e+10
-2.18569e+10
-2.13784e+10
-2.02837e+10
-1.91129e+10
-1.8474e+10
-1.80316e+10
-1.77031e+10
-1.742e+10
-1.71658e+10
-1.69319e+10
-1.67169e+10
-1.65194e+10
-1.63391e+10
-1.6175e+10
-1.60256e+10
-1.5889e+10
-1.57625e+10
-1.56438e+10
-1.55313e+10
-1.542e+10
-1.53012e+10
-1.51738e+10
-1.50392e+10
-1.49042e+10
-1.47751e+10
-1.46441e+10
-1.45085e+10
-1.43739e+10
-1.42419e+10
-1.4105e+10
-1.39578e+10
-1.38221e+10
-1.36726e+10
-1.34632e+10
-1.32887e+10
-1.32201e+10
-1.33181e+10
-1.38678e+10
-1.40441e+10
-8.70719e+09
-3.33582e+10
-3.42478e+10
-3.35279e+10
-5.17086e+10
-4.40334e+10
-4.46909e+10
-4.34367e+10
-3.76905e+10
-3.19564e+10
-2.737e+10
-2.39672e+10
-2.24055e+10
-2.17284e+10
-2.1441e+10
-2.13679e+10
-2.10597e+10
-2.01921e+10
-1.91874e+10
-1.852e+10
-1.80408e+10
-1.76852e+10
-1.73842e+10
-1.71166e+10
-1.68723e+10
-1.66485e+10
-1.64439e+10
-1.62582e+10
-1.60901e+10
-1.59375e+10
-1.57979e+10
-1.56691e+10
-1.55469e+10
-1.54297e+10
-1.5325e+10
-1.52021e+10
-1.50547e+10
-1.4935e+10
-1.48162e+10
-1.46958e+10
-1.45638e+10
-1.44294e+10
-1.43092e+10
-1.42074e+10
-1.41108e+10
-1.40178e+10
-1.39389e+10
-1.38506e+10
-1.3742e+10
-1.36715e+10
-1.36354e+10
-1.36517e+10
-1.38369e+10
-1.34842e+10
-8.07029e+09
-3.06173e+10
-3.36858e+10
-3.37778e+10
-3.57837e+10
-4.27796e+10
-4.36095e+10
-3.96355e+10
-3.39791e+10
-3.01372e+10
-2.61914e+10
-2.33492e+10
-2.20651e+10
-2.16356e+10
-2.1485e+10
-2.13783e+10
-2.10926e+10
-2.01281e+10
-1.91113e+10
-1.8493e+10
-1.80378e+10
-1.769e+10
-1.73899e+10
-1.71224e+10
-1.6878e+10
-1.66542e+10
-1.64495e+10
-1.62633e+10
-1.60947e+10
-1.59416e+10
-1.58017e+10
-1.56714e+10
-1.55467e+10
-1.5427e+10
-1.53132e+10
-1.51926e+10
-1.50684e+10
-1.49462e+10
-1.48257e+10
-1.47038e+10
-1.45696e+10
-1.44315e+10
-1.43096e+10
-1.42057e+10
-1.41092e+10
-1.4014e+10
-1.39325e+10
-1.38593e+10
-1.37771e+10
-1.37287e+10
-1.37327e+10
-1.37881e+10
-1.39567e+10
-1.35956e+10
-8.35753e+09
-3.09173e+10
-3.42402e+10
-3.46573e+10
-3.56709e+10
-4.01197e+10
-3.90579e+10
-3.71574e+10
-3.35521e+10
-2.96777e+10
-2.58046e+10
-2.29431e+10
-2.17014e+10
-2.12171e+10
-2.10558e+10
-2.10004e+10
-2.0698e+10
-1.99257e+10
-1.90858e+10
-1.84931e+10
-1.8038e+10
-1.76759e+10
-1.73623e+10
-1.70834e+10
-1.68303e+10
-1.65997e+10
-1.639e+10
-1.61994e+10
-1.6026e+10
-1.58663e+10
-1.57165e+10
-1.5577e+10
-1.54416e+10
-1.53012e+10
-1.52555e+10
-1.52665e+10
-1.50383e+10
-1.48345e+10
-1.47138e+10
-1.459e+10
-1.44658e+10
-1.43368e+10
-1.42244e+10
-1.41334e+10
-1.4038e+10
-1.39428e+10
-1.38652e+10
-1.37795e+10
-1.37048e+10
-1.36643e+10
-1.36271e+10
-1.35943e+10
-1.36535e+10
-1.315e+10
-7.73019e+09
-2.8489e+10
-2.98825e+10
-3.19596e+10
-3.45369e+10
-4.03736e+10
-3.72334e+10
-3.19623e+10
-2.92082e+10
-2.75614e+10
-2.47642e+10
-2.26108e+10
-2.16072e+10
-2.12468e+10
-2.1148e+10
-2.10644e+10
-2.06947e+10
-1.98491e+10
-1.9033e+10
-1.84708e+10
-1.80337e+10
-1.76778e+10
-1.73662e+10
-1.70879e+10
-1.68346e+10
-1.66036e+10
-1.63934e+10
-1.62028e+10
-1.60303e+10
-1.58732e+10
-1.57277e+10
-1.55905e+10
-1.54596e+10
-1.53382e+10
-1.52366e+10
-1.51278e+10
-1.50084e+10
-1.48709e+10
-1.47209e+10
-1.45975e+10
-1.44743e+10
-1.43451e+10
-1.42321e+10
-1.41436e+10
-1.40563e+10
-1.39605e+10
-1.38852e+10
-1.38164e+10
-1.37597e+10
-1.37397e+10
-1.3732e+10
-1.37098e+10
-1.37435e+10
-1.32128e+10
-7.88984e+09
-2.79594e+10
-3.01437e+10
-3.13383e+10
-3.06972e+10
-3.37683e+10
-3.15465e+10
-2.98853e+10
-2.86019e+10
-2.70903e+10
-2.4832e+10
-2.25518e+10
-2.11653e+10
-2.08274e+10
-2.07454e+10
-2.06667e+10
-2.02799e+10
-1.96119e+10
-1.89507e+10
-1.84368e+10
-1.80147e+10
-1.76607e+10
-1.73479e+10
-1.7067e+10
-1.68107e+10
-1.65767e+10
-1.63635e+10
-1.61688e+10
-1.59916e+10
-1.58301e+10
-1.56745e+10
-1.55267e+10
-1.53899e+10
-1.52686e+10
-1.51963e+10
-1.51244e+10
-1.49693e+10
-1.48077e+10
-1.46771e+10
-1.45503e+10
-1.44264e+10
-1.43066e+10
-1.41929e+10
-1.40855e+10
-1.39802e+10
-1.38829e+10
-1.38026e+10
-1.37263e+10
-1.36497e+10
-1.35759e+10
-1.34858e+10
-1.33954e+10
-1.34264e+10
-1.29415e+10
-7.61468e+09
-2.62236e+10
-2.66648e+10
-2.83703e+10
-2.98747e+10
-3.27944e+10
-2.86104e+10
-2.54388e+10
-2.4815e+10
-2.45785e+10
-2.34417e+10
-2.21304e+10
-2.12149e+10
-2.08766e+10
-2.07671e+10
-2.06429e+10
-2.02365e+10
-1.95564e+10
-1.89177e+10
-1.84221e+10
-1.80108e+10
-1.76601e+10
-1.73484e+10
-1.7067e+10
-1.681e+10
-1.65754e+10
-1.63624e+10
-1.61693e+10
-1.59935e+10
-1.58317e+10
-1.56827e+10
-1.555e+10
-1.54266e+10
-1.52972e+10
-1.51813e+10
-1.50715e+10
-1.49471e+10
-1.48176e+10
-1.46872e+10
-1.45617e+10
-1.44379e+10
-1.43218e+10
-1.42131e+10
-1.41093e+10
-1.40114e+10
-1.39213e+10
-1.38433e+10
-1.37722e+10
-1.37048e+10
-1.36412e+10
-1.35605e+10
-1.34689e+10
-1.34775e+10
-1.29664e+10
-7.71747e+09
-2.58053e+10
-2.6646e+10
-2.67768e+10
-2.64849e+10
-2.73598e+10
-2.58514e+10
-2.48838e+10
-2.46444e+10
-2.42928e+10
-2.33713e+10
-2.21232e+10
-2.08803e+10
-2.04665e+10
-2.04112e+10
-2.02692e+10
-1.98724e+10
-1.93341e+10
-1.88144e+10
-1.83754e+10
-1.79936e+10
-1.76574e+10
-1.73535e+10
-1.70735e+10
-1.68135e+10
-1.65738e+10
-1.6357e+10
-1.6159e+10
-1.59701e+10
-1.57967e+10
-1.56439e+10
-1.55089e+10
-1.53899e+10
-1.52811e+10
-1.51753e+10
-1.50453e+10
-1.49052e+10
-1.47794e+10
-1.46605e+10
-1.45399e+10
-1.44199e+10
-1.43015e+10
-1.41851e+10
-1.40711e+10
-1.39617e+10
-1.3863e+10
-1.37742e+10
-1.36845e+10
-1.35865e+10
-1.34695e+10
-1.33115e+10
-1.31493e+10
-1.31495e+10
-1.27579e+10
-7.86278e+09
-2.47971e+10
-2.4354e+10
-2.46237e+10
-2.46836e+10
-2.65048e+10
-2.41691e+10
-2.26928e+10
-2.2882e+10
-2.29172e+10
-2.23497e+10
-2.14813e+10
-2.07156e+10
-2.04156e+10
-2.03554e+10
-2.02003e+10
-1.98117e+10
-1.92865e+10
-1.87887e+10
-1.83638e+10
-1.7989e+10
-1.76554e+10
-1.73515e+10
-1.70716e+10
-1.68127e+10
-1.65745e+10
-1.63571e+10
-1.61582e+10
-1.5975e+10
-1.58074e+10
-1.56528e+10
-1.55158e+10
-1.53933e+10
-1.52683e+10
-1.51484e+10
-1.50308e+10
-1.49067e+10
-1.47879e+10
-1.46717e+10
-1.45525e+10
-1.44338e+10
-1.43204e+10
-1.42088e+10
-1.41002e+10
-1.39964e+10
-1.39021e+10
-1.38163e+10
-1.37315e+10
-1.36362e+10
-1.35193e+10
-1.33624e+10
-1.3198e+10
-1.31811e+10
-1.27566e+10
-7.82679e+09
-2.36045e+10
-2.3959e+10
-2.32211e+10
-2.29113e+10
-2.24318e+10
-2.20937e+10
-2.22016e+10
-2.25427e+10
-2.26488e+10
-2.22664e+10
-2.12101e+10
-2.03442e+10
-2.01052e+10
-2.00459e+10
-1.98453e+10
-1.94984e+10
-1.90862e+10
-1.86827e+10
-1.83161e+10
-1.79794e+10
-1.76674e+10
-1.73725e+10
-1.70904e+10
-1.68228e+10
-1.65745e+10
-1.63472e+10
-1.61371e+10
-1.59456e+10
-1.57754e+10
-1.56224e+10
-1.54854e+10
-1.53658e+10
-1.52601e+10
-1.5151e+10
-1.50248e+10
-1.48993e+10
-1.47834e+10
-1.46718e+10
-1.45623e+10
-1.44531e+10
-1.43435e+10
-1.42365e+10
-1.41359e+10
-1.40453e+10
-1.39644e+10
-1.389e+10
-1.38145e+10
-1.37253e+10
-1.36001e+10
-1.34038e+10
-1.31252e+10
-1.28643e+10
-1.2464e+10
-9.6964e+09
-2.32917e+10
-2.25311e+10
-2.23069e+10
-2.09761e+10
-2.09168e+10
-2.08946e+10
-2.15387e+10
-2.21265e+10
-2.21708e+10
-2.16129e+10
-2.07906e+10
-2.02315e+10
-2.00579e+10
-1.99867e+10
-1.97882e+10
-1.94484e+10
-1.90492e+10
-1.86599e+10
-1.83025e+10
-1.79704e+10
-1.76609e+10
-1.73676e+10
-1.70888e+10
-1.68249e+10
-1.65774e+10
-1.63488e+10
-1.61417e+10
-1.59553e+10
-1.57878e+10
-1.56354e+10
-1.54952e+10
-1.53662e+10
-1.52523e+10
-1.51413e+10
-1.50234e+10
-1.49059e+10
-1.47935e+10
-1.46829e+10
-1.45738e+10
-1.44665e+10
-1.43602e+10
-1.42562e+10
-1.41585e+10
-1.40703e+10
-1.3993e+10
-1.39218e+10
-1.385e+10
-1.37642e+10
-1.36413e+10
-1.345e+10
-1.31805e+10
-1.29156e+10
-1.25024e+10
-9.84356e+09
-2.20856e+10
-2.18999e+10
-2.11388e+10
-2.03996e+10
-1.93255e+10
-1.89291e+10
-1.98048e+10
-2.08428e+10
-2.14682e+10
-2.13923e+10
-2.04924e+10
-1.98682e+10
-1.96942e+10
-1.95931e+10
-1.94058e+10
-1.91382e+10
-1.88364e+10
-1.85312e+10
-1.82362e+10
-1.79483e+10
-1.76645e+10
-1.73793e+10
-1.70968e+10
-1.68234e+10
-1.65646e+10
-1.63269e+10
-1.61127e+10
-1.59227e+10
-1.57561e+10
-1.56015e+10
-1.54658e+10
-1.53603e+10
-1.5248e+10
-1.51296e+10
-1.50157e+10
-1.49139e+10
-1.48188e+10
-1.47217e+10
-1.46239e+10
-1.45267e+10
-1.44325e+10
-1.43456e+10
-1.42691e+10
-1.42044e+10
-1.4153e+10
-1.41134e+10
-1.40793e+10
-1.40373e+10
-1.39613e+10
-1.3813e+10
-1.35918e+10
-1.33847e+10
-1.26114e+10
-7.224e+09
-2.19275e+10
-2.10223e+10
-2.06036e+10
-1.90446e+10
-1.74264e+10
-1.74972e+10
-1.924e+10
-2.04441e+10
-2.09023e+10
-2.07896e+10
-2.02507e+10
-1.98539e+10
-1.96927e+10
-1.95742e+10
-1.93771e+10
-1.91114e+10
-1.88157e+10
-1.85168e+10
-1.82255e+10
-1.79403e+10
-1.76588e+10
-1.73767e+10
-1.7096e+10
-1.68226e+10
-1.6562e+10
-1.63226e+10
-1.611e+10
-1.59216e+10
-1.57595e+10
-1.56158e+10
-1.54769e+10
-1.53551e+10
-1.52433e+10
-1.51328e+10
-1.50247e+10
-1.49259e+10
-1.48312e+10
-1.4733e+10
-1.46341e+10
-1.45374e+10
-1.44437e+10
-1.43585e+10
-1.42842e+10
-1.42217e+10
-1.41726e+10
-1.41353e+10
-1.41035e+10
-1.40643e+10
-1.39927e+10
-1.38514e+10
-1.36385e+10
-1.34391e+10
-1.26692e+10
-7.2246e+09
-2.10525e+10
-2.04735e+10
-2.00291e+10
-1.92497e+10
-1.82452e+10
-1.736e+10
-1.80625e+10
-1.93482e+10
-2.0131e+10
-2.0033e+10
-1.95322e+10
-1.92503e+10
-1.91582e+10
-1.90802e+10
-1.89529e+10
-1.87762e+10
-1.85711e+10
-1.83524e+10
-1.81261e+10
-1.78892e+10
-1.76374e+10
-1.73672e+10
-1.70837e+10
-1.6797e+10
-1.65212e+10
-1.62702e+10
-1.60485e+10
-1.58531e+10
-1.56879e+10
-1.55427e+10
-1.54031e+10
-1.52894e+10
-1.51872e+10
-1.50841e+10
-1.49884e+10
-1.48971e+10
-1.48071e+10
-1.47178e+10
-1.46307e+10
-1.45462e+10
-1.44657e+10
-1.43936e+10
-1.43342e+10
-1.429e+10
-1.42622e+10
-1.42495e+10
-1.4245e+10
-1.42355e+10
-1.4198e+10
-1.41054e+10
-1.39803e+10
-1.39763e+10
-1.3546e+10
-8.49009e+09
-2.07022e+10
-1.99263e+10
-1.96081e+10
-1.86062e+10
-1.67957e+10
-1.62658e+10
-1.76192e+10
-1.88451e+10
-1.94495e+10
-1.95786e+10
-1.94199e+10
-1.92738e+10
-1.91776e+10
-1.90855e+10
-1.89466e+10
-1.87679e+10
-1.85633e+10
-1.83452e+10
-1.81192e+10
-1.78835e+10
-1.76333e+10
-1.73639e+10
-1.70788e+10
-1.679e+10
-1.6512e+10
-1.6259e+10
-1.60359e+10
-1.584e+10
-1.56802e+10
-1.55484e+10
-1.54093e+10
-1.52899e+10
-1.51838e+10
-1.50831e+10
-1.49933e+10
-1.49044e+10
-1.4814e+10
-1.4724e+10
-1.46357e+10
-1.45511e+10
-1.44716e+10
-1.44008e+10
-1.43424e+10
-1.42995e+10
-1.42735e+10
-1.42624e+10
-1.42593e+10
-1.42513e+10
-1.42162e+10
-1.4127e+10
-1.40041e+10
-1.40274e+10
-1.37546e+10
-9.03681e+09
-2.00925e+10
-1.97536e+10
-1.9372e+10
-1.90958e+10
-1.86546e+10
-1.74963e+10
-1.7343e+10
-1.81012e+10
-1.85723e+10
-1.85511e+10
-1.85643e+10
-1.85862e+10
-1.85927e+10
-1.85761e+10
-1.85208e+10
-1.84273e+10
-1.83043e+10
-1.8161e+10
-1.80002e+10
-1.78175e+10
-1.76043e+10
-1.73536e+10
-1.70635e+10
-1.67507e+10
-1.64469e+10
-1.61735e+10
-1.59379e+10
-1.57359e+10
-1.55671e+10
-1.54294e+10
-1.53124e+10
-1.52083e+10
-1.51102e+10
-1.50155e+10
-1.49268e+10
-1.48399e+10
-1.47527e+10
-1.46676e+10
-1.45862e+10
-1.45084e+10
-1.44356e+10
-1.43718e+10
-1.43216e+10
-1.42886e+10
-1.42742e+10
-1.42767e+10
-1.42887e+10
-1.42969e+10
-1.42785e+10
-1.42084e+10
-1.4126e+10
-1.43149e+10
-1.44068e+10
-1.04761e+10
-1.98313e+10
-1.95857e+10
-1.95128e+10
-1.92691e+10
-1.81289e+10
-1.71618e+10
-1.68635e+10
-1.74634e+10
-1.80726e+10
-1.84183e+10
-1.85702e+10
-1.86134e+10
-1.86083e+10
-1.85843e+10
-1.85219e+10
-1.84261e+10
-1.83021e+10
-1.81572e+10
-1.79947e+10
-1.78113e+10
-1.7598e+10
-1.7346e+10
-1.70539e+10
-1.67404e+10
-1.64362e+10
-1.61627e+10
-1.59267e+10
-1.57255e+10
-1.55651e+10
-1.54362e+10
-1.53123e+10
-1.52022e+10
-1.51034e+10
-1.50098e+10
-1.49259e+10
-1.4843e+10
-1.47572e+10
-1.46718e+10
-1.45894e+10
-1.4511e+10
-1.44387e+10
-1.43762e+10
-1.43275e+10
-1.42959e+10
-1.42831e+10
-1.42868e+10
-1.42999e+10
-1.43087e+10
-1.4292e+10
-1.4226e+10
-1.41474e+10
-1.43251e+10
-1.45555e+10
-1.1377e+10
-1.92213e+10
-1.9269e+10
-1.89816e+10
-1.94544e+10
-1.91798e+10
-1.79959e+10
-1.72259e+10
-1.71595e+10
-1.73797e+10
-1.76672e+10
-1.78888e+10
-1.80146e+10
-1.80852e+10
-1.81247e+10
-1.81314e+10
-1.81051e+10
-1.80492e+10
-1.79702e+10
-1.78713e+10
-1.77457e+10
-1.758e+10
-1.73561e+10
-1.70525e+10
-1.66929e+10
-1.6339e+10
-1.60341e+10
-1.57887e+10
-1.55923e+10
-1.54371e+10
-1.53192e+10
-1.52217e+10
-1.51278e+10
-1.50344e+10
-1.49449e+10
-1.48609e+10
-1.47782e+10
-1.46946e+10
-1.46127e+10
-1.45344e+10
-1.44602e+10
-1.4392e+10
-1.43336e+10
-1.42897e+10
-1.42643e+10
-1.42589e+10
-1.42709e+10
-1.42925e+10
-1.43094e+10
-1.42991e+10
-1.42436e+10
-1.42014e+10
-1.43642e+10
-1.39853e+10
-9.0334e+09
-1.91794e+10
-1.95434e+10
-1.97257e+10
-1.9775e+10
-1.90834e+10
-1.75826e+10
-1.6579e+10
-1.68749e+10
-1.73339e+10
-1.76703e+10
-1.78971e+10
-1.80278e+10
-1.80952e+10
-1.81307e+10
-1.81341e+10
-1.81066e+10
-1.80506e+10
-1.79704e+10
-1.7869e+10
-1.7741e+10
-1.75739e+10
-1.73481e+10
-1.70429e+10
-1.66832e+10
-1.63305e+10
-1.60284e+10
-1.57839e+10
-1.55897e+10
-1.54398e+10
-1.53221e+10
-1.52192e+10
-1.51217e+10
-1.50292e+10
-1.49416e+10
-1.48604e+10
-1.478e+10
-1.46973e+10
-1.4615e+10
-1.45359e+10
-1.44612e+10
-1.4393e+10
-1.43352e+10
-1.42921e+10
-1.42671e+10
-1.4261e+10
-1.42719e+10
-1.42926e+10
-1.4309e+10
-1.42999e+10
-1.42481e+10
-1.42199e+10
-1.44113e+10
-1.38952e+10
-8.39002e+09
-1.84529e+10
-1.87715e+10
-1.89188e+10
-1.92437e+10
-1.86786e+10
-1.77922e+10
-1.71491e+10
-1.69337e+10
-1.70245e+10
-1.72214e+10
-1.74122e+10
-1.75664e+10
-1.76743e+10
-1.7749e+10
-1.77982e+10
-1.78204e+10
-1.78176e+10
-1.7792e+10
-1.77485e+10
-1.76817e+10
-1.75763e+10
-1.73965e+10
-1.70828e+10
-1.66367e+10
-1.61932e+10
-1.5845e+10
-1.5605e+10
-1.54346e+10
-1.53067e+10
-1.52087e+10
-1.5127e+10
-1.50463e+10
-1.49624e+10
-1.48788e+10
-1.47973e+10
-1.47171e+10
-1.46373e+10
-1.45593e+10
-1.44846e+10
-1.44143e+10
-1.43505e+10
-1.42969e+10
-1.42583e+10
-1.42392e+10
-1.42411e+10
-1.42603e+10
-1.42869e+10
-1.43042e+10
-1.42873e+10
-1.42143e+10
-1.41289e+10
-1.41396e+10
-1.34793e+10
-8.20644e+09
-1.8605e+10
-1.92981e+10
-1.95101e+10
-1.92472e+10
-1.83086e+10
-1.72249e+10
-1.68386e+10
-1.68928e+10
-1.70587e+10
-1.72508e+10
-1.74271e+10
-1.75736e+10
-1.76788e+10
-1.7751e+10
-1.77987e+10
-1.78209e+10
-1.78197e+10
-1.77953e+10
-1.77501e+10
-1.76807e+10
-1.75723e+10
-1.739e+10
-1.70726e+10
-1.6621e+10
-1.61807e+10
-1.58356e+10
-1.55975e+10
-1.54301e+10
-1.53076e+10
-1.52088e+10
-1.51221e+10
-1.50386e+10
-1.49543e+10
-1.4871e+10
-1.47899e+10
-1.471e+10
-1.46298e+10
-1.45505e+10
-1.44742e+10
-1.44021e+10
-1.43366e+10
-1.42816e+10
-1.42419e+10
-1.42211e+10
-1.42193e+10
-1.4234e+10
-1.42563e+10
-1.42687e+10
-1.42467e+10
-1.41673e+10
-1.40705e+10
-1.40578e+10
-1.33316e+10
-7.70941e+09
-1.76348e+10
-1.79783e+10
-1.84448e+10
-1.82716e+10
-1.76028e+10
-1.71139e+10
-1.68909e+10
-1.68365e+10
-1.68862e+10
-1.70002e+10
-1.71285e+10
-1.72518e+10
-1.73563e+10
-1.74411e+10
-1.75121e+10
-1.75655e+10
-1.76029e+10
-1.76252e+10
-1.76356e+10
-1.76339e+10
-1.76067e+10
-1.75186e+10
-1.72505e+10
-1.66467e+10
-1.60025e+10
-1.55582e+10
-1.5356e+10
-1.52442e+10
-1.51657e+10
-1.50953e+10
-1.50292e+10
-1.49608e+10
-1.48872e+10
-1.48098e+10
-1.47316e+10
-1.46546e+10
-1.45791e+10
-1.45057e+10
-1.44356e+10
-1.43697e+10
-1.43098e+10
-1.42596e+10
-1.42246e+10
-1.421e+10
-1.42175e+10
-1.42415e+10
-1.42689e+10
-1.42798e+10
-1.42468e+10
-1.41427e+10
-1.39962e+10
-1.39368e+10
-1.33352e+10
-8.5492e+09
-1.77283e+10
-1.83689e+10
-1.84037e+10
-1.79476e+10
-1.72092e+10
-1.68385e+10
-1.67767e+10
-1.6807e+10
-1.68933e+10
-1.70087e+10
-1.7132e+10
-1.72504e+10
-1.73535e+10
-1.74381e+10
-1.75096e+10
-1.7565e+10
-1.76062e+10
-1.76315e+10
-1.76406e+10
-1.76345e+10
-1.7603e+10
-1.7514e+10
-1.7245e+10
-1.66315e+10
-1.59878e+10
-1.55519e+10
-1.53523e+10
-1.52437e+10
-1.51693e+10
-1.5098e+10
-1.50281e+10
-1.4958e+10
-1.48839e+10
-1.48058e+10
-1.47272e+10
-1.46507e+10
-1.45754e+10
-1.45015e+10
-1.44305e+10
-1.43636e+10
-1.43029e+10
-1.42521e+10
-1.42169e+10
-1.42012e+10
-1.42051e+10
-1.42246e+10
-1.42475e+10
-1.42535e+10
-1.42166e+10
-1.4111e+10
-1.39692e+10
-1.39196e+10
-1.32773e+10
-8.29115e+09
-1.66509e+10
-1.68799e+10
-1.73048e+10
-1.70163e+10
-1.672e+10
-1.66021e+10
-1.66099e+10
-1.66543e+10
-1.67264e+10
-1.68181e+10
-1.69172e+10
-1.70184e+10
-1.7114e+10
-1.72011e+10
-1.72865e+10
-1.73666e+10
-1.74401e+10
-1.75073e+10
-1.75673e+10
-1.76296e+10
-1.76979e+10
-1.77623e+10
-1.7714e+10
-1.70584e+10
-1.59193e+10
-1.50389e+10
-1.50111e+10
-1.50278e+10
-1.50227e+10
-1.49877e+10
-1.49408e+10
-1.48838e+10
-1.48189e+10
-1.47481e+10
-1.46753e+10
-1.46032e+10
-1.45324e+10
-1.44636e+10
-1.43974e+10
-1.43346e+10
-1.42775e+10
-1.42303e+10
-1.41995e+10
-1.41903e+10
-1.42024e+10
-1.42283e+10
-1.4253e+10
-1.42533e+10
-1.41987e+10
-1.40582e+10
-1.38624e+10
-1.37237e+10
-1.29775e+10
-7.72978e+09
-1.66021e+10
-1.70426e+10
-1.70617e+10
-1.6736e+10
-1.64987e+10
-1.64989e+10
-1.65666e+10
-1.66435e+10
-1.67283e+10
-1.68218e+10
-1.69192e+10
-1.70172e+10
-1.71105e+10
-1.71963e+10
-1.72804e+10
-1.73601e+10
-1.74362e+10
-1.75096e+10
-1.75763e+10
-1.76401e+10
-1.77068e+10
-1.7766e+10
-1.7727e+10
-1.70645e+10
-1.58947e+10
-1.50357e+10
-1.50106e+10
-1.50271e+10
-1.50255e+10
-1.49899e+10
-1.49413e+10
-1.48829e+10
-1.48168e+10
-1.47449e+10
-1.46729e+10
-1.46028e+10
-1.45335e+10
-1.44653e+10
-1.43994e+10
-1.43369e+10
-1.42801e+10
-1.42338e+10
-1.42045e+10
-1.41954e+10
-1.42053e+10
-1.4228e+10
-1.42496e+10
-1.42479e+10
-1.41931e+10
-1.40564e+10
-1.38659e+10
-1.37697e+10
-1.31995e+10
-8.52802e+09
-1.60013e+10
-1.61129e+10
-1.63201e+10
-1.62189e+10
-1.62126e+10
-1.62915e+10
-1.63894e+10
-1.6482e+10
-1.65693e+10
-1.66542e+10
-1.6737e+10
-1.68202e+10
-1.69046e+10
-1.69897e+10
-1.70806e+10
-1.71748e+10
-1.72688e+10
-1.73671e+10
-1.7466e+10
-1.75691e+10
-1.76895e+10
-1.78306e+10
-1.79299e+10
-1.80028e+10
-1.62709e+10
-1.41047e+10
-1.46489e+10
-1.4835e+10
-1.48958e+10
-1.48905e+10
-1.48579e+10
-1.48077e+10
-1.47477e+10
-1.46824e+10
-1.46151e+10
-1.45466e+10
-1.44777e+10
-1.44098e+10
-1.43435e+10
-1.42801e+10
-1.42226e+10
-1.41765e+10
-1.4147e+10
-1.41374e+10
-1.41466e+10
-1.41677e+10
-1.41834e+10
-1.41671e+10
-1.40853e+10
-1.39011e+10
-1.36326e+10
-1.33989e+10
-1.25821e+10
-7.24846e+09
-1.60551e+10
-1.61182e+10
-1.61944e+10
-1.61062e+10
-1.61383e+10
-1.62545e+10
-1.63674e+10
-1.64712e+10
-1.65657e+10
-1.66548e+10
-1.67395e+10
-1.68223e+10
-1.69048e+10
-1.69874e+10
-1.70753e+10
-1.71667e+10
-1.72605e+10
-1.73631e+10
-1.74702e+10
-1.75822e+10
-1.77083e+10
-1.78506e+10
-1.7937e+10
-1.80368e+10
-1.61923e+10
-1.41309e+10
-1.46605e+10
-1.48409e+10
-1.49015e+10
-1.48969e+10
-1.48644e+10
-1.48139e+10
-1.4754e+10
-1.46906e+10
-1.46262e+10
-1.45602e+10
-1.44933e+10
-1.44273e+10
-1.43631e+10
-1.43024e+10
-1.42483e+10
-1.42064e+10
-1.41822e+10
-1.41775e+10
-1.41904e+10
-1.42128e+10
-1.42295e+10
-1.42172e+10
-1.41424e+10
-1.39733e+10
-1.37405e+10
-1.35633e+10
-1.27999e+10
-7.67482e+09
-1.59824e+10
-1.58855e+10
-1.59028e+10
-1.59224e+10
-1.60057e+10
-1.61136e+10
-1.62224e+10
-1.63302e+10
-1.64249e+10
-1.65045e+10
-1.6574e+10
-1.66417e+10
-1.67133e+10
-1.67918e+10
-1.68804e+10
-1.69754e+10
-1.70733e+10
-1.71821e+10
-1.73005e+10
-1.74194e+10
-1.75461e+10
-1.76932e+10
-1.7929e+10
-1.81903e+10
-1.34667e+10
-1.45649e+10
-1.47597e+10
-1.48242e+10
-1.48243e+10
-1.47928e+10
-1.47438e+10
-1.46865e+10
-1.46252e+10
-1.4561e+10
-1.44944e+10
-1.44263e+10
-1.43579e+10
-1.42905e+10
-1.42264e+10
-1.41698e+10
-1.41252e+10
-1.40957e+10
-1.40831e+10
-1.40886e+10
-1.41068e+10
-1.41163e+10
-1.40881e+10
-1.39877e+10
-1.37709e+10
-1.34429e+10
-1.31331e+10
-1.22569e+10
-7.72827e+09
-1.61314e+10
-1.58519e+10
-1.58799e+10
-1.58919e+10
-1.59855e+10
-1.61015e+10
-1.62132e+10
-1.63212e+10
-1.64169e+10
-1.65012e+10
-1.65754e+10
-1.66447e+10
-1.67138e+10
-1.67861e+10
-1.68675e+10
-1.69583e+10
-1.70556e+10
-1.71675e+10
-1.72938e+10
-1.74261e+10
-1.75681e+10
-1.77272e+10
-1.79452e+10
-1.81838e+10
-1.35232e+10
-1.45769e+10
-1.47682e+10
-1.48323e+10
-1.48359e+10
-1.48084e+10
-1.47623e+10
-1.47082e+10
-1.46495e+10
-1.45875e+10
-1.45237e+10
-1.44588e+10
-1.43941e+10
-1.43314e+10
-1.42732e+10
-1.42238e+10
-1.41879e+10
-1.41681e+10
-1.41656e+10
-1.41807e+10
-1.42056e+10
-1.42218e+10
-1.42038e+10
-1.41158e+10
-1.3922e+10
-1.36431e+10
-1.33833e+10
-1.24834e+10
-7.05462e+09
-1.59741e+10
-1.57705e+10
-1.57806e+10
-1.58263e+10
-1.59086e+10
-1.60042e+10
-1.61064e+10
-1.62088e+10
-1.6303e+10
-1.63839e+10
-1.64513e+10
-1.65112e+10
-1.65696e+10
-1.66323e+10
-1.67068e+10
-1.67937e+10
-1.68855e+10
-1.69808e+10
-1.70793e+10
-1.71734e+10
-1.72711e+10
-1.73801e+10
-1.73801e+10
-1.72e+10
-1.57311e+10
-1.47875e+10
-1.47869e+10
-1.48237e+10
-1.48339e+10
-1.48142e+10
-1.47758e+10
-1.47266e+10
-1.46723e+10
-1.46153e+10
-1.45557e+10
-1.44938e+10
-1.44306e+10
-1.43674e+10
-1.43065e+10
-1.42511e+10
-1.42054e+10
-1.4172e+10
-1.41524e+10
-1.41492e+10
-1.41664e+10
-1.41985e+10
-1.42207e+10
-1.42018e+10
-1.4107e+10
-1.38937e+10
-1.35686e+10
-1.32649e+10
-1.24103e+10
-7.28051e+09
-1.59871e+10
-1.57509e+10
-1.57729e+10
-1.58193e+10
-1.5906e+10
-1.60044e+10
-1.61084e+10
-1.62097e+10
-1.63008e+10
-1.63804e+10
-1.64487e+10
-1.651e+10
-1.65695e+10
-1.66311e+10
-1.66995e+10
-1.67778e+10
-1.68623e+10
-1.6957e+10
-1.70651e+10
-1.71769e+10
-1.72935e+10
-1.74113e+10
-1.73969e+10
-1.71942e+10
-1.57598e+10
-1.48043e+10
-1.47921e+10
-1.48282e+10
-1.48378e+10
-1.48225e+10
-1.47902e+10
-1.47435e+10
-1.469e+10
-1.46337e+10
-1.45751e+10
-1.45148e+10
-1.44537e+10
-1.43933e+10
-1.43361e+10
-1.42857e+10
-1.4246e+10
-1.42193e+10
-1.42066e+10
-1.42104e+10
-1.4234e+10
-1.42704e+10
-1.42967e+10
-1.42848e+10
-1.41985e+10
-1.40017e+10
-1.37125e+10
-1.3444e+10
-1.25788e+10
-7.31515e+09
-1.57447e+10
-1.5629e+10
-1.56687e+10
-1.57271e+10
-1.58096e+10
-1.59043e+10
-1.60047e+10
-1.6102e+10
-1.61922e+10
-1.6272e+10
-1.63398e+10
-1.63985e+10
-1.64537e+10
-1.65112e+10
-1.65771e+10
-1.6653e+10
-1.6731e+10
-1.68053e+10
-1.68725e+10
-1.69245e+10
-1.69545e+10
-1.69494e+10
-1.67875e+10
-1.62441e+10
-1.5602e+10
-1.51918e+10
-1.50311e+10
-1.4945e+10
-1.48921e+10
-1.48432e+10
-1.47934e+10
-1.47412e+10
-1.46877e+10
-1.46336e+10
-1.45784e+10
-1.45219e+10
-1.44652e+10
-1.44102e+10
-1.436e+10
-1.43182e+10
-1.42878e+10
-1.42701e+10
-1.4266e+10
-1.42788e+10
-1.4314e+10
-1.43675e+10
-1.44127e+10
-1.44162e+10
-1.43454e+10
-1.41651e+10
-1.3892e+10
-1.36389e+10
-1.27777e+10
-7.26592e+09
-1.57233e+10
-1.56294e+10
-1.5667e+10
-1.57271e+10
-1.58105e+10
-1.59062e+10
-1.60088e+10
-1.61079e+10
-1.61976e+10
-1.62758e+10
-1.63426e+10
-1.64011e+10
-1.64566e+10
-1.65136e+10
-1.65749e+10
-1.66413e+10
-1.67115e+10
-1.67851e+10
-1.68607e+10
-1.69267e+10
-1.69696e+10
-1.69696e+10
-1.67956e+10
-1.62559e+10
-1.56167e+10
-1.5199e+10
-1.50363e+10
-1.49514e+10
-1.48966e+10
-1.48482e+10
-1.48017e+10
-1.47501e+10
-1.46961e+10
-1.46417e+10
-1.45864e+10
-1.45302e+10
-1.44742e+10
-1.44205e+10
-1.43725e+10
-1.43336e+10
-1.43062e+10
-1.42914e+10
-1.42904e+10
-1.43062e+10
-1.43434e+10
-1.43973e+10
-1.44428e+10
-1.44491e+10
-1.43809e+10
-1.4206e+10
-1.39506e+10
-1.37575e+10
-1.30667e+10
-8.02455e+09
-1.55395e+10
-1.54887e+10
-1.55352e+10
-1.56004e+10
-1.56897e+10
-1.57871e+10
-1.58879e+10
-1.59856e+10
-1.60753e+10
-1.61548e+10
-1.62229e+10
-1.62807e+10
-1.63335e+10
-1.63892e+10
-1.64518e+10
-1.65195e+10
-1.65854e+10
-1.66418e+10
-1.6684e+10
-1.67055e+10
-1.66937e+10
-1.6619e+10
-1.64176e+10
-1.60486e+10
-1.56509e+10
-1.53569e+10
-1.51701e+10
-1.50419e+10
-1.49506e+10
-1.48783e+10
-1.48148e+10
-1.47559e+10
-1.46997e+10
-1.46452e+10
-1.45909e+10
-1.45364e+10
-1.44831e+10
-1.44339e+10
-1.43921e+10
-1.43606e+10
-1.43413e+10
-1.43347e+10
-1.43413e+10
-1.43647e+10
-1.44115e+10
-1.44801e+10
-1.45455e+10
-1.45731e+10
-1.45293e+10
-1.439e+10
-1.41898e+10
-1.40593e+10
-1.33424e+10
-7.92737e+09
-1.55491e+10
-1.54943e+10
-1.55391e+10
-1.56022e+10
-1.56901e+10
-1.5788e+10
-1.58907e+10
-1.59907e+10
-1.60817e+10
-1.61612e+10
-1.62293e+10
-1.62878e+10
-1.63416e+10
-1.6397e+10
-1.64558e+10
-1.65161e+10
-1.65753e+10
-1.66314e+10
-1.66797e+10
-1.67104e+10
-1.6706e+10
-1.66322e+10
-1.64286e+10
-1.60565e+10
-1.56571e+10
-1.53632e+10
-1.51805e+10
-1.50543e+10
-1.49591e+10
-1.48841e+10
-1.48203e+10
-1.47608e+10
-1.4704e+10
-1.46489e+10
-1.45942e+10
-1.45396e+10
-1.44867e+10
-1.44384e+10
-1.43981e+10
-1.43682e+10
-1.435e+10
-1.4344e+10
-1.43518e+10
-1.43766e+10
-1.44239e+10
-1.44919e+10
-1.45571e+10
-1.45859e+10
-1.454e+10
-1.43985e+10
-1.42069e+10
-1.41911e+10
-1.39094e+10
-9.41012e+09
-1.54221e+10
-1.53721e+10
-1.54223e+10
-1.54871e+10
-1.55735e+10
-1.5668e+10
-1.57667e+10
-1.58633e+10
-1.59527e+10
-1.60329e+10
-1.6103e+10
-1.61622e+10
-1.62143e+10
-1.62682e+10
-1.63287e+10
-1.63896e+10
-1.6444e+10
-1.64854e+10
-1.65086e+10
-1.65088e+10
-1.64733e+10
-1.63803e+10
-1.61991e+10
-1.59336e+10
-1.56554e+10
-1.5423e+10
-1.52436e+10
-1.5103e+10
-1.49937e+10
-1.49069e+10
-1.4832e+10
-1.47653e+10
-1.47046e+10
-1.4647e+10
-1.45905e+10
-1.45351e+10
-1.44826e+10
-1.44362e+10
-1.43992e+10
-1.43738e+10
-1.43603e+10
-1.43586e+10
-1.43697e+10
-1.43977e+10
-1.44506e+10
-1.45303e+10
-1.46132e+10
-1.46611e+10
-1.46381e+10
-1.45303e+10
-1.43872e+10
-1.43691e+10
-1.38256e+10
-8.62408e+09
-1.5426e+10
-1.53789e+10
-1.5427e+10
-1.54897e+10
-1.55742e+10
-1.56684e+10
-1.57686e+10
-1.58679e+10
-1.59594e+10
-1.604e+10
-1.61097e+10
-1.61688e+10
-1.62216e+10
-1.62747e+10
-1.63307e+10
-1.63856e+10
-1.64353e+10
-1.64773e+10
-1.65064e+10
-1.65122e+10
-1.64785e+10
-1.63837e+10
-1.61968e+10
-1.59287e+10
-1.56503e+10
-1.54223e+10
-1.52516e+10
-1.5115e+10
-1.50019e+10
-1.49114e+10
-1.48345e+10
-1.47659e+10
-1.4704e+10
-1.46455e+10
-1.45886e+10
-1.45331e+10
-1.44809e+10
-1.44353e+10
-1.43993e+10
-1.43744e+10
-1.43608e+10
-1.43588e+10
-1.43699e+10
-1.43982e+10
-1.44504e+10
-1.45284e+10
-1.46112e+10
-1.46608e+10
-1.46329e+10
-1.45195e+10
-1.43795e+10
-1.45302e+10
-1.47528e+10
-1.13582e+10
-1.53225e+10
-1.52847e+10
-1.53301e+10
-1.53887e+10
-1.54688e+10
-1.55582e+10
-1.56529e+10
-1.57472e+10
-1.58359e+10
-1.5916e+10
-1.59861e+10
-1.6045e+10
-1.60954e+10
-1.61453e+10
-1.62008e+10
-1.62576e+10
-1.63072e+10
-1.63415e+10
-1.63569e+10
-1.63473e+10
-1.63014e+10
-1.62057e+10
-1.60518e+10
-1.58515e+10
-1.56389e+10
-1.54456e+10
-1.52809e+10
-1.51406e+10
-1.50234e+10
-1.49274e+10
-1.4845e+10
-1.47718e+10
-1.47059e+10
-1.46442e+10
-1.45843e+10
-1.45264e+10
-1.44729e+10
-1.44269e+10
-1.43917e+10
-1.4369e+10
-1.4358e+10
-1.43573e+10
-1.43685e+10
-1.43971e+10
-1.44532e+10
-1.454e+10
-1.46351e+10
-1.46962e+10
-1.4681e+10
-1.45843e+10
-1.44589e+10
-1.44212e+10
-1.37578e+10
-8.2678e+09
-1.53281e+10
-1.52915e+10
-1.53361e+10
-1.53933e+10
-1.54717e+10
-1.55601e+10
-1.56553e+10
-1.57514e+10
-1.58418e+10
-1.59228e+10
-1.59933e+10
-1.60531e+10
-1.61046e+10
-1.61542e+10
-1.62055e+10
-1.62563e+10
-1.63011e+10
-1.63341e+10
-1.63505e+10
-1.63427e+10
-1.62982e+10
-1.62005e+10
-1.60441e+10
-1.58406e+10
-1.56283e+10
-1.54419e+10
-1.52867e+10
-1.51515e+10
-1.50323e+10
-1.49331e+10
-1.48482e+10
-1.47727e+10
-1.47054e+10
-1.46431e+10
-1.45834e+10
-1.45264e+10
-1.44742e+10
-1.44299e+10
-1.43958e+10
-1.43732e+10
-1.4362e+10
-1.43618e+10
-1.43736e+10
-1.44027e+10
-1.44581e+10
-1.45448e+10
-1.464e+10
-1.47042e+10
-1.46906e+10
-1.45984e+10
-1.44918e+10
-1.46141e+10
-1.45541e+10
-1.04486e+10
-1.52349e+10
-1.52061e+10
-1.52499e+10
-1.53044e+10
-1.53785e+10
-1.54618e+10
-1.55509e+10
-1.56411e+10
-1.57278e+10
-1.58076e+10
-1.58781e+10
-1.59378e+10
-1.59884e+10
-1.60367e+10
-1.60887e+10
-1.61416e+10
-1.6185e+10
-1.62114e+10
-1.62184e+10
-1.62012e+10
-1.61517e+10
-1.60646e+10
-1.59374e+10
-1.57773e+10
-1.56057e+10
-1.54409e+10
-1.5291e+10
-1.51563e+10
-1.50368e+10
-1.49348e+10
-1.48474e+10
-1.47694e+10
-1.46984e+10
-1.46321e+10
-1.45681e+10
-1.45069e+10
-1.44511e+10
-1.44037e+10
-1.4368e+10
-1.43449e+10
-1.4333e+10
-1.43316e+10
-1.43422e+10
-1.43703e+10
-1.44276e+10
-1.45137e+10
-1.4604e+10
-1.46558e+10
-1.46299e+10
-1.4514e+10
-1.43524e+10
-1.42104e+10
-1.33952e+10
-7.76542e+09
-1.52402e+10
-1.52123e+10
-1.52562e+10
-1.53101e+10
-1.53832e+10
-1.54655e+10
-1.55547e+10
-1.56461e+10
-1.57341e+10
-1.58143e+10
-1.58851e+10
-1.59463e+10
-1.59987e+10
-1.60465e+10
-1.60936e+10
-1.6139e+10
-1.61777e+10
-1.62033e+10
-1.62108e+10
-1.61953e+10
-1.61472e+10
-1.60596e+10
-1.59292e+10
-1.57683e+10
-1.55988e+10
-1.5439e+10
-1.52973e+10
-1.51686e+10
-1.50494e+10
-1.49454e+10
-1.4856e+10
-1.47759e+10
-1.47038e+10
-1.46376e+10
-1.45748e+10
-1.4516e+10
-1.44632e+10
-1.4419e+10
-1.43852e+10
-1.43627e+10
-1.4352e+10
-1.43527e+10
-1.43646e+10
-1.43941e+10
-1.44531e+10
-1.45446e+10
-1.46414e+10
-1.47028e+10
-1.46863e+10
-1.45879e+10
-1.44653e+10
-1.44594e+10
-1.39028e+10
-8.85128e+09
-1.51604e+10
-1.51392e+10
-1.51815e+10
-1.52331e+10
-1.53025e+10
-1.53805e+10
-1.54643e+10
-1.555e+10
-1.56336e+10
-1.57116e+10
-1.57818e+10
-1.58426e+10
-1.58949e+10
-1.59427e+10
-1.59905e+10
-1.60362e+10
-1.60715e+10
-1.6091e+10
-1.60921e+10
-1.60706e+10
-1.60227e+10
-1.59442e+10
-1.58352e+10
-1.57028e+10
-1.5558e+10
-1.54134e+10
-1.52768e+10
-1.51491e+10
-1.50304e+10
-1.4925e+10
-1.48338e+10
-1.47517e+10
-1.4676e+10
-1.46047e+10
-1.45362e+10
-1.44711e+10
-1.44119e+10
-1.43617e+10
-1.43237e+10
-1.42983e+10
-1.42849e+10
-1.42845e+10
-1.42972e+10
-1.43256e+10
-1.43796e+10
-1.4461e+10
-1.45462e+10
-1.45831e+10
-1.45452e+10
-1.44056e+10
-1.41909e+10
-1.39639e+10
-1.30942e+10
-7.51947e+09
-1.5164e+10
-1.51433e+10
-1.51862e+10
-1.52375e+10
-1.53062e+10
-1.53834e+10
-1.54668e+10
-1.55529e+10
-1.56373e+10
-1.57155e+10
-1.57853e+10
-1.58468e+10
-1.59006e+10
-1.59485e+10
-1.59925e+10
-1.60325e+10
-1.60649e+10
-1.60843e+10
-1.60856e+10
-1.60655e+10
-1.6019e+10
-1.59396e+10
-1.58304e+10
-1.56982e+10
-1.55551e+10
-1.54144e+10
-1.52831e+10
-1.51621e+10
-1.50463e+10
-1.4939e+10
-1.48461e+10
-1.47623e+10
-1.46856e+10
-1.46147e+10
-1.45481e+10
-1.44864e+10
-1.44316e+10
-1.43859e+10
-1.43504e+10
-1.43264e+10
-1.43153e+10
-1.43176e+10
-1.43312e+10
-1.43625e+10
-1.44236e+10
-1.45155e+10
-1.46084e+10
-1.46565e+10
-1.4626e+10
-1.45028e+10
-1.4327e+10
-1.41877e+10
-1.33813e+10
-7.9553e+09
-1.50946e+10
-1.50801e+10
-1.51218e+10
-1.51717e+10
-1.52377e+10
-1.53118e+10
-1.53915e+10
-1.54732e+10
-1.55536e+10
-1.56294e+10
-1.56981e+10
-1.57584e+10
-1.58105e+10
-1.58572e+10
-1.59015e+10
-1.59409e+10
-1.59695e+10
-1.59843e+10
-1.5982e+10
-1.5959e+10
-1.5913e+10
-1.58431e+10
-1.57495e+10
-1.5636e+10
-1.55115e+10
-1.5384e+10
-1.52586e+10
-1.51383e+10
-1.50231e+10
-1.49169e+10
-1.48233e+10
-1.47392e+10
-1.4661e+10
-1.4587e+10
-1.45163e+10
-1.44499e+10
-1.4391e+10
-1.43432e+10
-1.43086e+10
-1.42863e+10
-1.42764e+10
-1.42817e+10
-1.43028e+10
-1.43349e+10
-1.43839e+10
-1.44725e+10
-1.45757e+10
-1.4611e+10
-1.45704e+10
-1.44348e+10
-1.42163e+10
-1.39898e+10
-1.31054e+10
-7.80579e+09
-1.50965e+10
-1.50823e+10
-1.51248e+10
-1.51745e+10
-1.524e+10
-1.53132e+10
-1.5392e+10
-1.54732e+10
-1.55536e+10
-1.56292e+10
-1.56973e+10
-1.57573e+10
-1.58105e+10
-1.5858e+10
-1.59006e+10
-1.59372e+10
-1.59644e+10
-1.59788e+10
-1.59759e+10
-1.59529e+10
-1.59077e+10
-1.58388e+10
-1.57446e+10
-1.56313e+10
-1.55076e+10
-1.53802e+10
-1.52568e+10
-1.5141e+10
-1.50305e+10
-1.49242e+10
-1.4828e+10
-1.47412e+10
-1.46611e+10
-1.45866e+10
-1.45172e+10
-1.44533e+10
-1.43971e+10
-1.43508e+10
-1.43154e+10
-1.42916e+10
-1.4282e+10
-1.42897e+10
-1.43147e+10
-1.43561e+10
-1.442e+10
-1.4509e+10
-1.45987e+10
-1.46331e+10
-1.45938e+10
-1.44589e+10
-1.42433e+10
-1.40464e+10
-1.32617e+10
-8.21187e+09
-1.5036e+10
-1.50267e+10
-1.50682e+10
-1.51172e+10
-1.51809e+10
-1.5252e+10
-1.53284e+10
-1.54068e+10
-1.54843e+10
-1.55577e+10
-1.56245e+10
-1.5683e+10
-1.57336e+10
-1.57783e+10
-1.58193e+10
-1.58538e+10
-1.58774e+10
-1.58884e+10
-1.58842e+10
-1.58614e+10
-1.58183e+10
-1.57549e+10
-1.5672e+10
-1.55737e+10
-1.54642e+10
-1.53491e+10
-1.52333e+10
-1.51192e+10
-1.50081e+10
-1.49025e+10
-1.4807e+10
-1.47217e+10
-1.46424e+10
-1.45669e+10
-1.4495e+10
-1.44286e+10
-1.43714e+10
-1.4327e+10
-1.42956e+10
-1.42749e+10
-1.42665e+10
-1.42763e+10
-1.4305e+10
-1.43421e+10
-1.43935e+10
-1.44984e+10
-1.46133e+10
-1.46154e+10
-1.45564e+10
-1.4432e+10
-1.42087e+10
-1.39435e+10
-1.32372e+10
-9.23891e+09
-1.50366e+10
-1.50277e+10
-1.50703e+10
-1.51192e+10
-1.51827e+10
-1.52532e+10
-1.53288e+10
-1.54063e+10
-1.54831e+10
-1.55561e+10
-1.56223e+10
-1.56804e+10
-1.57314e+10
-1.57772e+10
-1.58181e+10
-1.58517e+10
-1.58751e+10
-1.5886e+10
-1.58814e+10
-1.58578e+10
-1.58148e+10
-1.57517e+10
-1.56697e+10
-1.55713e+10
-1.54612e+10
-1.5346e+10
-1.52299e+10
-1.51172e+10
-1.50098e+10
-1.49066e+10
-1.48095e+10
-1.47218e+10
-1.46407e+10
-1.45646e+10
-1.4494e+10
-1.443e+10
-1.43746e+10
-1.43299e+10
-1.42963e+10
-1.42742e+10
-1.42676e+10
-1.42836e+10
-1.43248e+10
-1.43847e+10
-1.44624e+10
-1.45602e+10
-1.46528e+10
-1.46738e+10
-1.46299e+10
-1.45026e+10
-1.42798e+10
-1.40705e+10
-1.32567e+10
-7.9032e+09
-1.49835e+10
-1.49782e+10
-1.50198e+10
-1.50682e+10
-1.51304e+10
-1.51995e+10
-1.52736e+10
-1.53494e+10
-1.54244e+10
-1.54958e+10
-1.55609e+10
-1.56182e+10
-1.56675e+10
-1.57104e+10
-1.57486e+10
-1.57796e+10
-1.58001e+10
-1.58084e+10
-1.58029e+10
-1.57808e+10
-1.57403e+10
-1.56823e+10
-1.56085e+10
-1.55208e+10
-1.54233e+10
-1.53197e+10
-1.52131e+10
-1.51059e+10
-1.49997e+10
-1.48966e+10
-1.48007e+10
-1.47149e+10
-1.46362e+10
-1.45611e+10
-1.44898e+10
-1.44246e+10
-1.43692e+10
-1.43274e+10
-1.42978e+10
-1.42774e+10
-1.4269e+10
-1.4284e+10
-1.43313e+10
-1.44038e+10
-1.44808e+10
-1.45678e+10
-1.47172e+10
-1.47439e+10
-1.47068e+10
-1.45996e+10
-1.43588e+10
-1.41359e+10
-1.34509e+10
-9.29519e+09
-1.49828e+10
-1.49777e+10
-1.50208e+10
-1.50695e+10
-1.51319e+10
-1.52007e+10
-1.52744e+10
-1.53497e+10
-1.5424e+10
-1.54949e+10
-1.55599e+10
-1.56169e+10
-1.56662e+10
-1.57095e+10
-1.57477e+10
-1.57786e+10
-1.57994e+10
-1.58082e+10
-1.58026e+10
-1.57797e+10
-1.57387e+10
-1.56813e+10
-1.56076e+10
-1.55199e+10
-1.54223e+10
-1.5318e+10
-1.52105e+10
-1.51025e+10
-1.49977e+10
-1.48984e+10
-1.48032e+10
-1.47154e+10
-1.46346e+10
-1.4559e+10
-1.44897e+10
-1.44273e+10
-1.43737e+10
-1.43305e+10
-1.42973e+10
-1.42748e+10
-1.42687e+10
-1.42874e+10
-1.43388e+10
-1.44227e+10
-1.45267e+10
-1.46459e+10
-1.47659e+10
-1.47809e+10
-1.47494e+10
-1.46494e+10
-1.44314e+10
-1.42117e+10
-1.33669e+10
-7.64608e+09
-1.49388e+10
-1.49361e+10
-1.49785e+10
-1.50271e+10
-1.5089e+10
-1.51572e+10
-1.52301e+10
-1.53045e+10
-1.5378e+10
-1.5448e+10
-1.55123e+10
-1.55693e+10
-1.56186e+10
-1.56609e+10
-1.56973e+10
-1.57263e+10
-1.57452e+10
-1.57525e+10
-1.57468e+10
-1.57263e+10
-1.56894e+10
-1.56365e+10
-1.55695e+10
-1.54911e+10
-1.54037e+10
-1.531e+10
-1.52126e+10
-1.51133e+10
-1.50136e+10
-1.49153e+10
-1.48219e+10
-1.47377e+10
-1.46609e+10
-1.45879e+10
-1.45182e+10
-1.44545e+10
-1.44017e+10
-1.4363e+10
-1.43343e+10
-1.4312e+10
-1.43016e+10
-1.43186e+10
-1.43893e+10
-1.4508e+10
-1.46371e+10
-1.47957e+10
-1.49951e+10
-1.49578e+10
-1.49079e+10
-1.48839e+10
-1.47045e+10
-1.44865e+10
-1.36393e+10
-7.80046e+09
-1.49355e+10
-1.49321e+10
-1.49765e+10
-1.50256e+10
-1.50881e+10
-1.51565e+10
-1.52295e+10
-1.53038e+10
-1.5377e+10
-1.54467e+10
-1.5511e+10
-1.55681e+10
-1.56175e+10
-1.56598e+10
-1.56956e+10
-1.5724e+10
-1.57431e+10
-1.57508e+10
-1.5745e+10
-1.57235e+10
-1.56854e+10
-1.56316e+10
-1.55644e+10
-1.54854e+10
-1.53969e+10
-1.53024e+10
-1.5204e+10
-1.51031e+10
-1.50024e+10
-1.49058e+10
-1.48149e+10
-1.47305e+10
-1.46503e+10
-1.45746e+10
-1.45059e+10
-1.44447e+10
-1.43922e+10
-1.43487e+10
-1.43133e+10
-1.42883e+10
-1.42796e+10
-1.42937e+10
-1.4343e+10
-1.44454e+10
-1.45962e+10
-1.47507e+10
-1.49037e+10
-1.48986e+10
-1.49109e+10
-1.48748e+10
-1.47002e+10
-1.44928e+10
-1.36654e+10
-8.04841e+09
-1.48991e+10
-1.48972e+10
-1.4942e+10
-1.49918e+10
-1.50547e+10
-1.51234e+10
-1.51963e+10
-1.52704e+10
-1.53431e+10
-1.54122e+10
-1.54757e+10
-1.55324e+10
-1.55817e+10
-1.56239e+10
-1.56592e+10
-1.56866e+10
-1.57039e+10
-1.57102e+10
-1.57042e+10
-1.56842e+10
-1.56491e+10
-1.55993e+10
-1.55367e+10
-1.54634e+10
-1.53819e+10
-1.52943e+10
-1.52024e+10
-1.51076e+10
-1.50112e+10
-1.4915e+10
-1.48219e+10
-1.47363e+10
-1.46574e+10
-1.45814e+10
-1.45079e+10
-1.44416e+10
-1.43862e+10
-1.43416e+10
-1.43045e+10
-1.42731e+10
-1.42544e+10
-1.42639e+10
-1.43445e+10
-1.44988e+10
-1.47249e+10
-1.51241e+10
-1.5272e+10
-1.5031e+10
-1.50515e+10
-1.51068e+10
-1.50029e+10
-1.48528e+10
-1.40326e+10
-8.44761e+09
-1.4891e+10
-1.48863e+10
-1.49333e+10
-1.49839e+10
-1.50479e+10
-1.51173e+10
-1.51908e+10
-1.52653e+10
-1.53382e+10
-1.54073e+10
-1.54707e+10
-1.55274e+10
-1.55768e+10
-1.56188e+10
-1.56534e+10
-1.56798e+10
-1.56968e+10
-1.57031e+10
-1.5697e+10
-1.56764e+10
-1.56402e+10
-1.55895e+10
-1.55258e+10
-1.54516e+10
-1.53692e+10
-1.52803e+10
-1.51873e+10
-1.50916e+10
-1.49946e+10
-1.48996e+10
-1.48105e+10
-1.47277e+10
-1.46472e+10
-1.4568e+10
-1.44937e+10
-1.44299e+10
-1.43767e+10
-1.43319e+10
-1.42952e+10
-1.42697e+10
-1.42596e+10
-1.42685e+10
-1.43059e+10
-1.44075e+10
-1.46422e+10
-1.4916e+10
-1.51339e+10
-1.50909e+10
-1.51088e+10
-1.51045e+10
-1.50011e+10
-1.49029e+10
-1.41197e+10
-8.41055e+09
-1.48591e+10
-1.48542e+10
-1.49016e+10
-1.49535e+10
-1.50198e+10
-1.50917e+10
-1.5167e+10
-1.52424e+10
-1.53152e+10
-1.53837e+10
-1.54465e+10
-1.55026e+10
-1.55516e+10
-1.55935e+10
-1.56283e+10
-1.56545e+10
-1.56708e+10
-1.56762e+10
-1.56693e+10
-1.56488e+10
-1.56143e+10
-1.55662e+10
-1.55058e+10
-1.54355e+10
-1.53568e+10
-1.52715e+10
-1.51816e+10
-1.50886e+10
-1.49937e+10
-1.48976e+10
-1.48034e+10
-1.47173e+10
-1.46397e+10
-1.45652e+10
-1.44927e+10
-1.44277e+10
-1.43748e+10
-1.4331e+10
-1.42963e+10
-1.4279e+10
-1.42845e+10
-1.43222e+10
-1.44045e+10
-1.45111e+10
-1.46442e+10
-1.52064e+10
-1.57358e+10
-1.53164e+10
-1.53007e+10
-1.53399e+10
-1.52611e+10
-1.52046e+10
-1.46064e+10
-9.48351e+09
-1.48489e+10
-1.4839e+10
-1.48861e+10
-1.49372e+10
-1.50037e+10
-1.50766e+10
-1.51537e+10
-1.52313e+10
-1.53066e+10
-1.53773e+10
-1.54419e+10
-1.54992e+10
-1.55492e+10
-1.55917e+10
-1.56264e+10
-1.56524e+10
-1.56686e+10
-1.5674e+10
-1.56674e+10
-1.56473e+10
-1.5613e+10
-1.55649e+10
-1.55047e+10
-1.54345e+10
-1.53558e+10
-1.52707e+10
-1.5181e+10
-1.50885e+10
-1.49948e+10
-1.49009e+10
-1.48094e+10
-1.47252e+10
-1.46491e+10
-1.45752e+10
-1.45029e+10
-1.444e+10
-1.43925e+10
-1.43567e+10
-1.43299e+10
-1.43173e+10
-1.43265e+10
-1.43629e+10
-1.44289e+10
-1.45426e+10
-1.47272e+10
-1.50028e+10
-1.53212e+10
-1.536e+10
-1.53991e+10
-1.53833e+10
-1.52807e+10
-1.51771e+10
-1.45313e+10
-9.86001e+09
-1.48287e+10
-1.48161e+10
-1.48504e+10
-1.48947e+10
-1.49568e+10
-1.50283e+10
-1.51061e+10
-1.5186e+10
-1.52646e+10
-1.53389e+10
-1.54067e+10
-1.54669e+10
-1.55186e+10
-1.5562e+10
-1.55969e+10
-1.56226e+10
-1.56382e+10
-1.56428e+10
-1.56351e+10
-1.56142e+10
-1.55797e+10
-1.55323e+10
-1.54734e+10
-1.54045e+10
-1.53272e+10
-1.52434e+10
-1.51551e+10
-1.50641e+10
-1.49722e+10
-1.48797e+10
-1.47887e+10
-1.47057e+10
-1.46348e+10
-1.45693e+10
-1.45067e+10
-1.44506e+10
-1.44071e+10
-1.43776e+10
-1.43626e+10
-1.43772e+10
-1.44283e+10
-1.44982e+10
-1.45862e+10
-1.46743e+10
-1.47182e+10
-1.47797e+10
-1.52115e+10
-1.54382e+10
-1.55126e+10
-1.55249e+10
-1.54498e+10
-1.53333e+10
-1.45353e+10
-9.44929e+09
-1.48273e+10
-1.4816e+10
-1.48493e+10
-1.48929e+10
-1.49541e+10
-1.50247e+10
-1.51018e+10
-1.51812e+10
-1.52595e+10
-1.53339e+10
-1.54023e+10
-1.54633e+10
-1.55161e+10
-1.55607e+10
-1.55966e+10
-1.56233e+10
-1.56398e+10
-1.5645e+10
-1.56381e+10
-1.56181e+10
-1.55847e+10
-1.55383e+10
-1.54802e+10
-1.54117e+10
-1.53349e+10
-1.52517e+10
-1.51643e+10
-1.50752e+10
-1.49864e+10
-1.48977e+10
-1.48087e+10
-1.47237e+10
-1.46476e+10
-1.45776e+10
-1.45118e+10
-1.4455e+10
-1.44159e+10
-1.43958e+10
-1.43911e+10
-1.44055e+10
-1.4442e+10
-1.44978e+10
-1.4572e+10
-1.46512e+10
-1.47299e+10
-1.49287e+10
-1.52025e+10
-1.53638e+10
-1.54595e+10
-1.54636e+10
-1.53847e+10
-1.52744e+10
-1.44709e+10
-8.25253e+09
-1.71864e+10
-1.80743e+10
-1.71357e+10
-1.82229e+10
-1.82151e+10
-1.429e+10
-1.62112e+10
-1.43146e+10
-1.27114e+10
-1.27186e+10
-1.71345e+10
-1.8247e+10
-1.61606e+10
-1.82116e+10
-1.82067e+10
-1.4306e+10
-1.55766e+10
-1.43055e+10
-1.27256e+10
-1.27331e+10
-1.82044e+10
-1.7847e+10
-1.72578e+10
-1.78851e+10
-1.72232e+10
-1.2679e+10
-1.26975e+10
-1.64846e+10
-1.42866e+10
-1.65231e+10
-1.4326e+10
-1.81903e+10
-1.7868e+10
-1.72344e+10
-1.78738e+10
-1.71277e+10
-1.26959e+10
-1.27161e+10
-1.65248e+10
-1.4344e+10
-1.64118e+10
-1.43506e+10
-1.65365e+10
-1.70711e+10
-1.65446e+10
-1.74223e+10
-1.67492e+10
-1.74496e+10
-1.67556e+10
-1.54993e+10
-1.5918e+10
-1.55012e+10
-1.58118e+10
-1.51488e+10
-1.58021e+10
-1.51486e+10
-1.65266e+10
-1.7076e+10
-1.64969e+10
-1.74568e+10
-1.67222e+10
-1.75604e+10
-1.66616e+10
-1.54888e+10
-1.58639e+10
-1.54696e+10
-1.57663e+10
-1.51308e+10
-1.5646e+10
-1.50943e+10
-1.80679e+10
-1.79453e+10
-1.80877e+10
-1.80404e+10
-1.81625e+10
-1.80392e+10
-1.81538e+10
-1.39383e+10
-1.5354e+10
-1.63482e+10
-1.5363e+10
-1.39771e+10
-1.43916e+10
-1.4107e+10
-1.44054e+10
-1.35008e+10
-1.40721e+10
-1.35029e+10
-1.40885e+10
-1.8091e+10
-1.79719e+10
-1.81291e+10
-1.80268e+10
-1.81293e+10
-1.80232e+10
-1.81127e+10
-1.38672e+10
-1.53019e+10
-1.61173e+10
-1.52467e+10
-1.39126e+10
-1.44225e+10
-1.41447e+10
-1.44238e+10
-1.35353e+10
-1.41119e+10
-1.35607e+10
-1.41159e+10
-1.80957e+10
-1.7939e+10
-1.80891e+10
-1.77675e+10
-1.79263e+10
-1.77847e+10
-1.7948e+10
-1.83069e+10
-1.8185e+10
-1.81836e+10
-1.8184e+10
-1.83296e+10
-1.3693e+10
-1.36809e+10
-1.40144e+10
-1.3467e+10
-1.40344e+10
-1.39931e+10
-1.42582e+10
-1.40077e+10
-1.4278e+10
-1.80764e+10
-1.79557e+10
-1.80776e+10
-1.781e+10
-1.79627e+10
-1.7839e+10
-1.79863e+10
-1.83067e+10
-1.81963e+10
-1.81725e+10
-1.83954e+10
-1.81873e+10
-1.37276e+10
-1.36794e+10
-1.40658e+10
-1.35375e+10
-1.40669e+10
-1.40502e+10
-1.43057e+10
-1.40641e+10
-1.43049e+10
-1.66641e+10
-1.72214e+10
-1.66786e+10
-1.6816e+10
-1.63324e+10
-1.68311e+10
-1.635e+10
-1.49873e+10
-1.57623e+10
-1.50147e+10
-1.56609e+10
-1.52188e+10
-1.56882e+10
-1.5242e+10
-1.66537e+10
-1.71986e+10
-1.66313e+10
-1.68258e+10
-1.63504e+10
-1.68279e+10
-1.63422e+10
-1.50322e+10
-1.57346e+10
-1.50231e+10
-1.57008e+10
-1.5261e+10
-1.5693e+10
-1.52532e+10
-1.92684e+10
-1.76749e+10
-1.72729e+10
-1.77592e+10
-1.91945e+10
-1.92262e+10
-1.72359e+10
-1.76741e+10
-1.77622e+10
-1.92744e+10
-1.88247e+10
-1.82577e+10
-1.82183e+10
-1.82537e+10
-1.87234e+10
-1.97778e+10
-1.939e+10
-1.86923e+10
-1.82296e+10
-1.82089e+10
-1.8252e+10
-1.88468e+10
-1.9552e+10
-1.99634e+10
-1.3906e+10
-1.62989e+10
-1.52975e+10
-1.53441e+10
-1.38958e+10
-1.31532e+10
-1.318e+10
-1.28991e+10
-1.29914e+10
-1.26249e+10
-1.2946e+10
-1.29222e+10
-1.31101e+10
-1.31066e+10
-1.28916e+10
-1.29985e+10
-1.26581e+10
-1.29687e+10
-1.28773e+10
-1.91225e+10
-1.76849e+10
-1.70334e+10
-1.76641e+10
-1.9255e+10
-1.90903e+10
-1.66639e+10
-1.72127e+10
-1.74833e+10
-1.9251e+10
-1.88635e+10
-1.82475e+10
-1.82141e+10
-1.88776e+10
-1.82702e+10
-1.9392e+10
-1.97206e+10
-1.87554e+10
-1.8198e+10
-1.82313e+10
-1.82403e+10
-1.84307e+10
-1.93012e+10
-1.91824e+10
-1.38408e+10
-1.58728e+10
-1.50082e+10
-1.51097e+10
-1.38239e+10
-1.31054e+10
-1.31221e+10
-1.28997e+10
-1.30143e+10
-1.26745e+10
-1.28872e+10
-1.29996e+10
-1.30944e+10
-1.30852e+10
-1.28645e+10
-1.30188e+10
-1.26249e+10
-1.29657e+10
-1.28699e+10
-1.8603e+10
-1.85345e+10
-1.83324e+10
-1.81849e+10
-1.81965e+10
-1.81907e+10
-1.83751e+10
-1.85443e+10
-1.88584e+10
-1.84606e+10
-1.75527e+10
-1.732e+10
-1.76048e+10
-1.85192e+10
-1.84451e+10
-1.73033e+10
-1.75141e+10
-1.84217e+10
-1.76003e+10
-1.32265e+10
-1.26171e+10
-1.30348e+10
-1.30024e+10
-1.32021e+10
-1.36621e+10
-1.36718e+10
-1.32258e+10
-1.26514e+10
-1.30443e+10
-1.30213e+10
-1.32128e+10
-1.45141e+10
-1.55452e+10
-1.65815e+10
-1.55903e+10
-1.44749e+10
-1.44899e+10
-1.65661e+10
-1.55862e+10
-1.45181e+10
-1.56003e+10
-1.84129e+10
-1.87081e+10
-1.82644e+10
-1.82147e+10
-1.81869e+10
-1.81765e+10
-1.83288e+10
-1.87113e+10
-1.84326e+10
-1.82666e+10
-1.75289e+10
-1.7256e+10
-1.84078e+10
-1.75252e+10
-1.81796e+10
-1.71935e+10
-1.73909e+10
-1.74043e+10
-1.82597e+10
-1.32563e+10
-1.26634e+10
-1.30719e+10
-1.32211e+10
-1.30622e+10
-1.3739e+10
-1.37168e+10
-1.32546e+10
-1.2618e+10
-1.30834e+10
-1.30394e+10
-1.32213e+10
-1.4542e+10
-1.55837e+10
-1.65314e+10
-1.45248e+10
-1.55802e+10
-1.45626e+10
-1.65149e+10
-1.55213e+10
-1.55691e+10
-1.44867e+10
-1.85049e+10
-1.79902e+10
-1.8035e+10
-1.83325e+10
-1.80229e+10
-1.83397e+10
-1.85216e+10
-1.85802e+10
-1.80017e+10
-1.81043e+10
-1.83342e+10
-1.8061e+10
-1.85287e+10
-1.8401e+10
-1.85024e+10
-1.80751e+10
-1.80183e+10
-1.83431e+10
-1.80743e+10
-1.83478e+10
-1.84991e+10
-1.37224e+10
-1.45162e+10
-1.42765e+10
-1.36714e+10
-1.45095e+10
-1.36338e+10
-1.3723e+10
-1.37256e+10
-1.42819e+10
-1.45242e+10
-1.36671e+10
-1.45141e+10
-1.36423e+10
-1.37187e+10
-1.86168e+10
-1.82079e+10
-1.83646e+10
-1.8351e+10
-1.81535e+10
-1.83772e+10
-1.86261e+10
-1.37204e+10
-1.45142e+10
-1.42907e+10
-1.36803e+10
-1.44876e+10
-1.37296e+10
-1.36639e+10
-1.36738e+10
-1.42723e+10
-1.44244e+10
-1.36798e+10
-1.443e+10
-1.36422e+10
-1.36515e+10
-1.81821e+10
-1.8165e+10
-1.77631e+10
-1.78528e+10
-1.81654e+10
-1.78014e+10
-1.82124e+10
-1.81912e+10
-1.81845e+10
-1.78776e+10
-1.77787e+10
-1.81805e+10
-1.81514e+10
-1.78194e+10
-1.3995e+10
-1.37317e+10
-1.46156e+10
-1.42777e+10
-1.37146e+10
-1.46283e+10
-1.39675e+10
-1.40036e+10
-1.37519e+10
-1.42951e+10
-1.46632e+10
-1.37279e+10
-1.40035e+10
-1.46478e+10
-1.80928e+10
-1.81701e+10
-1.77751e+10
-1.78641e+10
-1.81426e+10
-1.81919e+10
-1.77335e+10
-1.80085e+10
-1.82036e+10
-1.78688e+10
-1.76884e+10
-1.82352e+10
-1.76542e+10
-1.81102e+10
-1.40287e+10
-1.37747e+10
-1.46757e+10
-1.43336e+10
-1.40225e+10
-1.377e+10
-1.46654e+10
-1.40256e+10
-1.37911e+10
-1.43341e+10
-1.46508e+10
-1.37636e+10
-1.46573e+10
-1.39932e+10
-1.53943e+10
-1.45317e+10
-1.47321e+10
-1.39625e+10
-1.45387e+10
-1.53643e+10
-1.47891e+10
-1.62822e+10
-1.70235e+10
-1.71477e+10
-1.62155e+10
-1.64541e+10
-1.72353e+10
-1.73132e+10
-1.64024e+10
-1.5319e+10
-1.39275e+10
-1.45257e+10
-1.46925e+10
-1.45128e+10
-1.47295e+10
-1.52379e+10
-1.52032e+10
-1.44356e+10
-1.38799e+10
-1.45855e+10
-1.4451e+10
-1.51685e+10
-1.46228e+10
-1.61819e+10
-1.69993e+10
-1.61998e+10
-1.70057e+10
-1.52429e+10
-1.38995e+10
-1.44915e+10
-1.46634e+10
-1.52579e+10
-1.44763e+10
-1.46461e+10
-1.61512e+10
-1.68589e+10
-1.69816e+10
-1.60903e+10
-1.82014e+10
-1.82986e+10
-1.82208e+10
-1.83318e+10
-1.83615e+10
-1.82236e+10
-1.82152e+10
-1.81737e+10
-1.81821e+10
-1.81874e+10
-1.81777e+10
-1.81757e+10
-1.81934e+10
-1.81868e+10
-1.81892e+10
-1.82044e+10
-1.83126e+10
-1.82689e+10
-1.82372e+10
-1.82801e+10
-1.82289e+10
-1.82256e+10
-1.37039e+10
-1.36679e+10
-1.83054e+10
-1.84398e+10
-1.82828e+10
-1.82304e+10
-1.85832e+10
-1.83379e+10
-1.8192e+10
-1.82559e+10
-1.82358e+10
-1.82445e+10
-1.82579e+10
-1.82595e+10
-1.8253e+10
-1.82462e+10
-1.82787e+10
-1.83123e+10
-1.83672e+10
-1.85764e+10
-1.82306e+10
-1.83266e+10
-1.85277e+10
-1.82258e+10
-1.37614e+10
-1.37101e+10
-1.89125e+10
-1.86018e+10
-1.97491e+10
-1.92977e+10
-1.85985e+10
-1.89094e+10
-1.98743e+10
-1.86504e+10
-1.7909e+10
-1.80667e+10
-1.8427e+10
-1.86748e+10
-1.8107e+10
-1.81665e+10
-1.86597e+10
-1.8981e+10
-1.93088e+10
-1.85479e+10
-1.96397e+10
-1.86369e+10
-1.98119e+10
-1.87329e+10
-1.88001e+10
-1.85552e+10
-1.98169e+10
-1.92881e+10
-1.8852e+10
-1.85486e+10
-1.98973e+10
-1.84703e+10
-1.79117e+10
-1.79439e+10
-1.84871e+10
-1.85415e+10
-1.81407e+10
-1.86302e+10
-1.8042e+10
-1.87577e+10
-1.92882e+10
-1.84527e+10
-1.98315e+10
-1.84711e+10
-2.00473e+10
-1.87493e+10
-1.83202e+10
-1.84044e+10
-1.87036e+10
-1.87893e+10
-1.84072e+10
-1.86388e+10
-1.83393e+10
-1.82465e+10
-1.82149e+10
-1.82186e+10
-1.82475e+10
-1.82616e+10
-1.82289e+10
-1.82194e+10
-1.82777e+10
-1.82963e+10
-1.87508e+10
-1.84224e+10
-1.86317e+10
-1.84174e+10
-1.88493e+10
-1.83397e+10
-1.97391e+10
-1.94848e+10
-1.83223e+10
-1.83899e+10
-1.86756e+10
-1.85841e+10
-1.83658e+10
-1.83503e+10
-1.85453e+10
-1.82789e+10
-1.82582e+10
-1.83197e+10
-1.82446e+10
-1.83255e+10
-1.88809e+10
-1.8404e+10
-1.87523e+10
-1.83476e+10
-1.87628e+10
-1.83924e+10
-1.82757e+10
-1.82235e+10
-1.82771e+10
-1.82369e+10
-1.96428e+10
-2.01373e+10
-1.52878e+10
-1.45107e+10
-1.46771e+10
-1.38891e+10
-1.53255e+10
-1.44938e+10
-1.46658e+10
-1.62311e+10
-1.703e+10
-1.62169e+10
-1.7081e+10
-1.63095e+10
-1.71982e+10
-1.63525e+10
-1.71782e+10
-1.52637e+10
-1.38864e+10
-1.44786e+10
-1.46508e+10
-1.52562e+10
-1.44762e+10
-1.46555e+10
-1.31741e+10
-1.31206e+10
-1.238e+10
-1.29114e+10
-1.23112e+10
-1.28811e+10
-1.28923e+10
-1.22803e+10
-1.23993e+10
-1.20664e+10
-1.20407e+10
-1.19372e+10
-1.21652e+10
-1.21202e+10
-1.20798e+10
-1.21619e+10
-1.20065e+10
-1.23323e+10
-1.28276e+10
-1.29155e+10
-1.22998e+10
-1.28669e+10
-1.22096e+10
-1.24279e+10
-1.31084e+10
-1.31047e+10
-1.24142e+10
-1.292e+10
-1.28695e+10
-1.22922e+10
-1.29107e+10
-1.24049e+10
-1.22751e+10
-1.21519e+10
-1.20531e+10
-1.21469e+10
-1.2046e+10
-1.23948e+10
-1.28572e+10
-1.29113e+10
-1.2274e+10
-1.28976e+10
-1.22692e+10
-1.23907e+10
-1.21708e+10
-1.20841e+10
-1.21688e+10
-1.20703e+10
-1.87161e+10
-1.85467e+10
-1.91684e+10
-1.94532e+10
-1.85492e+10
-1.86309e+10
-1.96001e+10
-1.84696e+10
-1.79219e+10
-1.79259e+10
-1.85097e+10
-1.87791e+10
-1.92095e+10
-1.85398e+10
-1.97085e+10
-1.8554e+10
-1.87983e+10
-1.96846e+10
-1.84211e+10
-1.77143e+10
-1.78802e+10
-1.82747e+10
-1.82866e+10
-1.85024e+10
-1.92883e+10
-1.91714e+10
-1.84148e+10
-1.86726e+10
-1.92916e+10
-1.64597e+10
-1.62441e+10
-1.63653e+10
-1.64319e+10
-1.72145e+10
-1.73435e+10
-1.78352e+10
-1.68364e+10
-1.85048e+10
-1.9161e+10
-1.90264e+10
-1.93614e+10
-1.88155e+10
-1.97159e+10
-1.83194e+10
-1.85017e+10
-1.89161e+10
-1.85674e+10
-1.87828e+10
-1.8534e+10
-1.88808e+10
-1.85304e+10
-1.83647e+10
-1.8283e+10
-1.82923e+10
-1.83589e+10
-1.84806e+10
-1.89192e+10
-1.8491e+10
-1.87656e+10
-1.85064e+10
-1.84665e+10
-1.88681e+10
-1.83793e+10
-1.83058e+10
-1.82943e+10
-1.83982e+10
-1.95405e+10
-1.96692e+10
-1.83552e+10
-1.84877e+10
-1.8625e+10
-1.87157e+10
-1.84019e+10
-1.84588e+10
-1.85168e+10
-1.82649e+10
-1.8237e+10
-1.8245e+10
-1.82437e+10
-1.83096e+10
-1.82922e+10
-1.83802e+10
-1.82294e+10
-1.82756e+10
-1.86263e+10
-1.82275e+10
-1.83462e+10
-1.82807e+10
-1.85082e+10
-1.82465e+10
-1.92855e+10
-1.92541e+10
-1.50585e+10
-1.43839e+10
-1.45557e+10
-1.38353e+10
-1.51062e+10
-1.43565e+10
-1.45445e+10
-1.55965e+10
-1.59818e+10
-1.60981e+10
-1.55197e+10
-1.58446e+10
-1.6644e+10
-1.59594e+10
-1.64195e+10
-1.49321e+10
-1.37756e+10
-1.43014e+10
-1.44165e+10
-1.42931e+10
-1.44506e+10
-1.48542e+10
-1.31222e+10
-1.31211e+10
-1.24301e+10
-1.28853e+10
-1.29318e+10
-1.22852e+10
-1.29251e+10
-1.22816e+10
-1.24114e+10
-1.2172e+10
-1.20628e+10
-1.21534e+10
-1.20691e+10
-1.24113e+10
-1.28759e+10
-1.29202e+10
-1.22781e+10
-1.23954e+10
-1.29137e+10
-1.22807e+10
-1.21796e+10
-1.20744e+10
-1.21617e+10
-1.20806e+10
-1.30827e+10
-1.30207e+10
-1.2346e+10
-1.28945e+10
-1.22485e+10
-1.28323e+10
-1.28713e+10
-1.23672e+10
-1.22048e+10
-1.20251e+10
-1.19965e+10
-1.18768e+10
-1.21277e+10
-1.20627e+10
-1.20105e+10
-1.21079e+10
-1.19212e+10
-1.22946e+10
-1.27678e+10
-1.28964e+10
-1.22451e+10
-1.28398e+10
-1.21363e+10
-1.2399e+10
-1.86809e+10
-1.85848e+10
-1.82582e+10
-1.83448e+10
-1.82298e+10
-1.83618e+10
-1.82271e+10
-1.8449e+10
-1.82429e+10
-1.82238e+10
-1.82209e+10
-1.82465e+10
-1.82091e+10
-1.81929e+10
-1.81934e+10
-1.81881e+10
-1.81981e+10
-1.83108e+10
-1.83109e+10
-1.86672e+10
-1.82268e+10
-1.83453e+10
-1.87002e+10
-1.82197e+10
-1.86727e+10
-1.89838e+10
-1.83006e+10
-1.86623e+10
-1.81498e+10
-1.84641e+10
-1.86769e+10
-1.81593e+10
-1.82956e+10
-1.82762e+10
-1.79308e+10
-1.80233e+10
-1.81777e+10
-1.82711e+10
-1.79893e+10
-1.82463e+10
-1.80527e+10
-1.831e+10
-1.85015e+10
-1.86965e+10
-1.81328e+10
-1.87438e+10
-1.8144e+10
-1.82471e+10
-1.82894e+10
-1.86225e+10
-1.84739e+10
-1.81732e+10
-1.87577e+10
-1.83097e+10
-1.81623e+10
-1.81125e+10
-1.78271e+10
-1.7844e+10
-1.81083e+10
-1.818e+10
-1.79569e+10
-1.8228e+10
-1.79159e+10
-1.82551e+10
-1.84547e+10
-1.87279e+10
-1.80165e+10
-1.88183e+10
-1.8059e+10
-1.82017e+10
-1.24296e+10
-1.24362e+10
-1.31053e+10
-1.32028e+10
-1.23825e+10
-1.24547e+10
-1.30827e+10
-1.20924e+10
-1.20403e+10
-1.19586e+10
-1.21711e+10
-1.21297e+10
-1.20642e+10
-1.20029e+10
-1.21679e+10
-1.23716e+10
-1.31472e+10
-1.24225e+10
-1.30823e+10
-1.23364e+10
-1.30462e+10
-1.24806e+10
-1.36795e+10
-1.36901e+10
-1.2474e+10
-1.24262e+10
-1.3115e+10
-1.32111e+10
-1.24645e+10
-1.23991e+10
-1.31028e+10
-1.21628e+10
-1.20343e+10
-1.20318e+10
-1.21501e+10
-1.21801e+10
-1.20664e+10
-1.20543e+10
-1.21732e+10
-1.24434e+10
-1.32038e+10
-1.24014e+10
-1.31018e+10
-1.2409e+10
-1.30861e+10
-1.24381e+10
-1.59571e+10
-1.54905e+10
-1.49861e+10
-1.45162e+10
-1.5528e+10
-1.49786e+10
-1.59412e+10
-1.67471e+10
-1.73187e+10
-1.74212e+10
-1.66732e+10
-1.68737e+10
-1.74565e+10
-1.75278e+10
-1.68272e+10
-1.59007e+10
-1.44771e+10
-1.53908e+10
-1.49297e+10
-1.54791e+10
-1.49406e+10
-1.57698e+10
-1.59086e+10
-1.54521e+10
-1.44929e+10
-1.49791e+10
-1.54735e+10
-1.59137e+10
-1.49776e+10
-1.67239e+10
-1.73057e+10
-1.73296e+10
-1.67209e+10
-1.67696e+10
-1.7416e+10
-1.73996e+10
-1.67867e+10
-1.58999e+10
-1.44968e+10
-1.54802e+10
-1.49867e+10
-1.54651e+10
-1.49703e+10
-1.58982e+10
-1.8574e+10
-1.86836e+10
-1.84679e+10
-1.86725e+10
-1.82671e+10
-1.70362e+10
-1.8447e+10
-1.91815e+10
-1.80644e+10
-1.81905e+10
-1.82121e+10
-1.82021e+10
-1.82114e+10
-1.81751e+10
-1.82357e+10
-1.82758e+10
-1.81255e+10
-1.83637e+10
-1.81148e+10
-1.844e+10
-1.82062e+10
-1.83595e+10
-1.81877e+10
-1.82512e+10
-2.01568e+10
-1.84877e+10
-1.81471e+10
-1.83176e+10
-1.83959e+10
-1.80134e+10
-1.84477e+10
-1.8054e+10
-1.81413e+10
-1.81054e+10
-1.7854e+10
-1.81295e+10
-1.78943e+10
-1.81768e+10
-1.83921e+10
-1.86494e+10
-1.807e+10
-1.82277e+10
-1.85834e+10
-1.80673e+10
-1.81024e+10
-1.78858e+10
-1.80942e+10
-1.79097e+10
-1.80369e+10
-1.85873e+10
-1.78642e+10
-1.81434e+10
-1.83635e+10
-1.80847e+10
-1.78546e+10
-1.80843e+10
-1.78138e+10
-1.79152e+10
-1.79873e+10
-1.80737e+10
-1.78523e+10
-1.80874e+10
-1.79418e+10
-1.80853e+10
-1.82203e+10
-1.83366e+10
-1.78851e+10
-1.83731e+10
-1.79229e+10
-1.80089e+10
-1.24789e+10
-1.24108e+10
-1.32444e+10
-1.31482e+10
-1.24015e+10
-1.24635e+10
-1.31289e+10
-1.21838e+10
-1.20508e+10
-1.20538e+10
-1.21631e+10
-1.21701e+10
-1.20382e+10
-1.20474e+10
-1.21454e+10
-1.24617e+10
-1.3224e+10
-1.23981e+10
-1.31213e+10
-1.24e+10
-1.24485e+10
-1.31182e+10
-1.37914e+10
-1.37346e+10
-1.24017e+10
-1.23836e+10
-1.31363e+10
-1.32518e+10
-1.24266e+10
-1.23622e+10
-1.31195e+10
-1.19853e+10
-1.19706e+10
-1.18582e+10
-1.20934e+10
-1.20363e+10
-1.19772e+10
-1.18962e+10
-1.20912e+10
-1.23389e+10
-1.31737e+10
-1.24123e+10
-1.31168e+10
-1.23322e+10
-1.3076e+10
-1.24633e+10
-1.59362e+10
-1.45305e+10
-1.55588e+10
-1.49961e+10
-1.5563e+10
-1.49784e+10
-1.59519e+10
-1.67547e+10
-1.73318e+10
-1.6733e+10
-1.73646e+10
-1.59219e+10
-1.45149e+10
-1.54808e+10
-1.49882e+10
-1.54975e+10
-1.59015e+10
-1.49765e+10
-1.67901e+10
-1.73974e+10
-1.74116e+10
-1.67971e+10
-1.59996e+10
-1.55755e+10
-1.50038e+10
-1.45588e+10
-1.56401e+10
-1.59776e+10
-1.49819e+10
-1.675e+10
-1.72725e+10
-1.73842e+10
-1.66597e+10
-1.68828e+10
-1.74099e+10
-1.7495e+10
-1.68225e+10
-1.59333e+10
-1.45004e+10
-1.54511e+10
-1.49284e+10
-1.55741e+10
-1.49341e+10
-1.57835e+10
)
;

boundaryField
{
    inlet
    {
        type            zeroGradient;
    }
    outlet
    {
        type            fixedValue;
        value           uniform 101325;
    }
    rightSide
    {
        type            symmetryPlane;
    }
    leftSide
    {
        type            symmetryPlane;
    }
    duct
    {
        type            zeroGradient;
    }
    cylinder
    {
        type            zeroGradient;
    }
}


// ************************************************************************* //
