/*--------------------------------*- C++ -*----------------------------------*\
| =========                 |                                                 |
| \\      /  F ield         | OpenFOAM: The Open Source CFD Toolbox           |
|  \\    /   O peration     | Version:  4.1                                   |
|   \\  /    A nd           | Web:      www.OpenFOAM.org                      |
|    \\/     M anipulation  |                                                 |
\*---------------------------------------------------------------------------*/
FoamFile
{
    version     2.0;
    format      ascii;
    class       volScalarField;
    location    "8";
    object      epsilon;
}
// * * * * * * * * * * * * * * * * * * * * * * * * * * * * * * * * * * * * * //

dimensions      [0 2 -3 0 0 0 0];

internalField   nonuniform List<scalar> 
4432
(
0.000386714
0.000429291
0.000475983
0.000536026
0.000584941
0.000648157
0.000704575
0.000753034
0.000807295
0.000853924
0.000886297
0.000958971
0.0010209
0.00108517
0.00115771
0.00124776
0.00128792
0.00169432
0.00217377
0.00299025
0.00218032
0.00236912
0.00259998
0.00274013
0.00241908
0.00254157
0.00271243
0.00307688
0.00304273
0.00253616
0.00290263
0.00247012
0.00266658
0.00320263
0.0036487
0.00258132
0.00282294
0.00242014
0.00148437
0.00161932
0.0012936
0.00118462
0.00117295
0.00146333
0.00144166
0.0013546
0.00125271
0.00106888
0.000728957
0.000733735
0.000881541
0.00324499
9.70895e-05
0.024793
0.000388498
0.000427049
0.000476609
0.000523865
0.000587082
0.00063254
0.000693558
0.000742267
0.000796378
0.000833472
0.000896833
0.000952881
0.0010045
0.00104689
0.00111607
0.00114749
0.00135819
0.00150404
0.00181894
0.00229837
0.00175491
0.00189297
0.00201004
0.00207638
0.00188221
0.00222726
0.00262735
0.00265434
0.00266905
0.00213924
0.00258473
0.00191081
0.00259001
0.00306876
0.0036677
0.00251659
0.00287487
0.00244584
0.00138362
0.00151132
0.00122153
0.00108009
0.000951077
0.00105039
0.00115108
0.000988196
0.000554308
0.000620594
0.000593782
0.000651689
0.000848449
0.0033512
1.26947e-05
0.0244932
0.0577109
0.00129159
0.000520641
0.000171212
0.000235902
0.000166663
9.54176e-05
4.73948e-05
5.24309e-05
5.24563e-05
3.69994e-05
9.34344e-05
6.38944e-05
0.000216334
0.000282115
0.000356512
0.000378836
0.00141913
0.00491064
0.00898762
0.0103874
0.0158539
0.0263979
0.0313286
0.0196833
0.0067503
0.0129513
0.0131405
0.00971437
0.0152488
0.0191453
0.0168744
0.0230644
0.0236354
0.00463713
0.00128892
0.00215283
0.000767403
0.0013776
0.00133955
0.00077032
0.000761017
0.000810128
0.000926193
0.00101236
0.00110497
0.00045475
0.00377817
0.00737529
0.0220407
0.055396
0.12565
0.227822
0.211094
0.0577133
0.00127688
0.000515406
0.000167572
0.000237873
0.000136011
6.47769e-05
5.00724e-05
1.9688e-05
7.7355e-05
9.56227e-05
0.000117934
0.000151286
0.000196385
0.000149772
0.000409194
0.000635472
0.00154848
0.0053434
0.00903873
0.0083432
0.011953
0.01677
0.0163438
0.00805029
0.00311724
0.00520831
0.00580785
0.00230404
0.00437135
0.00491465
0.00477548
0.0054484
0.00441499
0.00108699
0.000343791
0.000358488
9.7546e-05
0.000144145
0.000146479
0.000155213
0.000193336
0.00024403
0.000332759
0.000456994
0.00049061
0.000707989
0.00262133
0.00747033
0.0216995
0.0598284
0.140644
0.255473
0.239012
0.0576422
0.000514986
2.93762e-06
1.61457e-07
1.59623e-07
1.61552e-07
1.61638e-07
1.62318e-07
1.70673e-07
1.86251e-07
2.2427e-07
3.68758e-07
6.97243e-07
2.06386e-06
8.10462e-06
2.31786e-05
8.37689e-05
0.000305204
0.000863716
0.00128128
0.00103229
0.00160184
0.00277816
0.00387028
0.00287956
0.000847649
0.00220322
0.00282167
0.00412323
0.0036175
0.00545088
0.0037938
0.00464082
0.00433144
0.00055937
6.20215e-05
0.000162453
0.00011392
3.38271e-05
5.14737e-05
4.03188e-05
8.39184e-05
0.000103929
5.21595e-05
4.56119e-05
2.89171e-05
1.70895e-05
3.98358e-05
1.20453e-05
8.65923e-06
0.000646439
0.00245414
0.00399991
0.00854992
0.057645
0.000514886
2.92777e-06
1.60997e-07
1.59677e-07
1.59497e-07
1.58682e-07
1.59529e-07
1.64834e-07
1.94554e-07
2.61344e-07
3.89623e-07
9.07968e-07
1.80559e-06
6.16737e-06
2.49252e-05
9.05395e-05
0.000346683
0.000905958
0.00138036
0.000945904
0.00159099
0.00245457
0.00322173
0.00216846
0.000966409
0.00138244
0.00225171
0.0031315
0.0034204
0.0054548
0.003143
0.00323025
0.00124186
0.000366339
6.89961e-05
5.58067e-05
2.37109e-05
3.19925e-06
9.64968e-07
4.48404e-07
3.48714e-07
1.70536e-07
2.03858e-07
1.04056e-06
1.27861e-06
3.62215e-06
2.67907e-05
3.70673e-06
1.29092e-05
0.000415995
0.00221941
0.00331737
0.00886726
0.0576396
0.000514909
2.5043e-06
1.50127e-07
1.48989e-07
1.49075e-07
1.49135e-07
1.49316e-07
1.492e-07
1.49193e-07
1.49434e-07
1.49243e-07
1.492e-07
1.49393e-07
1.50192e-07
1.56184e-07
2.25761e-07
1.31358e-06
2.56918e-05
0.000224569
0.000228989
0.000275569
0.000404948
0.000643879
0.000602603
0.000178172
0.000618002
0.000721963
0.00110732
0.00100792
0.00200475
0.00264173
0.00204158
0.00130695
0.00015175
1.91218e-05
1.44832e-05
4.69494e-06
1.90554e-06
1.44015e-06
8.78027e-07
1.13084e-06
5.95466e-07
3.67131e-07
5.08414e-07
2.16395e-07
2.19553e-07
1.39986e-06
2.25834e-07
6.00716e-06
1.22914e-05
1.36574e-05
0.000113404
0.00283881
0.0576425
0.000514826
2.49977e-06
1.50094e-07
1.48961e-07
1.48998e-07
1.49193e-07
1.49155e-07
1.49146e-07
1.49477e-07
1.49231e-07
1.49082e-07
1.49164e-07
1.4929e-07
1.50142e-07
1.55824e-07
2.34079e-07
1.55542e-06
2.76693e-05
0.000313503
0.00026049
0.000273345
0.00035536
0.0005327
0.000439711
0.000111708
0.000314329
0.000372207
0.000531904
0.000684027
0.00127701
0.000908245
0.00119275
0.000321735
6.14327e-05
5.27875e-06
1.83564e-06
1.08252e-06
1.50227e-07
1.5018e-07
1.50712e-07
1.5081e-07
1.5131e-07
1.51034e-07
1.50374e-07
1.50552e-07
1.50313e-07
1.51447e-07
1.39109e-06
1.90326e-06
2.57821e-06
7.95537e-06
0.00025333
0.00263871
0.0576366
0.000514872
2.50671e-06
1.50197e-07
1.49195e-07
1.49035e-07
1.49029e-07
1.49134e-07
1.49322e-07
1.49272e-07
1.49237e-07
1.49612e-07
1.49195e-07
1.49114e-07
1.49406e-07
1.49367e-07
1.49381e-07
1.49889e-07
1.67069e-07
6.4545e-07
1.44229e-06
3.73597e-06
1.13835e-05
9.77009e-05
0.000302091
8.82782e-06
0.000163188
0.000145667
0.000274313
0.000193116
0.000300056
0.000476052
0.000406742
0.000310832
3.54967e-05
1.21271e-06
2.30116e-07
1.73869e-07
1.54996e-07
1.51054e-07
1.50008e-07
1.50687e-07
1.50836e-07
1.52404e-07
1.51823e-07
1.51305e-07
1.50417e-07
1.57931e-07
1.51247e-07
1.49573e-07
1.5189e-07
1.58709e-07
2.05385e-06
6.08316e-06
0.0576393
0.000514801
2.52083e-06
1.5019e-07
1.49171e-07
1.49024e-07
1.49012e-07
1.49191e-07
1.49186e-07
1.49203e-07
1.49392e-07
1.49249e-07
1.49179e-07
1.4951e-07
1.49427e-07
1.49457e-07
1.49613e-07
1.49478e-07
1.58657e-07
4.71829e-07
2.8272e-06
5.02736e-06
1.23267e-05
9.63847e-05
0.000166375
2.82488e-05
0.000134855
8.14612e-05
0.000141618
0.000150896
0.000269955
0.000195224
0.000299894
5.78243e-05
3.76591e-05
7.79134e-08
1.50008e-07
1.49913e-07
1.49871e-07
1.50051e-07
1.50589e-07
1.50758e-07
1.50629e-07
1.50903e-07
1.50304e-07
1.50709e-07
1.50109e-07
1.51097e-07
1.52111e-07
1.49983e-07
1.76697e-07
8.77473e-07
2.41348e-06
6.74093e-06
0.0576316
0.000514934
2.56242e-06
1.50328e-07
1.49129e-07
1.492e-07
1.49201e-07
1.49273e-07
1.4953e-07
1.4926e-07
1.49211e-07
1.49617e-07
1.49201e-07
1.49133e-07
1.49363e-07
1.49355e-07
1.49415e-07
1.49364e-07
1.49387e-07
1.49655e-07
1.50429e-07
1.54103e-07
1.82812e-07
6.16106e-07
9.03463e-06
2.28873e-07
1.16359e-05
3.27795e-05
7.30821e-05
3.18076e-05
7.91362e-05
0.000158245
0.000128121
0.000104141
1.18402e-05
1.23473e-07
1.49422e-07
1.49391e-07
1.49484e-07
1.49411e-07
1.49422e-07
1.49504e-07
1.50123e-07
1.51441e-07
1.51833e-07
1.51183e-07
1.49981e-07
1.50085e-07
1.50324e-07
1.50328e-07
1.5201e-07
1.63425e-07
9.04807e-07
3.38173e-06
0.0576345
0.000514865
2.55804e-06
1.50292e-07
1.49036e-07
1.491e-07
1.49088e-07
1.49158e-07
1.49506e-07
1.49228e-07
1.49208e-07
1.4958e-07
1.49345e-07
1.49346e-07
1.49173e-07
1.49131e-07
1.4929e-07
1.49302e-07
1.49391e-07
1.4962e-07
1.51519e-07
1.52871e-07
1.68046e-07
6.54624e-07
2.91359e-06
4.99516e-07
1.16159e-05
1.18759e-05
2.6804e-05
1.39061e-05
9.47092e-05
9.26876e-05
0.000127853
5.00836e-05
2.485e-06
1.49585e-07
1.49446e-07
1.4926e-07
1.49485e-07
1.49601e-07
1.49586e-07
1.49724e-07
1.49842e-07
1.50268e-07
1.50017e-07
1.50209e-07
1.502e-07
1.50426e-07
1.50305e-07
1.50161e-07
1.50666e-07
1.64362e-07
1.10999e-06
3.79806e-06
0.0576274
0.000514904
2.56638e-06
1.50336e-07
1.49133e-07
1.49226e-07
1.49434e-07
1.49194e-07
1.49191e-07
1.49666e-07
1.49245e-07
1.4926e-07
1.49647e-07
1.49267e-07
1.49209e-07
1.49329e-07
1.49406e-07
1.49264e-07
1.49209e-07
1.4964e-07
1.49644e-07
1.49516e-07
1.49489e-07
1.50298e-07
1.62314e-07
1.50165e-07
1.67605e-07
3.52346e-07
1.50575e-06
4.97642e-07
9.69054e-07
5.70166e-06
1.25076e-05
6.49367e-06
2.48999e-07
1.50005e-07
1.49484e-07
1.4949e-07
1.49806e-07
1.49982e-07
1.49759e-07
1.50309e-07
1.50575e-07
1.50772e-07
1.50881e-07
1.50338e-07
1.50214e-07
1.49837e-07
1.49687e-07
1.49532e-07
1.50254e-07
1.51255e-07
1.63009e-07
4.85967e-07
0.05763
0.00051483
2.5618e-06
1.50301e-07
1.49038e-07
1.49101e-07
1.49107e-07
1.49165e-07
1.49237e-07
1.49429e-07
1.49205e-07
1.49223e-07
1.49592e-07
1.49236e-07
1.49175e-07
1.49282e-07
1.4937e-07
1.49246e-07
1.49197e-07
1.49548e-07
1.49225e-07
1.49232e-07
1.49487e-07
1.4972e-07
1.54342e-07
1.50362e-07
1.81199e-07
1.98435e-07
2.83443e-07
1.87587e-07
2.31081e-06
4.26004e-06
5.69968e-06
5.5018e-07
1.50126e-07
1.49913e-07
1.49479e-07
1.49459e-07
1.49925e-07
1.49954e-07
1.49549e-07
1.50089e-07
1.49756e-07
1.49932e-07
1.50424e-07
1.49933e-07
1.49883e-07
1.50253e-07
1.50192e-07
1.50013e-07
1.50166e-07
1.51071e-07
1.75304e-07
5.48189e-07
0.057621
0.000514968
2.52026e-06
1.50136e-07
1.48985e-07
1.49059e-07
1.49059e-07
1.49137e-07
1.49484e-07
1.49215e-07
1.49118e-07
1.49336e-07
1.49342e-07
1.49622e-07
1.49282e-07
1.493e-07
1.49703e-07
1.49704e-07
1.49272e-07
1.49304e-07
1.49495e-07
1.49495e-07
1.49491e-07
1.49647e-07
1.49391e-07
1.49392e-07
1.49497e-07
1.50341e-07
1.52167e-07
1.50323e-07
1.51496e-07
1.66665e-07
2.00575e-07
1.58681e-07
1.49926e-07
1.49716e-07
1.4985e-07
1.49633e-07
1.49703e-07
1.49654e-07
1.49644e-07
1.50257e-07
1.50218e-07
1.50689e-07
1.51091e-07
1.5024e-07
1.50119e-07
1.49962e-07
1.49658e-07
1.49338e-07
1.50002e-07
1.5122e-07
1.69799e-07
6.43918e-07
0.0576238
0.000514893
2.51555e-06
1.5011e-07
1.48965e-07
1.49103e-07
1.49165e-07
1.49182e-07
1.49451e-07
1.4918e-07
1.49083e-07
1.49302e-07
1.49306e-07
1.49617e-07
1.49203e-07
1.49202e-07
1.49581e-07
1.49599e-07
1.49231e-07
1.4926e-07
1.49335e-07
1.49276e-07
1.49604e-07
1.49497e-07
1.49392e-07
1.49702e-07
1.49845e-07
1.49486e-07
1.49619e-07
1.49922e-07
1.5136e-07
1.5644e-07
1.56022e-07
1.49657e-07
1.49626e-07
1.49827e-07
1.49567e-07
1.49513e-07
1.4964e-07
1.49606e-07
1.49483e-07
1.50249e-07
1.49866e-07
1.49838e-07
1.50011e-07
1.50105e-07
1.4972e-07
1.49935e-07
1.50223e-07
1.49732e-07
1.49883e-07
1.50565e-07
1.6665e-07
5.56236e-07
0.0576161
0.000514931
2.52418e-06
1.50141e-07
1.4898e-07
1.49045e-07
1.49386e-07
1.4926e-07
1.49242e-07
1.49744e-07
1.49205e-07
1.49178e-07
1.49655e-07
1.4923e-07
1.49171e-07
1.49295e-07
1.49357e-07
1.49371e-07
1.49293e-07
1.49511e-07
1.49343e-07
1.4959e-07
1.49591e-07
1.49913e-07
1.49333e-07
1.49293e-07
1.4948e-07
1.49495e-07
1.49637e-07
1.49591e-07
1.49845e-07
1.49546e-07
1.49411e-07
1.49509e-07
1.49859e-07
1.49784e-07
1.49918e-07
1.49716e-07
1.49631e-07
1.49806e-07
1.50114e-07
1.50085e-07
1.50282e-07
1.50453e-07
1.50808e-07
1.50386e-07
1.50351e-07
1.50333e-07
1.50106e-07
1.4942e-07
1.5e-07
1.51185e-07
1.79236e-07
9.50539e-07
0.0576187
0.000514853
2.51982e-06
1.50111e-07
1.48962e-07
1.49033e-07
1.49097e-07
1.49099e-07
1.49173e-07
1.49493e-07
1.49172e-07
1.49164e-07
1.49619e-07
1.49193e-07
1.49167e-07
1.49253e-07
1.49311e-07
1.49314e-07
1.49205e-07
1.49693e-07
1.49616e-07
1.49691e-07
1.49429e-07
1.49422e-07
1.49522e-07
1.495e-07
1.49732e-07
1.49244e-07
1.49305e-07
1.49587e-07
1.49591e-07
1.49954e-07
1.4974e-07
1.49499e-07
1.50164e-07
1.50138e-07
1.50133e-07
1.49653e-07
1.4951e-07
1.4972e-07
1.50235e-07
1.50144e-07
1.50066e-07
1.50599e-07
1.50043e-07
1.49829e-07
1.49499e-07
1.49609e-07
1.49753e-07
1.49625e-07
1.49773e-07
1.50197e-07
1.80537e-07
9.54741e-07
0.0576087
0.000515007
2.53096e-06
1.50146e-07
1.48977e-07
1.4904e-07
1.49378e-07
1.49235e-07
1.4921e-07
1.49712e-07
1.49684e-07
1.49163e-07
1.49136e-07
1.49585e-07
1.49203e-07
1.49233e-07
1.49346e-07
1.49403e-07
1.49689e-07
1.49331e-07
1.4922e-07
1.49616e-07
1.4962e-07
1.49758e-07
1.49468e-07
1.49353e-07
1.49623e-07
1.49425e-07
1.4946e-07
1.49663e-07
1.4978e-07
1.49609e-07
1.49695e-07
1.49798e-07
1.50105e-07
1.50228e-07
1.49946e-07
1.50364e-07
1.50338e-07
1.50381e-07
1.50048e-07
1.49851e-07
1.50151e-07
1.50321e-07
1.50761e-07
1.50265e-07
1.5027e-07
1.50961e-07
1.50265e-07
1.49743e-07
1.50293e-07
1.51058e-07
1.676e-07
9.0184e-07
0.0576115
0.000514942
2.52684e-06
1.50107e-07
1.48954e-07
1.49013e-07
1.49345e-07
1.4922e-07
1.49221e-07
1.49682e-07
1.49676e-07
1.49166e-07
1.49112e-07
1.4956e-07
1.49266e-07
1.49207e-07
1.4923e-07
1.49423e-07
1.49278e-07
1.49273e-07
1.49336e-07
1.49338e-07
1.49435e-07
1.49551e-07
1.49394e-07
1.4924e-07
1.49737e-07
1.49629e-07
1.49626e-07
1.49663e-07
1.50058e-07
1.49619e-07
1.49767e-07
1.49714e-07
1.49853e-07
1.49804e-07
1.49818e-07
1.50093e-07
1.50114e-07
1.4985e-07
1.49913e-07
1.49901e-07
1.50125e-07
1.50254e-07
1.50355e-07
1.50138e-07
1.49923e-07
1.5004e-07
1.50297e-07
1.50247e-07
1.50247e-07
1.51146e-07
1.68888e-07
1.03622e-06
0.0576037
0.000514965
2.53576e-06
1.50144e-07
1.48985e-07
1.49128e-07
1.49189e-07
1.49185e-07
1.49187e-07
1.49219e-07
1.49471e-07
1.49209e-07
1.49148e-07
1.49202e-07
1.49289e-07
1.49215e-07
1.49132e-07
1.49221e-07
1.49239e-07
1.49546e-07
1.49281e-07
1.49198e-07
1.49163e-07
1.49209e-07
1.4939e-07
1.49336e-07
1.49703e-07
1.49398e-07
1.49402e-07
1.49873e-07
1.49901e-07
1.49764e-07
1.49565e-07
1.50182e-07
1.50074e-07
1.501e-07
1.50293e-07
1.49941e-07
1.49906e-07
1.49957e-07
1.49869e-07
1.49967e-07
1.50246e-07
1.50341e-07
1.50519e-07
1.50436e-07
1.50241e-07
1.50677e-07
1.50592e-07
1.50743e-07
1.51066e-07
1.52386e-07
1.51397e-07
1.61307e-07
0.0576061
0.000514899
2.53131e-06
1.50118e-07
1.48959e-07
1.49026e-07
1.4903e-07
1.49096e-07
1.49164e-07
1.49192e-07
1.49441e-07
1.4918e-07
1.49118e-07
1.49167e-07
1.49249e-07
1.49208e-07
1.4917e-07
1.49602e-07
1.49586e-07
1.49185e-07
1.49077e-07
1.49251e-07
1.49311e-07
1.49433e-07
1.49397e-07
1.49481e-07
1.49853e-07
1.49508e-07
1.49584e-07
1.49719e-07
1.49493e-07
1.49408e-07
1.50039e-07
1.49769e-07
1.4957e-07
1.49687e-07
1.50413e-07
1.49905e-07
1.50025e-07
1.49825e-07
1.4977e-07
1.49995e-07
1.50186e-07
1.50311e-07
1.5089e-07
1.50286e-07
1.50089e-07
1.50452e-07
1.504e-07
1.51077e-07
1.50709e-07
1.51406e-07
1.50994e-07
1.6593e-07
0.0575958
0.000515021
2.54021e-06
1.5034e-07
1.49218e-07
1.49496e-07
1.49241e-07
1.49237e-07
1.49728e-07
1.49264e-07
1.49182e-07
1.49658e-07
1.49221e-07
1.49118e-07
1.49227e-07
1.49278e-07
1.49206e-07
1.49232e-07
1.4971e-07
1.49657e-07
1.49792e-07
1.49255e-07
1.49154e-07
1.49264e-07
1.49368e-07
1.49441e-07
1.49599e-07
1.50132e-07
1.49628e-07
1.49497e-07
1.49673e-07
1.49627e-07
1.49528e-07
1.49727e-07
1.49795e-07
1.50385e-07
1.49616e-07
1.49421e-07
1.50292e-07
1.49801e-07
1.4974e-07
1.49948e-07
1.50619e-07
1.50509e-07
1.50256e-07
1.50908e-07
1.509e-07
1.51892e-07
1.5124e-07
1.51138e-07
1.51942e-07
1.521e-07
1.51593e-07
1.52372e-07
0.0575985
0.000514969
2.53524e-06
1.50249e-07
1.49023e-07
1.49092e-07
1.49225e-07
1.49293e-07
1.49506e-07
1.49241e-07
1.49159e-07
1.49636e-07
1.49188e-07
1.49035e-07
1.49128e-07
1.49255e-07
1.49267e-07
1.49289e-07
1.495e-07
1.49458e-07
1.49769e-07
1.49219e-07
1.49127e-07
1.49835e-07
1.49481e-07
1.49528e-07
1.49365e-07
1.4925e-07
1.49656e-07
1.49616e-07
1.49524e-07
1.50034e-07
1.49784e-07
1.49887e-07
1.4975e-07
1.49902e-07
1.49708e-07
1.49405e-07
1.50258e-07
1.5012e-07
1.49999e-07
1.50113e-07
1.50878e-07
1.50871e-07
1.5124e-07
1.50534e-07
1.50426e-07
1.52036e-07
1.5128e-07
1.51208e-07
1.51693e-07
1.51575e-07
1.51338e-07
1.59018e-07
0.057591
0.000515186
2.61555e-06
1.50543e-07
1.49281e-07
1.49353e-07
1.49416e-07
1.49605e-07
1.49503e-07
1.49507e-07
1.49722e-07
1.49251e-07
1.49267e-07
1.49661e-07
1.49227e-07
1.49198e-07
1.49358e-07
1.4939e-07
1.49681e-07
1.49373e-07
1.49263e-07
1.49282e-07
1.49291e-07
1.4943e-07
1.4947e-07
1.49586e-07
1.49536e-07
1.49701e-07
1.49561e-07
1.49532e-07
1.50042e-07
1.50062e-07
1.49852e-07
1.4982e-07
1.50092e-07
1.49646e-07
1.49521e-07
1.49865e-07
1.49805e-07
1.50217e-07
1.50169e-07
1.50417e-07
1.50453e-07
1.51063e-07
1.50891e-07
1.50907e-07
1.50927e-07
1.51155e-07
1.51405e-07
1.52522e-07
1.52069e-07
1.52051e-07
1.52255e-07
1.53022e-07
0.0575933
0.000515153
2.61191e-06
1.50514e-07
1.49259e-07
1.49403e-07
1.49454e-07
1.49579e-07
1.49426e-07
1.49417e-07
1.49702e-07
1.4923e-07
1.49244e-07
1.49708e-07
1.49212e-07
1.491e-07
1.49269e-07
1.49319e-07
1.49594e-07
1.49423e-07
1.4927e-07
1.49287e-07
1.49317e-07
1.49429e-07
1.49678e-07
1.49496e-07
1.49254e-07
1.49572e-07
1.49437e-07
1.49649e-07
1.49745e-07
1.49953e-07
1.49684e-07
1.50138e-07
1.50018e-07
1.50162e-07
1.49693e-07
1.4964e-07
1.50001e-07
1.50026e-07
1.50296e-07
1.50491e-07
1.50507e-07
1.50714e-07
1.50763e-07
1.514e-07
1.51474e-07
1.52559e-07
1.51268e-07
1.50708e-07
1.52054e-07
1.5193e-07
1.51695e-07
1.52633e-07
0.0575853
0.000514944
2.58444e-06
1.50366e-07
1.49211e-07
1.49201e-07
1.49354e-07
1.49196e-07
1.49113e-07
1.49634e-07
1.49213e-07
1.49176e-07
1.49546e-07
1.49543e-07
1.49682e-07
1.49241e-07
1.49115e-07
1.49158e-07
1.4921e-07
1.49691e-07
1.49372e-07
1.49211e-07
1.49413e-07
1.51337e-07
1.49946e-07
8.65346e-08
1.50341e-07
1.49317e-07
1.49343e-07
1.4959e-07
1.49598e-07
1.49577e-07
1.4976e-07
1.49897e-07
1.49967e-07
1.49866e-07
1.50212e-07
1.49664e-07
1.49643e-07
1.49867e-07
1.50048e-07
1.50123e-07
1.5003e-07
1.51095e-07
1.50723e-07
1.50728e-07
1.51174e-07
1.51894e-07
1.52172e-07
1.52511e-07
1.52318e-07
1.52068e-07
1.52142e-07
1.54423e-07
0.0575856
0.000515417
2.60139e-06
1.50415e-07
1.49243e-07
1.49244e-07
1.49531e-07
1.49173e-07
1.49172e-07
1.49734e-07
1.49182e-07
1.49083e-07
1.49182e-07
1.49254e-07
1.49196e-07
1.49089e-07
1.4959e-07
1.49198e-07
1.49201e-07
1.497e-07
1.49356e-07
1.49302e-07
1.49492e-07
1.51147e-07
1.51697e-07
1.93618e-06
1.50158e-07
1.49265e-07
1.49429e-07
1.49512e-07
1.49521e-07
1.50072e-07
1.4959e-07
1.49648e-07
1.49545e-07
1.49478e-07
1.4955e-07
1.49792e-07
1.49938e-07
1.50028e-07
1.50742e-07
1.50412e-07
1.50416e-07
1.50404e-07
1.50121e-07
1.50495e-07
1.5099e-07
1.52235e-07
1.51953e-07
1.52093e-07
1.52118e-07
1.51998e-07
1.51992e-07
1.53335e-07
0.0575786
0.000515411
2.6263e-06
1.5069e-07
1.49136e-07
1.49251e-07
1.49764e-07
1.49194e-07
1.49123e-07
1.49627e-07
1.49497e-07
1.49363e-07
1.49441e-07
1.49642e-07
1.49204e-07
1.49028e-07
1.49119e-07
1.49123e-07
1.4923e-07
1.49433e-07
1.49281e-07
1.49165e-07
1.50594e-07
1.5455e-07
4.01314e-05
2.65917e-05
1.58833e-05
2.36232e-06
1.61557e-07
1.49898e-07
1.49879e-07
1.50134e-07
1.49384e-07
1.49296e-07
1.50082e-07
1.49987e-07
1.5016e-07
1.49825e-07
1.49824e-07
1.49962e-07
1.49949e-07
1.50475e-07
1.50426e-07
1.50321e-07
1.50766e-07
1.50849e-07
1.51248e-07
1.51303e-07
1.51736e-07
1.5225e-07
1.5234e-07
1.52535e-07
1.5317e-07
1.55627e-07
0.0574337
0.000513056
2.60579e-06
1.50368e-07
1.49185e-07
1.49525e-07
1.4918e-07
1.49156e-07
1.49498e-07
1.49245e-07
1.49244e-07
1.49506e-07
1.49372e-07
1.49357e-07
1.49515e-07
1.49518e-07
1.49596e-07
1.49191e-07
1.49189e-07
1.49721e-07
1.49241e-07
1.49119e-07
1.51535e-07
1.54312e-07
2.61033e-05
1.40059e-05
1.42228e-05
6.25284e-07
1.50094e-07
1.4962e-07
1.49402e-07
1.49448e-07
1.49735e-07
1.49732e-07
1.49791e-07
1.49764e-07
1.49806e-07
1.50327e-07
1.50333e-07
1.50401e-07
1.5012e-07
1.50159e-07
1.5032e-07
1.50066e-07
1.50488e-07
1.50654e-07
1.50775e-07
1.51387e-07
1.52083e-07
1.52327e-07
1.52218e-07
1.51819e-07
1.52456e-07
1.54531e-07
0.0574476
0.000511977
2.59011e-06
1.50359e-07
1.4913e-07
1.49147e-07
1.49437e-07
1.492e-07
1.49184e-07
1.49777e-07
1.49204e-07
1.49194e-07
1.49747e-07
1.49212e-07
1.49158e-07
1.49657e-07
1.49189e-07
1.49152e-07
1.49364e-07
1.49232e-07
1.49206e-07
1.49331e-07
1.57144e-07
8.77868e-06
0.00323657
0.00027721
4.30031e-05
4.42178e-07
1.49687e-07
1.49716e-07
1.4947e-07
1.49193e-07
1.49474e-07
1.49469e-07
1.49499e-07
1.50182e-07
1.49992e-07
1.50002e-07
1.50253e-07
1.50209e-07
1.50101e-07
1.50161e-07
1.50764e-07
1.50715e-07
1.51249e-07
1.50675e-07
1.50799e-07
1.51088e-07
1.51237e-07
1.53987e-07
1.53592e-07
1.53827e-07
1.56537e-07
0.0575993
0.000513996
2.66166e-06
1.5067e-07
1.49316e-07
1.49416e-07
1.49596e-07
1.49168e-07
1.49166e-07
1.49644e-07
1.49635e-07
1.49182e-07
1.49172e-07
1.49609e-07
1.49303e-07
1.49333e-07
1.4964e-07
1.49238e-07
1.49105e-07
1.49347e-07
1.49284e-07
1.49232e-07
1.51544e-07
9.20494e-06
0.00158661
0.000196818
1.10216e-05
1.79484e-07
1.49361e-07
1.4932e-07
1.49322e-07
1.49692e-07
1.49695e-07
1.4965e-07
1.49991e-07
1.50152e-07
1.5015e-07
1.50428e-07
1.49839e-07
1.49767e-07
1.50815e-07
1.50838e-07
1.51377e-07
1.51358e-07
1.51605e-07
1.51574e-07
1.5137e-07
1.51442e-07
1.52098e-07
1.53528e-07
1.52112e-07
1.52257e-07
1.56355e-07
0.0575694
0.000514279
2.62895e-06
1.50626e-07
1.49371e-07
1.4956e-07
1.49188e-07
1.49068e-07
1.49409e-07
1.49408e-07
1.49502e-07
1.49479e-07
1.49586e-07
1.49217e-07
1.49127e-07
1.49669e-07
1.49637e-07
1.49221e-07
1.49229e-07
1.49219e-07
1.49242e-07
1.493e-07
1.49067e-07
9.5291e-07
5.92895e-06
6.7287e-05
3.73546e-05
1.00052e-06
1.50404e-07
1.4963e-07
1.49557e-07
1.49883e-07
1.49383e-07
1.49277e-07
1.49544e-07
1.49484e-07
1.49556e-07
1.50072e-07
1.50073e-07
1.50111e-07
1.50037e-07
1.50108e-07
1.51266e-07
1.50437e-07
1.50095e-07
1.50324e-07
1.50402e-07
1.51875e-07
1.51389e-07
1.51464e-07
1.51579e-07
1.51455e-07
1.52204e-07
1.55054e-07
0.0575714
0.000514243
2.62493e-06
1.50594e-07
1.49344e-07
1.4954e-07
1.49176e-07
1.49045e-07
1.49465e-07
1.49451e-07
1.49475e-07
1.49435e-07
1.49546e-07
1.49181e-07
1.49152e-07
1.49725e-07
1.4921e-07
1.49161e-07
1.49562e-07
1.4943e-07
1.49296e-07
1.49345e-07
1.49485e-07
2.86444e-07
3.26176e-06
7.17402e-05
1.69097e-05
2.7102e-07
1.49343e-07
1.49343e-07
1.49362e-07
1.49944e-07
1.49719e-07
1.49604e-07
1.49577e-07
1.49692e-07
1.49681e-07
1.50158e-07
1.49888e-07
1.49751e-07
1.49827e-07
1.50039e-07
1.51117e-07
1.50719e-07
1.50718e-07
1.50846e-07
1.50937e-07
1.52479e-07
1.51463e-07
1.51634e-07
1.53779e-07
1.51954e-07
1.51822e-07
1.55974e-07
0.0575599
0.000515432
2.64551e-06
1.50579e-07
1.49274e-07
1.49415e-07
1.4949e-07
1.49635e-07
1.49187e-07
1.49044e-07
1.49502e-07
1.49195e-07
1.49152e-07
1.49603e-07
1.49192e-07
1.49077e-07
1.49344e-07
1.49363e-07
1.49597e-07
1.49205e-07
1.4919e-07
1.49619e-07
1.49422e-07
1.49406e-07
1.49317e-07
2.68278e-07
1.85233e-07
1.4951e-07
1.49761e-07
1.4947e-07
1.49368e-07
1.4985e-07
1.49708e-07
1.4974e-07
1.49963e-07
1.49662e-07
1.49647e-07
1.49817e-07
1.49838e-07
1.50557e-07
1.50009e-07
1.49748e-07
1.50066e-07
1.504e-07
1.50305e-07
1.50706e-07
1.51639e-07
1.51709e-07
1.52375e-07
1.51785e-07
1.51952e-07
1.53162e-07
1.53232e-07
1.55646e-07
0.0575622
0.000515403
2.64104e-06
1.50547e-07
1.49252e-07
1.49393e-07
1.49469e-07
1.49615e-07
1.49165e-07
1.49022e-07
1.49479e-07
1.49439e-07
1.49556e-07
1.49181e-07
1.49183e-07
1.49656e-07
1.49613e-07
1.49704e-07
1.49272e-07
1.49261e-07
1.49391e-07
1.49403e-07
1.49913e-07
1.4937e-07
1.49266e-07
2.27632e-07
1.58626e-07
1.49962e-07
1.49502e-07
1.49396e-07
1.49306e-07
1.49474e-07
1.49909e-07
1.49544e-07
1.49549e-07
1.50091e-07
1.49875e-07
1.49944e-07
1.49886e-07
1.4984e-07
1.49901e-07
1.50332e-07
1.50241e-07
1.50269e-07
1.506e-07
1.50836e-07
1.51063e-07
1.51233e-07
1.52305e-07
1.51724e-07
1.51955e-07
1.52351e-07
1.52465e-07
1.5538e-07
0.0575566
0.000515203
2.63415e-06
1.50401e-07
1.49041e-07
1.49149e-07
1.49444e-07
1.49131e-07
1.48983e-07
1.49136e-07
1.49136e-07
1.49282e-07
1.49163e-07
1.49159e-07
1.4926e-07
1.4958e-07
1.49213e-07
1.49224e-07
1.49719e-07
1.49234e-07
1.49224e-07
1.49711e-07
1.49755e-07
1.49835e-07
1.49748e-07
1.49779e-07
1.49537e-07
1.49532e-07
1.49882e-07
1.49315e-07
1.4925e-07
1.49968e-07
1.4978e-07
1.49567e-07
1.49686e-07
1.50118e-07
1.49924e-07
1.49922e-07
1.50314e-07
1.50366e-07
1.50378e-07
1.50337e-07
1.50302e-07
1.50644e-07
1.51526e-07
1.50683e-07
1.50268e-07
1.50864e-07
1.51952e-07
1.52259e-07
1.52384e-07
1.53445e-07
1.53673e-07
1.56007e-07
0.0575584
0.000515165
2.63015e-06
1.50376e-07
1.49021e-07
1.49129e-07
1.49423e-07
1.49111e-07
1.4896e-07
1.49331e-07
1.49185e-07
1.49173e-07
1.49433e-07
1.49177e-07
1.49186e-07
1.4917e-07
1.49241e-07
1.49205e-07
1.49167e-07
1.49717e-07
1.49617e-07
1.49665e-07
1.49358e-07
1.49201e-07
1.49485e-07
1.49375e-07
1.49304e-07
1.49458e-07
1.49688e-07
1.49381e-07
1.4936e-07
1.50071e-07
1.49482e-07
1.49416e-07
1.49483e-07
1.4949e-07
1.49588e-07
1.49594e-07
1.49924e-07
1.50161e-07
1.50398e-07
1.50559e-07
1.50791e-07
1.50894e-07
1.51591e-07
1.50636e-07
1.50241e-07
1.50942e-07
1.51869e-07
1.51784e-07
1.52086e-07
1.53281e-07
1.53405e-07
1.56073e-07
0.05755
0.0005153
2.63893e-06
1.50328e-07
1.49036e-07
1.49104e-07
1.49149e-07
1.49508e-07
1.49195e-07
1.49063e-07
1.49425e-07
1.49304e-07
1.49181e-07
1.49253e-07
1.49496e-07
1.49179e-07
1.49102e-07
1.49275e-07
1.49267e-07
1.49368e-07
1.4939e-07
1.49667e-07
1.49278e-07
1.49243e-07
1.49257e-07
1.49304e-07
1.49353e-07
1.49243e-07
1.49372e-07
1.49339e-07
1.4958e-07
1.49633e-07
1.49785e-07
1.49515e-07
1.49523e-07
1.49824e-07
1.49772e-07
1.4977e-07
1.49835e-07
1.50415e-07
1.50498e-07
1.50318e-07
1.50147e-07
1.50505e-07
1.51551e-07
1.5118e-07
1.50309e-07
1.50747e-07
1.52226e-07
1.51488e-07
1.51413e-07
1.52821e-07
1.52885e-07
1.5553e-07
0.0575521
0.000515287
2.6348e-06
1.50305e-07
1.49e-07
1.49068e-07
1.49114e-07
1.49472e-07
1.49176e-07
1.49044e-07
1.4939e-07
1.49155e-07
1.4915e-07
1.49228e-07
1.49378e-07
1.49182e-07
1.49112e-07
1.49216e-07
1.49258e-07
1.49229e-07
1.49189e-07
1.49398e-07
1.49431e-07
1.49699e-07
1.49359e-07
1.49343e-07
1.49843e-07
1.49631e-07
1.49248e-07
1.49255e-07
1.4932e-07
1.49471e-07
1.49718e-07
1.49357e-07
1.49351e-07
1.49993e-07
1.49577e-07
1.49511e-07
1.49753e-07
1.49963e-07
1.49953e-07
1.50161e-07
1.50332e-07
1.50364e-07
1.50507e-07
1.50987e-07
1.51176e-07
1.51221e-07
1.51235e-07
1.5147e-07
1.52158e-07
1.52176e-07
1.53084e-07
1.55583e-07
0.0575471
0.000515248
2.64051e-06
1.50484e-07
1.49189e-07
1.49153e-07
1.49232e-07
1.4947e-07
1.49519e-07
1.49268e-07
1.49261e-07
1.49431e-07
1.49452e-07
1.49688e-07
1.49551e-07
1.49085e-07
1.491e-07
1.49262e-07
1.49251e-07
1.49505e-07
1.49255e-07
1.49198e-07
1.49309e-07
1.49515e-07
1.49237e-07
1.49168e-07
1.49701e-07
1.49408e-07
1.49418e-07
1.49774e-07
1.49716e-07
1.49772e-07
1.4974e-07
1.49751e-07
1.50033e-07
1.4972e-07
1.49525e-07
1.49729e-07
1.4994e-07
1.49888e-07
1.49997e-07
1.5068e-07
1.50708e-07
1.51331e-07
1.51312e-07
1.51856e-07
1.51143e-07
1.51259e-07
1.53045e-07
1.5263e-07
1.52815e-07
1.52917e-07
1.52916e-07
1.546e-07
0.0575489
0.000515237
2.63676e-06
1.50462e-07
1.49171e-07
1.49278e-07
1.49352e-07
1.49381e-07
1.49407e-07
1.49351e-07
1.49239e-07
1.49311e-07
1.49412e-07
1.49623e-07
1.49247e-07
1.49176e-07
1.49441e-07
1.49443e-07
1.49603e-07
1.49251e-07
1.49102e-07
1.49116e-07
1.4918e-07
1.49596e-07
1.4924e-07
1.49106e-07
1.49489e-07
1.49289e-07
1.49275e-07
1.49409e-07
1.49392e-07
1.49524e-07
1.49594e-07
1.49766e-07
1.50035e-07
1.49917e-07
1.49933e-07
1.50066e-07
1.50157e-07
1.50325e-07
1.50104e-07
1.503e-07
1.50547e-07
1.50868e-07
1.50881e-07
1.51751e-07
1.51256e-07
1.50868e-07
1.51627e-07
1.5173e-07
1.52897e-07
1.52957e-07
1.5312e-07
1.55511e-07
0.0575412
0.000515328
2.64571e-06
1.50486e-07
1.49185e-07
1.49134e-07
1.49214e-07
1.49468e-07
1.49526e-07
1.49196e-07
1.49178e-07
1.49588e-07
1.49255e-07
1.49267e-07
1.49657e-07
1.49251e-07
1.49165e-07
1.49574e-07
1.49582e-07
1.49677e-07
1.49178e-07
1.49135e-07
1.4966e-07
1.49541e-07
1.49587e-07
1.49518e-07
1.49513e-07
1.49772e-07
1.49481e-07
1.49507e-07
1.49874e-07
1.49782e-07
1.4984e-07
1.49647e-07
1.49673e-07
1.50321e-07
1.49808e-07
1.49795e-07
1.49956e-07
1.50321e-07
1.50384e-07
1.50554e-07
1.51156e-07
1.51218e-07
1.513e-07
1.5126e-07
1.51356e-07
1.52379e-07
1.51305e-07
1.51093e-07
1.5365e-07
1.53146e-07
1.52963e-07
1.53973e-07
0.0575432
0.00051533
2.64177e-06
1.50465e-07
1.49169e-07
1.49277e-07
1.49352e-07
1.4938e-07
1.49418e-07
1.49352e-07
1.49353e-07
1.49546e-07
1.4923e-07
1.49251e-07
1.49663e-07
1.49353e-07
1.49089e-07
1.49169e-07
1.49192e-07
1.4944e-07
1.49215e-07
1.49117e-07
1.49707e-07
1.49437e-07
1.49438e-07
1.49814e-07
1.49304e-07
1.49317e-07
1.49823e-07
1.49718e-07
1.49815e-07
1.49394e-07
1.49376e-07
1.49451e-07
1.49481e-07
1.50273e-07
1.49846e-07
1.49485e-07
1.4971e-07
1.50934e-07
1.50198e-07
1.50859e-07
1.51234e-07
1.50384e-07
1.50478e-07
1.51005e-07
1.50857e-07
1.51748e-07
1.51994e-07
1.5259e-07
1.52594e-07
1.53498e-07
1.53125e-07
1.54252e-07
0.0575389
0.000515308
2.64931e-06
1.5056e-07
1.49256e-07
1.4933e-07
1.494e-07
1.49388e-07
1.49468e-07
1.49201e-07
1.49038e-07
1.49257e-07
1.49261e-07
1.49469e-07
1.49188e-07
1.49077e-07
1.49303e-07
1.49291e-07
1.49297e-07
1.49492e-07
1.49199e-07
1.49159e-07
1.4966e-07
1.49326e-07
1.4934e-07
1.49416e-07
1.49552e-07
1.49236e-07
1.49235e-07
1.49822e-07
1.49546e-07
1.49559e-07
1.49532e-07
1.49663e-07
1.49394e-07
1.4938e-07
1.49693e-07
1.49719e-07
1.49911e-07
1.83511e-07
1.7994e-07
1.6338e-07
1.52405e-07
1.51298e-07
1.51677e-07
1.51412e-07
1.51232e-07
1.51697e-07
1.51831e-07
1.51093e-07
1.51802e-07
1.51363e-07
1.51423e-07
1.53063e-07
0.0575405
0.000515299
2.64558e-06
1.50539e-07
1.49239e-07
1.49318e-07
1.49397e-07
1.49532e-07
1.49175e-07
1.49043e-07
1.49244e-07
1.49157e-07
1.49144e-07
1.49384e-07
1.49156e-07
1.49048e-07
1.49269e-07
1.49256e-07
1.4928e-07
1.49465e-07
1.49206e-07
1.4915e-07
1.49427e-07
1.49425e-07
1.49602e-07
1.49631e-07
1.49759e-07
1.4925e-07
1.49186e-07
1.49725e-07
1.49365e-07
1.49312e-07
1.4941e-07
1.49592e-07
1.49428e-07
1.49446e-07
1.49486e-07
1.49437e-07
1.47773e-07
1.04268e-06
3.90085e-07
3.93184e-07
1.56443e-07
1.50875e-07
1.50516e-07
1.50804e-07
1.50523e-07
1.50728e-07
1.51113e-07
1.51797e-07
1.51982e-07
1.54424e-07
1.54218e-07
1.54738e-07
0.0575339
0.000515374
2.65373e-06
1.50562e-07
1.4928e-07
1.49483e-07
1.49112e-07
1.48971e-07
1.49329e-07
1.49117e-07
1.49111e-07
1.49185e-07
1.4933e-07
1.49245e-07
1.49232e-07
1.49697e-07
1.49292e-07
1.49308e-07
1.49699e-07
1.49336e-07
1.49336e-07
1.49316e-07
1.49422e-07
1.49316e-07
1.49322e-07
1.49867e-07
1.49227e-07
1.49217e-07
1.49812e-07
1.49277e-07
1.49267e-07
1.4954e-07
1.49473e-07
1.49449e-07
1.4954e-07
1.49515e-07
1.57309e-07
1.29221e-07
4.09217e-07
3.2725e-05
1.26971e-05
5.82311e-06
7.14887e-07
1.731e-07
1.57691e-07
1.54251e-07
1.558e-07
1.50709e-07
1.51171e-07
1.50594e-07
1.51113e-07
1.5186e-07
1.53585e-07
2.98059e-07
0.0575358
0.000515374
2.64985e-06
1.50542e-07
1.49265e-07
1.4947e-07
1.49091e-07
1.48959e-07
1.49315e-07
1.49097e-07
1.49092e-07
1.49459e-07
1.49108e-07
1.49096e-07
1.49149e-07
1.4925e-07
1.49271e-07
1.49287e-07
1.49682e-07
1.49252e-07
1.49254e-07
1.49695e-07
1.49277e-07
1.49303e-07
1.49588e-07
1.49541e-07
1.49472e-07
1.49473e-07
1.49706e-07
1.49324e-07
1.49312e-07
1.49502e-07
1.49491e-07
1.49729e-07
1.49645e-07
1.49678e-07
1.52843e-07
1.35295e-07
2.63518e-05
0.000315533
6.43456e-05
5.96159e-05
2.15292e-06
4.12198e-07
2.01545e-07
1.60639e-07
1.5528e-07
1.51191e-07
1.50896e-07
1.5127e-07
1.51659e-07
1.52704e-07
1.52309e-07
2.26474e-07
0.0575322
0.000515348
2.65897e-06
1.50407e-07
1.49025e-07
1.49097e-07
1.49166e-07
1.49124e-07
1.49199e-07
1.49282e-07
1.49437e-07
1.4918e-07
1.49172e-07
1.49624e-07
1.4924e-07
1.49253e-07
1.497e-07
1.49188e-07
1.49188e-07
1.4971e-07
1.49713e-07
1.49395e-07
1.49402e-07
1.49767e-07
1.49293e-07
1.49167e-07
1.49329e-07
1.49304e-07
1.49472e-07
1.49309e-07
1.49308e-07
1.49709e-07
1.49341e-07
1.49327e-07
1.50763e-07
1.37347e-07
5.37765e-06
1.72203e-05
0.000201142
0.00103623
0.000390296
0.000239893
5.62541e-05
5.97027e-06
2.57283e-06
8.08572e-07
8.54911e-07
1.51518e-07
1.50637e-07
1.49959e-07
1.50461e-07
1.57205e-07
4.4697e-07
1.66752e-06
0.0575337
0.000515342
2.65531e-06
1.50386e-07
1.48941e-07
1.49017e-07
1.49087e-07
1.49075e-07
1.49203e-07
1.49281e-07
1.49453e-07
1.49164e-07
1.49146e-07
1.49609e-07
1.49242e-07
1.49245e-07
1.49686e-07
1.49282e-07
1.49283e-07
1.49658e-07
1.49632e-07
1.49375e-07
1.49394e-07
1.4976e-07
1.49247e-07
1.49188e-07
1.49376e-07
1.49341e-07
1.49368e-07
1.49423e-07
1.49505e-07
1.49627e-07
1.49311e-07
1.49287e-07
1.50018e-07
1.49891e-07
2.16254e-06
1.9148e-07
0.000452945
0.00523432
0.000789919
0.000583524
8.82567e-05
6.23096e-05
8.69947e-06
1.78169e-06
5.67953e-07
1.53815e-07
1.50206e-07
1.50036e-07
1.50703e-07
1.54065e-07
3.33037e-07
1.18005e-06
0.0575283
0.000515394
2.66248e-06
1.50407e-07
1.49021e-07
1.49091e-07
1.49165e-07
1.49157e-07
1.49387e-07
1.4918e-07
1.49178e-07
1.49612e-07
1.49219e-07
1.49131e-07
1.4931e-07
1.49312e-07
1.49599e-07
1.49164e-07
1.49163e-07
1.49786e-07
1.49203e-07
1.4905e-07
1.49477e-07
1.49182e-07
1.49187e-07
1.49287e-07
1.4948e-07
1.49214e-07
1.49068e-07
1.49293e-07
1.49294e-07
1.49696e-07
1.49462e-07
1.54776e-07
7.15994e-07
4.75967e-06
3.05838e-05
0.000303804
0.00361511
0.00378381
0.00231751
0.00106396
0.000251226
0.00014092
8.86415e-05
2.10633e-05
1.01129e-05
4.62501e-07
1.51774e-07
1.50363e-07
1.51997e-07
3.12901e-07
2.35498e-06
3.05122e-06
0.05753
0.000515399
2.65915e-06
1.50388e-07
1.4901e-07
1.4908e-07
1.49151e-07
1.49142e-07
1.49366e-07
1.49165e-07
1.49162e-07
1.49598e-07
1.49186e-07
1.49107e-07
1.4918e-07
1.4934e-07
1.49171e-07
1.49108e-07
1.49166e-07
1.49248e-07
1.49237e-07
1.49084e-07
1.49468e-07
1.49187e-07
1.49173e-07
1.49285e-07
1.49476e-07
1.49193e-07
1.49189e-07
1.49757e-07
1.49743e-07
1.49844e-07
1.49432e-07
1.49265e-07
3.22833e-07
2.30968e-07
2.47627e-05
2.06352e-06
0.00323126
0.0198037
0.00355973
0.00254869
0.000537603
0.000297651
7.78149e-05
2.25731e-05
5.77067e-06
1.86124e-07
1.50386e-07
1.5017e-07
1.51372e-07
2.7223e-07
2.44716e-06
2.45045e-06
0.0575271
0.000515368
2.63049e-06
1.50242e-07
1.48955e-07
1.49006e-07
1.49365e-07
1.4923e-07
1.49229e-07
1.49674e-07
1.49308e-07
1.49248e-07
1.49547e-07
1.49104e-07
1.49099e-07
1.49353e-07
1.49359e-07
1.49212e-07
1.49212e-07
1.49185e-07
1.49248e-07
1.49176e-07
1.49064e-07
1.4946e-07
1.49259e-07
1.49254e-07
1.49619e-07
1.492e-07
1.49122e-07
1.495e-07
1.49958e-07
1.67237e-07
2.56326e-07
1.36726e-06
1.64914e-06
2.54494e-05
0.000177794
0.00461964
0.0389361
0.0115562
0.00846142
0.0028056
0.000651682
0.000382853
0.00023033
5.54695e-05
2.46861e-05
2.17725e-06
1.95849e-07
1.53975e-07
2.85246e-07
7.47222e-07
7.03449e-06
7.15889e-06
0.0575285
0.000515365
2.62718e-06
1.50225e-07
1.48969e-07
1.49182e-07
1.49203e-07
1.49205e-07
1.49222e-07
1.49203e-07
1.49267e-07
1.49344e-07
1.49499e-07
1.49085e-07
1.49077e-07
1.49153e-07
1.49246e-07
1.4916e-07
1.49098e-07
1.49166e-07
1.4925e-07
1.49173e-07
1.49118e-07
1.49586e-07
1.49231e-07
1.49237e-07
1.49664e-07
1.49193e-07
1.49123e-07
1.4956e-07
1.50258e-07
1.62655e-07
3.67635e-07
7.39712e-07
6.99237e-06
1.41141e-06
0.000107389
0.00128865
0.0153566
0.0694771
0.0130415
0.00801952
0.00150478
0.000761067
0.000185507
5.53056e-05
7.78129e-06
7.82621e-07
1.44358e-07
1.72323e-07
2.24031e-07
8.75496e-07
8.98825e-06
6.94919e-06
0.0575238
0.000515399
2.66751e-06
1.50364e-07
1.49061e-07
1.49054e-07
1.49059e-07
1.49064e-07
1.49181e-07
1.49282e-07
1.49423e-07
1.49218e-07
1.49186e-07
1.49261e-07
1.49325e-07
1.49202e-07
1.49188e-07
1.49354e-07
1.49367e-07
1.49635e-07
1.49253e-07
1.49193e-07
1.49267e-07
1.49389e-07
1.49208e-07
1.49081e-07
1.49231e-07
1.49183e-07
9.43087e-07
6.80312e-07
4.96299e-07
3.82267e-06
2.98721e-06
2.07459e-05
1.49455e-05
0.000202072
0.00101329
0.0163224
0.189994
0.0218342
0.0142889
0.0053875
0.00230572
0.0013646
0.00110074
0.000741974
0.000292672
2.46214e-05
2.78559e-06
6.92315e-06
7.63923e-05
9.271e-05
7.58225e-05
0.000177982
0.0575251
0.000515396
2.66054e-06
1.50316e-07
1.48928e-07
1.49017e-07
1.48981e-07
1.49152e-07
1.49144e-07
1.49147e-07
1.49507e-07
1.49239e-07
1.49172e-07
1.4925e-07
1.49315e-07
1.49195e-07
1.4919e-07
1.49589e-07
1.49111e-07
1.4903e-07
1.49169e-07
1.49179e-07
1.49642e-07
1.494e-07
1.49388e-07
1.49725e-07
1.49402e-07
1.49483e-07
1.54019e-07
1.72075e-07
1.05587e-06
1.18284e-06
1.25424e-05
1.27283e-05
9.98312e-05
9.85592e-05
0.000879399
0.0087192
0.0874291
0.196708
0.0274475
0.0142943
0.00483552
0.00248244
0.00118931
0.000943918
0.000438591
3.7061e-05
5.35832e-06
2.96647e-06
3.14932e-06
2.25963e-05
8.43202e-05
0.000136064
0.0576105
0.00055913
0.000108197
5.22017e-05
3.2513e-05
2.40972e-05
2.00876e-05
1.8178e-05
1.6836e-05
1.5749e-05
1.36138e-05
1.31278e-05
1.2646e-05
1.22911e-05
1.23082e-05
1.19518e-05
1.18168e-05
1.03296e-05
9.99004e-06
9.6442e-06
9.59575e-06
9.58834e-06
9.36084e-06
9.04433e-06
8.75631e-06
9.01322e-06
9.24897e-06
9.83822e-06
1.96206e-05
4.14019e-05
5.94888e-05
0.000100703
0.000139156
0.000242918
0.000271727
0.00109424
0.00421116
0.127845
0.354919
0.0603057
0.0153286
0.0117052
0.0041343
0.00497698
0.00387166
0.00279887
0.00221827
0.000323422
0.000257611
0.000609768
0.00167458
0.00389656
0.00776262
0.00934418
0.0576118
0.000547741
0.00010663
5.09506e-05
3.22731e-05
2.33549e-05
1.9222e-05
1.72265e-05
1.53326e-05
1.46166e-05
1.39123e-05
1.34458e-05
1.24874e-05
1.21982e-05
1.20807e-05
1.17974e-05
1.11952e-05
1.05989e-05
9.52538e-06
1.06542e-05
8.62836e-06
8.5517e-06
8.5405e-06
8.57322e-06
9.46574e-06
1.21778e-05
1.12445e-05
1.36616e-05
2.19067e-05
3.60617e-05
6.6993e-05
5.74154e-05
0.000218308
1.96212e-05
0.000799417
0.000623998
0.00455927
0.0315512
0.242432
0.331505
0.0364125
0.0247274
0.0135502
0.00519903
0.00329959
0.00202906
0.0013647
0.00028326
0.000211521
0.000570729
0.0014314
0.00489716
0.0102458
0.0118596
0.000387838
0.000425269
0.000470047
0.000522939
0.000565253
0.000610186
0.000645752
0.000691783
0.000720287
0.000761323
0.000784829
0.00081888
0.000842164
0.000868155
0.000909293
0.00093273
0.000969603
0.00100291
0.00104633
0.00107026
0.00112643
0.00114763
0.00115206
0.00115203
0.00120396
0.00121686
0.00126251
0.00130986
0.00133206
0.00125488
0.00114879
0.0011292
0.00111221
0.00103718
0.000982039
0.00159152
0.00486836
0.00575106
0.00797677
7.87924e-05
0.00223327
0.00252077
0.00246286
0.00237687
0.00218539
0.00203667
0.00171739
0.00140519
0.000762194
0.000633729
0.000590954
0.000594533
0.000796712
0.00207932
0.000387534
0.000425387
0.000470672
0.000515723
0.000565535
0.000611284
0.000648456
0.000680709
0.000709448
0.000738179
0.000757119
0.000782699
0.000810059
0.000839106
0.000871855
0.000890034
0.000930481
0.000956175
0.00101107
0.00105086
0.00107713
0.00111391
0.00114911
0.00116095
0.00121625
0.0011885
0.0012647
0.00131068
0.00130238
0.00121169
0.00110421
0.00111403
0.0011009
0.00104839
0.00087587
0.00103509
0.00257766
0.00377928
0.0050589
0.000483418
0.00205856
0.00195002
0.00236645
0.00198127
0.00255898
0.00248006
0.00220105
0.0018229
0.000604234
0.000520736
0.000319558
0.000544605
0.000821729
0.00154775
1.68958e-05
1.54292e-07
4.81538e-05
5.76931e-06
1.5524e-05
1.654e-05
4.7191e-05
6.60737e-06
0.00237186
0.00184537
2.61764e-05
1.54221e-07
3.09718e-05
1.64016e-05
1.14853e-05
2.80922e-06
1.5207e-05
2.30537e-05
0.00126833
0.00271027
2.4115e-05
3.5093e-07
1.51969e-05
9.42158e-07
1.56882e-05
0.00213017
0.00216387
2.46192e-05
0.000270236
1.89817e-05
0.000307808
9.20951e-06
1.15383e-06
3.4452e-05
8.81074e-07
2.23468e-05
0.00192424
0.00219121
3.69268e-05
0.000169064
2.64336e-05
0.00026505
1.49864e-07
1.51241e-07
1.50069e-07
1.49705e-07
5.15299e-07
1.49614e-07
6.43851e-07
1.51509e-07
1.49824e-07
1.51403e-07
7.8678e-06
1.56706e-06
4.73613e-06
1.21088e-06
1.50855e-07
1.50874e-07
1.50363e-07
1.51276e-07
2.29586e-08
1.49709e-07
1.12958e-07
1.49795e-07
1.50127e-07
1.51713e-07
7.57013e-07
1.23383e-06
2.60157e-07
1.771e-06
1.50407e-07
1.50441e-07
1.50166e-07
1.49838e-07
1.06084e-07
1.50979e-07
3.09094e-06
0.000796656
1.55256e-06
0.000143312
9.01331e-05
0.0026217
6.35034e-06
1.81644e-05
7.37931e-06
0.000542055
8.10957e-05
0.00038425
0.000105768
1.51116e-07
1.49266e-07
1.49555e-07
1.50757e-07
1.10033e-06
1.51071e-07
2.19405e-06
0.000494073
1.30231e-05
4.17464e-05
2.83196e-06
0.00053581
4.97679e-06
2.8953e-05
1.7847e-05
0.000242605
5.60442e-05
0.000533547
0.0001392
1.33526e-06
1.50814e-07
2.69906e-06
1.5098e-07
1.336e-07
1.51203e-07
3.32047e-07
0.00033773
2.17638e-05
2.4894e-06
1.3782e-05
1.81767e-05
0.0012239
0.00169595
0.0010812
0.00250005
0.00115292
0.00042844
0.000446065
0.00111919
0.000555467
1.12283e-06
1.50554e-07
7.6555e-07
1.49457e-07
1.45116e-07
1.49403e-07
1.46689e-07
0.000230965
1.60725e-05
1.34952e-05
0.000170332
1.2972e-05
0.000928391
0.00109768
0.000660981
0.00209588
0.000919039
0.000864191
0.000454625
0.000667742
0.000364644
5.06183e-06
2.45071e-07
3.12423e-06
1.52149e-07
1.85789e-07
1.51273e-07
1.71145e-07
1.32948e-06
1.43687e-06
8.16225e-06
1.60392e-07
9.99366e-08
1.51073e-07
2.95327e-07
5.04071e-06
2.46354e-07
4.03122e-06
1.51255e-07
1.95722e-07
1.49628e-07
1.90278e-07
3.26965e-06
3.68764e-06
5.59911e-07
1.5337e-07
1.50279e-07
1.53116e-07
9.72736e-08
0.000551754
7.08217e-06
7.52724e-06
4.02274e-05
6.5633e-05
0.000495448
4.26679e-05
3.51807e-05
2.93915e-05
0.000647687
0.000984936
2.92e-06
3.14712e-05
5.36105e-05
3.40126e-05
0.000139989
2.52145e-06
0.000838539
3.0068e-05
2.91151e-05
3.16504e-05
0.00110303
0.000154627
0.000226889
0.00076152
5.57419e-05
2.0018e-05
3.79686e-05
0.000619268
0.000894975
0.00116931
0.00113319
0.00194345
0.000534149
0.000620167
0.00290527
0.000920886
0.000684007
0.00122364
0.000763837
0.000824488
0.000852193
0.00123051
0.00039659
1.84245e-05
4.60045e-05
1.80193e-05
0.000402495
0.000453405
5.51444e-05
1.45362e-05
2.44668e-05
0.000109102
0.000604442
4.03445e-06
1.73688e-05
0.000641399
6.31059e-05
9.62604e-05
9.54116e-05
0.00051548
1.93113e-05
2.90567e-05
2.04088e-05
1.34859e-05
8.27033e-05
7.48232e-06
0.000796734
4.94095e-05
9.04717e-06
2.77899e-05
0.00273648
0.000627999
0.000760985
0.000955896
0.000725693
0.00051179
0.00116078
0.000606923
0.000880928
0.00161457
0.00128439
0.00238075
0.000708536
0.000811932
0.00531718
0.000175642
4.86507e-06
0.000189694
3.36839e-05
1.60202e-05
2.00004e-05
0.000101328
7.33828e-05
4.24893e-05
0.0002546
1.70634e-05
5.785e-05
6.59754e-05
2.88664e-05
0.000114107
1.70025e-05
1.76035e-05
7.19271e-05
2.62433e-05
0.00528
0.00220511
0.0291511
0.00236823
0.00326823
0.00103323
0.00130163
0.00469816
0.00169347
0.00825464
0.00279226
0.0472358
0.00340878
6.82811e-07
4.78925e-05
4.77594e-05
0.0149665
0.00409296
3.19585e-05
1.76212e-05
0.00415721
5.58781e-06
0.000129781
8.60467e-05
0.00025424
7.12235e-06
7.88666e-06
4.68965e-06
3.02916e-05
0.000126994
8.91585e-06
0.000175325
4.00528e-05
3.87391e-05
0.000137896
4.30906e-05
0.000197099
3.23005e-05
2.17652e-05
4.26916e-05
4.75287e-05
0.00603052
0.00175023
0.00392066
0.0118058
0.00367688
0.00108565
0.0015343
0.00922601
0.0018373
0.0110784
0.00384417
0.0246589
0.00280055
2.93525e-05
3.44505e-05
0.0034563
4.00627e-06
0.00338877
4.1996e-05
2.00015e-05
3.44161e-05
0.0105071
9.91517e-05
1.77474e-07
1.57629e-07
2.71423e-07
3.50983e-06
6.34951e-07
1.98665e-05
8.63671e-06
1.93529e-07
1.52856e-07
1.5095e-07
7.47898e-08
7.43682e-05
8.9364e-07
9.50476e-05
1.53323e-07
7.45957e-07
1.59764e-07
3.1956e-07
6.64171e-06
0.000132582
0.000243123
1.3836e-06
1.75996e-05
0.000174756
3.45572e-05
9.51499e-05
0.000475026
0.000287725
4.53195e-07
1.51975e-05
8.07887e-05
1.58269e-05
0.000103014
0.000208595
3.63674e-05
1.58086e-07
2.77993e-07
1.45618e-06
4.99657e-07
1.27205e-07
2.45347e-05
0.000186553
8.53129e-06
7.74939e-06
6.33344e-05
1.7536e-05
0.000183138
7.70694e-05
0.000273621
7.64195e-06
1.31606e-06
0.000275161
2.41538e-05
7.02338e-05
0.000826592
7.07077e-05
1.19689e-06
3.39818e-06
6.77397e-07
1.88536e-06
1.22262e-05
1.56095e-05
4.10551e-05
3.47004e-06
1.26697e-06
6.9191e-06
4.37357e-06
2.90018e-05
1.0166e-05
0.00116166
0.00309524
9.05383e-05
4.42977e-06
0.000954002
4.15166e-05
0.00331352
0.00222913
0.00278092
0.000171839
5.67575e-05
0.00117516
0.00504775
7.83918e-05
4.81997e-05
5.19079e-06
1.03605e-05
2.05991e-06
5.29894e-05
4.00216e-06
1.23427e-05
4.95848e-05
2.78743e-06
1.4056e-06
6.11975e-06
5.32075e-06
1.34715e-05
2.76889e-05
0.00167211
0.00132835
6.30649e-05
0.000145813
0.00185727
0.00100776
0.000112873
0.00128305
0.00291142
0.000128993
4.65422e-05
0.00102749
6.00063e-05
0.00415529
0.00020682
0.000125664
0.000620512
0.00109347
0.000143243
0.000180662
0.000758712
0.000275376
5.79015e-05
0.000149562
7.45613e-05
0.000237319
9.88836e-05
0.000250101
0.000153652
0.000154034
0.00102537
0.000249429
0.000298401
0.000136064
0.000954342
0.000307562
0.000157454
7.69496e-05
0.000784628
0.000393051
0.000102638
0.000124178
0.000593452
9.80321e-05
0.000111355
0.000108738
9.18682e-05
7.33861e-05
0.00059335
6.14417e-05
0.000377264
0.000101506
4.86543e-05
0.000444559
0.000174664
9.2114e-05
0.000220761
0.000109038
0.000165929
0.000162733
8.91916e-05
0.000348431
0.000200442
0.000136153
0.000110694
8.62655e-06
3.49426e-06
6.16879e-06
3.47624e-06
4.55808e-05
6.65322e-05
6.50651e-05
3.05218e-05
6.38697e-05
0.000128597
1.05007e-05
9.04904e-06
5.33468e-05
5.60244e-05
2.46468e-05
0.00150329
0.0016991
9.86761e-05
9.61199e-05
0.000198651
6.24607e-05
0.0001091
9.18809e-05
7.68927e-05
3.69132e-05
5.24203e-05
3.0381e-05
2.37961e-05
2.15518e-05
4.84552e-05
3.21084e-05
2.17336e-05
0.000124685
0.000322887
7.51438e-05
8.44289e-05
9.5979e-05
0.00012306
6.8406e-05
0.00111903
0.00113514
0.000306375
8.74009e-05
7.58482e-05
0.000634255
8.61942e-05
0.000293292
7.70809e-05
1.30965e-05
1.01719e-05
3.82951e-05
1.96042e-06
1.64615e-05
2.92636e-05
4.44002e-05
1.99035e-05
0.000151778
0.000182154
1.19748e-05
7.39803e-06
4.26169e-05
3.4583e-05
4.16193e-05
0.000329461
8.97573e-05
8.8269e-05
0.000618967
0.00029058
7.60289e-05
8.71484e-05
2.49602e-05
3.62465e-05
4.58426e-05
2.18091e-05
2.75166e-05
3.55745e-05
2.52109e-05
5.86512e-05
0.000377396
0.000852073
0.000119468
0.000113426
0.000181932
0.000111382
0.000380204
0.00157608
0.000170513
0.000173262
0.00128992
0.000226733
0.000202301
0.000939043
2.18907e-06
7.07944e-07
1.57057e-06
7.0683e-07
1.12496e-05
1.47274e-05
2.6992e-05
8.52615e-06
0.000295119
0.000410323
4.04013e-06
4.31143e-06
5.43567e-05
1.99709e-05
3.07768e-05
0.000167523
3.68567e-05
0.00124832
0.000114032
0.00128218
9.74916e-05
0.000221295
0.000444532
0.000206109
4.40332e-05
6.05966e-05
2.52325e-05
5.08204e-05
0.00136262
0.00196171
0.000184979
0.00025434
0.00011735
0.000223204
0.00104628
1.37262e-05
3.0898e-05
4.05838e-06
1.40798e-05
0.00017648
0.000310248
0.000207052
0.000137747
0.000559694
0.000975431
0.000150822
0.000160307
0.000652504
0.000126887
9.77194e-05
0.000106353
0.000164029
0.000244931
0.00011686
0.000134647
0.000207232
0.000173243
0.000614088
9.7526e-05
0.000429898
0.000163796
0.000111505
0.000420127
0.00105078
0.00108217
0.00128909
0.00102644
0.000619
0.00133948
0.0011486
0.000614701
0.00113871
0.000346215
0.000587956
0.000274936
0.000487957
0.000198567
0.000198276
0.000225777
0.000322555
0.00257081
0.00168807
0.00219107
0.000420941
0.00161624
0.000748905
0.00883325
0.00109201
0.000854677
0.00159761
0.00117009
0.00146086
0.000744742
0.00132076
0.00134404
0.000733495
0.000399943
0.000642836
0.000596661
0.000473304
0.00249645
0.00130281
0.000820824
0.000660091
0.000909792
0.000704451
0.00236423
0.000307736
0.000372332
0.000276081
0.000447514
0.000258715
8.43392e-05
0.000417221
5.78799e-05
6.55047e-05
0.000221733
6.16404e-05
1.48923e-05
2.34779e-05
2.46335e-05
1.61862e-05
0.00022858
0.000437884
6.13157e-05
5.65038e-05
5.3045e-05
0.000219347
5.97818e-05
1.83978e-05
2.61455e-05
3.27192e-05
1.89983e-05
0.000377345
0.000119603
6.66982e-05
0.000673106
0.00025372
0.000107914
0.000110426
2.39465e-05
1.33512e-05
5.08191e-05
3.02489e-06
2.63253e-05
3.4217e-05
2.40413e-05
4.39702e-05
0.000287045
0.000384279
5.74976e-05
1.39669e-05
0.000100067
8.37586e-05
7.81719e-05
0.00118954
0.00103797
9.89701e-05
0.000107415
0.000186013
0.000163913
0.000593499
9.59822e-06
5.75014e-06
7.40729e-06
3.20052e-06
0.000755977
0.00102037
0.000104713
9.6723e-05
0.000153848
0.000491495
0.000100782
1.17195e-05
1.5294e-05
7.89958e-06
6.38586e-06
0.000137839
0.000140482
0.00156015
0.000137542
9.85101e-05
0.00201945
0.000334013
0.000656734
0.000228582
1.37202e-05
4.71919e-06
1.52975e-05
2.65868e-06
1.72052e-05
1.82003e-05
2.1792e-05
3.00638e-05
0.000916686
0.000844033
7.40423e-08
1.04564e-05
0.000163955
0.000110934
2.58751e-05
0.000363224
0.0001467
0.000303869
0.000119783
0.000610869
0.00157431
0.00016818
0.000191514
0.000910657
0.000426197
7.74261e-05
0.000256402
0.00010629
0.000310071
0.000130689
0.000165654
0.000370348
0.000270225
0.00147311
0.000272773
0.000157942
0.00017527
0.00135805
0.000367088
0.00100149
0.000836352
0.00139566
0.00123886
0.000886829
0.000585101
0.00109469
0.000653812
0.0010076
0.000397109
0.000504197
0.000422945
0.000471758
0.00250756
0.00108041
0.000949715
0.000766025
0.00224553
0.000756915
0.000641079
0.000234851
0.000343237
0.000209044
0.000349357
0.00134808
0.00162007
0.00211719
0.000994122
0.000710165
0.00201749
0.00167794
0.00123144
0.000931743
0.000544457
0.000615129
0.000507184
0.000483828
0.000361556
0.00028661
0.000282931
0.000477791
0.00451005
0.00271086
0.00425296
0.000783831
0.00248858
0.0010821
0.00563315
0.000196416
7.048e-05
0.000104936
9.22941e-05
7.85645e-05
0.000150755
0.000113118
7.40545e-05
7.74825e-05
2.62525e-05
4.75743e-05
2.98546e-05
3.94331e-05
3.14268e-05
3.03639e-05
3.70989e-05
3.50435e-05
7.82926e-05
0.000133548
5.10324e-05
5.94636e-05
8.13003e-05
6.56712e-05
5.22717e-05
6.76459e-05
5.9675e-05
0.000155596
8.15873e-05
0.000148293
0.000259218
8.48088e-05
0.000138503
0.000152977
1.50434e-05
9.26248e-06
4.99852e-05
1.98336e-06
3.0791e-05
3.60584e-05
2.1174e-05
7.6672e-05
7.17638e-05
0.000108436
7.51036e-06
2.48648e-05
4.22706e-05
5.88008e-05
2.96817e-05
6.55605e-05
3.99235e-05
0.000112803
6.88405e-05
3.563e-05
8.00029e-05
6.02309e-05
9.21177e-06
1.88885e-05
2.40907e-05
7.6135e-06
1.31518e-05
2.53015e-05
1.16612e-05
2.84184e-05
4.86047e-05
8.74029e-05
2.61059e-05
4.54532e-05
2.73522e-05
4.28758e-05
5.1292e-05
0.031625
0.00138019
0.00425737
0.00536777
0.000924405
0.00487318
0.00549504
0.000296151
0.000686603
0.000457232
0.000321876
0.000526193
0.000363125
0.000412506
0.000468453
0.232411
0.00590853
0.000153336
0.057155
0.00136857
0.00270567
0.113904
0.00149983
0.00164589
0.0103095
0.00127542
0.00333546
0.0121352
0.00408302
0.00391133
0.010332
0.000861943
0.00138674
0.00159379
0.000618305
0.00107748
0.00101329
0.00126683
0.000725801
0.00726067
0.0147636
0.00164239
0.0363918
0.00279656
0.019073
0.00429321
0.000408079
0.000494256
0.00015739
0.00288583
0.000766812
0.000390913
0.000442036
0.000263851
9.25254e-05
0.000199028
9.94555e-05
0.000304729
0.000122827
0.000310259
0.000168085
0.000504416
0.00381068
0.000178498
0.00239633
0.000986808
0.000549573
0.000675353
0.000611147
0.000469463
0.0086338
0.0003445
0.000626294
0.000459897
0.00080184
0.000169255
9.78342e-05
0.00011842
0.000129126
0.000273672
8.22305e-05
0.000264049
0.000131482
0.000522409
0.00871868
0.000441803
0.000279847
0.000476007
0.000263062
0.000494645
0.000101534
0.000147002
9.44081e-05
0.000113869
6.60907e-05
0.000218822
0.000116476
9.75454e-05
6.72545e-05
1.19417e-05
8.16042e-06
1.43309e-05
4.3845e-06
2.57331e-05
2.5226e-05
3.52673e-05
3.04362e-05
6.92542e-05
0.000182603
1.50277e-05
2.14746e-05
7.66161e-05
4.53358e-05
3.5654e-05
0.000136144
0.000121538
9.75197e-05
0.000171772
6.31463e-05
0.000104074
5.27422e-05
0.000103984
0.000112685
1.04923e-05
4.06171e-05
1.43739e-05
3.38705e-05
0.000101886
0.000183058
4.86295e-05
8.31505e-05
9.28425e-05
5.20748e-05
0.000114593
1.88296e-05
2.91048e-05
1.67313e-05
3.41874e-05
0.000118414
6.13215e-05
0.00011406
0.000200082
6.57898e-05
0.000120404
0.00010673
1.69576e-05
9.10636e-06
4.98952e-05
3.45242e-06
2.266e-05
2.86628e-05
1.56358e-05
4.54924e-05
9.82183e-05
0.000150344
1.34116e-05
3.88349e-05
6.16349e-05
6.69823e-05
4.76537e-05
0.0077781
0.00166665
0.0118659
0.00476141
0.00146757
0.00332035
0.0111714
0.000511667
0.00139362
0.000687117
0.000595667
0.000835528
0.00067446
0.000669442
0.000780411
0.00371726
0.00494237
0.00106954
0.0101305
0.00126977
0.00280702
0.00668073
0.00138976
0.00193561
0.0132112
0.00134211
0.00832444
0.00920816
0.00650759
0.00184131
0.00805776
0.000350089
0.000844809
0.000632627
0.000352609
0.000721574
0.000462445
0.000492792
0.000596132
0.0280424
0.0136584
0.00103258
0.0307123
0.00259525
0.0230415
0.0189032
0.000352133
0.00466192
0.000380541
0.000557847
0.000644077
0.00102651
0.000238118
0.000196588
0.000123174
0.00015759
0.00020471
0.000367456
0.00470728
0.000471769
0.000514196
0.000576045
0.000477984
0.000377897
0.000250076
7.59767e-05
0.000220867
0.000121417
0.000406608
0.000399828
0.000138457
0.0044414
0.000734644
0.000412896
0.000802629
0.000294012
4.98102e-05
0.000282193
8.20891e-05
0.000275331
9.36074e-05
0.000233564
0.000142868
0.000793264
0.0101493
0.000276553
0.0016599
0.000801301
0.000338415
0.00121497
)
;

boundaryField
{
    inlet
    {
        type            fixedValue;
        value           uniform 14.855;
    }
    outlet
    {
        type            zeroGradient;
    }
    rightSide
    {
        type            symmetryPlane;
    }
    leftSide
    {
        type            symmetryPlane;
    }
    duct
    {
        Cmu             0.09;
        kappa           0.41;
        E               9.8;
        type            epsilonWallFunction;
        value           nonuniform List<scalar> 
216
(
0.000386714
0.000388498
0.000429291
0.000427049
0.000475983
0.000476609
0.000536026
0.000523865
0.000584941
0.000587082
0.000648157
0.00063254
0.000704575
0.000693558
0.000753034
0.000742267
0.000807295
0.000796378
0.000853924
0.000833472
0.000886297
0.000896833
0.000958971
0.000952881
0.0010209
0.0010045
0.00108517
0.00104689
0.00115771
0.00111607
0.00124776
0.00114749
0.00128792
0.00135819
0.00169432
0.00150404
0.00217377
0.00181894
0.00299025
0.00229837
0.00218032
0.00175491
0.00236912
0.00189297
0.00259998
0.00201004
0.00274013
0.00207638
0.00241908
0.00188221
0.00254157
0.00222726
0.00271243
0.00262735
0.00307688
0.00265434
0.00304273
0.00266905
0.00253616
0.00213924
0.00290263
0.00258473
0.00247012
0.00191081
0.00266658
0.00259001
0.00320263
0.00306876
0.0036487
0.0036677
0.00258132
0.00251659
0.00282294
0.00287487
0.00242014
0.00244584
0.00148437
0.00138362
0.00161932
0.00151132
0.0012936
0.00122153
0.00118462
0.00108009
0.00117295
0.000951077
0.00146333
0.00105039
0.00144166
0.00115108
0.0013546
0.000988196
0.00125271
0.000554308
0.00106888
0.000620594
0.000728957
0.000593782
0.000733735
0.000651689
0.000881541
0.000848449
0.00324499
0.0033512
9.70895e-05
1.26947e-05
0.024793
0.0244932
0.000387838
0.000387534
0.000425269
0.000425387
0.000470047
0.000470672
0.000522939
0.000515723
0.000565253
0.000565535
0.000610186
0.000611284
0.000645752
0.000648456
0.000691783
0.000680709
0.000720287
0.000709448
0.000761323
0.000738179
0.000784829
0.000757119
0.00081888
0.000782699
0.000842164
0.000810059
0.000868155
0.000839106
0.000909293
0.000871855
0.00093273
0.000890034
0.000969603
0.000930481
0.00100291
0.000956175
0.00104633
0.00101107
0.00107026
0.00105086
0.00112643
0.00107713
0.00114763
0.00111391
0.00115206
0.00114911
0.00115203
0.00116095
0.00120396
0.00121625
0.00121686
0.0011885
0.00126251
0.0012647
0.00130986
0.00131068
0.00133206
0.00130238
0.00125488
0.00121169
0.00114879
0.00110421
0.0011292
0.00111403
0.00111221
0.0011009
0.00103718
0.00104839
0.000982039
0.00087587
0.00159152
0.00103509
0.00486836
0.00257766
0.00575106
0.00377928
0.00797677
0.0050589
7.87924e-05
0.000483418
0.00223327
0.00205856
0.00252077
0.00195002
0.00246286
0.00236645
0.00237687
0.00198127
0.00218539
0.00255898
0.00203667
0.00248006
0.00171739
0.00220105
0.00140519
0.0018229
0.000762194
0.000604234
0.000633729
0.000520736
0.000590954
0.000319558
0.000594533
0.000544605
0.000796712
0.000821729
0.00207932
0.00154775
)
;
    }
    cylinder
    {
        Cmu             0.09;
        kappa           0.41;
        E               9.8;
        type            epsilonWallFunction;
        value           nonuniform List<scalar> 
448
(
0.0012239
0.00169595
0.000928391
0.00109768
0.000139989
2.52145e-06
0.000154627
0.000226889
0.000894975
0.00116931
0.000920886
0.000684007
9.62604e-05
9.54116e-05
8.27033e-05
7.48232e-06
0.000627999
0.000760985
0.000880928
0.00161457
0.000175642
4.86507e-06
7.33828e-05
4.24893e-05
0.00103323
0.00130163
0.000129781
8.60467e-05
0.000126994
8.91585e-06
0.00108565
0.0015343
0.000620512
0.000758712
0.000275376
0.000237319
0.000298401
0.000954342
0.000393051
0.000593452
9.80321e-05
0.000377264
0.000444559
0.000174664
0.000162733
0.000200442
8.62655e-06
4.55808e-05
0.00150329
0.0016991
9.61199e-05
0.0001091
3.69132e-05
2.15518e-05
0.00111903
0.00113514
7.58482e-05
7.70809e-05
1.30965e-05
1.64615e-05
7.39803e-06
3.4583e-05
8.8269e-05
8.71484e-05
2.49602e-05
2.75166e-05
0.000113426
0.000111382
0.000173262
0.000202301
2.18907e-06
1.12496e-05
0.000167523
3.68567e-05
9.74916e-05
0.000206109
4.40332e-05
0.00025434
1.37262e-05
0.00017648
0.000310248
0.000559694
0.000652504
0.000126887
0.000244931
0.000429898
0.000420127
0.00105078
0.00108217
0.000619
0.000614701
0.000346215
0.000198567
0.00109201
0.000854677
0.000744742
0.000733495
0.000399943
0.000307736
5.78799e-05
6.16404e-05
1.48923e-05
5.65038e-05
1.83978e-05
6.66982e-05
0.000110426
2.39465e-05
2.63253e-05
1.39669e-05
8.37586e-05
0.000107415
0.000163913
9.59822e-06
9.6723e-05
0.000100782
1.17195e-05
0.000137839
0.000140482
9.85101e-05
0.000228582
1.37202e-05
1.72052e-05
0.000363224
0.0001467
0.000610869
0.000910657
0.000426197
0.000310071
0.00100149
0.000836352
0.000585101
0.000653812
0.000397109
0.000234851
0.00134808
0.00162007
0.000710165
0.000931743
0.000544457
0.000361556
0.000196416
7.048e-05
9.22941e-05
7.40545e-05
2.62525e-05
3.14268e-05
6.76459e-05
5.9675e-05
1.50434e-05
3.0791e-05
3.99235e-05
3.563e-05
9.21177e-06
1.31518e-05
0.00138019
0.000296151
0.000526193
0.00149983
0.00164589
0.000861943
0.00107748
0.000494256
0.000263851
0.000304729
0.000169255
0.000273672
0.000101534
0.000147002
0.000113869
9.75454e-05
1.19417e-05
2.57331e-05
0.000136144
0.000121538
6.31463e-05
5.27422e-05
1.04923e-05
1.88296e-05
1.69576e-05
2.266e-05
0.00166665
0.00146757
0.000511667
0.000835528
0.00138976
0.00193561
0.00134211
0.00184131
0.000350089
0.000721574
0.000380541
0.000644077
0.000196588
0.000250076
0.000399828
0.000734644
0.000294012
0.000275331
5.79015e-05
9.88836e-05
0.000111355
9.2114e-05
3.49426e-06
6.65322e-05
5.24203e-05
4.84552e-05
1.01719e-05
2.92636e-05
3.62465e-05
3.55745e-05
7.07944e-07
1.47274e-05
6.05966e-05
3.0898e-05
9.77194e-05
0.00011686
0.000587956
0.000198276
0.000642836
0.000372332
2.34779e-05
2.61455e-05
1.33512e-05
3.4217e-05
5.75014e-06
1.5294e-05
4.71919e-06
1.82003e-05
7.74261e-05
0.000130689
0.000504197
0.000343237
0.000615129
0.00028661
4.75743e-05
3.03639e-05
9.26248e-06
3.60584e-05
1.88885e-05
2.53015e-05
0.000686603
0.000363125
0.00138674
0.00101329
9.25254e-05
0.000122827
9.78342e-05
8.22305e-05
8.16042e-06
2.5226e-05
4.06171e-05
2.91048e-05
9.10636e-06
2.86628e-05
0.00139362
0.00067446
0.000844809
0.000462445
0.000123174
7.59767e-05
4.98102e-05
9.36074e-05
0.000149562
7.45613e-05
0.000153652
0.000250101
0.000108738
9.18682e-05
0.000109038
0.000220761
6.16879e-06
3.47624e-06
1.05007e-05
5.33468e-05
3.05218e-05
6.50651e-05
0.000924405
0.000766812
0.000153336
0.00136857
3.0381e-05
2.37961e-05
7.51438e-05
0.00012306
2.17336e-05
3.21084e-05
0.00106954
0.00126977
3.82951e-05
1.96042e-06
1.99035e-05
4.44002e-05
4.58426e-05
2.18091e-05
2.52109e-05
5.86512e-05
1.57057e-06
7.0683e-07
4.31143e-06
1.99709e-05
8.52615e-06
2.6992e-05
2.52325e-05
5.08204e-05
0.000223204
4.05838e-06
1.40798e-05
0.000164029
0.000106353
0.000134647
0.000207232
0.000274936
0.000487957
0.000420941
0.000748905
0.000225777
0.000322555
0.000596661
0.000660091
0.000473304
0.000704451
0.000276081
0.000447514
1.61862e-05
2.46335e-05
5.97818e-05
1.89983e-05
3.27192e-05
5.08191e-05
3.02489e-06
2.40413e-05
4.39702e-05
3.20052e-06
7.40729e-06
6.38586e-06
7.89958e-06
1.52975e-05
2.65868e-06
1.04564e-05
0.000110934
2.1792e-05
3.00638e-05
0.000256402
0.00010629
0.000157942
0.00135805
0.000165654
0.000370348
0.000422945
0.000766025
0.000471758
0.000641079
0.000209044
0.000349357
0.000783831
0.0010821
0.000507184
0.000483828
0.000282931
0.000477791
8.15873e-05
8.48088e-05
3.94331e-05
2.98546e-05
5.10324e-05
6.56712e-05
3.70989e-05
3.50435e-05
2.61059e-05
2.73522e-05
4.99852e-05
1.98336e-06
7.51036e-06
4.22706e-05
2.1174e-05
7.6672e-05
2.40907e-05
7.6135e-06
1.16612e-05
2.84184e-05
0.000457232
0.000321876
0.000468453
0.000412506
0.00127542
0.000469463
0.00391133
0.000626294
0.000441803
0.00159379
0.000618305
0.00164239
0.00279656
0.000725801
0.00126683
0.000199028
9.94555e-05
0.000178498
0.000986808
0.000168085
0.000310259
0.00011842
0.000129126
0.000476007
0.000131482
0.000264049
1.43309e-05
4.3845e-06
1.50277e-05
7.66161e-05
3.52673e-05
3.04362e-05
6.13215e-05
6.57898e-05
1.43739e-05
4.86295e-05
3.38705e-05
5.20748e-05
1.67313e-05
3.41874e-05
4.98952e-05
3.45242e-06
1.34116e-05
6.16349e-05
1.56358e-05
4.54924e-05
0.000687117
0.000595667
0.000780411
0.000669442
0.00259525
0.000632627
0.000352609
0.00103258
0.000596132
0.000492792
0.00015759
0.000471769
0.00020471
0.000576045
0.000121417
0.000220867
0.000282193
8.20891e-05
0.000276553
0.000801301
0.000142868
0.000233564
)
;
    }
}


// ************************************************************************* //
