/*--------------------------------*- C++ -*----------------------------------*\
| =========                 |                                                 |
| \\      /  F ield         | OpenFOAM: The Open Source CFD Toolbox           |
|  \\    /   O peration     | Version:  4.1                                   |
|   \\  /    A nd           | Web:      www.OpenFOAM.org                      |
|    \\/     M anipulation  |                                                 |
\*---------------------------------------------------------------------------*/
FoamFile
{
    version     2.0;
    format      ascii;
    class       volScalarField;
    location    "8";
    object      nut;
}
// * * * * * * * * * * * * * * * * * * * * * * * * * * * * * * * * * * * * * //

dimensions      [0 2 -1 0 0 0 0];

internalField   nonuniform List<scalar> 
4432
(
34.7663
36.4206
37.3502
38.7618
40.064
41.2145
42.7989
44.1187
45.1446
46.6441
47.5503
47.8097
49.1828
50.7913
55.1152
53.4658
132.182
181.828
121.641
115.792
148.834
129.449
391.644
604.293
79.8252
62.2114
78.4732
73.6697
75.8959
99.7326
89.0787
101.886
84.8477
92.9509
79.4183
97.8491
79.7105
63.1131
100.519
80.0531
75.7574
110.989
118.208
88.0592
64.9569
73.8147
62.695
52.8502
40.1333
35.0272
43.1513
35.5094
1604.83
33.3407
34.9771
36.2013
37.5226
38.3355
39.7825
41.0212
42.2845
43.3966
44.8249
45.6425
46.2726
47.2425
48.706
50.0975
50.8564
60.665
92.0983
125.708
90.1346
81.808
97.6323
79.5024
136.793
171.519
119.595
90.4474
111.673
98.7213
135.345
157.548
123.853
152.049
87.5747
113.616
104.767
128.113
96.1454
66.0215
117.778
86.4732
54.9544
81.896
107.508
66.0021
75.3259
42.8069
62.6263
39.8335
28.6909
30.1059
41.4976
42.0761
16448.2
40.537
2.54574e-06
5.91062e-08
2.41295e-05
0.00446139
0.00573552
0.0206852
0.0775508
0.29445
0.439995
0.700759
1.66632
0.979003
2.8764
1.23605
2.57503
3.37621
17.3783
88.8202
123.535
279.497
784.06
1608.49
2979.03
3256.68
19.4362
392.426
42.3035
75.6157
118.004
212.11
180.833
205.249
556.521
638.491
22.0863
81.8678
9.98103
34.4333
12.7696
0.855902
1.89191
2.0224
1.5995
2.55065
1.09027
0.194619
0.0433048
0.0203486
0.0550471
0.0983834
0.366514
1.49456
4.14037
4.63004
2.54554e-06
5.6873e-08
2.43255e-05
0.00414374
0.00513951
0.0245392
0.119339
0.257771
1.19193
0.450132
0.565702
0.882208
0.897884
2.25475
3.96711
4.5358
9.6212
71.7477
105.317
251.818
794.049
1412.08
2433.93
2175.19
58.5967
191.463
64.7887
54.1272
82.7981
48.395
42.2456
182.145
216.297
163.396
8.04238
13.3303
1.53747
1.91206
0.239468
0.00101627
0.0146382
0.0126174
0.0138766
0.0138301
0.0115015
0.0165673
0.013473
0.0185545
0.0367575
0.101065
0.407975
1.71584
4.90812
5.63579
2.53209e-06
3.85094e-09
2.33382e-10
9.52528e-07
3.71303e-06
2.19367e-05
0.000120013
0.000554641
0.00231518
0.00791004
0.0287568
0.0416179
0.0721909
0.0332999
0.0101222
0.00907426
0.0220786
0.230087
8.31962
366.511
1746.76
1347.12
925.493
216.607
109.85
189.519
10.2321
50.8379
81.4782
107.509
192.499
617.713
686.698
6.23997
11.676
7.02832
2.67771
1.62434
2.79573
1.85937
6.74554
4.30245
2.51408
4.40908
0.0699259
0.0653142
7.06977e-05
0.00198318
0.000309182
1.83105
0.00169827
0.0164492
0.0515324
0.068888
2.5321e-06
3.84685e-09
2.35841e-10
8.314e-07
3.34443e-06
2.12101e-05
0.000128486
0.000499777
0.0023932
0.00759059
0.0134093
0.0487003
0.019726
0.0555096
0.0164541
0.0102604
0.0118988
0.157037
5.58267
201.19
1305.91
682.186
428.144
90.8714
78.6885
18.1571
16.0699
5.8522
15.2561
58.6157
198.27
431.228
510.356
13.9877
1.86496
0.794041
0.0308098
0.055904
0.00238303
2.4485e-05
3.24916e-06
8.45949e-06
7.92949e-08
2.65597e-06
1.86754e-05
1.30971e-05
0.0187509
0.0138131
0.000533369
1.21215
0.000697832
0.016073
0.0554999
0.0704744
2.53223e-06
3.85128e-09
1.45971e-10
1.55186e-11
1.26108e-11
1.77219e-11
3.87192e-11
1.08382e-10
4.35968e-10
1.48266e-09
9.8364e-09
3.15056e-08
1.84521e-07
6.00435e-07
1.69002e-06
1.71505e-05
0.000692351
0.00427271
0.00485245
0.0168152
1.77781
5.74039
24.7567
21.1282
101.953
254.901
135.077
137.701
176.933
155.375
60.941
118.452
41.6689
4.44633
3.59693
0.794983
0.302138
0.382871
0.0619411
0.494481
2.15111
2.21717
3.04714
4.35016
0.0436793
2.53499e-05
3.78129e-05
8.82231e-05
0.00100169
0.00191919
0.00831671
0.120542
0.000778815
0.0102471
2.53223e-06
3.84712e-09
1.45648e-10
1.53044e-11
1.23618e-11
1.8234e-11
4.1185e-11
1.00323e-10
4.38801e-10
1.74491e-09
5.0239e-09
4.8139e-08
6.48562e-08
8.9722e-07
2.1201e-06
2.07504e-05
0.00031104
0.00219177
0.00267048
0.00366025
0.845441
6.09711
20.9475
32.581
153.329
270.531
64.4998
82.9515
203.673
227.444
167.248
10.6842
18.3608
2.73792
0.000335273
0.0391769
0.00867787
0.00234269
8.62778e-12
1.32736e-10
3.79671e-11
2.38765e-11
1.52749e-11
1.4197e-11
1.30029e-11
1.28167e-11
2.06969e-10
7.01228e-07
0.000259555
0.00161496
0.00606376
0.0276832
1.69958e-05
0.0108199
2.53235e-06
3.85192e-09
1.45942e-10
1.40008e-11
9.79343e-12
9.75088e-12
9.7138e-12
9.86674e-12
1.00509e-11
1.06271e-11
1.0334e-11
1.05566e-11
1.37356e-11
1.7595e-11
2.80247e-11
1.50555e-10
8.5148e-09
4.83178e-07
2.58445e-05
0.000153273
0.0506217
0.0758071
0.253975
0.00796959
0.0377374
604.67
4.34019
94.7851
99.8266
118.855
185.028
565.76
783.311
9.44938
2.63571
0.551005
0.0813092
0.000991252
0.00277906
1.98193e-05
1.36938e-10
5.01838e-10
5.44171e-10
5.04974e-12
7.76205e-12
8.94157e-10
5.98024e-08
5.73334e-06
3.43026e-08
3.90617e-12
2.69814e-10
1.516e-07
2.28298e-06
3.52859e-06
2.53235e-06
3.84756e-09
1.46046e-10
1.41865e-11
9.81354e-12
1.01195e-11
9.70413e-12
9.62954e-12
9.77455e-12
1.00085e-11
1.0045e-11
1.0715e-11
1.22479e-11
1.95539e-11
3.10524e-11
1.76031e-10
4.12307e-09
3.07584e-07
1.80079e-05
0.000108936
0.00325609
0.0590621
0.187708
0.01258
0.303558
22.8146
1.03869
49.3084
75.8018
65.6351
153.999
369.072
12.1635
0.44912
0.0152012
0.131024
7.97066e-06
0.00012289
1.90336e-08
6.50025e-11
1.25193e-11
1.36331e-11
1.38089e-11
1.42691e-11
1.29547e-11
1.4883e-11
1.48742e-11
1.79501e-12
5.20036e-11
1.24849e-09
4.36114e-07
9.75975e-07
1.66645e-06
2.83272e-06
2.53248e-06
3.85167e-09
1.47156e-10
1.46638e-11
9.91281e-12
9.99098e-12
1.02482e-11
1.01785e-11
1.01486e-11
1.08523e-11
9.92986e-12
9.6131e-12
1.0235e-11
1.03169e-11
1.1029e-11
1.03198e-11
1.16709e-11
3.34431e-11
8.52275e-10
2.15107e-08
3.05585e-05
0.000268516
0.00760661
0.000695724
0.587365
2545.16
0.0501301
0.383934
0.195159
0.589806
0.591321
4.13437
64.7605
0.559862
0.0248161
0.0165593
2.16437e-06
1.66767e-08
5.62322e-09
1.09945e-11
1.16487e-11
1.23795e-11
9.75355e-12
6.87652e-13
9.40777e-13
2.01659e-11
4.22159e-11
1.63039e-09
2.09268e-11
1.92979e-11
1.83342e-09
9.06349e-07
4.59555e-06
2.82091e-06
2.53248e-06
3.84744e-09
1.46771e-10
1.45163e-11
9.83147e-12
1.00458e-11
1.00245e-11
1.0543e-11
9.98177e-12
9.28442e-12
9.39894e-12
9.60144e-12
9.99859e-12
1.01392e-11
1.09134e-11
1.02322e-11
1.09563e-11
2.81436e-11
6.10808e-10
1.30647e-08
3.89168e-06
0.000359083
0.00939605
0.000987318
0.00358801
15.3298
0.00229676
0.601279
0.312122
0.876839
0.272246
2.45819
0.23234
0.00417535
0.000561644
6.48129e-05
1.59741e-10
3.15609e-12
1.26011e-11
1.10034e-11
1.12932e-11
1.32978e-11
1.20468e-11
1.16346e-11
1.28294e-11
1.25176e-11
1.2781e-11
1.70249e-11
1.50835e-11
2.17573e-11
1.637e-09
9.2289e-07
3.92916e-06
2.82002e-06
2.53261e-06
3.85223e-09
1.47063e-10
1.47064e-11
9.93415e-12
1.01075e-11
1.0565e-11
9.90424e-12
9.63646e-12
1.05551e-11
1.01677e-11
9.89466e-12
9.95274e-12
1.00114e-11
1.01548e-11
1.03113e-11
1.06078e-11
1.03985e-11
1.11725e-11
1.59735e-11
1.73101e-09
2.11048e-08
9.64207e-07
5.02953e-07
0.00699034
1.0781
0.00621622
0.0917794
0.00331716
0.0281127
0.0484512
0.0358426
0.374556
0.00512881
0.00196199
2.26308e-05
7.10327e-11
2.53114e-12
1.08342e-11
1.17371e-11
1.28138e-11
1.15115e-11
1.19599e-11
1.19122e-11
1.30261e-11
1.1811e-11
1.1767e-11
1.4936e-11
1.19075e-11
1.14105e-11
1.49659e-11
1.31573e-10
3.32687e-08
1.61496e-07
2.53261e-06
3.84799e-09
1.46744e-10
1.45661e-11
9.85287e-12
1.00222e-11
1.04707e-11
9.82075e-12
9.55157e-12
1.04491e-11
9.97157e-12
9.8456e-12
1.02972e-11
1.02828e-11
1.03556e-11
1.05388e-11
1.05216e-11
1.0367e-11
1.09399e-11
1.52478e-11
2.79776e-10
2.76853e-08
1.11518e-06
6.47025e-07
1.18167e-05
0.0193907
8.78162e-05
0.123258
0.0777973
0.111245
0.00238149
0.0136265
0.00274556
0.000198089
1.70202e-07
1.79206e-11
1.12859e-11
1.05134e-11
1.12446e-11
1.15163e-11
1.27131e-11
1.2059e-11
1.15395e-11
1.13067e-11
1.36356e-11
1.21534e-11
1.04913e-11
1.17149e-11
1.37691e-11
1.2451e-11
1.93033e-11
8.55375e-10
2.24304e-07
1.67073e-07
2.53276e-06
3.85286e-09
1.45534e-10
1.40483e-11
9.77832e-12
9.89169e-12
1.01013e-11
1.00458e-11
1.00161e-11
1.03941e-11
9.91298e-12
9.76e-12
1.08196e-11
1.0002e-11
9.9841e-12
1.0685e-11
1.01919e-11
1.00285e-11
1.01604e-11
1.10019e-11
1.20388e-11
1.8877e-11
1.51109e-10
1.16213e-10
1.01488e-06
0.000144462
1.53581e-06
4.54029e-05
8.14576e-06
1.33464e-05
6.22639e-05
0.000509901
0.049888
7.78763e-05
2.00037e-07
8.08474e-11
1.15725e-11
1.09028e-11
1.08058e-11
1.15086e-11
1.16599e-11
1.25933e-11
1.48797e-11
1.40198e-11
1.4213e-11
1.12716e-11
1.0793e-11
1.02666e-11
1.01225e-11
1.03163e-11
1.47384e-11
3.80087e-10
1.51903e-07
2.42262e-07
2.53276e-06
3.84882e-09
1.45249e-10
1.39544e-11
9.66697e-12
9.91869e-12
9.69325e-12
9.61541e-12
9.69559e-12
9.91294e-12
9.81182e-12
9.67543e-12
1.02304e-11
1.02411e-11
1.02983e-11
9.93318e-12
1.00489e-11
1.0098e-11
1.03535e-11
1.04749e-11
1.13515e-11
3.31328e-11
1.67018e-10
1.29184e-10
2.33516e-09
2.66645e-06
1.68055e-08
3.19835e-05
2.05153e-05
1.71715e-05
7.24418e-06
7.51624e-05
4.73769e-05
4.52885e-09
1.12591e-10
1.21595e-11
1.09152e-11
1.08175e-11
1.09459e-11
1.1463e-11
1.13337e-11
1.1799e-11
1.30986e-11
1.13714e-11
1.46038e-11
1.19384e-11
1.04142e-11
1.14709e-11
1.29696e-11
1.18022e-11
1.67174e-11
3.19141e-10
8.23289e-08
2.00992e-07
2.53289e-06
3.85347e-09
1.45436e-10
1.40507e-11
9.79742e-12
9.91864e-12
1.00884e-11
1.00741e-11
1.00574e-11
1.04085e-11
9.92277e-12
9.59501e-12
1.02087e-11
1.01809e-11
1.02979e-11
1.02469e-11
1.08695e-11
1.02562e-11
9.97374e-12
1.02127e-11
1.05797e-11
1.06189e-11
1.08817e-11
1.24174e-11
1.58402e-12
1.69968e-08
3.51528e-10
6.51224e-09
1.28725e-09
1.60991e-09
6.2966e-09
4.8977e-08
7.1399e-06
2.78107e-08
1.75059e-10
1.18182e-11
1.2382e-11
1.13378e-11
1.08434e-11
1.25081e-11
1.20417e-11
1.31061e-11
1.35559e-11
1.28385e-11
1.50104e-11
1.19973e-11
1.12353e-11
1.10867e-11
1.13429e-11
1.10753e-11
1.52305e-11
3.53041e-10
9.56578e-08
1.27179e-07
2.5329e-06
3.8494e-09
1.45147e-10
1.39705e-11
9.56858e-12
9.63831e-12
9.84709e-12
9.75995e-12
9.89089e-12
1.03042e-11
9.81997e-12
9.52801e-12
1.01695e-11
1.01318e-11
1.01473e-11
1.01201e-11
1.07604e-11
1.02234e-11
1.02689e-11
1.12158e-11
1.02141e-11
1.06044e-11
1.25671e-11
1.08886e-11
1.35073e-11
1.45874e-09
2.48569e-11
4.29561e-09
2.66402e-09
1.92981e-09
8.14645e-10
7.48573e-09
4.92002e-09
3.76048e-11
1.14786e-11
1.05023e-11
1.14144e-11
1.11309e-11
1.1131e-11
1.23884e-11
1.18405e-11
1.23552e-11
1.24542e-11
1.26319e-11
1.37448e-11
1.14564e-11
1.01939e-11
1.08449e-11
1.10954e-11
1.14585e-11
1.86403e-11
6.16415e-10
1.64007e-07
1.90661e-07
2.53305e-06
3.85387e-09
1.4516e-10
1.40689e-11
9.85531e-12
9.46631e-12
9.4894e-12
9.34872e-12
9.25974e-12
9.37993e-12
9.34692e-12
9.64162e-12
9.60692e-12
9.59225e-12
9.80875e-12
9.75514e-12
1.0058e-11
1.08881e-11
1.01903e-11
1.01019e-11
1.0872e-11
1.10697e-11
1.08857e-11
1.11037e-11
1.13283e-11
3.45007e-11
1.47134e-11
1.63593e-11
1.27735e-11
1.31027e-11
1.63161e-11
2.37474e-11
6.85188e-10
2.90069e-11
1.14884e-11
1.20806e-11
1.18061e-11
1.33202e-11
1.22065e-11
1.23918e-11
1.20813e-11
1.2709e-11
1.29788e-11
1.27583e-11
1.5351e-11
1.25218e-11
1.13601e-11
1.15534e-11
1.29464e-11
1.24255e-11
1.47834e-11
1.55466e-10
2.48128e-08
5.8457e-08
2.53305e-06
3.84987e-09
1.44896e-10
1.37389e-11
9.46364e-12
9.69744e-12
9.47779e-12
9.45514e-12
1.00073e-11
9.95271e-12
9.99948e-12
9.9909e-12
1.03285e-11
9.95721e-12
9.85963e-12
1.00268e-11
1.0129e-11
1.0947e-11
1.02463e-11
1.02081e-11
1.07747e-11
1.08553e-11
1.08463e-11
1.06229e-11
1.0651e-11
1.58706e-11
1.12291e-11
2.20111e-11
1.98567e-11
1.77364e-11
1.57333e-11
1.6355e-11
1.45421e-11
1.21136e-11
1.15037e-11
1.23702e-11
1.18332e-11
1.32389e-11
1.21066e-11
1.23941e-11
1.2583e-11
1.2244e-11
1.18761e-11
1.21457e-11
1.20966e-11
1.19555e-11
1.08268e-11
1.29538e-11
1.31965e-11
1.3793e-11
1.66194e-11
2.1649e-10
3.73493e-08
9.57439e-08
2.53316e-06
3.85449e-09
1.45123e-10
1.38326e-11
9.5173e-12
9.76182e-12
9.44738e-12
9.33825e-12
9.98102e-12
9.63656e-12
9.6038e-12
9.87835e-12
1.06319e-11
1.05046e-11
9.99266e-12
1.03092e-11
1.02455e-11
1.0266e-11
1.02824e-11
1.12617e-11
1.02902e-11
1.01903e-11
1.11231e-11
1.10621e-11
1.08243e-11
1.11955e-11
1.18115e-11
1.09862e-11
1.09596e-11
1.15911e-11
1.11535e-11
1.19459e-11
1.41632e-11
1.27599e-11
1.23852e-11
1.24213e-11
1.16724e-11
1.22695e-11
1.18695e-11
1.257e-11
1.35684e-11
1.33479e-11
1.26442e-11
1.27446e-11
1.38458e-11
1.57992e-11
1.32195e-11
1.23031e-11
1.56867e-11
1.5795e-11
1.83834e-11
1.92982e-11
3.52549e-11
4.99222e-09
2.53317e-06
3.85044e-09
1.44831e-10
1.37449e-11
9.46134e-12
9.54385e-12
9.58897e-12
9.72541e-12
1.01431e-11
9.78761e-12
9.72527e-12
9.9187e-12
1.06486e-11
1.019e-11
9.77511e-12
1.00846e-11
1.01806e-11
1.01779e-11
1.02183e-11
1.11263e-11
1.03657e-11
1.02809e-11
1.1252e-11
1.08051e-11
1.1135e-11
1.13643e-11
1.12144e-11
1.13905e-11
1.14085e-11
1.19919e-11
1.12579e-11
1.11014e-11
1.10803e-11
1.10424e-11
1.21949e-11
1.1794e-11
1.10829e-11
1.22091e-11
1.20165e-11
1.26922e-11
1.23387e-11
1.29385e-11
1.34835e-11
1.30391e-11
1.28568e-11
1.49675e-11
1.44409e-11
1.43531e-11
1.35382e-11
1.39637e-11
1.40794e-11
1.58819e-11
6.31779e-11
1.28945e-08
2.53331e-06
3.85517e-09
1.45072e-10
1.35817e-11
9.195e-12
9.29793e-12
9.44551e-12
9.54757e-12
9.78949e-12
9.76931e-12
9.77504e-12
9.85479e-12
1.06301e-11
1.00676e-11
9.99022e-12
1.12644e-11
1.0009e-11
9.85072e-12
1.01859e-11
1.02728e-11
1.00093e-11
9.93175e-12
1.05048e-11
1.05611e-11
1.1852e-11
1.08639e-11
1.09957e-11
1.20403e-11
1.14811e-11
1.07196e-11
1.01777e-11
1.16704e-11
1.15853e-11
1.15108e-11
1.16536e-11
1.31994e-11
1.18102e-11
1.09053e-11
1.13072e-11
1.14151e-11
1.28454e-11
1.30454e-11
1.31649e-11
1.39809e-11
1.52459e-11
1.55667e-11
1.67743e-11
1.55678e-11
1.55824e-11
1.59716e-11
1.71841e-11
1.77519e-11
1.78373e-11
3.6537e-11
2.53332e-06
3.8512e-09
1.44799e-10
1.37474e-11
9.46211e-12
9.71851e-12
9.53236e-12
9.50137e-12
1.01025e-11
1.00973e-11
1.01927e-11
1.00326e-11
1.014e-11
1.08062e-11
1.00653e-11
9.69043e-12
1.0052e-11
1.00791e-11
1.01212e-11
1.02185e-11
1.03907e-11
1.05097e-11
1.05932e-11
1.1121e-11
1.08461e-11
1.09228e-11
1.14424e-11
1.17116e-11
1.25027e-11
1.10263e-11
1.01854e-11
1.14253e-11
1.10623e-11
1.09792e-11
1.14684e-11
1.33379e-11
1.18035e-11
1.08485e-11
1.16412e-11
1.15792e-11
1.29573e-11
1.2629e-11
1.33929e-11
1.5758e-11
1.58747e-11
1.67447e-11
1.52166e-11
1.46641e-11
1.48166e-11
1.55357e-11
1.58799e-11
1.60861e-11
1.55223e-11
7.4351e-11
2.53339e-06
3.85343e-09
1.46763e-10
1.51465e-11
1.02273e-11
1.03651e-11
1.07448e-11
1.01398e-11
9.34085e-12
9.90941e-12
9.60057e-12
9.61493e-12
9.91364e-12
9.80314e-12
9.78772e-12
9.74274e-12
9.85314e-12
1.00318e-11
1.08286e-11
1.0117e-11
1.00048e-11
1.0127e-11
1.00243e-11
1.00595e-11
2.45099e-11
1.28183e-11
1.105e-11
1.02174e-11
1.2228e-11
1.07596e-11
1.02465e-11
1.0902e-11
1.10346e-11
1.10681e-11
1.0876e-11
1.09052e-11
1.11502e-11
1.14648e-11
1.14862e-11
1.19998e-11
1.22178e-11
1.35803e-11
1.44712e-11
1.4741e-11
1.39325e-11
1.32426e-11
1.55808e-11
1.57484e-11
1.90149e-11
1.88767e-11
1.91518e-11
2.07711e-11
2.04655e-11
2.50919e-11
2.5334e-06
3.84893e-09
1.46393e-10
1.50458e-11
1.01807e-11
1.03142e-11
1.06927e-11
1.00574e-11
9.40184e-12
1.00168e-11
9.97542e-12
1.01512e-11
1.0096e-11
1.01442e-11
1.07839e-11
1.01271e-11
9.76151e-12
1.05366e-11
1.04865e-11
1.11305e-11
1.01406e-11
9.90619e-12
9.97495e-12
1.03503e-11
1.17387e-11
1.12059e-11
9.81211e-12
1.07652e-11
1.09444e-11
1.12425e-11
1.10664e-11
1.15914e-11
1.12554e-11
1.1575e-11
1.06737e-11
1.0676e-11
1.12922e-11
1.31037e-11
1.21298e-11
1.09418e-11
1.52895e-11
1.30884e-11
1.22102e-11
1.36384e-11
1.35105e-11
1.55579e-11
1.57122e-11
2.08824e-11
1.81283e-11
1.5872e-11
2.01365e-11
1.78998e-11
1.6313e-11
2.16663e-11
2.53327e-06
3.87055e-09
1.46463e-10
1.47088e-11
1.03857e-11
1.05289e-11
1.10813e-11
1.01183e-11
9.9897e-12
1.14605e-11
1.01308e-11
9.79517e-12
1.05969e-11
1.05493e-11
1.05359e-11
1.07231e-11
1.08513e-11
1.08405e-11
1.05013e-11
1.06015e-11
1.15474e-11
1.03608e-11
9.83248e-12
1.42427e-11
3.66272e-10
0.00282375
1.88147e-07
2.10895e-10
1.19516e-11
1.09327e-11
1.0982e-11
1.07096e-11
1.09492e-11
1.27971e-11
1.14374e-11
1.03127e-11
1.10051e-11
1.06643e-11
1.14543e-11
1.19169e-11
1.17787e-11
1.2032e-11
1.25185e-11
1.25569e-11
1.27467e-11
1.38425e-11
1.50623e-11
1.5138e-11
1.59364e-11
1.90721e-11
1.89838e-11
1.72706e-11
1.94885e-11
2.57337e-11
2.53354e-06
3.84859e-09
1.45669e-10
1.46619e-11
9.74191e-12
9.99409e-12
1.07286e-11
1.00455e-11
9.88674e-12
1.11818e-11
9.86145e-12
9.74434e-12
9.88031e-12
9.87085e-12
1.0154e-11
1.00946e-11
1.03563e-11
1.0414e-11
1.09637e-11
1.02709e-11
1.0007e-11
1.12477e-11
1.05961e-11
1.49926e-11
2.47438e-05
1.75671e-06
3.5789e-10
1.22619e-11
9.91202e-12
1.11953e-11
1.13958e-11
1.1512e-11
1.15678e-11
1.2793e-11
1.1129e-11
1.04692e-11
1.06982e-11
1.15796e-11
1.13755e-11
1.11769e-11
1.37342e-11
1.23059e-11
1.18975e-11
1.25712e-11
1.26399e-11
1.34684e-11
1.42835e-11
1.96835e-11
1.7324e-11
1.4185e-11
1.6541e-11
1.66345e-11
1.65841e-11
2.24662e-11
2.53357e-06
3.85307e-09
1.46436e-10
1.51464e-11
1.0232e-11
1.03657e-11
1.07315e-11
1.013e-11
9.81692e-12
1.06839e-11
1.05912e-11
1.08104e-11
1.04814e-11
1.04477e-11
1.10581e-11
1.02285e-11
9.60575e-12
1.02725e-11
1.01915e-11
1.01671e-11
1.03583e-11
1.04205e-11
1.03074e-11
1.65368e-11
0.00746167
0.0169495
0.00231716
0.00022443
5.95479e-06
2.05201e-09
1.5816e-11
1.11271e-11
1.1627e-11
1.08848e-11
1.06221e-11
1.17115e-11
1.1611e-11
1.16793e-11
1.3197e-11
1.2159e-11
1.21731e-11
1.46705e-11
1.39591e-11
1.40763e-11
1.46532e-11
1.42883e-11
1.464e-11
1.51878e-11
1.86474e-11
2.03705e-11
2.26863e-11
2.17306e-11
2.25217e-11
3.59724e-11
2.54987e-06
3.91547e-09
1.48013e-10
1.50127e-11
1.05602e-11
9.8143e-12
9.91328e-12
1.12582e-11
9.99781e-12
9.8948e-12
1.10121e-11
9.8197e-12
9.70422e-12
1.05807e-11
1.04073e-11
1.0348e-11
1.04882e-11
1.02635e-11
1.01328e-11
1.11394e-11
1.03361e-11
1.00103e-11
1.50849e-11
1.10887e-10
0.0242014
0.00744614
0.0023641
0.00125761
3.76788e-06
1.2716e-09
1.42138e-11
1.15048e-11
1.1492e-11
1.18001e-11
1.25381e-11
1.10449e-11
1.07446e-11
1.28397e-11
1.16349e-11
1.10503e-11
1.14013e-11
1.16442e-11
1.24496e-11
1.63132e-11
1.65758e-11
1.45545e-11
1.44609e-11
1.47111e-11
1.80525e-11
2.00531e-11
3.03478e-11
2.41044e-11
1.96199e-11
4.01246e-11
2.54765e-06
3.94024e-09
1.47873e-10
1.45051e-11
1.00076e-11
1.01213e-11
1.10835e-11
1.01075e-11
9.95103e-12
1.126e-11
9.95842e-12
9.80122e-12
1.06378e-11
1.05345e-11
1.07495e-11
1.06207e-11
1.06632e-11
1.11871e-11
1.02136e-11
9.9154e-12
1.11926e-11
1.07307e-11
7.53777e-10
0.00442822
0.33657
0.0283526
0.000159727
3.01825e-05
2.82309e-08
3.69875e-11
1.25681e-11
1.08204e-11
1.04865e-11
1.15528e-11
1.16112e-11
1.35151e-11
1.22295e-11
1.19695e-11
1.15406e-11
1.20991e-11
1.29897e-11
1.25555e-11
1.38841e-11
1.42062e-11
1.40738e-11
1.44438e-11
1.97781e-11
1.82988e-11
1.66868e-11
1.82025e-11
1.72164e-11
1.86983e-11
2.92031e-11
2.53114e-06
3.88435e-09
1.4803e-10
1.48859e-11
1.02651e-11
1.11733e-11
1.00848e-11
9.41451e-12
1.00569e-11
9.98832e-12
1.0018e-11
1.03934e-11
9.82702e-12
9.71825e-12
1.03579e-11
1.04063e-11
1.06194e-11
1.08174e-11
1.00719e-11
9.9961e-12
1.13054e-11
1.11345e-11
3.38021e-13
0.00716328
0.335484
0.026042
0.000859003
0.000104149
3.57372e-08
3.87623e-11
1.10348e-11
1.027e-11
1.0205e-11
1.07615e-11
1.13144e-11
1.12883e-11
1.13187e-11
1.16087e-11
1.14476e-11
1.24819e-11
1.28559e-11
1.48683e-11
1.36677e-11
1.2357e-11
1.333e-11
1.29463e-11
1.26423e-11
1.27871e-11
1.3661e-11
1.55479e-11
1.88667e-11
2.08028e-11
3.19709e-11
2.53344e-06
3.87636e-09
1.46442e-10
1.504e-11
1.06159e-11
9.66735e-12
9.77998e-12
1.08817e-11
1.03954e-11
1.03702e-11
1.10597e-11
1.0051e-11
9.89825e-12
1.10912e-11
1.08543e-11
1.06629e-11
1.08184e-11
1.09585e-11
1.11661e-11
1.02928e-11
1.02565e-11
1.58969e-11
1.07941e-06
9.59045e-06
0.00233492
0.00299927
0.000324972
3.73418e-05
1.4893e-07
1.1867e-10
1.15461e-11
1.08785e-11
1.11953e-11
1.16004e-11
1.1672e-11
1.14646e-11
1.15969e-11
1.28634e-11
1.25647e-11
1.26104e-11
1.42862e-11
1.44748e-11
1.44409e-11
1.51294e-11
1.51858e-11
1.5368e-11
1.94702e-11
1.61628e-11
1.38187e-11
1.76258e-11
1.92367e-11
2.08785e-11
2.15384e-11
3.08081e-11
2.53346e-06
3.87236e-09
1.46237e-10
1.496e-11
1.05574e-11
9.6376e-12
9.72313e-12
1.08128e-11
1.03462e-11
1.03273e-11
1.09861e-11
1.00589e-11
9.55975e-12
1.02268e-11
1.00225e-11
1.00381e-11
1.02743e-11
1.09358e-11
1.01631e-11
9.76785e-12
1.10184e-11
1.03411e-11
3.56328e-10
2.84024e-05
0.00717499
0.0039373
0.000594399
0.000293279
2.80665e-07
1.76199e-10
1.17577e-11
1.22286e-11
1.05642e-11
1.02915e-11
1.06128e-11
1.06705e-11
1.17733e-11
1.17669e-11
1.20848e-11
1.28146e-11
1.17473e-11
1.14513e-11
1.22423e-11
1.46837e-11
1.33016e-11
1.26856e-11
1.47503e-11
1.37469e-11
1.58697e-11
1.73827e-11
1.95057e-11
2.21375e-11
2.53587e-11
3.37241e-11
2.53381e-06
3.85407e-09
1.45833e-10
1.54042e-11
1.05123e-11
1.06406e-11
1.06174e-11
1.11366e-11
1.0077e-11
9.94495e-12
1.12342e-11
1.0202e-11
9.78241e-12
1.00141e-11
1.06224e-11
1.01234e-11
1.00261e-11
1.14933e-11
1.01205e-11
9.94107e-12
1.10934e-11
1.05275e-11
4.00791e-12
5.13653e-09
7.23003e-06
0.000358041
3.74569e-05
3.23188e-08
5.52102e-11
1.10318e-11
1.11887e-11
1.0531e-11
1.04317e-11
1.06732e-11
1.03413e-11
1.08436e-11
1.10575e-11
1.235e-11
1.12422e-11
1.09052e-11
1.32927e-11
1.33033e-11
1.33419e-11
1.3512e-11
1.56555e-11
1.41378e-11
1.37734e-11
1.44676e-11
1.37663e-11
1.46307e-11
1.74078e-11
1.97535e-11
2.20481e-11
3.45757e-11
2.53382e-06
3.85048e-09
1.45661e-10
1.53263e-11
1.04595e-11
1.05864e-11
1.05642e-11
1.10794e-11
1.00232e-11
9.92468e-12
1.11697e-11
1.01748e-11
9.70617e-12
9.87054e-12
9.87613e-12
1.0248e-11
1.02969e-11
1.08897e-11
1.01314e-11
9.95535e-12
1.07897e-11
1.07785e-11
1.20643e-11
8.88588e-09
1.04042e-10
0.00106398
3.03323e-05
4.00646e-08
6.89892e-11
1.09812e-11
1.18324e-11
1.07379e-11
1.03349e-11
1.08882e-11
1.08827e-11
1.08546e-11
1.11154e-11
1.29404e-11
1.33411e-11
1.34628e-11
1.47647e-11
1.25606e-11
1.18002e-11
1.24816e-11
1.4358e-11
1.40824e-11
1.39689e-11
1.8912e-11
1.79807e-11
1.81492e-11
2.31845e-11
2.03438e-11
1.87204e-11
3.26156e-11
2.53379e-06
3.85629e-09
1.4518e-10
1.50949e-11
1.02814e-11
1.04136e-11
1.03094e-11
1.05476e-11
1.07157e-11
1.03107e-11
1.03795e-11
1.10694e-11
1.0115e-11
9.61382e-12
1.04487e-11
1.0453e-11
1.11257e-11
1.01834e-11
9.74676e-12
1.00167e-11
9.94645e-12
1.00297e-11
1.03943e-11
1.44212e-11
1.05243e-11
8.48741e-09
9.04235e-10
1.78656e-11
1.00387e-11
1.02421e-11
1.2097e-11
1.0291e-11
1.00724e-11
1.04653e-11
1.0505e-11
1.26306e-11
1.10272e-11
1.0507e-11
1.23531e-11
1.22531e-11
1.24127e-11
1.23419e-11
1.23385e-11
1.26655e-11
1.42705e-11
1.34849e-11
1.35386e-11
1.53715e-11
1.5393e-11
1.5622e-11
1.56821e-11
2.02166e-11
2.02126e-11
3.1571e-11
2.53381e-06
3.8528e-09
1.44952e-10
1.50146e-11
1.02303e-11
1.03611e-11
1.02551e-11
1.04905e-11
1.0701e-11
1.04865e-11
1.05007e-11
1.10169e-11
9.99011e-12
9.58482e-12
1.01622e-11
1.02104e-11
1.09717e-11
1.01084e-11
9.83532e-12
1.02481e-11
1.03572e-11
1.11172e-11
1.07515e-11
1.22226e-11
1.47922e-12
2.24846e-08
7.39895e-10
2.16741e-11
1.10741e-11
1.06406e-11
1.07197e-11
1.20348e-11
1.06873e-11
1.03324e-11
1.0672e-11
1.15505e-11
1.09234e-11
1.05291e-11
1.136e-11
1.15694e-11
1.13683e-11
1.1337e-11
1.23178e-11
1.2701e-11
1.69677e-11
1.45461e-11
1.36706e-11
2.26014e-11
1.74059e-11
1.58243e-11
2.35239e-11
2.3978e-11
2.44861e-11
3.36899e-11
2.53388e-06
3.85655e-09
1.45019e-10
1.48572e-11
9.86417e-12
9.99908e-12
1.01744e-11
1.03384e-11
1.04644e-11
1.0663e-11
1.09158e-11
9.97269e-12
9.77777e-12
1.062e-11
1.05161e-11
1.07093e-11
1.03691e-11
1.02149e-11
1.03948e-11
1.07466e-11
1.00159e-11
1.00145e-11
1.0296e-11
1.06432e-11
1.02384e-11
1.18088e-11
1.28734e-11
1.04347e-11
1.01871e-11
1.04717e-11
1.08106e-11
1.06289e-11
1.0649e-11
1.24401e-11
1.15472e-11
1.15779e-11
1.35862e-11
1.1455e-11
1.11704e-11
1.2992e-11
1.2629e-11
1.1346e-11
1.21163e-11
1.29946e-11
1.28528e-11
1.47001e-11
1.83617e-11
1.52025e-11
1.43648e-11
1.73059e-11
1.66378e-11
1.80063e-11
2.07185e-11
2.94005e-11
2.5339e-06
3.85305e-09
1.44808e-10
1.47958e-11
9.82184e-12
9.95468e-12
1.01422e-11
1.02744e-11
1.04186e-11
1.06179e-11
1.09026e-11
9.93975e-12
9.73395e-12
1.01806e-11
1.02164e-11
1.01197e-11
1.01366e-11
1.09346e-11
1.08245e-11
1.09226e-11
9.87534e-12
9.91311e-12
1.00364e-11
1.00924e-11
1.04008e-11
1.36366e-11
1.21327e-11
1.10782e-11
1.10777e-11
1.11395e-11
1.17926e-11
1.04492e-11
1.02846e-11
1.2443e-11
1.11109e-11
1.1081e-11
1.35607e-11
1.15234e-11
1.11662e-11
1.3045e-11
1.23167e-11
1.10812e-11
1.21214e-11
1.27402e-11
1.35087e-11
1.4519e-11
1.75679e-11
1.68515e-11
1.40489e-11
1.5211e-11
1.72915e-11
1.87815e-11
1.95364e-11
2.9858e-11
2.53385e-06
3.8569e-09
1.44993e-10
1.48559e-11
9.86925e-12
1.0001e-11
1.01856e-11
1.03611e-11
1.04109e-11
1.06402e-11
1.09109e-11
1.02764e-11
1.02536e-11
1.11598e-11
1.01812e-11
9.98248e-12
9.97703e-12
1.00111e-11
1.04689e-11
1.05196e-11
1.12354e-11
1.01515e-11
1.01257e-11
1.17948e-11
1.0366e-11
9.99413e-12
1.01901e-11
1.03421e-11
1.01659e-11
1.01981e-11
1.04966e-11
1.07307e-11
1.06485e-11
1.06855e-11
1.26976e-11
1.24831e-11
1.2745e-11
1.38189e-11
1.19626e-11
1.15073e-11
1.30142e-11
1.34462e-11
1.45244e-11
1.43448e-11
1.37257e-11
1.32407e-11
1.49651e-11
1.94928e-11
1.74802e-11
1.62329e-11
2.43672e-11
2.08362e-11
2.00835e-11
2.82634e-11
2.53388e-06
3.85343e-09
1.44764e-10
1.47927e-11
9.82774e-12
9.95366e-12
1.01258e-11
1.02901e-11
1.03487e-11
1.05383e-11
1.08973e-11
1.02399e-11
1.02142e-11
1.11199e-11
1.02e-11
9.77996e-12
1.04725e-11
1.00783e-11
9.8815e-12
1.01808e-11
1.08977e-11
1.00965e-11
1.00822e-11
1.17537e-11
1.01221e-11
9.90108e-12
1.01552e-11
1.03939e-11
1.02455e-11
1.01971e-11
1.1013e-11
1.11608e-11
1.14353e-11
1.1472e-11
1.26266e-11
1.24784e-11
1.26141e-11
2.63595e-11
1.2687e-11
1.10291e-11
1.69487e-11
2.0216e-11
8.60032e-11
2.20678e-11
1.68081e-11
1.74033e-11
2.23974e-11
1.83317e-11
1.64322e-11
1.98762e-11
1.86248e-11
1.99898e-11
2.0682e-11
3.08835e-11
2.53393e-06
3.85694e-09
1.44828e-10
1.48688e-11
9.86428e-12
1.00024e-11
1.01939e-11
1.03574e-11
1.04317e-11
1.06653e-11
1.09385e-11
9.90492e-12
9.75713e-12
1.02261e-11
1.02194e-11
1.10877e-11
1.00224e-11
9.44628e-12
9.60071e-12
9.6371e-12
1.00175e-11
1.02215e-11
1.09817e-11
1.02088e-11
1.01496e-11
1.14054e-11
1.02619e-11
1.01067e-11
1.02394e-11
1.0514e-11
1.01612e-11
9.8039e-12
1.08615e-11
1.08361e-11
1.06325e-11
9.99899e-12
4.27933e-11
1.63645e-11
1.13137e-11
1.84583e-11
1.17191e-10
2.70563e-10
8.73226e-11
2.04639e-11
1.82021e-11
2.76626e-11
4.94387e-11
3.34592e-11
1.8872e-11
1.86964e-11
2.09442e-11
2.18044e-11
2.35325e-11
2.75052e-11
2.53395e-06
3.85349e-09
1.44617e-10
1.47914e-11
9.80193e-12
9.947e-12
1.01165e-11
1.02968e-11
1.03537e-11
1.05467e-11
1.08764e-11
9.87012e-12
9.71701e-12
1.01845e-11
1.02086e-11
1.10172e-11
9.99865e-12
9.58175e-12
9.97542e-12
9.98484e-12
1.00215e-11
1.00064e-11
1.09999e-11
1.01884e-11
1.0016e-11
1.11687e-11
1.08284e-11
1.07904e-11
1.15544e-11
1.02249e-11
1.00946e-11
1.17056e-11
1.0482e-11
1.03093e-11
1.06234e-11
1.04987e-11
2.91596e-11
2.1306e-08
8.02788e-11
7.11539e-12
8.74765e-10
8.13544e-09
2.1928e-07
1.81797e-09
2.28349e-10
1.57929e-10
9.54483e-11
3.89897e-11
1.95184e-11
1.90169e-11
1.89147e-11
1.94344e-11
1.89957e-11
2.78551e-11
2.53388e-06
3.85687e-09
1.44712e-10
1.48561e-11
1.00399e-11
1.01674e-11
1.01708e-11
1.03784e-11
1.04257e-11
1.10678e-11
1.01464e-11
9.60358e-12
1.02644e-11
1.02325e-11
1.02502e-11
1.03025e-11
1.08671e-11
9.87627e-12
9.57166e-12
1.05686e-11
1.03676e-11
1.02381e-11
1.05228e-11
1.05355e-11
1.09849e-11
1.02468e-11
9.93594e-12
1.07103e-11
1.06755e-11
1.0395e-11
1.04092e-11
1.13237e-11
1.0952e-11
1.08949e-11
1.29969e-11
7.67494e-10
1.05851e-07
6.7863e-09
5.35901e-11
8.96529e-09
2.84574e-07
8.27667e-07
1.175e-07
4.29608e-09
2.96151e-10
9.00481e-09
2.85558e-08
1.08972e-09
2.45643e-11
1.80501e-11
2.46928e-11
2.29916e-11
1.80353e-11
8.0841e-11
2.53391e-06
3.85353e-09
1.44506e-10
1.47834e-11
9.98256e-12
1.00989e-11
1.01051e-11
1.0317e-11
1.04072e-11
1.10183e-11
1.00794e-11
9.56579e-12
1.0226e-11
9.99363e-12
1.00164e-11
1.04756e-11
9.93993e-12
9.64216e-12
9.81328e-12
9.79851e-12
9.92269e-12
9.91312e-12
1.00785e-11
1.03797e-11
1.14e-11
1.01459e-11
9.89172e-12
1.09026e-11
1.02247e-11
1.01336e-11
1.03922e-11
1.02633e-11
1.1029e-11
1.13339e-11
1.12224e-11
4.01015e-10
4.04451e-08
0.000531467
2.64584e-07
1.38032e-08
1.99097e-06
1.63245e-05
0.000957644
3.26085e-06
1.19436e-07
6.3632e-08
8.94149e-08
2.82594e-09
3.77451e-11
2.09931e-11
1.93527e-11
2.55051e-11
2.26154e-11
5.08071e-11
2.53394e-06
3.85684e-09
1.44578e-10
1.48674e-11
9.84306e-12
9.97062e-12
1.0201e-11
1.0616e-11
1.03088e-11
1.0256e-11
1.01875e-11
1.02465e-11
1.10704e-11
1.00319e-11
9.91539e-12
1.05494e-11
1.06132e-11
1.15226e-11
1.00708e-11
9.65974e-12
9.9249e-12
9.9203e-12
1.1137e-11
1.01813e-11
1.00754e-11
1.14965e-11
1.03389e-11
1.02407e-11
1.15191e-11
1.02282e-11
9.74676e-12
1.05572e-11
1.04946e-11
6.02474e-12
7.39926e-10
2.56786e-05
0.00350794
7.97554e-05
4.21046e-08
1.96902e-07
1.24337e-05
5.97675e-05
5.77746e-05
1.00484e-05
4.72006e-07
1.86007e-05
3.85786e-05
6.09157e-07
6.54147e-10
2.75111e-11
1.65812e-11
2.0536e-11
4.3856e-10
4.16834e-08
2.53395e-06
3.85355e-09
1.44388e-10
1.48069e-11
9.80433e-12
9.93022e-12
1.01551e-11
1.03649e-11
1.03172e-11
1.05279e-11
1.01154e-11
1.00645e-11
1.10358e-11
1.00052e-11
9.85969e-12
1.05452e-11
1.06055e-11
1.14936e-11
1.0042e-11
9.63412e-12
1.00954e-11
1.00809e-11
1.02779e-11
1.06937e-11
1.01883e-11
9.60696e-12
1.02424e-11
1.02704e-11
1.12987e-11
1.0276e-11
9.81712e-12
1.06996e-11
1.02921e-11
1.03091e-11
3.05358e-11
1.05995e-09
0.00134645
10.074
4.56355e-09
3.22575e-10
7.25807e-05
0.000501666
0.146975
0.00190593
0.000265366
0.000144604
0.000134358
2.57899e-06
2.55824e-09
2.99175e-11
2.01308e-11
3.978e-11
9.40175e-11
1.40125e-08
2.53385e-06
3.85671e-09
1.44435e-10
1.48392e-11
9.84843e-12
9.93478e-12
1.02146e-11
9.9606e-12
9.92173e-12
1.01054e-11
1.05012e-11
1.00464e-11
9.92464e-12
1.10254e-11
1.07057e-11
1.04129e-11
1.05762e-11
1.11384e-11
1.0664e-11
1.06089e-11
1.08359e-11
1.06495e-11
1.08852e-11
1.14333e-11
1.02118e-11
9.76381e-12
1.06849e-11
9.94249e-12
9.7596e-12
9.87128e-12
9.88232e-12
1.10204e-11
2.71983e-11
4.29493e-07
6.10679e-05
0.0746215
0.26951
0.0001544
3.32573e-08
0.000712524
0.00598807
0.00940424
0.00133047
0.00019096
2.85525e-05
0.00357518
0.00245249
0.000193549
3.26576e-08
2.49612e-11
1.82585e-09
3.34029e-07
1.64734e-06
2.52637e-07
2.53388e-06
3.85355e-09
1.44244e-10
1.47419e-11
9.80621e-12
9.8845e-12
1.01525e-11
9.89854e-12
9.86953e-12
1.00555e-11
1.04661e-11
1.00032e-11
9.88455e-12
1.09825e-11
1.06652e-11
1.03709e-11
1.05634e-11
1.08146e-11
1.07661e-11
1.11e-11
1.1406e-11
1.14969e-11
1.13145e-11
1.14458e-11
1.02212e-11
9.51782e-12
1.03189e-11
9.76595e-12
9.46369e-12
9.611e-12
9.673e-12
1.08808e-11
1.17962e-11
2.34522e-11
5.61515e-06
0.0004246
10.8608
7697.04
1.96676e-06
3.27801e-05
0.293886
1.53225
3.61683
0.00422482
0.00263727
0.00501825
0.0109835
0.00100835
2.29866e-07
3.55023e-11
1.55639e-10
6.87927e-08
1.47873e-06
1.96397e-07
2.53386e-06
3.85663e-09
1.44341e-10
1.48443e-11
9.83633e-12
9.92343e-12
1.02047e-11
1.01023e-11
1.00841e-11
1.04102e-11
1.04193e-11
1.03634e-11
1.07527e-11
1.00127e-11
9.72763e-12
9.87623e-12
1.00718e-11
9.97687e-12
9.95412e-12
1.14384e-11
1.0121e-11
9.79895e-12
1.04112e-11
1.04482e-11
1.07362e-11
1.04786e-11
1.08119e-11
1.0502e-11
1.01503e-11
1.03251e-11
1.10736e-11
1.41964e-09
1.96641e-07
0.00407512
0.126438
1.16211
23.6462
0.0355988
0.000894261
3.98819
2.39921
3.59272
0.990594
0.0126078
0.00054582
0.0140771
0.00168898
0.000316306
5.20788e-10
2.46217e-09
4.76e-07
8.8865e-06
1.53018e-05
2.43576e-05
2.53387e-06
3.85342e-09
1.4413e-10
1.47388e-11
9.79103e-12
9.86642e-12
1.01309e-11
9.88945e-12
9.87261e-12
1.03638e-11
1.03818e-11
1.03195e-11
1.07116e-11
9.9801e-12
9.70382e-12
1.05718e-11
1.04552e-11
1.03834e-11
1.03602e-11
1.10227e-11
1.00636e-11
9.76922e-12
1.06764e-11
1.06984e-11
1.0724e-11
1.045e-11
1.07914e-11
1.04746e-11
1.03831e-11
1.10895e-11
1.09232e-11
5.73818e-12
3.85439e-08
7.11921e-07
0.0381246
4.59409
1469.06
11567.8
0.00232233
1.1412
94.7994
171.468
118.285
2.08311
0.115181
0.0156111
0.00518205
0.00128233
3.72988e-10
1.99254e-10
5.66328e-08
2.95446e-06
4.4355e-06
4.21608e-06
2.53374e-06
3.85666e-09
1.43399e-10
1.44953e-11
9.72447e-12
9.80311e-12
9.88466e-12
1.00861e-11
1.01253e-11
1.00925e-11
1.02576e-11
1.01349e-11
1.03063e-11
1.08338e-11
1.00077e-11
9.8619e-12
1.10483e-11
1.09587e-11
1.11686e-11
1.11404e-11
9.77482e-12
9.74869e-12
9.93925e-12
9.80829e-12
1.01952e-11
1.024e-11
1.10002e-11
1.05248e-11
1.01027e-11
1.17918e-12
1.0928e-07
0.00272284
0.0110721
0.193024
6.65599
17.2154
257.96
1.32864
3.31171
277.768
31.3109
14.2893
2.67627
0.505771
0.0469574
0.125539
0.00161394
3.7406e-05
0.000105276
8.96827e-09
1.62656e-05
1.79749e-05
1.12534e-05
2.45118e-05
2.53378e-06
3.85359e-09
1.43211e-10
1.44359e-11
9.70936e-12
9.59202e-12
9.5331e-12
9.71686e-12
1.00461e-11
1.02408e-11
1.04338e-11
1.03091e-11
1.0274e-11
1.07958e-11
9.97429e-12
9.84636e-12
1.14113e-11
1.00217e-11
9.87888e-12
1.14933e-11
1.00914e-11
9.73298e-12
9.9011e-12
1.00762e-11
1.02758e-11
1.00323e-11
1.06304e-11
1.06984e-11
1.07309e-11
1.13644e-11
8.4357e-08
0.00265813
0.00353522
0.0150796
0.550128
180.206
19184.9
235.523
0.31042
465.702
697.938
430.84
58.8435
5.27856
0.256777
0.0907605
0.0209375
0.00339577
1.99056e-08
5.00286e-07
3.21194e-06
7.51475e-06
5.27715e-06
2.64845e-06
2.53374e-06
3.85677e-09
1.43886e-10
1.6488e-11
1.24467e-11
1.40573e-11
1.61845e-11
1.64172e-11
1.69039e-11
1.85385e-11
1.65873e-11
1.44046e-11
1.46962e-11
1.24883e-11
1.34881e-11
1.36121e-11
1.1359e-11
1.10571e-11
1.19181e-11
1.2207e-11
1.21626e-11
1.1864e-11
1.15053e-11
1.13913e-11
1.12363e-11
1.13067e-11
1.09321e-11
5.34552e-11
0.000438771
0.000895664
0.0165418
0.0107469
0.687019
0.349532
3.73261
1.56081
562.218
31.1852
358.92
618.159
59.6761
25.4733
18.6314
7.80164
0.062445
0.796249
0.156643
0.0147684
0.000738785
0.000776732
0.00310698
0.00153852
0.000190411
0.000247853
2.53377e-06
3.85393e-09
1.43773e-10
1.63293e-11
1.25249e-11
1.41295e-11
1.59008e-11
1.56688e-11
1.74156e-11
1.89438e-11
1.82908e-11
1.58212e-11
1.59219e-11
1.35368e-11
1.46723e-11
1.37677e-11
1.11888e-11
1.09066e-11
1.18328e-11
1.05781e-11
1.09075e-11
1.19174e-11
1.0907e-11
1.10424e-11
1.1215e-11
1.12348e-11
1.15073e-11
1.29749e-11
4.8027e-08
1.25168
0.00574464
0.0384906
0.141577
0.527945
0.174102
5.26514
62.1714
4.99879
3.23361
1711.33
676.308
921.742
382.819
28.1145
17.3073
1.60353
0.803625
0.00114404
0.00379036
0.00127811
5.92583e-06
2.19033e-05
0.000115152
0.000151533
2.54874e-06
3.09994e-08
7.07153e-06
0.000628803
0.00725943
0.0276419
0.0545239
0.0780769
0.107967
0.125684
0.142444
0.152694
0.178484
0.187862
0.219723
0.231878
0.170364
0.187486
0.14381
0.122859
0.120544
0.159074
0.120874
0.14982
0.116179
0.154713
0.176066
0.22637
0.177196
0.884192
2.20611
3.10716
5.0706
6.48852
10.6574
14.2266
38.716
128.615
384.571
19.844
231.656
111.341
101.238
25.2248
4.03644
4.27541
0.245647
0.000129836
0.00109055
0.00180528
0.00326664
0.00486539
0.012796
0.01383
2.54891e-06
3.14662e-08
7.70946e-06
0.000516587
0.0073635
0.0283436
0.0580001
0.0761389
0.113074
0.147763
0.178856
0.196851
0.22781
0.244203
0.265746
0.254747
0.170771
0.163353
0.185334
0.162473
0.123489
0.156025
0.168747
0.129837
0.162457
0.145047
0.178272
0.167398
0.15961
0.828875
1.65055
5.09266
3.2803
71.0067
4.22762
7.64689
32.3755
1.17822
221.833
2667.19
511.305
493.648
1125.92
143.974
61.9562
9.8108
0.66801
0.000370538
0.00209898
0.00233972
0.00331034
0.00684455
0.024099
0.0270379
34.9873
35.9629
36.6323
37.9274
39.2009
40.6133
41.4449
42.5831
43.3273
44.1919
44.8437
45.3124
45.9545
45.9077
46.3163
46.683
47.0091
47.1977
47.9774
48.5613
49.3221
50.0423
53.8701
56.0854
53.2686
54.4901
53.6337
53.0093
59.4226
60.803
59.379
55.8225
56.7213
55.1928
56.5744
36.9384
25.2415
89.978
2099.41
158875
2424.73
2781.04
848.527
17.3838
97.9952
59.3449
65.0459
40.8089
32.6825
18.0965
6.32207
6.51328
14.7084
16.3806
35.0699
35.8816
36.8712
37.935
39.0549
40.4225
41.7015
42.7818
43.4878
44.2692
44.8202
45.0412
45.3578
45.4763
46.1052
46.3978
46.6503
46.9207
47.1666
48.3488
49.284
49.9487
50.7109
52.4907
53.5308
57.6059
53.0564
58.65
62.1135
59.4741
69.8423
71.2696
66.6877
62
69.5574
45.3576
95.1091
23.0862
902.948
51083.3
9775.59
8403.01
5590.28
1850.41
84.9583
67.9199
63.227
39.0111
39.439
18.7091
7.87459
14.6058
27.0356
31.9532
0.00813537
8.99662e-10
0.0413247
0.00141986
4.04204e-05
0.000464665
0.0312348
0.00390282
0.897401
0.883213
0.00840709
1.24173e-12
0.0120402
0.0189369
0.00529099
0.0139007
0.00622524
3.34851e-05
0.698307
0.983421
0.0203236
0.00135238
0.0219376
5.2801e-05
0.0380813
1.05996
0.949328
0.0989383
0.0389365
0.0649508
0.0561098
0.00459844
9.84408e-05
0.0362626
3.9055e-05
0.033477
0.948568
1.23039
0.0995853
0.107234
0.0651851
0.0454812
9.8358e-12
1.14186e-11
1.60457e-11
1.13443e-11
0.00629055
1.58825e-13
0.0129697
0.000577624
3.46274e-12
8.11714e-05
0.00440388
0.00672709
1.7465e-05
0.000812546
1.63409e-11
1.15252e-11
1.30186e-11
4.44885e-09
0.122662
2.06155e-10
0.037445
6.79467e-05
1.52283e-11
5.20634e-05
0.000715388
0.00109753
0.000399316
0.000606177
6.43843e-11
1.43813e-11
1.63089e-06
1.05905e-11
0.00386133
2.45823e-12
9.82391e-06
0.996774
0.000886453
0.269551
0.172131
0.414137
0.00373193
0.0107119
0.00362486
0.220906
0.0957662
0.131393
0.0458503
1.36898e-11
1.08544e-11
4.21949e-05
8.85534e-11
0.000912944
1.09783e-11
0.000126829
1.0092
0.0729306
0.0102348
0.421992
0.895425
0.00143551
0.00906453
0.000612403
0.0958092
0.0339526
0.0971707
0.0276424
2.7988e-06
4.10059e-06
3.29917e-05
2.22208e-11
5.35635e-05
1.34342e-06
8.68186e-05
0.238973
0.0207017
0.00718032
0.0202223
0.0259735
2.55768
4.15634
0.254268
0.562052
0.298362
0.174864
0.0292202
0.364423
0.286232
2.94568e-05
1.13656e-11
9.65184e-05
4.395e-07
6.39941e-05
1.35232e-11
2.97983e-08
0.176918
0.0163021
0.0132829
0.167159
0.00358611
0.282375
15.2774
0.133678
0.279985
0.169024
0.313683
0.191433
0.107868
0.0223434
0.00315117
0.000129497
0.00339342
2.89048e-08
0.000821096
7.20542e-08
0.000513492
0.00151149
0.00638035
1.99739e-05
0.000221976
0.00852387
2.48198e-05
0.00235164
0.00485293
0.000140348
0.00333904
7.74147e-09
0.00141061
9.77437e-08
0.000717544
0.0362038
0.00372994
0.00676394
0.0001827
0.0231858
6.21601e-05
0.0125227
0.0927138
0.000915247
0.101012
0.000942606
0.00680084
0.0792278
0.0194083
0.00744586
0.00414312
0.12716
0.0897522
0.000746289
0.00194974
0.0017992
0.00262603
1.05378
0.513703
0.0890299
0.00319638
0.000132308
0.0077098
0.143045
0.971678
1.21435
0.96863
0.00920091
0.00416137
0.000718862
0.921573
1.42471
1.39715
0.754992
0.225637
0.511255
0.0900174
0.772749
1.26639
1.22113
0.823711
0.219334
0.599873
0.119443
0.602672
0.0640163
0.00259315
0.0177239
0.00207973
0.0725757
0.0925552
0.0257789
0.00170565
0.00651162
0.0199663
0.0780191
0.0558511
6.31875e-07
0.0603812
0.00484621
0.919693
0.874264
0.0533916
0.00897842
0.0014265
0.0215527
0.964385
0.765539
3.11238
1.04625
0.0150762
0.00293878
0.0853046
0.35277
1.40244
1.1122
0.709737
0.162743
0.41498
0.682466
0.0884302
1.4941
1.18938
0.778224
0.16528
0.525413
0.107753
0.64157
1.17974
0.661381
0.224356
0.00525406
0.00586429
0.00194072
0.186327
1.29198
1.02051
0.22354
0.00438482
0.0408744
0.00681658
0.0297197
0.173963
0.0391159
0.00555118
0.137274
0.0076617
1.09095
1.24002
1.27318
0.268227
17.6697
4.07651
85.0596
0.695991
1.15368
0.581881
0.424815
9.22145
1.22143
1.48114
0.0725255
0.0381626
0.917839
1.71577
0.100455
0.0349524
3.30446
0.22488
1.06611
1.00927
0.21654
0.0472014
0.00269644
0.00983586
0.073889
1.16533
0.933815
0.171831
0.00589731
0.0690864
0.210657
0.00879299
0.204975
0.0394249
0.00534669
0.00826956
0.0527867
1.02426
0.549337
0.503026
2.42863
0.356489
0.969658
1.41767
1.91097
0.560217
0.978282
0.31093
24.5472
1.28395
0.58428
0.114232
1.72981
7.87781
1.61863
0.106465
0.00962844
0.10307
1.2249
0.00116203
0.000283801
5.88652e-08
7.96747e-05
0.000613084
0.00500046
1.52155e-05
0.0124919
0.00432147
1.39182e-07
0.0175173
0.0281864
0.000191609
9.91965e-05
0.000772919
3.21273e-06
0.0123279
0.0388888
0.00922997
8.77622e-05
0.00275818
0.293713
0.0314051
0.0164403
0.0608643
0.0924202
0.0753757
0.200079
0.27622
0.0025302
0.00776678
0.0378849
0.000401843
0.0681897
0.206513
0.00289006
3.76547e-07
0.00384602
0.00147831
0.00783917
3.41304e-06
0.00345116
0.198541
0.0414991
0.00284401
0.0577208
0.0167599
0.232825
0.0284812
0.237272
0.00531735
0.0579106
0.052907
0.022185
0.0567665
0.210215
0.0246246
0.00336809
0.000856663
0.000327144
0.00809744
0.00178893
0.00918226
0.0187441
0.000901736
8.11404e-06
0.000743681
0.000174214
0.0130948
0.00128143
0.559797
0.37338
0.0374669
0.508982
0.128178
0.0240522
0.278541
0.97806
0.398961
0.110533
0.0469087
1.0957
0.981673
0.0225333
0.0220034
0.00197456
0.00101183
0.000176653
0.0228043
0.00132605
0.000583641
0.0270942
0.000811835
0.000203775
0.000464328
0.001169
0.00117513
0.01132
0.608194
0.521209
0.267789
0.511964
0.71477
0.785067
0.234761
0.752099
0.495481
0.0602468
0.0177867
0.284872
0.0720936
0.926291
1.29369
0.831534
1.03247
0.872199
0.897223
1.09046
1.00701
0.836063
0.832713
1.03935
1.25743
1.66053
0.912246
1.23538
1.93015
1.28858
1.03209
0.187732
0.604403
0.267406
1.20946
0.348263
0.960818
0.528803
1.18823
1.06277
0.445095
0.773818
0.99736
1.59661
1.11124
1.20717
1.14978
1.27061
1.03283
0.656512
0.964337
0.874472
0.787652
0.995338
1.05545
1.1858
0.787921
1.34892
0.185195
0.673288
0.1009
0.223748
0.61371
0.202113
0.0980013
0.689494
0.415042
0.33086
0.291509
0.553763
0.337006
0.465334
0.811922
0.0670527
0.134023
0.510309
0.0175515
0.608055
0.0226336
0.0623708
1.82675
2.58595
0.140707
0.691944
0.174274
0.0816758
0.630725
0.154997
0.0614509
0.799835
0.289849
0.514735
0.648516
0.772882
0.327389
0.573523
0.665724
0.194953
0.329243
0.730306
0.0526764
0.164246
0.787488
0.113062
0.515942
0.393376
0.239988
0.000309136
1.34254
0.0988932
0.0208564
0.126262
1.28036
1.24829
0.368677
0.663214
0.95477
5.05443
2.11779
1.84004
1.22289
0.068611
0.0590392
0.00135538
0.582866
0.000114687
0.871511
0.0062743
0.141643
0.00037819
1.13692
0.114549
0.102313
0.00337482
1.47121
7.5476
2.29566
3.34976
3.82314
2.44911
2.02299
1.09071
1.33568
0.454047
0.212159
0.00326387
1.50115
0.0294186
1.58427
0.10296
0.109439
0.00100983
0.95344
0.106556
0.000992992
0.974627
0.0557009
0.763003
0.232174
0.571099
0.101633
6.84058
0.936244
0.838179
3.49439
0.0194136
0.0321167
0.00195137
0.249546
0.00493683
0.275079
0.00313059
1.17187
0.691702
0.107978
0.0021977
0.114009
0.798701
0.0200091
0.0249348
0.913941
2.26634
0.52855
2.02877
0.644257
0.144694
0.375296
0.0197107
1.05858
0.00926223
0.416392
0.0697791
2.79062
0.267663
1.97411
0.849083
1.25711
2.1573
1.33386
0.401397
1.0812
1.08605
0.773586
0.260486
1.15516
2.06636
1.40132
1.82399
1.66153
1.11459
1.09142
2.00948
1.36176
0.657404
1.0177
0.386004
1.00307
0.603099
0.259289
0.97883
1.52353
1.51758
0.564989
0.257417
1.52705
0.762983
0.233247
1.904
0.759681
4.13783
0.92138
2.41382
8.62248
4.55017
2.69458
3.99628
2.61949
0.92326
0.81703
0.353772
2.45276
0.377177
1.97145
0.792656
1.37446
1.21101
0.780547
0.384914
0.880561
1.4572
0.273402
0.729211
1.66896
4.8118
0.283237
2.4724
0.821455
1.03548
0.745523
0.294137
0.841195
0.255393
0.899102
0.821912
4.2854
2.07621
3.80255
2.36341
0.117233
0.00168025
0.105113
1.15323
0.00452619
0.0804981
1.36978
3.08456
1.94767
2.41518
1.05484
0.108811
0.114529
1.37919e-05
1.22098
0.00101341
0.0930629
1.41763
2.02744
2.13732
1.8827
0.971196
0.161876
0.000416092
1.29325
0.200993
0.12048
0.0070736
1.81578
1.79475
0.482693
1.19687
1.04737
3.95866
2.0615
1.09666
3.03125
0.12136
0.127998
0.00231516
0.693451
0.000274618
1.18353
0.011816
0.0949335
0.118761
0.00920695
0.817477
0.0202895
0.849827
0.0323716
2.43412
1.06951
0.972521
3.6359
0.0850672
0.144452
0.0035065
0.713372
0.100092
0.0287345
0.499305
2.46546
0.500565
2.00861
2.23248
1.25546
1.41058
0.125656
6.25433e-05
0.636969
0.309354
0.0847789
0.0282726
0.464272
1.43159
0.283971
0.423684
0.377803
5.64869
0.737663
0.799338
1.06393
0.0658152
0.0956285
1053.46
0.251077
0.000752694
0.470728
0.117922
1.9906
1.02044
1.13883
0.515442
1.13652
0.822213
0.907302
0.697211
1.04714
0.890089
0.833485
1.16838
1.66913
1.57983
1.03775
1.97032
1.33482
1.41112
1.2533
0.318417
0.666716
0.411559
1.45264
0.387621
1.4279
1.27802
0.757927
0.78506
0.306778
1.44711
0.321177
1.57726
0.637271
4.03584
0.0714756
2.36638
0.717085
0.822869
0.796189
0.271987
1.16492
0.682344
0.308758
0.98779
5.05547
1.99694
3.6163
2.49939
1.56453
1.78681
0.900157
0.353503
1.68204
1.00562
0.281535
0.742394
1.99999
4.15436
1.81625
2.45318
6.79472
5.12642
2.70835
3.41272
2.9492
0.708829
0.745655
0.341003
3.996
0.331071
1.72794
1.16381
1.21286
0.945036
0.192788
0.840747
0.0689123
0.164474
0.185291
0.862035
0.0564077
1.16461
0.85657
1.07526
0.870894
0.620476
0.503039
0.405147
0.713747
0.199237
0.157387
0.929981
0.0173163
0.193408
0.833288
0.0477096
1.20939
1.16746
0.237245
1.4518
0.0192191
0.21942
1.40489
0.0336019
0.220708
1.32852
0.728713
0.801569
1.43952
2.15494
1.68814
1.30277
1.19885
0.180105
0.152442
0.839871
0.00667797
1.17648
0.00643657
0.0194033
0.18609
1.31408
0.170699
0.0214871
1.35706
0.166271
0.0218267
1.60654
1.01089
1.13063
1.50173
1.19558
1.13971
1.52349
1.47295
0.160039
0.148538
1.27324
0.018114
1.34453
0.026687
0.131329
3.86294
2.27894
0.742421
3.13335
60.4573
1.80234
2.06134
3.82138
1.01788
1.31261
2.40997
105.373
0.886926
0.846921
3.27946
10.0988
9.01648
3247.65
2.81082
794.704
12.8188
4.91614
6.57182
10.2749
0.98074
1.15674
0.705651
1.69966
0.841324
1.73546
0.913504
0.680926
0.191309
0.736031
0.462944
1.37353
0.958875
1.91246
2.47313
2.3629
3.46767
2.70326
5.7243
3.75233
1.37824
0.715807
1.58208
0.0782744
2.32789
1.48007
0.433112
1.71193
0.944646
1.72747
1.00796
1.16566
1.01127
1.99684
1.0484
1.27201
1.69023
1.43052
1.47363
0.0342615
0.674477
0.536336
1.6345
1.27937
5.91125
0.283344
3.36667
3.37074
0.794339
1.8857
5.05122
1.263
1.04275
0.941654
0.567284
0.37253
1.12751
1.31515
0.820921
1.57111
2.8489
0.435885
0.962574
0.644051
1.45917
1.83777
0.956187
1.42189
0.149546
0.715778
0.108074
0.190579
0.168351
0.686644
0.0854636
0.628464
0.284985
0.585621
0.514723
1.01282
0.772489
0.408466
0.889096
0.0758145
0.141736
0.896277
0.0173712
0.543537
0.0398289
0.0435016
1.06855
0.997658
0.181995
0.160664
1.30648
0.017023
1.30931
0.0160351
0.188396
4.06329
1.01527
2.24438
1.65019
0.322425
0.249682
1.43588
0.0285935
0.161049
1.33268
0.0159926
1.29119
1.5066
1.22203
1.75167
0.206923
1.43649
0.0189012
0.175266
1.35066
0.201566
0.0244863
2.37858
1.20763
1.12258
1.26886
1.39382
1.51865
1.6212
1.55299
0.169555
0.175739
1.08715
0.0114436
1.21364
0.0188082
0.0329318
0.973874
1.0732
1.5618
0.969305
3.40717
0.927318
1.08939
0.803326
0.174377
0.730861
0.495996
1.09606
0.700992
2.03579
2.22706
0.70448
4.41741
0.493756
1.2376
0.813824
0.994804
1.65183
1.41673
12.2429
1.01503
1.90245
1.16851
1.37656
1.45538
3.08182
0.905207
2.53866
1.60486
2.16638
2.89277
1.04143
1.92293
2.57447
1.17104
1.10376
0.360379
15.832
6.78318
7.48879
2.12268
0.210555
3.03798
1.58597
0.0537274
1.18694
0.104497
1.4032
2.04591
1.79889
1.07704
1.50368
1.19022
1.62372
1.62262
0.189596
2.5857
0.0130659
0.937377
2.20906
1.65754
0.973669
1.02663
1.61655
2.53657
0.250394
2.98546
1.85091
0.0681147
0.929504
1.2369
1.08691
1.80747
1.52793
0.309179
1.84517
0.982722
1.01569
1.69121
2.31076
3.64242
0.13794
0.838275
0.664971
3.85025
0.923679
)
;

boundaryField
{
    inlet
    {
        type            freestream;
        freestreamValue uniform 0.14;
        value           uniform 0.14;
    }
    outlet
    {
        type            freestream;
        freestreamValue uniform 0.14;
        value           nonuniform List<scalar> 
60
(
33.3407
40.537
0.14
0.14
0.14
0.14
0.0102471
0.0108199
0.14
0.14
0.14
0.14
1.61496e-07
1.67073e-07
0.14
0.14
0.14
0.14
0.14
0.14
4.99222e-09
1.28945e-08
3.6537e-11
0.14
2.50919e-11
2.16663e-11
2.57337e-11
2.24662e-11
3.59724e-11
4.01246e-11
2.92031e-11
3.19709e-11
3.08081e-11
3.37241e-11
3.45757e-11
3.26156e-11
3.1571e-11
3.36899e-11
2.94005e-11
2.9858e-11
2.82634e-11
3.08835e-11
2.75052e-11
2.78551e-11
8.0841e-11
5.08071e-11
0.14
0.14
0.14
0.14
2.43576e-05
4.21608e-06
0.14
0.14
0.14
0.14
0.14
0.14
16.3806
31.9532
)
;
    }
    rightSide
    {
        type            symmetryPlane;
    }
    leftSide
    {
        type            symmetryPlane;
    }
    duct
    {
        type            nutUWallFunction;
        Cmu             0.09;
        kappa           0.41;
        E               9.8;
        value           nonuniform List<scalar> 
216
(
4.58128
4.58113
4.52093
4.51984
4.42362
4.42465
4.31533
4.3172
4.20096
4.20336
4.07856
4.08144
3.94553
3.94851
3.79868
3.80191
3.63514
3.63887
3.45172
3.45464
3.24127
3.24406
2.99742
2.99827
2.70379
2.70154
2.33807
2.33197
1.87546
1.86202
1.27606
1.23072
0.514515
0.473899
0.865685
1.05469
1.80555
2.19327
4.11176
5.62823
3.57877
5.68487
3.43406
6.14215
3.68888
7.12143
3.50396
7.61958
2.65576
7.3532
2.4223
7.7923
2.18135
8.29054
2.42159
9.02506
2.77177
9.75036
3.0831
10.293
3.72683
11.1056
4.35209
11.8867
5.15163
12.7914
6.29873
13.9216
7.45791
15.0108
8.25704
15.7346
8.78302
16.2083
8.95889
16.4011
8.75075
16.2414
8.29959
15.8523
7.66088
15.2628
6.89341
14.4802
6.09552
13.6029
5.49258
12.873
5.40633
12.56
6.13646
12.5795
7.22546
11.7086
6.44927
9.55521
6.04287
8.27883
10.351
10.4288
17.9641
17.3497
23.4055
24.4168
37.8806
40.2693
62.5202
68.2321
4.5751
4.57497
4.58841
4.58796
4.60599
4.60661
4.62537
4.62683
4.6464
4.64823
4.67023
4.67215
4.69755
4.69939
4.72877
4.73075
4.76499
4.76712
4.80751
4.81
4.85755
4.86038
4.91761
4.92097
4.99042
4.99426
5.07885
5.08256
5.18285
5.18669
5.3055
5.30971
5.4463
5.44958
5.60308
5.60587
5.76956
5.7716
5.93623
5.9323
6.09188
6.08751
6.2313
6.23417
6.36573
6.36631
6.49351
6.49431
6.6116
6.61199
6.72577
6.72697
6.82269
6.82102
6.88841
6.88667
6.91052
6.9096
6.88586
6.88547
6.80498
6.80862
6.66292
6.67198
6.44826
6.47814
6.18841
6.30122
6.0861
6.37089
5.6935
7.41712
3.09006
7.64201
3.39676
10.0672
2.34366
9.3098
5.20304
20.9979
3.42981
14.3863
1.86221
10.5811
1.33407
5.80868
4.33944
2.16564
7.58027
5.11051
10.7056
8.7123
13.2034
10.9437
15.063
12.3205
13.9247
11.4647
11.446
8.32177
13.3747
11.2133
17.6028
16.4221
25.4634
25.9022
50.0209
42.1636
)
;
    }
    cylinder
    {
        type            nutUWallFunction;
        Cmu             0.09;
        kappa           0.41;
        E               9.8;
        value           nonuniform List<scalar> 
448
(
0.145315
0.464691
0.130231
0.119194
0.166116
0.266362
0.164249
0.164212
0.363441
0.496005
0.35788
0.353717
0.168123
0.16622
0.170333
0.268746
0.37311
0.366392
0.35532
0.47825
0.397662
0.562275
0.394627
0.396798
0.145388
0.110104
0.400376
0.398317
0.399757
0.566896
0.120164
0.452242
0.426405
0.411297
0.908627
0.881729
0.657132
0.443753
0.442025
0.426961
0.933323
0.438757
0.443563
0.911742
0.372163
0.36651
0.618726
0.627149
0.126046
0.14623
0.379914
0.37277
0.652648
0.655709
0.109719
0.11969
0.277092
0.270757
0.802462
0.815196
0.409291
0.281695
0.280138
0.274995
0.843381
0.833196
0.283618
0.283575
0.0753645
0.0487194
0.297911
0.286277
0.159853
0.162136
0.0787745
0.0540191
0.313303
0.077165
0.299075
0.154981
0.158844
0.43236
0.421374
0.936756
0.914445
0.432219
0.438252
0.344498
0.381263
0.324691
0.313749
0.512489
0.604304
0.336085
0.348797
0.314577
0.287541
0.460437
0.518332
0.284763
0.276588
0.844301
0.282727
0.83525
0.283403
0.279454
0.812391
0.829853
0.414004
0.285821
0.0807518
0.0508679
0.320673
0.0777022
0.0623134
0.30478
0.156594
0.163379
0.0766512
0.0580696
0.301247
0.300742
0.165364
0.164844
0.430308
0.412267
0.917506
0.894449
0.34297
0.360536
0.33442
0.304497
0.474845
0.585988
0.340217
0.382264
0.316356
0.283958
0.419419
0.520159
0.39278
0.388614
0.373743
0.369266
0.649577
0.651083
0.391096
0.39381
0.932313
0.965825
0.438838
0.4471
0.95453
0.966733
0.24937
0.281385
0.391823
0.135509
0.1218
0.356377
0.381584
0.236914
0.672967
0.663048
0.653917
0.643771
0.398007
0.39617
0.376832
0.372875
0.629296
0.638674
0.397636
0.395827
0.44449
0.45243
0.954646
0.970926
0.931727
0.959005
0.272457
0.335316
0.240915
0.40406
0.114105
0.128831
0.364302
0.312637
0.351345
0.396422
0.230859
0.209583
0.662278
0.654295
0.226174
0.210296
0.665761
0.653322
1.03667
0.792815
0.80682
0.806317
0.599049
0.47745
0.477826
0.490096
0.959816
0.751476
0.771717
0.763563
0.475544
0.360634
0.369022
0.368009
0.803913
0.801606
0.498342
0.33998
0.398204
0.341945
0.769145
0.767169
0.973535
0.766296
0.380748
0.379091
0.471174
0.366117
1.02262
0.801316
0.470707
0.351524
0.395494
0.338232
0.485126
0.491207
0.968951
0.729233
0.716591
0.725981
0.549824
0.25714
0.295828
0.300043
0.914832
0.657308
0.643082
0.658978
0.606183
0.493356
0.718916
0.731684
0.963587
0.726343
0.241563
0.238052
0.42039
0.251092
0.645582
0.663809
0.914202
0.655459
0.812929
1.18701
0.894851
0.779732
0.91511
0.809467
0.913561
0.800803
0.488406
0.775351
0.512242
0.360483
0.651245
0.464163
0.212741
0.225095
0.576974
0.206919
0.48739
0.650367
0.36835
0.36728
0.668279
0.487879
0.200495
0.297938
0.754349
1.03683
0.829006
0.756194
0.765267
0.845921
0.838461
0.767865
0.371735
0.403574
0.153072
0.0506967
0.302486
0.350444
0.322514
0.373697
0.0599822
0.315061
0.368742
0.810069
0.937083
0.932773
0.800899
0.297749
0.656663
0.490603
0.310235
0.548768
0.308958
0.434243
0.306561
0.332585
0.272758
0.512671
0.314795
0.843686
0.769
0.285557
0.846684
0.770478
0.762043
1.04902
0.838453
0.769084
0.324536
0.388413
0.321063
0.379927
0.375737
0.394023
0.149099
0.0504673
0.313682
0.36085
0.820942
1.20368
0.660168
0.439966
0.927418
0.791794
0.41865
0.287776
0.35812
0.304797
0.566279
0.367997
0.452951
0.304058
0.224388
0.470012
0.501129
0.29179
0.440587
0.448038
0.489271
0.646191
0.368052
0.365246
0.655438
0.489698
0.439587
0.445785
0.716744
1.21066
0.612749
0.444036
0.976386
0.738822
0.697557
0.964141
0.97588
0.731691
0.185222
0.819197
0.41179
0.178593
0.183365
0.225729
0.294432
0.197013
0.197858
0.275011
0.381051
0.410324
0.406806
0.378295
0.345742
0.681211
0.949994
0.497946
0.221041
0.655611
0.667006
0.649493
0.638862
0.197369
0.665096
0.65664
0.50098
0.816473
0.526789
0.367624
0.658465
0.47912
0.439641
0.450045
0.969838
0.44011
0.696919
0.446609
0.981764
0.736064
0.711898
1.20584
0.614053
0.448602
0.971257
0.730276
0.182022
0.226723
0.219445
0.285093
0.26736
0.162186
0.667799
0.519721
0.309622
0.249344
0.647146
0.204298
0.650951
0.210078
0.668184
0.663786
0.673391
0.951773
0.490069
0.205283
0.657171
0.658096
)
;
    }
}


// ************************************************************************* //
