/*--------------------------------*- C++ -*----------------------------------*\
| =========                 |                                                 |
| \\      /  F ield         | OpenFOAM: The Open Source CFD Toolbox           |
|  \\    /   O peration     | Version:  4.1                                   |
|   \\  /    A nd           | Web:      www.OpenFOAM.org                      |
|    \\/     M anipulation  |                                                 |
\*---------------------------------------------------------------------------*/
FoamFile
{
    version     2.0;
    format      ascii;
    class       volScalarField;
    location    "13";
    object      epsilon;
}
// * * * * * * * * * * * * * * * * * * * * * * * * * * * * * * * * * * * * * //

dimensions      [0 2 -3 0 0 0 0];

internalField   nonuniform List<scalar> 
4432
(
0.000384815
0.000426261
0.000463932
0.000510447
0.000557948
0.000608679
0.0006576
0.000718469
0.000756622
0.000817419
0.000856061
0.000831381
0.00112823
0.000271337
0.00428714
0.00168058
0.0488862
1.06533
3.34496
16.4521
27.6294
30.5317
62.3081
66.0377
64.5522
42.9797
27.0192
19.2551
14.4879
17.0816
14.9016
13.7726
24.8567
13.012
4.77181
2.74879
0.661885
0.0238095
0.00358092
0.00353373
0.00299546
0.00267257
0.00216405
0.00178112
0.00131752
0.000625041
0.00260796
0.00342484
0.00130869
0.00662394
0.0372653
0.13568
0.0163466
0.0344293
0.000389069
0.000422123
0.000469563
0.00050677
0.000557381
0.000601975
0.000655767
0.000701953
0.000754355
0.000796225
0.000850551
0.000821587
0.00106479
0.000470092
0.00279144
0.00220407
0.0768448
0.649467
2.83493
11.4557
23.4372
26.4575
46.1421
47.5236
40.9962
25.7734
15.946
12.2156
10.7957
8.59847
6.06063
1.99898
0.774697
0.613717
0.198116
0.0556521
0.0230665
0.00767128
0.000779039
0.00179289
0.00188883
0.00145981
0.00098833
0.001316
0.00043105
0.000469749
0.001475
0.0471444
0.0665639
0.263759
1.11421
0.2092
0.0881461
0.0728869
0.0223485
0.000455172
0.000265462
0.000200648
5.43711e-05
0.000224223
0.000203386
0.000218839
0.00024488
0.000280551
0.000390004
0.000429389
0.000568792
0.000525633
0.000767279
0.00103584
0.00909332
0.0582665
1.0816
5.28284
10.9135
15.8163
22.2567
25.7485
28.1978
27.0236
23.7764
18.0244
16.859
20.012
26.8861
33.656
24.5942
13.0479
13.3183
0.556719
0.828271
0.178949
0.232804
0.041459
0.227408
0.340103
0.420846
0.239503
0.0644708
0.00471284
0.0414694
0.0968071
0.399838
2.21302
11.1956
2.7917
0.588807
0.75488
0.0223493
0.000454882
0.000268328
0.000203237
6.74895e-05
0.000207349
0.000257494
0.000217891
0.00028701
0.000298192
0.000299369
0.000431951
0.000572275
0.000615294
0.000834066
0.000747434
0.0256629
0.230359
1.36323
5.27746
9.77885
13.2695
18.7356
22.1567
24.0463
21.3186
11.4926
10.4518
12.4892
8.696
4.32607
8.90043
8.74053
3.35436
5.67235
0.242465
0.0851999
0.0190281
0.0526162
0.015421
0.0212121
0.0286422
0.0240851
0.0362155
0.0259233
0.00357545
0.0907603
0.158766
0.367624
1.50205
5.85269
1.17443
0.527947
0.886975
0.0222884
6.24928e-05
6.66319e-06
4.35488e-06
5.78698e-06
6.1562e-06
1.20309e-05
1.46385e-05
2.61582e-05
3.43816e-05
5.35596e-05
7.09909e-05
8.85314e-05
0.000131341
0.000149822
0.000196843
0.000932558
0.852167
3.66123
4.99535
7.06791
9.01619
11.2363
13.3756
14.7449
10.0742
7.30285
8.84573
14.7517
21.3495
23.4889
19.5475
10.8392
4.2074
1.91708
0.214825
0.0961506
0.0862838
0.145773
0.149249
0.256236
0.257908
0.290092
0.437795
0.303237
0.048338
0.152342
0.958025
4.42912
13.852
13.3281
20.3713
6.30746
0.0554851
0.0222891
6.25097e-05
6.98588e-06
4.43149e-06
6.31574e-06
5.55963e-06
1.23933e-05
1.75328e-05
2.44805e-05
3.38098e-05
3.96586e-05
5.41986e-05
8.89206e-05
0.000130361
0.000156189
0.00193642
0.22039
2.64172
3.38679
4.6063
6.18575
7.51531
9.16339
9.01998
8.28897
2.66807
4.19774
5.93382
6.85842
4.16016
6.06488
8.16227
6.05711
2.05219
3.00261
0.265965
0.0459407
0.0194649
0.0399453
0.0199513
0.0334333
0.018766
0.0519422
0.104567
0.052199
0.00154834
0.10357
0.491995
1.53366
5.17704
6.29377
5.62592
1.05137
0.088701
0.0222879
6.24156e-05
8.18845e-07
5.86511e-07
5.66659e-07
5.13793e-07
4.45748e-07
1.67557e-06
2.04149e-06
8.96274e-07
6.18521e-06
8.63249e-06
1.22907e-05
3.0741e-05
2.48321e-05
0.000167677
0.00338826
0.207515
2.87765
3.1811
3.57014
4.43976
6.21229
7.58816
7.04561
4.45655
4.28826
7.06467
9.57496
10.9422
7.75599
6.29285
4.1531
1.99451
0.879738
0.300509
0.0348671
0.00656712
0.00171054
0.0390301
0.0542278
0.0446361
0.0012456
0.219915
0.404714
0.00822206
0.0453704
0.360792
0.579476
1.54463
8.9977
10.2429
6.9558
1.68333
0.0222885
6.24476e-05
8.01488e-07
5.70063e-07
6.20763e-07
5.47924e-07
6.2877e-07
9.00973e-07
6.66584e-07
2.78207e-06
5.30795e-06
1.14648e-05
1.1032e-05
9.88575e-05
9.13231e-05
0.000866348
0.201395
2.41236
2.58085
2.84862
3.13702
3.6625
5.3298
6.11716
5.14926
3.05897
3.20041
3.83423
4.27321
3.9019
4.04314
4.14976
2.90615
1.09304
0.82481
0.116606
0.00800493
0.0119264
0.0111217
0.00506582
0.0264176
0.00826085
1.99243e-05
0.0403932
0.0121166
0.0439072
1.26314
1.26034
0.321653
0.486352
6.334
1.06616
0.609533
0.201448
0.0222873
6.24151e-05
8.22665e-07
5.44428e-08
6.47671e-08
6.7123e-08
5.80054e-08
2.595e-08
8.37589e-08
9.51044e-08
1.02115e-07
9.11462e-07
1.01529e-06
3.61877e-06
3.62728e-06
3.30671e-05
0.000271208
0.0115151
0.69335
1.90752
1.82605
1.96206
4.73067
5.04918
3.89652
2.85964
3.27252
4.49776
5.00856
5.2406
4.19317
3.28041
2.43499
1.79783
1.37358
0.833723
0.00717589
0.00243902
0.00773896
0.0226612
0.0209755
0.022902
0.0111253
0.00991314
0.0127551
0.000763307
0.00182224
0.158999
0.00105786
0.0204147
0.0168469
0.000119576
0.106423
0.0685273
0.0222879
6.245e-05
8.3335e-07
5.2764e-08
6.54333e-08
6.01829e-08
7.18881e-08
1.94881e-08
4.24121e-08
5.57365e-08
4.38761e-07
1.09081e-06
2.74917e-07
1.5015e-05
7.98825e-06
0.000590395
0.0121323
0.143886
0.385787
1.46211
1.33843
1.12413
4.14146
4.63007
3.41077
2.37622
2.52559
3.04211
3.46494
3.49641
3.11378
2.62056
2.0116
1.47911
0.897703
0.145328
0.0037816
0.00123961
0.000131785
0.0111868
0.00871984
0.00168075
0.00108779
0.010245
0.00130938
1.87175e-05
0.00615734
0.00132001
1.94909e-05
0.00239321
0.00132053
0.0915539
0.0295891
0.0164888
0.022287
6.24107e-05
8.53052e-07
6.1625e-08
4.03638e-10
7.44455e-11
5.86448e-10
3.29083e-10
3.91792e-09
8.00666e-09
3.90782e-09
3.01833e-08
1.70149e-08
3.70341e-08
3.93154e-08
2.12178e-06
1.08475e-06
0.000132358
0.018782
0.116395
0.163102
0.109483
2.40441
2.39798
1.7984
1.36596
1.71552
2.65489
2.85278
2.77955
2.2695
1.75507
1.41354
1.33034
1.37502
0.1851
0.0029019
7.35923e-07
3.14263e-07
0.000443815
0.0103912
0.0156569
0.00119465
0.00117242
0.00267061
1.62423e-05
1.27719e-06
0.00158774
0.000106558
2.88112e-07
1.46533e-05
9.14592e-05
0.000177161
0.000873299
0.0222874
6.24464e-05
8.53605e-07
6.1657e-08
4.24176e-10
5.58933e-11
5.81462e-10
5.84828e-11
1.21986e-09
4.66152e-09
1.12526e-08
3.91496e-09
5.48536e-09
4.12244e-07
4.50488e-08
6.93288e-05
0.000833561
0.00111323
0.00627382
0.035614
0.045858
0.130575
1.22945
2.31717
1.80561
1.30766
1.5547
1.93139
2.20634
2.23099
1.94004
1.55518
1.26481
0.796023
0.256516
0.00870198
0.000685144
3.76237e-07
9.98178e-11
2.14125e-08
0.00159567
2.12719e-05
0.000353156
0.000998886
0.000675522
4.32373e-06
7.01106e-07
4.13532e-06
9.5326e-08
8.78585e-07
0.000728217
0.00145617
9.47353e-05
0.000266132
0.0222862
6.24168e-05
8.54875e-07
6.19888e-08
1.97178e-10
2.54979e-12
2.05117e-12
1.65576e-12
8.14611e-12
1.63096e-12
1.17706e-10
8.81987e-10
1.08424e-10
3.59706e-10
2.44684e-10
8.2324e-08
4.01935e-09
1.20184e-05
0.000113506
0.000373313
0.000314078
0.000802244
0.124233
1.08469
0.777436
0.56093
0.687688
1.34259
1.61326
1.49767
1.26624
1.02863
0.873178
0.854975
0.0610482
0.000904507
1.00408e-10
1.47125e-12
2.29869e-11
7.75865e-08
6.93938e-06
2.50185e-05
7.74201e-05
0.000127588
0.000173113
1.55725e-05
1.32092e-07
6.82881e-07
2.0099e-08
1.13003e-09
1.01347e-06
7.61638e-06
1.47405e-05
7.26202e-05
0.0222867
6.24498e-05
8.55057e-07
6.19781e-08
1.95942e-10
2.50181e-12
1.96199e-12
1.55313e-12
5.26011e-12
5.16694e-11
1.2936e-10
5.79433e-11
9.44991e-11
2.76747e-09
5.39771e-10
2.44868e-08
1.00735e-06
3.11883e-05
0.000108843
0.000167832
0.000308038
0.000156914
0.0551466
1.16106
0.874474
0.625908
0.81214
1.13023
1.33697
1.3582
1.16002
0.960391
0.779254
0.12173
0.000722082
3.22707e-05
2.29375e-11
3.42725e-10
1.55603e-11
7.81458e-09
1.55534e-05
1.20488e-05
5.32465e-05
0.000195008
1.69034e-05
1.72005e-06
7.39481e-10
3.95998e-07
9.61458e-09
9.27345e-11
5.1521e-05
0.000121336
7.93718e-06
6.96577e-06
0.0222857
6.24012e-05
8.2843e-07
5.83031e-08
1.81122e-10
2.53433e-12
1.51089e-12
1.51298e-12
1.52264e-12
1.5149e-12
1.6888e-12
3.81839e-12
1.78093e-12
2.3039e-12
2.69566e-12
1.74469e-09
1.1797e-08
1.37752e-07
2.9552e-05
0.000106545
0.000100391
0.000106264
0.000540673
0.433202
0.342929
0.236245
0.252688
0.384296
0.337104
0.363823
0.909338
0.753165
0.622302
0.351056
0.00025687
5.70736e-08
3.38913e-11
1.92963e-12
1.22719e-11
6.46543e-09
6.68173e-07
3.02527e-06
1.04203e-05
1.82477e-05
5.17879e-05
4.31597e-06
7.89703e-10
1.93242e-07
2.20047e-10
9.74071e-10
2.01514e-08
1.62796e-07
1.17641e-07
5.25243e-07
0.022286
6.24365e-05
8.28462e-07
5.82846e-08
1.80291e-10
2.58164e-12
1.50285e-12
1.50473e-12
1.5113e-12
1.55787e-12
1.72186e-12
1.60489e-12
1.59315e-12
1.77797e-11
2.10937e-12
3.07734e-11
4.42631e-07
5.05938e-06
3.12927e-05
5.04014e-05
9.63243e-05
5.23322e-07
0.000177937
0.0519573
0.35343
0.283607
0.281467
0.789546
0.791018
0.931542
0.378238
0.686331
0.319249
0.000587912
0.000199743
1.00342e-06
7.90943e-10
2.22501e-12
1.97713e-12
1.965e-11
1.87588e-09
4.57207e-09
4.59689e-11
1.7832e-07
3.15323e-07
2.62751e-08
7.69925e-11
7.99177e-11
3.18514e-11
6.49148e-10
9.13314e-09
3.46437e-08
7.8363e-08
9.81076e-08
0.0222845
6.24142e-05
8.3003e-07
5.85464e-08
1.84458e-10
2.55933e-12
1.50776e-12
1.4991e-12
1.50374e-12
1.52547e-12
1.50716e-12
1.50899e-12
1.5209e-12
1.51029e-12
1.51109e-12
7.41115e-12
1.0185e-11
1.52988e-10
7.1199e-07
1.41355e-05
6.36674e-07
2.13332e-05
2.71115e-05
0.00537543
0.118636
0.108253
0.101138
0.0144946
0.00136235
0.000642356
0.0546545
0.0807686
0.206081
0.00810327
1.57073e-05
2.39529e-06
2.20087e-08
2.96361e-11
9.8263e-13
1.5492e-12
1.56333e-11
2.71048e-09
2.09482e-09
7.35184e-08
8.53663e-06
7.11379e-07
7.39296e-12
2.15254e-09
6.68919e-10
4.25457e-09
7.3824e-09
1.47004e-08
3.52106e-08
7.89006e-08
0.0222849
6.24469e-05
8.29982e-07
5.8501e-08
1.81487e-10
2.52934e-12
1.50129e-12
1.50386e-12
1.50929e-12
1.51417e-12
1.50804e-12
1.50461e-12
1.52578e-12
1.54232e-12
1.50982e-12
1.60095e-12
2.35356e-10
1.99542e-08
8.3558e-07
3.81444e-06
2.434e-06
2.43327e-08
4.43005e-06
0.00030897
0.00654171
0.119458
0.00498772
0.0727034
0.0371515
0.0514779
0.00739942
0.0242355
0.00261318
0.000128918
8.5761e-05
2.34556e-06
3.54269e-09
5.65489e-12
1.50025e-12
1.39515e-12
1.58807e-10
1.12354e-11
1.08326e-11
1.57006e-10
7.54113e-10
6.49125e-11
1.89167e-12
6.33288e-12
2.20227e-10
2.30821e-09
6.71397e-09
1.54718e-08
3.28932e-08
5.21484e-08
0.0222838
6.24004e-05
8.32096e-07
5.89515e-08
1.86506e-10
2.54974e-12
1.50723e-12
1.49688e-12
1.50452e-12
1.52398e-12
1.52221e-12
1.51709e-12
1.51373e-12
1.52536e-12
1.50925e-12
1.52435e-12
1.54379e-12
2.00576e-12
6.7706e-10
5.88813e-08
2.29837e-10
5.40813e-07
1.29716e-06
0.00434584
0.0463452
0.0522132
0.00464188
7.55751e-06
5.30152e-05
5.8806e-05
0.000469871
0.00085348
0.00317699
4.75927e-05
1.80387e-05
3.37929e-06
1.46522e-08
3.11092e-11
1.6799e-12
1.52407e-12
1.52808e-12
1.54047e-12
8.86184e-12
9.52265e-11
1.45199e-08
1.22235e-09
4.71085e-12
9.27594e-12
1.0099e-10
7.51266e-10
3.63567e-09
5.49463e-09
1.08341e-08
3.24099e-08
0.022284
6.24376e-05
8.32404e-07
5.88694e-08
1.83628e-10
2.55503e-12
1.50586e-12
1.50886e-12
1.51093e-12
1.50453e-12
1.51392e-12
1.51341e-12
1.51559e-12
1.525e-12
1.5131e-12
1.50869e-12
2.26044e-12
2.4553e-11
1.05675e-09
4.47744e-09
2.39188e-09
4.48189e-11
5.47609e-07
5.00206e-06
1.11036e-05
0.00244408
5.12951e-06
0.000317384
9.11668e-05
0.000141436
7.72517e-05
7.45371e-05
3.94337e-05
6.22481e-05
5.43145e-06
1.82349e-08
3.98705e-11
1.73914e-12
1.51166e-12
1.52712e-12
1.53362e-12
1.53766e-12
1.57799e-12
2.39529e-12
2.07463e-11
2.05603e-12
1.54098e-12
1.53939e-12
1.44963e-11
3.20848e-10
3.05944e-09
7.61607e-09
1.40904e-08
5.73307e-08
0.0222824
6.24171e-05
8.33574e-07
5.91673e-08
1.86381e-10
2.61784e-12
1.50385e-12
1.50464e-12
1.50787e-12
1.50707e-12
1.51791e-12
1.50999e-12
1.50706e-12
1.50893e-12
1.50663e-12
1.52264e-12
1.51681e-12
1.52433e-12
3.87161e-12
6.86673e-11
3.33866e-12
5.39355e-10
1.79467e-09
0.000351578
0.00239156
0.0030832
0.000405454
6.52225e-07
1.71471e-06
1.51692e-05
9.85457e-06
1.92552e-05
2.50312e-05
1.59042e-05
2.32489e-06
3.9175e-08
7.00894e-11
2.15809e-12
1.53286e-12
1.5448e-12
1.53218e-12
1.51253e-12
1.52059e-12
2.83988e-12
3.27525e-11
2.14205e-11
1.83294e-12
1.59443e-12
2.30449e-12
5.12859e-11
2.66666e-10
2.53167e-10
1.21853e-10
2.55473e-09
0.0222827
6.24539e-05
8.33755e-07
5.91843e-08
1.86057e-10
2.54271e-12
1.51033e-12
1.51348e-12
1.51303e-12
1.50702e-12
1.50945e-12
1.51545e-12
1.51453e-12
1.50652e-12
1.50759e-12
1.5115e-12
1.51013e-12
1.60466e-12
4.81418e-12
1.10367e-11
8.25531e-12
1.81289e-12
4.24149e-09
2.1544e-07
2.22417e-07
1.55431e-06
3.07817e-07
6.1094e-06
1.6605e-05
2.34039e-05
1.43095e-05
2.90906e-05
1.81373e-05
1.0144e-06
4.61049e-09
1.76774e-11
1.64546e-12
1.52931e-12
1.53855e-12
1.52608e-12
1.5225e-12
1.52844e-12
1.52933e-12
1.54732e-12
1.65445e-12
1.57285e-12
1.53817e-12
1.57352e-12
1.72058e-12
6.90029e-12
1.42325e-10
2.12005e-10
3.45067e-10
5.81109e-09
0.0222816
6.23941e-05
8.33008e-07
5.9078e-08
1.82938e-10
2.55854e-12
1.5137e-12
1.51575e-12
1.52352e-12
1.50886e-12
1.50597e-12
1.52605e-12
1.50899e-12
1.50696e-12
1.51703e-12
1.52416e-12
1.51204e-12
1.50508e-12
1.53102e-12
1.81903e-12
1.0002e-12
5.09433e-07
6.10203e-06
7.30001e-05
0.000161721
0.000171693
0.000162789
1.7008e-08
3.18278e-09
1.09139e-07
8.9748e-07
6.42215e-07
1.48838e-06
1.56523e-07
1.18376e-09
1.09615e-11
1.62534e-12
1.52444e-12
1.55701e-12
1.52861e-12
1.52991e-12
1.53265e-12
1.53647e-12
1.56353e-12
1.74994e-12
1.80237e-12
1.56517e-12
1.59977e-12
1.60265e-12
1.94902e-12
5.50767e-12
6.24025e-12
1.31277e-11
3.79842e-10
0.0222816
6.24355e-05
8.32946e-07
5.91095e-08
1.88356e-10
2.58246e-12
1.51073e-12
1.50993e-12
1.51579e-12
1.50832e-12
1.50636e-12
1.52714e-12
1.51132e-12
1.50701e-12
1.52224e-12
1.51831e-12
1.52006e-12
1.52106e-12
1.52874e-12
1.54544e-12
1.55074e-12
1.52461e-12
1.05392e-10
5.3291e-10
5.39891e-07
1.2353e-06
1.12251e-09
8.31108e-08
1.82852e-06
1.29721e-06
3.13042e-07
5.17173e-07
2.91311e-08
6.23355e-10
7.19683e-12
1.58699e-12
1.5052e-12
1.51844e-12
1.55066e-12
1.58769e-12
1.54175e-12
1.53009e-12
1.52396e-12
1.5354e-12
1.57146e-12
1.55716e-12
1.55198e-12
1.61531e-12
1.58008e-12
1.59084e-12
2.36736e-12
1.73864e-12
1.198e-10
3.0655e-10
0.0222802
6.24619e-05
8.76162e-07
6.54656e-08
2.26093e-10
2.82477e-12
1.51626e-12
1.52089e-12
1.51996e-12
1.51989e-12
1.5251e-12
1.50945e-12
1.50705e-12
1.52864e-12
1.51042e-12
1.51108e-12
1.51608e-12
1.51003e-12
1.53288e-12
5.80215e-13
1.43383e-10
0.000182966
0.00219193
4.80344e-05
5.81743e-05
7.56283e-05
5.15143e-05
3.68863e-05
2.69501e-05
1.58609e-09
9.19419e-10
7.49491e-10
1.45069e-09
7.17086e-11
2.70578e-12
1.51904e-12
1.52489e-12
1.55832e-12
1.55802e-12
1.55749e-12
1.5625e-12
1.54531e-12
1.53826e-12
1.55637e-12
1.5652e-12
1.59232e-12
1.57297e-12
1.5394e-12
1.57509e-12
1.66598e-12
1.73514e-12
1.74259e-12
2.15446e-12
2.51478e-11
0.0222803
6.25087e-05
8.7747e-07
6.55573e-08
2.2421e-10
2.85218e-12
1.51725e-12
1.52098e-12
1.50804e-12
1.50864e-12
1.52707e-12
1.52046e-12
1.52142e-12
1.52834e-12
1.51509e-12
1.50832e-12
1.51536e-12
1.51501e-12
1.53604e-12
1.51915e-12
1.51104e-12
5.59917e-09
3.26742e-08
0.00852645
0.000640461
6.47233e-05
1.81407e-05
7.08065e-05
4.60582e-09
3.02975e-09
2.53172e-10
1.40277e-07
4.91941e-08
4.42058e-09
5.08589e-11
2.68414e-12
1.57493e-12
1.54964e-12
1.91893e-12
1.96942e-11
5.1315e-12
1.57472e-12
1.53881e-12
1.56233e-12
1.54203e-12
1.53724e-12
1.56237e-12
1.64448e-12
1.59761e-12
1.58091e-12
1.71654e-12
1.59144e-12
2.76014e-12
4.05979e-11
0.0222792
6.23053e-05
8.44981e-07
6.11524e-08
2.10177e-10
2.74836e-12
1.50839e-12
1.49722e-12
1.50495e-12
1.52197e-12
1.51031e-12
1.50655e-12
1.51414e-12
1.51429e-12
1.52641e-12
1.51268e-12
1.51514e-12
1.51789e-12
1.51844e-12
1.5364e-12
3.57432e-08
3.07892e-07
0.0262839
2.73172e-05
0.000555933
0.000178246
2.71784e-05
1.27621e-05
1.02234e-05
6.00257e-06
2.86923e-06
1.29109e-06
5.70238e-08
2.41801e-10
4.7554e-12
1.57226e-12
1.5705e-12
1.56269e-12
1.70511e-12
1.91908e-12
1.65574e-12
1.5455e-12
1.53791e-12
1.58407e-12
1.5584e-12
1.56059e-12
1.59978e-12
1.61394e-12
1.6056e-12
1.63122e-12
1.68462e-12
1.64237e-12
1.60208e-12
2.07203e-12
0.0222794
6.25274e-05
8.71642e-07
6.47827e-08
2.17775e-10
2.7574e-12
1.50973e-12
1.50752e-12
1.51588e-12
1.52714e-12
1.51006e-12
1.5058e-12
1.51169e-12
1.50743e-12
1.50781e-12
1.51109e-12
1.52692e-12
1.51724e-12
1.51644e-12
1.53721e-12
1.39123e-09
3.44103e-08
0.340646
0.0460152
0.00692984
0.00991187
0.00200847
0.000793192
0.000255564
8.5897e-05
8.64884e-06
1.17104e-06
5.59303e-07
5.23488e-08
3.21408e-10
5.32438e-12
1.99806e-12
1.80609e-12
1.93504e-10
3.85026e-09
3.23528e-10
1.07979e-11
1.8782e-12
1.62487e-12
1.58033e-12
1.5832e-12
1.58544e-12
1.69565e-12
1.71956e-12
1.63295e-12
1.6212e-12
1.69158e-12
1.71744e-12
2.17841e-12
0.0222781
6.25058e-05
8.80435e-07
6.62046e-08
2.31432e-10
2.89468e-12
1.51284e-12
1.49711e-12
1.50489e-12
1.52296e-12
1.51374e-12
1.51353e-12
1.51532e-12
1.51838e-12
1.51125e-12
1.51316e-12
1.52648e-12
1.529e-12
1.53278e-12
9.42324e-09
1.13431e-07
0.000498606
0.00158507
0.000672008
0.00178013
0.000542271
0.000558331
0.000150255
6.42518e-05
1.09979e-05
1.79444e-06
1.33021e-06
6.40128e-09
8.40918e-11
2.84377e-12
1.55929e-12
5.23877e-12
5.3022e-12
6.05341e-11
4.47849e-11
6.06219e-12
1.79179e-12
1.52506e-12
1.55176e-12
1.59384e-12
1.59721e-12
1.71581e-12
3.67723e-12
2.87366e-12
1.76771e-12
1.75397e-12
1.60398e-12
1.68529e-12
1.85516e-12
0.0222916
6.20246e-05
8.31195e-07
5.94984e-08
2.04752e-10
2.71682e-12
1.50494e-12
1.50573e-12
1.52281e-12
1.52089e-12
1.52069e-12
1.52548e-12
1.51315e-12
1.51305e-12
1.52203e-12
1.51945e-12
1.52514e-12
1.51626e-12
1.51116e-12
1.56484e-12
1.28783e-08
0.0328933
0.160973
0.763788
0.169106
0.0158949
0.0115216
0.00211932
0.000869703
0.000411727
9.18073e-05
1.94022e-06
1.70329e-08
3.8488e-10
9.38569e-12
1.60732e-12
1.939e-10
4.28577e-10
3.23755e-08
1.02833e-07
8.31686e-09
3.24406e-10
3.16379e-11
9.60692e-12
2.848e-12
1.89865e-12
4.39517e-12
2.39827e-11
1.60691e-11
4.15929e-12
2.1442e-12
1.67929e-12
1.60323e-12
1.85316e-12
0.0222891
6.16392e-05
7.96802e-07
5.50749e-08
1.8358e-10
2.57296e-12
1.50792e-12
1.49857e-12
1.50502e-12
1.52801e-12
1.52038e-12
1.52094e-12
1.53114e-12
1.51467e-12
1.50951e-12
1.53404e-12
1.51739e-12
1.51806e-12
1.52566e-12
6.03501e-11
4.55333e-10
2.15249e-05
8.59015e-06
0.000122738
0.054853
0.00434519
0.00115535
0.000463057
0.000121343
9.35878e-06
7.1035e-08
3.14553e-09
2.51491e-11
1.88973e-12
2.80596e-12
2.2814e-09
1.05812e-09
3.61193e-08
2.57247e-08
2.94185e-10
1.7177e-11
2.43971e-12
1.58373e-12
1.56817e-12
1.58997e-12
2.89506e-11
3.54169e-10
5.64812e-11
1.77873e-11
1.96823e-11
2.0139e-12
1.8621e-12
1.90434e-12
0.0222752
6.20896e-05
8.6696e-07
6.45977e-08
2.2897e-10
2.90967e-12
1.51064e-12
1.50882e-12
1.51772e-12
1.52419e-12
1.52304e-12
1.52111e-12
1.52171e-12
1.52694e-12
1.51571e-12
1.5135e-12
1.52929e-12
1.51866e-12
1.51607e-12
1.5245e-12
1.3147e-10
0.00263958
0.0993451
0.552864
0.106744
0.0216464
0.00357927
0.00132491
0.000620126
0.000280688
1.48242e-05
1.20463e-07
5.44956e-10
5.46175e-11
1.28477e-10
2.76963e-08
4.53583e-07
8.56756e-07
5.51401e-06
1.09441e-06
3.43196e-08
1.86508e-09
1.66935e-10
1.57455e-10
4.01295e-11
6.6736e-10
7.96729e-09
1.24546e-09
4.98952e-11
1.34553e-11
3.50815e-12
1.86468e-12
1.97258e-12
0.0222761
6.22078e-05
8.55914e-07
6.27755e-08
2.19941e-10
2.78923e-12
1.50355e-12
1.50624e-12
1.52184e-12
1.52095e-12
1.5232e-12
1.52429e-12
1.5247e-12
1.5141e-12
1.51002e-12
1.51849e-12
1.52237e-12
1.53183e-12
1.53199e-12
1.95445e-12
7.11754e-12
2.80863e-07
0.00035306
4.19498e-05
0.00817774
0.00847838
0.00343715
0.00157227
0.000575969
5.33633e-05
3.01946e-07
4.99116e-08
3.11083e-10
4.53661e-12
6.13709e-13
1.20103e-09
5.20614e-08
1.23304e-07
7.35529e-07
5.59629e-07
3.70067e-08
9.10161e-10
2.29123e-11
2.90215e-12
1.67563e-12
3.24141e-12
2.92843e-09
3.51372e-08
3.94858e-09
5.12139e-10
1.18733e-09
2.63267e-11
9.9968e-12
3.34077e-12
0.022276
6.22535e-05
8.56698e-07
6.29582e-08
2.21299e-10
2.8001e-12
1.50505e-12
1.50617e-12
1.52271e-12
1.52219e-12
1.5266e-12
1.5226e-12
1.52352e-12
1.51342e-12
1.51223e-12
1.53181e-12
1.52649e-12
1.52776e-12
1.53574e-12
1.52611e-12
2.43387e-08
2.96873e-07
0.0038506
0.0133488
0.350587
0.0662483
0.0199806
0.00796249
0.00355966
0.000470688
2.48565e-05
1.42769e-07
5.7198e-09
2.82862e-11
4.76422e-08
5.70104e-07
1.55594e-06
5.93516e-06
4.93723e-05
6.85753e-05
1.03422e-05
1.4826e-07
2.37399e-10
7.81761e-09
9.2513e-08
2.06532e-08
2.36402e-08
1.53318e-07
5.05414e-08
9.29927e-09
4.79575e-10
3.74764e-11
1.13695e-11
5.03498e-12
0.0222758
6.2485e-05
8.83286e-07
6.66127e-08
2.40438e-10
2.9217e-12
1.5162e-12
1.52395e-12
1.50608e-12
1.50415e-12
1.52409e-12
1.5106e-12
1.5076e-12
1.52874e-12
1.52051e-12
1.52107e-12
1.51691e-12
1.51776e-12
1.5285e-12
1.53515e-12
7.17874e-12
2.98321e-06
3.54616e-05
3.50252e-05
6.69614e-05
0.000640986
0.00073411
0.000556862
5.2829e-05
1.02928e-05
5.30287e-08
2.04474e-10
3.59842e-12
1.54112e-12
1.28716e-11
1.45875e-07
9.27092e-07
5.14589e-06
1.31303e-05
6.91933e-06
8.20988e-07
6.33692e-08
3.47064e-09
6.06527e-11
1.47673e-11
1.68088e-10
4.65105e-08
2.79113e-07
8.01815e-08
3.59544e-08
2.96697e-08
6.43732e-10
1.97316e-10
2.65377e-11
0.0222754
6.25322e-05
8.83392e-07
6.66445e-08
2.39585e-10
2.91306e-12
1.51588e-12
1.52366e-12
1.50582e-12
1.50491e-12
1.52657e-12
1.52251e-12
1.52369e-12
1.51278e-12
1.50989e-12
1.51773e-12
1.5197e-12
1.53644e-12
1.51513e-12
1.51773e-12
7.16548e-10
0.000185135
0.00221791
0.000354136
0.00278347
0.00530417
0.0049406
0.00361772
0.00040191
5.17199e-05
1.90822e-07
5.13324e-10
8.90685e-12
9.70794e-12
5.11632e-11
7.30175e-06
8.69249e-05
6.47362e-06
0.000463295
0.000330603
0.000143858
4.11701e-05
4.59563e-08
2.58519e-06
3.09813e-05
2.13699e-06
1.63559e-07
6.35685e-06
1.42957e-06
1.03477e-07
1.61596e-08
2.68073e-09
2.12487e-10
4.73967e-11
0.0222748
6.24738e-05
8.73899e-07
6.53383e-08
2.3289e-10
2.85708e-12
1.50824e-12
1.49775e-12
1.50359e-12
1.50828e-12
1.50828e-12
1.52424e-12
1.51244e-12
1.51062e-12
1.52062e-12
1.52903e-12
1.51939e-12
1.51789e-12
1.5307e-12
1.53327e-12
1.53487e-12
9.10421e-10
1.25674e-06
3.19851e-06
2.02251e-06
2.74808e-05
8.09715e-05
5.73951e-05
2.72681e-06
1.43854e-06
7.0347e-07
7.41207e-09
2.28754e-11
2.81275e-12
8.93768e-08
1.88272e-06
8.17447e-06
0.000141547
0.000507278
0.000171026
0.000155831
2.0164e-05
1.52358e-07
2.81695e-08
3.48734e-09
1.3783e-08
2.76358e-07
1.94624e-06
1.75693e-06
8.66937e-07
9.90691e-07
4.0422e-08
7.26312e-09
3.7163e-10
0.0222746
6.25171e-05
8.74145e-07
6.5332e-08
2.32277e-10
2.84984e-12
1.50793e-12
1.49754e-12
1.50324e-12
1.52253e-12
1.50989e-12
1.51026e-12
1.525e-12
1.51152e-12
1.50969e-12
1.51136e-12
1.51737e-12
1.51695e-12
1.51149e-12
1.53904e-12
4.05295e-12
1.79733e-05
0.000215305
4.75524e-05
0.000311116
0.000911749
0.00100013
0.000493293
7.69894e-06
6.35514e-08
4.3017e-10
9.43151e-12
1.59834e-12
1.0077e-08
1.20867e-07
4.56408e-05
0.000527614
0.000597415
0.000624189
0.000604465
0.000488115
0.000188241
2.15133e-06
1.86812e-05
0.000222362
1.5844e-05
1.72464e-06
0.000320782
0.000101953
5.41955e-06
5.32681e-07
2.5556e-08
6.08976e-09
2.54826e-09
0.0222744
6.24654e-05
8.73861e-07
6.53146e-08
2.28184e-10
2.78698e-12
1.51211e-12
1.52027e-12
1.50582e-12
1.50637e-12
1.52456e-12
1.51068e-12
1.50933e-12
1.51205e-12
1.51238e-12
1.51082e-12
1.5126e-12
1.53025e-12
1.51534e-12
1.51903e-12
1.52652e-12
6.89498e-12
1.3481e-07
5.2716e-07
1.50984e-07
8.61769e-07
3.96466e-06
9.3461e-07
1.93084e-08
1.70493e-08
5.2366e-10
1.53574e-11
5.57284e-12
1.25641e-09
2.25656e-06
0.00012779
0.000542765
0.00105592
0.000773684
0.000728209
0.000627933
0.000238714
1.16897e-06
2.33708e-06
2.03214e-07
1.0854e-06
5.00196e-06
1.58973e-05
1.2842e-05
3.2682e-06
3.45385e-06
3.10858e-07
8.77322e-08
6.0845e-09
0.0222739
6.25117e-05
8.74168e-07
6.53177e-08
2.27307e-10
2.77889e-12
1.51217e-12
1.52013e-12
1.50558e-12
1.50633e-12
1.52404e-12
1.5106e-12
1.50961e-12
1.51617e-12
1.52045e-12
1.50932e-12
1.50926e-12
1.52528e-12
1.52678e-12
1.53008e-12
1.62875e-12
9.21039e-07
1.10358e-05
6.62802e-06
1.33027e-05
0.000152509
0.000116877
1.68406e-05
2.83321e-07
2.63174e-09
7.45786e-11
2.34484e-12
1.52661e-12
2.56527e-10
3.19283e-09
1.81747e-05
0.000924233
0.000786155
0.000670089
0.000660749
0.000528819
0.000371719
0.000186913
0.000163568
0.000944428
0.00016232
0.000522893
0.00203214
0.00109509
0.000419737
2.51919e-05
3.76185e-07
3.02801e-08
1.46065e-08
0.0222735
6.24924e-05
8.73013e-07
6.51108e-08
2.28504e-10
2.78893e-12
1.51103e-12
1.50753e-12
1.50827e-12
1.50844e-12
1.50743e-12
1.51022e-12
1.50955e-12
1.52899e-12
1.51229e-12
1.50818e-12
1.51371e-12
1.51213e-12
1.51463e-12
1.52253e-12
1.51168e-12
1.5031e-12
4.8628e-09
2.90329e-08
6.50125e-09
1.99001e-08
4.43885e-08
2.06962e-08
2.4656e-09
3.5726e-11
2.66579e-12
1.55378e-12
3.73606e-09
4.48401e-08
2.21256e-05
0.00119623
0.00116891
0.00107982
0.00112065
0.00114879
0.000935734
0.000599923
2.5918e-05
2.46203e-05
2.1021e-06
0.000158559
0.000170249
8.7836e-05
2.72673e-05
2.85325e-06
8.80715e-06
2.13838e-07
2.50039e-08
6.16386e-09
0.0222731
6.2539e-05
8.73535e-07
6.51333e-08
2.26912e-10
2.81951e-12
1.50653e-12
1.50669e-12
1.51738e-12
1.50787e-12
1.50833e-12
1.50969e-12
1.5063e-12
1.52488e-12
1.51296e-12
1.51033e-12
1.52882e-12
1.52556e-12
1.53169e-12
1.51344e-12
1.51723e-12
1.49689e-08
1.79406e-07
2.38199e-07
4.19949e-08
7.67692e-06
9.65518e-07
6.5915e-08
2.5565e-09
2.98601e-11
1.99037e-12
1.52252e-12
6.4471e-09
5.26017e-07
1.14564e-05
0.001045
0.00097654
0.000935656
0.00094656
0.000953453
0.00082172
0.000769856
0.00347254
0.00112865
0.00366589
0.0116413
0.0165877
0.0107062
0.00398319
0.00162895
0.000285839
4.28795e-06
8.69221e-08
1.59886e-08
0.0222731
6.24859e-05
8.73653e-07
6.52854e-08
2.29391e-10
2.78928e-12
1.51112e-12
1.50723e-12
1.5092e-12
1.50738e-12
1.50438e-12
1.52348e-12
1.52054e-12
1.5212e-12
1.52475e-12
1.51494e-12
1.51236e-12
1.5279e-12
1.52868e-12
1.53083e-12
1.51227e-12
1.50949e-12
1.84931e-11
6.03848e-10
1.36845e-10
5.30828e-10
9.07622e-10
9.90677e-11
7.85872e-12
1.64916e-12
1.54696e-12
3.05197e-12
2.24869e-06
6.19601e-06
0.00176351
0.00142915
0.00130606
0.00141227
0.00164061
0.00187384
0.00194782
0.00147071
0.000148864
7.5582e-05
6.91396e-06
0.00106492
0.00142207
0.000249215
1.04125e-05
1.99501e-06
4.44152e-06
1.29051e-07
5.42988e-09
5.64274e-10
0.0222725
6.25349e-05
8.74167e-07
6.52924e-08
2.27407e-10
2.81781e-12
1.50589e-12
1.50625e-12
1.51799e-12
1.51756e-12
1.51743e-12
1.52057e-12
1.52014e-12
1.52122e-12
1.52603e-12
1.51415e-12
1.5118e-12
1.51304e-12
1.51338e-12
1.52772e-12
1.52772e-12
1.50659e-12
2.8479e-09
1.35403e-09
3.00761e-09
2.7274e-07
4.90139e-08
1.14389e-08
7.00014e-11
2.29489e-12
1.53249e-12
1.66759e-11
3.33887e-06
0.000181093
0.00129073
0.00122651
0.00121079
0.00128971
0.00147365
0.00164789
0.00189194
0.0035405
0.0561681
0.119657
0.111574
0.106228
0.0518584
0.0299445
0.00901439
0.00295847
0.000426695
3.37241e-06
3.0845e-08
4.58971e-10
0.0222722
6.25174e-05
8.75115e-07
6.54169e-08
2.31393e-10
2.80889e-12
1.50591e-12
1.50715e-12
1.51702e-12
1.50795e-12
1.50395e-12
1.50663e-12
1.50769e-12
1.52436e-12
1.50994e-12
1.51047e-12
1.52567e-12
1.52615e-12
1.5258e-12
1.53015e-12
1.5125e-12
1.51049e-12
1.56841e-12
2.70578e-12
1.87327e-12
3.15965e-12
3.96493e-12
1.78569e-12
1.53391e-12
1.53131e-12
1.56899e-12
1.71415e-06
8.85892e-06
0.00109445
0.00167472
0.00175065
0.00187311
0.00218902
0.00274209
0.00366407
0.00592171
0.0114307
0.0358356
0.00145702
0.00839039
0.00674446
0.00224486
0.000371389
1.29854e-05
1.38058e-06
1.27392e-07
1.35536e-07
1.01821e-07
1.03727e-08
0.0222718
6.2564e-05
8.75552e-07
6.54163e-08
2.30295e-10
2.79753e-12
1.51375e-12
1.51977e-12
1.50619e-12
1.50613e-12
1.51864e-12
1.50748e-12
1.50833e-12
1.52549e-12
1.50871e-12
1.50815e-12
1.52637e-12
1.51601e-12
1.51439e-12
1.5287e-12
1.51591e-12
1.51226e-12
7.95214e-12
5.73522e-12
1.03889e-11
6.01347e-10
1.69796e-10
1.70914e-11
1.7837e-12
1.51859e-12
1.52125e-12
2.82359e-11
2.06783e-05
0.00173202
0.0015946
0.00157866
0.00176658
0.00204955
0.00257523
0.00350052
0.00646709
0.0291202
0.132782
0.371724
0.427431
0.2457
0.0984861
0.0411765
0.00615674
0.00244552
0.000301461
6.6286e-06
1.35349e-06
8.23135e-10
0.0222718
6.2518e-05
8.75903e-07
6.54531e-08
2.27796e-10
2.81307e-12
1.50269e-12
1.50353e-12
1.51826e-12
1.50574e-12
1.50551e-12
1.50826e-12
1.51332e-12
1.50998e-12
1.50833e-12
1.53029e-12
1.52462e-12
1.52475e-12
1.52636e-12
1.51327e-12
1.51095e-12
1.51564e-12
1.51989e-12
1.5349e-12
1.53281e-12
1.54357e-12
1.51947e-12
1.51402e-12
1.54653e-12
1.51634e-12
1.51384e-12
1.11138e-09
4.21326e-05
0.00225868
0.00258765
0.00270187
0.00310109
0.00369418
0.00487353
0.00736866
0.0139037
0.0332493
0.142179
0.127487
0.0265962
0.0120445
0.00218503
0.000482038
4.48331e-05
4.24727e-06
2.02811e-07
1.75773e-07
3.56641e-07
4.16979e-08
0.0222711
6.25655e-05
8.76283e-07
6.5438e-08
2.26926e-10
2.81721e-12
1.50226e-12
1.50301e-12
1.51919e-12
1.50586e-12
1.5055e-12
1.52255e-12
1.50979e-12
1.49884e-12
1.50547e-12
1.51181e-12
1.50601e-12
1.51002e-12
1.52456e-12
1.51626e-12
1.51435e-12
1.53642e-12
1.54121e-12
1.53672e-12
1.54201e-12
2.79664e-12
1.85674e-12
1.54448e-12
1.53724e-12
1.51606e-12
1.5143e-12
7.13104e-13
3.20553e-07
0.0020156
0.00202791
0.00239183
0.00288172
0.00349033
0.0046086
0.00703827
0.0146287
0.0613468
0.239913
0.519738
0.543625
0.332985
0.130465
0.0204082
0.00562344
0.00187583
4.36045e-05
2.90717e-06
4.91295e-06
2.12869e-06
0.0222708
6.25505e-05
8.78883e-07
6.58227e-08
2.30444e-10
2.79182e-12
1.50973e-12
1.50472e-12
1.50452e-12
1.50788e-12
1.51275e-12
1.51747e-12
1.51849e-12
1.52771e-12
1.51361e-12
1.51214e-12
1.52958e-12
1.52492e-12
1.52492e-12
1.5267e-12
1.52828e-12
1.51766e-12
1.51341e-12
1.53475e-12
1.5146e-12
1.51222e-12
1.53893e-12
1.53655e-12
1.56895e-12
1.53008e-12
1.59093e-12
2.58875e-05
0.000614036
0.00337912
0.00339168
0.00407217
0.0049872
0.00624644
0.00847587
0.0134262
0.0267346
0.0666656
0.208084
0.567471
0.0651724
0.0379331
0.00426902
0.000997438
0.000140904
9.01907e-06
2.62397e-06
1.48552e-06
5.87511e-07
2.04791e-07
0.0222703
6.25954e-05
8.79218e-07
6.58104e-08
2.29561e-10
2.78589e-12
1.50921e-12
1.50344e-12
1.49625e-12
1.50282e-12
1.51759e-12
1.50694e-12
1.50662e-12
1.52757e-12
1.5221e-12
1.5222e-12
1.53031e-12
1.5141e-12
1.51226e-12
1.5331e-12
1.51809e-12
1.51624e-12
1.52309e-12
1.52859e-12
1.51169e-12
1.51323e-12
1.53448e-12
1.51534e-12
1.51148e-12
5.02168e-12
1.43378e-09
5.38888e-07
0.0018667
0.00289343
0.00302002
0.0039062
0.00480857
0.00602591
0.00819576
0.0135787
0.0315183
0.0938447
0.316312
0.68706
0.750076
0.409885
0.167752
0.00446648
0.00111002
5.80429e-05
1.98046e-06
7.23656e-06
1.55904e-05
4.38066e-06
0.0222702
6.25577e-05
8.79702e-07
6.58898e-08
2.30277e-10
2.78846e-12
1.50996e-12
1.50584e-12
1.5099e-12
1.51588e-12
1.51632e-12
1.52224e-12
1.50797e-12
1.50692e-12
1.51818e-12
1.51784e-12
1.5271e-12
1.52225e-12
1.52253e-12
1.53355e-12
1.51244e-12
1.51003e-12
1.53207e-12
1.51532e-12
1.51129e-12
1.53038e-12
3.43505e-12
1.81525e-12
3.04949e-10
7.75319e-08
6.29379e-07
0.000178142
0.00205469
0.00325651
0.00404262
0.00584011
0.00817489
0.010843
0.0149377
0.0240091
0.0489979
0.124569
0.368273
1.21077
0.301224
0.226951
0.0401638
0.00324872
0.000279069
3.66288e-05
2.8961e-05
1.96669e-05
8.18973e-06
5.11326e-06
0.0222695
6.26048e-05
8.8047e-07
6.59358e-08
2.29373e-10
2.78281e-12
1.51173e-12
1.51267e-12
1.51705e-12
1.51649e-12
1.51651e-12
1.52306e-12
1.5076e-12
1.50553e-12
1.50788e-12
1.51187e-12
1.50984e-12
1.50896e-12
1.51452e-12
1.51554e-12
1.52229e-12
1.52262e-12
1.5326e-12
1.51447e-12
1.51216e-12
1.51632e-12
1.51683e-12
1.49885e-12
5.06177e-12
2.8117e-06
3.36608e-05
0.000304076
0.00262824
0.00277105
0.00395991
0.00598674
0.00824012
0.0108706
0.0150484
0.0248467
0.0538811
0.152152
0.464172
1.25834
1.54469
0.838524
0.302436
0.0527562
0.00265126
0.000810388
0.000401087
0.000151152
6.18324e-05
2.81634e-05
0.0222692
6.25872e-05
8.62321e-07
6.31589e-08
2.15807e-10
2.68605e-12
1.50613e-12
1.50686e-12
1.51527e-12
1.52117e-12
1.50627e-12
1.50643e-12
1.52293e-12
1.50901e-12
1.50742e-12
1.50839e-12
1.50982e-12
1.52289e-12
1.5124e-12
1.51356e-12
1.52405e-12
1.51044e-12
1.51057e-12
1.53211e-12
1.51155e-12
1.49355e-12
8.61761e-12
1.48753e-09
4.20712e-09
2.13203e-06
2.51434e-05
5.64974e-05
0.00203166
0.00345148
0.0051817
0.00906614
0.0142691
0.0203475
0.0273995
0.0444477
0.0937775
0.223697
0.554144
1.53305
0.971009
0.847185
0.0830374
0.0114128
0.00289346
0.000173347
0.000103612
6.08671e-05
3.6025e-06
6.92725e-06
0.0222686
6.26291e-05
8.62715e-07
6.31579e-08
2.12716e-10
2.70012e-12
1.50238e-12
1.50374e-12
1.50501e-12
1.50629e-12
1.51428e-12
1.51518e-12
1.52107e-12
1.50582e-12
1.50487e-12
1.5096e-12
1.51324e-12
1.50904e-12
1.50667e-12
1.50952e-12
1.49832e-12
1.50531e-12
1.51783e-12
1.53106e-12
1.51647e-12
1.51405e-12
9.90183e-11
8.96913e-11
9.55346e-08
1.56044e-05
0.000186672
0.000986567
0.00255442
0.0031366
0.00556367
0.00989957
0.015735
0.0215533
0.0286675
0.045457
0.0938638
0.240424
0.635248
1.65144
3.68281
3.55051
0.909259
0.352667
0.0425595
0.000750189
2.44e-05
1.64261e-05
6.15312e-06
4.00485e-06
0.0222684
6.2587e-05
8.81944e-07
6.60595e-08
2.73777e-10
3.5336e-12
3.04275e-12
5.08544e-12
2.04107e-11
2.14248e-11
6.5489e-11
7.85752e-11
8.59174e-11
1.00231e-10
1.17159e-10
1.35273e-10
1.45983e-10
1.57179e-10
1.6424e-10
1.64446e-10
1.45575e-10
1.42294e-10
1.15742e-10
8.35717e-08
3.33822e-08
8.60057e-08
1.87956e-07
4.28758e-07
3.46436e-07
3.58191e-07
1.22093e-05
5.98266e-05
0.000334036
0.00229912
0.00701848
0.0145678
0.0264343
0.0393097
0.051375
0.0828217
0.169339
0.348327
0.803605
1.97225
3.28399
1.89829
0.218313
0.0427391
0.00112009
0.000429712
0.000158933
1.18772e-05
4.08793e-06
1.58497e-05
0.0222677
6.26267e-05
8.7981e-07
6.5674e-08
2.71719e-10
3.27856e-12
2.73268e-12
2.76035e-12
1.5789e-11
2.22911e-11
5.84575e-11
8.41479e-11
1.01388e-10
1.22955e-10
1.45883e-10
1.65466e-10
1.74799e-10
1.86839e-10
1.89051e-10
1.93225e-10
1.89798e-10
2.12012e-10
9.51263e-11
3.68455e-10
8.64435e-07
2.96099e-08
1.50608e-08
1.14264e-07
4.43705e-07
4.76529e-07
3.62829e-05
0.00037253
0.00194043
0.00382292
0.00846945
0.0191478
0.0363851
0.0468846
0.0566928
0.0822148
0.157482
0.351471
0.886517
2.15514
5.74481
6.40017
0.542658
0.428997
0.0173527
0.00362082
1.75536e-05
4.98894e-05
1.94381e-06
9.23572e-06
0.0223007
4.93357e-05
7.0366e-06
3.77175e-06
4.17288e-06
7.30969e-06
9.48638e-06
9.31166e-06
8.66057e-06
8.6439e-06
8.60645e-06
9.47918e-06
8.86152e-06
9.54213e-06
9.876e-06
9.88246e-06
9.79389e-06
9.7252e-06
9.7316e-06
9.75951e-06
9.74572e-06
9.79219e-06
9.8567e-06
1.02117e-05
1.04422e-05
1.04275e-05
1.11229e-05
1.146e-05
1.17671e-05
1.20935e-05
2.49022e-05
0.000117388
0.000253518
0.000783352
0.000183456
0.0150173
0.046494
0.0689541
0.086968
0.112612
0.239132
0.358413
0.804651
1.9456
4.31896
2.91146
1.16691
0.0880967
2.56012e-05
0.000263307
0.000372169
0.000487213
0.00114772
0.0022375
0.0222995
4.80924e-05
6.48303e-06
3.56425e-06
3.89664e-06
7.60902e-06
5.93621e-06
6.28568e-06
6.53493e-06
8.02292e-06
9.20192e-06
1.05395e-05
9.56131e-06
1.01698e-05
1.04785e-05
1.05096e-05
1.04713e-05
1.03593e-05
1.02984e-05
1.01332e-05
1.0116e-05
1.01303e-05
1.01805e-05
1.02315e-05
1.03124e-05
1.06326e-05
1.06514e-05
1.14989e-05
1.11404e-05
1.39128e-05
8.12989e-06
0.000139039
0.000585178
0.00241944
0.0103479
0.0414821
0.119543
0.114795
0.126526
0.126242
0.192301
0.373732
1.17541
3.41337
7.24795
4.25047
0.19129
0.059907
0.00955056
0.00163857
0.000493383
0.000991754
0.00193671
0.00395035
0.000387735
0.000424189
0.000449861
0.000488757
0.000524426
0.000576812
0.000618041
0.00067069
0.000713518
0.000759417
0.000804227
0.0008394
0.000884687
0.000912178
0.000951482
0.000979925
0.00102567
0.00105239
0.00110534
0.0011357
0.00119144
0.00123143
0.00130058
0.00139327
0.00152025
0.00161198
0.00172619
0.00169823
0.00185332
0.00188681
0.00205749
0.00209603
0.00207602
0.0022204
0.00252126
0.000568172
0.0154374
0.0269477
0.034354
0.0377139
0.121562
0.00607896
0.938653
1.83399
2.91533
1.6905
0.0260549
0.00138705
8.55077e-05
5.00924e-05
4.74412e-05
5.83032e-05
7.84399e-05
0.000579075
0.000389296
0.000422598
0.000454652
0.000490534
0.000529586
0.000575898
0.000623245
0.000673776
0.000718161
0.000760034
0.000800937
0.000830662
0.000866892
0.000888901
0.000926445
0.000953805
0.000990757
0.00102512
0.00105963
0.00110136
0.00115553
0.00120053
0.00126077
0.00132592
0.00138369
0.00150433
0.00160026
0.00181494
0.00190842
0.00200632
0.00211127
0.00231245
0.00226993
0.00281687
0.0034335
0.144986
0.790287
0.445609
0.491955
0.210589
0.202739
0.112291
1.57247
6.4361
7.18556
1.73899
0.0461372
0.000949932
4.78741e-05
5.0249e-05
2.10076e-05
4.12289e-05
4.52178e-05
0.000711219
0.00167939
0.0311466
0.0400156
8.47438e-05
0.127239
0.00160904
0.00869723
6.2321e-05
0.080006
0.100605
0.40314
1.4936
22.7832
2.75059
203.295
0.0132954
6.37676
0.555629
0.0669506
1.40183
0.0447381
4.26949e-05
0.000144497
0.000404993
0.00147761
0.393373
0.121571
0.00276577
0.114978
0.059434
0.223288
89.0492
0.019305
0.00232806
0.598802
0.682828
0.157031
0.944792
0.0109732
0.838229
1.03674
0.2186
3.02873e-05
0.00163757
0.000182044
0.0131704
0.00932555
0.00774462
0.00215508
0.000317352
4.12035e-05
3.25114e-05
0.00669747
0.00364883
0.00026782
0.00034468
0.0189418
0.217634
0.0268829
0.133495
0.0676791
1.13567
0.492137
0.00190141
0.0125654
0.00342366
0.0213375
0.00563132
0.180665
0.0840741
0.00181003
0.0285368
0.146964
1.95251e-05
0.017276
0.0179035
0.209461
0.00461609
0.000279913
0.00230322
0.00182833
0.00168525
0.000293251
0.000219521
9.21697e-05
0.0138883
0.00240266
0.0121979
0.00369038
0.642787
0.385983
0.562766
0.283026
1.25235
0.383145
4.78201
0.115995
0.0492869
2.96528
0.36237
0.00526295
0.00451731
0.115672
0.0337053
0.0219924
0.0114535
0.29312
0.0764076
0.000297459
2.86438e-05
0.00133793
6.81207e-06
5.15355e-05
7.85724e-06
0.000268116
0.000331591
0.00442525
0.0002837
9.37686e-05
0.000103818
0.361272
0.419265
0.0127367
0.0559585
0.00943322
0.0225506
0.010415
0.142917
0.0377576
0.0347482
5.20873e-05
1.09662
0.0097465
0.0249848
0.000200949
0.0607481
0.166304
7.6644
0.183061
0.0135259
1.51053
8.61867
3.6601
0.0126767
0.301409
0.128655
0.784216
0.147321
0.231897
0.0344762
0.00011021
0.000411208
2.62524e-05
0.000102215
5.44499e-05
0.000184098
5.34426e-05
0.0370835
0.00564913
0.0437722
0.00034918
0.0022899
0.00102372
0.00337449
0.0114291
0.0463359
0.0819641
0.0117003
0.0081697
0.0274615
0.00891613
0.333921
1.06964
0.792007
0.00282144
0.0208298
0.0562929
0.0578257
0.00199048
0.00222681
0.000907232
0.00244828
0.00175362
0.0192659
0.0112547
0.0553482
0.0156667
0.349015
0.00379715
0.00153818
0.0128873
0.00442403
0.000100765
0.000215475
1.06838e-05
0.00409155
0.0554927
0.0227664
0.0191332
1.316
0.000172046
0.00441783
0.00582468
0.00109525
0.00215261
0.000522048
0.00493472
0.00126004
0.000545648
0.012953
0.0167447
0.131559
0.0189074
0.00714335
0.0007827
0.000832852
0.0198586
0.015894
0.0693401
0.0170307
0.0177926
26.9065
0.678633
4.91758
2.74824
3.26846
50.9798
5.2637
59.3406
5.76132
68.8537
48.4406
0.111978
17.6168
4.4562
5.51736
31.1257
0.123053
106.387
41.6917
25.2374
6.11867
1175.86
71.7104
378.326
0.570067
2.71638
2.52978
1.20041
1.32771
0.0120985
0.000740465
0.0608016
0.0157935
0.167457
0.010872
0.0472735
0.432132
1.07525
0.487259
0.924488
0.470821
0.325137
1.07774
0.000367785
2.84701e-05
0.000849363
0.00793153
0.0112881
0.00288391
0.00363854
0.000305855
0.00030814
0.000633512
0.000102333
0.000999208
0.000337633
0.000126014
0.000866472
0.000436316
0.000751145
0.00269334
0.000227203
0.157861
0.47166
0.0594232
0.0579219
0.356939
1.13989
3.65136
0.28636
0.0495382
0.0907615
0.0416776
1.60345
0.366973
0.0910154
0.0217693
0.405818
0.504709
1.07462
0.00346282
0.36239
2.37263
0.274913
0.000487172
0.000306902
0.357036
6.89934
14.3272
1.96406
9.92267
0.00733223
0.832063
0.160797
0.00453596
0.0185429
0.0186567
0.030889
0.0815826
0.0398906
1.42315
0.108155
2.33705
41.7231
0.16549
0.204767
3.45542
0.20807
10.0916
17.1926
62.3983
0.52164
15.0868
1.27726
283.169
112.241
1.26315
0.719002
3.23453
6.62901
66.4688
6.32546
4.40449
65.7198
15.841
0.00142777
0.00377839
0.00445447
0.00370479
0.00398601
0.00185656
0.00253943
13.0077
0.623643
1.16911
1.2477
1.11529
1.22662
2.52166
0.0576692
0.0641012
0.0272359
0.326481
0.0273482
0.0966635
0.352365
0.00157274
0.00108095
0.00124852
0.000429581
0.00159347
0.000403176
0.00106831
0.00154466
0.000155431
0.000556216
0.000871823
0.000220552
0.000737661
0.00186265
13.9877
0.869775
13.8879
30.1086
1.59898
4.51544
149.995
0.0770193
0.027441
0.0757586
0.0042644
0.154582
0.00674618
0.0219734
0.48807
0.340896
0.982095
0.46861
0.604906
0.212207
0.904696
0.000114939
0.000117806
4.04629e-06
2.53406e-05
5.85763e-05
4.482e-05
8.87222e-05
0.000614031
0.00173689
0.000323109
0.000943064
0.00078976
0.00134697
1.33156e-05
0.182076
0.142333
0.193295
0.398992
0.12337
0.426272
0.279895
0.404491
0.259115
0.42692
0.165455
0.152728
0.371641
0.287023
0.303623
0.0496703
0.0114804
0.0712428
0.0334362
0.412583
0.0543565
0.374738
2.49591
0.283508
0.719865
0.715737
0.150139
4.72143
24.6575
0.84923
0.900663
5.14765
2.67542
2.10051
4.27061
79.225
0.905882
5.23627
1.35008
1.52443
14.4426
120.497
0.000632485
0.000933747
0.000377325
0.00375697
0.000721736
0.000989988
0.000554603
0.000246576
2.68461e-05
0.000198298
2.95414e-05
0.000354205
0.000620837
0.000386879
0.000478988
0.000329778
0.00454327
0.000223711
0.000136599
0.000190902
0.000313551
0.000489334
0.14362
0.143944
0.0360726
0.0933539
0.137183
0.136056
0.0115915
0.00581861
0.0312154
0.000599018
0.011367
0.00478171
0.00665618
0.00610219
0.000341251
0.00514826
0.0157849
0.000469189
0.0611772
0.741301
0.16725
0.104086
0.000160354
0.000162192
0.00015808
0.00035688
0.000157368
0.000149526
0.00016372
1.3092e-05
2.05186e-06
6.01448e-06
3.76713e-06
3.76001e-05
4.42545e-05
4.87063e-05
3.45508e-05
0.000128546
0.000244339
1.66701e-05
0.000152535
9.25673e-05
0.000173581
0.000174263
0.76474
0.525089
0.50299
0.051753
0.222074
0.778934
0.0386801
0.640847
0.632272
0.0287789
0.0699295
0.133734
0.00123111
0.166841
1.63992
0.437339
0.0647479
0.121259
0.0234259
0.00466826
0.0647887
0.107497
0.00642624
0.0960096
4.52353
5.97341
0.00226456
0.000551325
0.000271271
0.00182629
0.000337605
0.0018647
0.000417903
0.00017311
6.87548e-06
0.000259471
2.53904e-06
0.000240371
0.000496628
0.000313529
0.000159742
0.00226701
0.0018709
0.0018607
7.68511e-06
0.00151102
9.35804e-05
0.00129072
0.0168118
0.0103118
0.000265619
0.0284267
0.00623341
0.0148551
0.000469629
0.00726614
0.00205349
0.00115425
0.00367523
0.000411286
0.000443991
0.000144273
0.000603676
0.127009
0.223061
0.271008
6.46498e-06
0.221905
0.0299046
0.1463
0.00520585
0.000955712
9.45755e-05
0.00441644
0.00246555
0.000159119
0.00426519
6.69794e-06
4.87016e-07
5.49407e-06
1.77773e-07
5.15831e-05
3.09487e-05
4.04996e-05
2.46885e-05
0.00045566
0.000499246
0.000112798
3.57911e-06
0.000333721
1.3509e-05
1.67288e-07
0.000361943
7.47425e-05
0.0621118
0.0018476
0.0453286
9.72653e-05
0.00526579
0.0173338
0.00023718
0.000684774
0.00753603
0.0108381
0.000114561
0.608766
0.491979
1.09383
0.466656
0.0897942
0.00426302
1.9853
6.57606e-05
2.88131e-05
2.38093e-05
5.74955e-05
0.00040902
0.00149563
0.00058196
0.000257104
0.000179588
0.00513158
0.000580813
0.00027999
0.00039339
0.000827478
0.000357793
0.000369968
0.00129468
0.000426062
0.000509846
0.000415184
0.00071288
0.00107204
0.0048809
0.000851037
0.000293074
0.000914459
0.000620045
0.000357621
0.00126486
0.0014928
0.0594852
0.0113301
0.00121893
0.00918003
0.00734928
0.001282
0.0837079
0.0139613
0.0480766
0.0896523
0.00578546
0.0503063
0.139622
0.0520877
0.184063
0.0969263
0.013442
0.0031148
0.000531107
0.00879697
0.00119588
0.0369533
0.000909204
0.00202295
0.0903805
0.0161943
0.0177908
0.00153312
0.0143097
0.063686
0.000553593
0.00950981
0.0157998
0.00629226
0.0349031
0.078638
0.0144404
0.0133638
0.00107765
0.0116981
0.000425
0.0591496
0.0156114
0.0266543
0.0164784
0.0286085
9.28373
22.467
14.3702
4.80152
12.0978
16.9065
0.469134
0.194717
0.0760799
0.0264661
0.0797061
2.58923
3.94657
1.48411
0.0172885
5.28988
0.869611
0.238854
0.672722
1.99257
0.31369
2.71291
18.3727
21.6895
15.9461
143.466
15.9998
42.6565
9.46877
3.10581
1.59365
2.26467
2.2583
1.95547
2.50552
3.48321
1.76087
64.9494
179.951
121.282
7.48292
202.008
12.0428
34.6407
22.072
13.1479
105.805
19.7725
21.8193
5.76805
79.9435
3.36397
0.126836
0.332761
0.152256
8.22842
4.27056
4.85707
2.50472
8.61662
5.56467
3.35445
6.55934
8.69146
2.14075
16.6412
2.17736
0.564978
1813.6
322.647
23.7197
591.385
703.038
251.571
362.224
2417.12
107.047
99.1434
1002.46
209.801
34.0546
39.2753
53.7455
4639.05
3315.44
2319.88
1920.44
1602.72
5600.51
3024.16
206.698
1424.57
0.711921
0.671904
0.416898
0.394969
0.763248
0.771606
0.233564
1.13921
1.25997
1.36619
0.794885
0.690838
1.28912
0.843824
1.2144
0.853871
1.49983
1.79645
1.04252
1.49792
1.05155
2.03634
0.00117941
0.0010878
0.0798749
0.0256116
0.0562285
0.0225698
0.0225061
0.00275762
0.158983
0.00627468
0.0148298
0.00303299
0.030308
0.0598975
0.0134784
0.00717046
0.000787983
0.0533809
0.0111585
0.00104278
0.0310373
0.139165
0.0970983
0.0688341
0.26831
1.10703
0.901553
0.415751
0.25243
0.340574
0.347182
0.445037
0.094176
0.324061
0.459439
0.603904
0.074051
0.372738
0.431679
0.169457
0.597301
2.24269
1.19063
0.656763
0.387184
0.963755
0.260764
1.49427
0.000425649
0.000227017
0.000671875
0.000135826
0.00161875
0.00115061
0.000874541
0.000120993
0.00171097
7.45975e-05
0.00111643
0.00030635
0.000133631
4.06328e-05
4.16034e-05
3.26356e-05
5.766e-05
0.00162311
0.00153254
0.000282761
0.00697435
0.00852002
0.000254881
0.0037936
0.000312605
0.000395563
0.000781779
0.000504716
0.000301932
0.00062749
0.000488081
0.000330172
0.000902779
8.93035e-05
2.27991e-05
0.000146136
2.08594e-05
0.000168686
0.000309816
0.000261903
0.000307846
0.000580677
0.000449714
4.58413e-05
6.96872e-05
0.000326493
0.000234127
0.000117284
0.00063593
0.000381614
0.000771546
0.000285831
0.000360897
0.000609911
0.000350016
6.47399e-05
0.000327195
0.000280323
0.00015399
0.000149404
0.000202682
0.000146251
0.00020746
0.000768571
0.0010875
0.000322795
0.00118322
0.000349489
0.000783871
0.00102316
0.104172
0.128854
0.114098
0.364597
0.0633272
0.129152
0.122704
0.222568
0.063598
0.0749726
0.0870536
0.253498
0.214447
0.271925
0.177172
0.434871
0.381796
0.178375
0.201824
0.362549
0.172356
0.237171
3.07736
2.69819
0.538133
0.295652
0.122124
0.301919
0.282392
1.30638
0.258227
0.138982
0.021859
0.0531259
0.0490648
0.0772582
0.0416504
0.057931
0.0374603
0.416314
0.555025
0.2667
0.285196
1.29998
0.0338358
0.344383
0.94412
0.284199
1.28771
0.627859
0.437954
1.23661
0.73218
0.00144253
2.16756e-05
0.000189544
0.000204942
0.00599956
0.0005001
0.000425852
0.0252539
0.358442
0.631901
0.0981496
0.168794
0.598634
1.21541
0.119672
2.10994
0.911094
1.91901
2.69142
3.02261
1.11726
2.98937
0.165444
0.0273684
0.00144358
0.773955
0.0870109
0.000159532
0.000334047
0.024666
2.06016
1.31849
3.6536
3.54845
2.51108
1.21431
3.59154
0.00046701
0.000318761
3.65251
0.0428355
0.954998
0.782841
0.627615
0.687915
0.998833
1.88552
3.48091
9.6109
2.35631
1.61737
2.81206
0.100592
9.7029
4.04976
4.72358
3.42026
33.8662
1.18505
14.4065
21.2281
0.159966
0.740159
0.0110209
0.0265163
0.000464946
0.0656651
0.000429934
0.0396578
0.0188002
0.000287848
0.000264211
0.000178745
0.000432613
0.0049397
0.0133004
0.000379666
0.00717424
0.00302698
0.000777096
0.0117837
0.000119583
0.000629815
7.30848e-05
0.000149643
0.189861
0.00244172
0.306086
0.311319
0.0381879
0.134121
0.296842
0.159316
0.0109314
0.203879
0.086623
0.00676116
0.0420336
0.00181243
0.00490072
1.40353
2.53088
0.344413
5.01437
0.37005
3.38324
2.44307
1.4465
0.514405
23.3913
7.10681
0.15489
5.38603
6.20286
0.0616074
0.0266598
0.041195
0.0363696
0.0927632
0.194337
0.0870701
0.282749
1.8412
10.0416
0.135348
1.20209
0.436609
0.468118
3.55466
14.5935
21.633
84.071
6.30853
63.558
179.493
77.2158
15.1184
110.796
4.12845
0.836507
1.0685
2.35929
2.50624
0.853567
1.05392
1.40262
87.1541
1941.02
23.3401
220.886
30.856
706.265
84.6691
21.3849
37.7302
14.9665
226.04
4.13009
65.799
39.9884
0.429141
0.0235519
0.393305
0.0427883
7.5315
7.1847
1.93544
6.26175
2.23653
2.80813
17.583
0.730185
0.217102
0.000981245
3.56385
31.5761
19.7014
370.066
263.95
15.7797
65.7966
220.653
14.4272
0.756866
7.79564
5.20499
5.93634
4.32647
1.31531
5.39129
95.7349
772.612
22.9768
151.942
38.9191
227.733
47.4436
)
;

boundaryField
{
    inlet
    {
        type            fixedValue;
        value           uniform 14.855;
    }
    outlet
    {
        type            zeroGradient;
    }
    rightSide
    {
        type            symmetryPlane;
    }
    leftSide
    {
        type            symmetryPlane;
    }
    duct
    {
        Cmu             0.09;
        kappa           0.41;
        E               9.8;
        type            epsilonWallFunction;
        value           nonuniform List<scalar> 
216
(
0.000384815
0.000389069
0.000426261
0.000422123
0.000463932
0.000469563
0.000510447
0.00050677
0.000557948
0.000557381
0.000608679
0.000601975
0.0006576
0.000655767
0.000718469
0.000701953
0.000756622
0.000754355
0.000817419
0.000796225
0.000856061
0.000850551
0.000831381
0.000821587
0.00112823
0.00106479
0.000271337
0.000470092
0.00428714
0.00279144
0.00168058
0.00220407
0.0488862
0.0768448
1.06533
0.649467
3.34496
2.83493
16.4521
11.4557
27.6294
23.4372
30.5317
26.4575
62.3081
46.1421
66.0377
47.5236
64.5522
40.9962
42.9797
25.7734
27.0192
15.946
19.2551
12.2156
14.4879
10.7957
17.0816
8.59847
14.9016
6.06063
13.7726
1.99898
24.8567
0.774697
13.012
0.613717
4.77181
0.198116
2.74879
0.0556521
0.661885
0.0230665
0.0238095
0.00767128
0.00358092
0.000779039
0.00353373
0.00179289
0.00299546
0.00188883
0.00267257
0.00145981
0.00216405
0.00098833
0.00178112
0.001316
0.00131752
0.00043105
0.000625041
0.000469749
0.00260796
0.001475
0.00342484
0.0471444
0.00130869
0.0665639
0.00662394
0.263759
0.0372653
1.11421
0.13568
0.2092
0.0163466
0.0881461
0.0344293
0.0728869
0.000387735
0.000389296
0.000424189
0.000422598
0.000449861
0.000454652
0.000488757
0.000490534
0.000524426
0.000529586
0.000576812
0.000575898
0.000618041
0.000623245
0.00067069
0.000673776
0.000713518
0.000718161
0.000759417
0.000760034
0.000804227
0.000800937
0.0008394
0.000830662
0.000884687
0.000866892
0.000912178
0.000888901
0.000951482
0.000926445
0.000979925
0.000953805
0.00102567
0.000990757
0.00105239
0.00102512
0.00110534
0.00105963
0.0011357
0.00110136
0.00119144
0.00115553
0.00123143
0.00120053
0.00130058
0.00126077
0.00139327
0.00132592
0.00152025
0.00138369
0.00161198
0.00150433
0.00172619
0.00160026
0.00169823
0.00181494
0.00185332
0.00190842
0.00188681
0.00200632
0.00205749
0.00211127
0.00209603
0.00231245
0.00207602
0.00226993
0.0022204
0.00281687
0.00252126
0.0034335
0.000568172
0.144986
0.0154374
0.790287
0.0269477
0.445609
0.034354
0.491955
0.0377139
0.210589
0.121562
0.202739
0.00607896
0.112291
0.938653
1.57247
1.83399
6.4361
2.91533
7.18556
1.6905
1.73899
0.0260549
0.0461372
0.00138705
0.000949932
8.55077e-05
4.78741e-05
5.00924e-05
5.0249e-05
4.74412e-05
2.10076e-05
5.83032e-05
4.12289e-05
7.84399e-05
4.52178e-05
0.000579075
0.000711219
)
;
    }
    cylinder
    {
        Cmu             0.09;
        kappa           0.41;
        E               9.8;
        type            epsilonWallFunction;
        value           nonuniform List<scalar> 
448
(
0.361272
0.419265
8.61867
3.6601
0.000215475
1.06838e-05
0.000172046
0.00441783
0.00126004
0.000545648
0.0007827
0.000832852
31.1257
0.123053
71.7104
378.326
0.0120985
0.000740465
0.432132
1.07525
0.000367785
2.84701e-05
0.000305855
0.00030814
1.13989
3.65136
0.000487172
0.000306902
0.00733223
0.832063
10.0916
17.1926
0.000377325
0.000554603
0.000246576
0.000354205
0.000136599
0.000313551
0.0933539
0.0115915
0.00581861
0.000341251
0.000469189
0.0611772
0.000162192
0.000157368
1.3092e-05
3.76001e-05
0.76474
0.525089
0.051753
0.0386801
0.0287789
0.166841
4.52353
5.97341
0.000271271
0.000417903
0.00017311
0.000240371
7.68511e-06
9.35804e-05
0.000265619
0.000469629
0.00726614
0.000411286
6.46498e-06
0.0299046
9.45755e-05
0.000159119
6.69794e-06
5.15831e-05
0.000361943
7.47425e-05
9.72653e-05
0.00023718
0.000684774
0.466656
6.57606e-05
0.00040902
0.00149563
0.000179588
0.00039339
0.000827478
0.000426062
0.000293074
0.000357621
0.00126486
0.0014928
0.00121893
0.001282
0.0139613
0.0503063
0.000909204
0.00202295
0.00153312
0.000553593
0.00950981
0.0156114
4.80152
0.469134
0.194717
0.0172885
0.672722
15.9461
9.46877
3.10581
1.95547
7.48292
12.0428
19.7725
5.76805
3.36397
2.50472
3.35445
6.55934
2.17736
0.564978
23.7197
362.224
2417.12
209.801
206.698
1424.57
0.416898
0.233564
1.13921
0.690838
0.00117941
0.0010878
0.0225698
0.00275762
0.00627468
0.0310373
0.26831
1.10703
0.25243
0.094176
0.324061
0.372738
0.000425649
0.000227017
0.000135826
0.000120993
7.45975e-05
4.06328e-05
0.000312605
0.000395563
8.93035e-05
0.000168686
0.000381614
0.000360897
6.47399e-05
0.000149404
0.128854
0.222568
0.253498
3.07736
2.69819
0.138982
0.0772582
0.284199
0.00144253
0.00599956
0.165444
0.0870109
0.00046701
0.000318761
0.0428355
0.687915
1.88552
1.61737
0.159966
0.740159
0.000464946
0.000429934
0.000287848
0.000119583
0.159316
0.00676116
0.514405
0.15489
0.0616074
0.0927632
14.5935
21.633
6.30853
15.1184
4.12845
2.50624
14.9665
4.13009
0.429141
0.730185
19.7014
15.7797
14.4272
5.93634
2.68461e-05
0.000620837
0.0312154
0.741301
2.05186e-06
4.42545e-05
0.0699295
1.63992
6.87548e-06
0.000496628
0.00205349
0.000443991
4.87016e-07
3.09487e-05
0.00753603
2.88131e-05
0.000357793
0.000509846
0.0480766
0.139622
0.0157998
0.0266543
0.0760799
1.99257
1.59365
2.50552
0.126836
8.69146
107.047
34.0546
1.25997
1.28912
0.0148298
0.139165
0.459439
0.431679
0.00111643
4.16034e-05
2.27991e-05
0.000309816
0.000327195
0.000202682
0.063598
0.214447
0.021859
0.0416504
2.16756e-05
0.0005001
0.0273684
0.000159532
3.48091
2.81206
0.000264211
0.000629815
0.0109314
0.0420336
0.0266598
0.194337
0.836507
0.853567
0.0235519
0.217102
0.756866
4.32647
0.000198298
2.95414e-05
0.000478988
0.000386879
0.000599018
0.011367
0.104086
0.16725
6.01448e-06
3.76713e-06
1.66701e-05
9.25673e-05
3.45508e-05
4.87063e-05
0.0633272
0.437954
0.178375
0.362549
0.133734
0.00123111
0.00466826
0.00642624
0.0647479
0.437339
0.135348
0.436609
0.000259471
2.53904e-06
0.000159742
0.000313529
0.00115425
0.00367523
0.000144273
0.000603676
5.49407e-06
1.77773e-07
3.57911e-06
1.3509e-05
2.46885e-05
4.04996e-05
0.0108381
0.000114561
0.00426302
2.38093e-05
5.74955e-05
0.00129468
0.000369968
0.000415184
0.00071288
0.0896523
0.00578546
0.000531107
0.00119588
0.0520877
0.184063
0.00629226
0.00107765
0.0349031
0.000425
0.0164784
0.0286085
0.0797061
0.0264661
0.238854
2.71291
0.31369
2.26467
2.2583
3.48321
1.76087
0.152256
0.332761
16.6412
2.14075
99.1434
1002.46
1920.44
5600.51
39.2753
53.7455
1.36619
0.794885
1.04252
1.05155
0.843824
1.2144
0.00303299
0.000787983
0.030308
0.00104278
0.0970983
0.0688341
0.387184
0.260764
0.603904
0.074051
0.169457
0.597301
0.000504716
0.000488081
0.000133631
0.00030635
0.000282761
0.000254881
3.26356e-05
5.766e-05
0.000322795
0.000349489
0.000146136
2.08594e-05
4.58413e-05
0.000326493
0.000261903
0.000307846
0.000280323
0.00015399
0.000146251
0.00020746
0.0749726
0.0870536
0.177172
0.271925
0.295652
0.911094
1.30638
3.02261
3.6536
0.0531259
0.0490648
0.2667
1.29998
0.0374603
0.057931
0.000189544
0.000204942
0.0981496
0.598634
0.0252539
0.000425852
0.00144358
0.773955
2.51108
0.024666
0.000334047
9.6109
2.35631
3.42026
1.18505
0.100592
9.7029
0.00244172
0.0381879
0.000178745
0.000379666
0.000432613
0.000777096
7.30848e-05
0.000149643
0.203879
0.086623
0.344413
0.37005
0.00181243
0.00490072
0.041195
0.0363696
0.282749
0.0870701
30.856
1.0685
2.35929
23.3401
1.40262
1.05392
0.393305
1.93544
0.0427883
2.23653
3.56385
0.000981245
7.79564
5.20499
22.9768
38.9191
5.39129
1.31531
)
;
    }
}


// ************************************************************************* //
