/*--------------------------------*- C++ -*----------------------------------*\
| =========                 |                                                 |
| \\      /  F ield         | OpenFOAM: The Open Source CFD Toolbox           |
|  \\    /   O peration     | Version:  4.1                                   |
|   \\  /    A nd           | Web:      www.OpenFOAM.org                      |
|    \\/     M anipulation  |                                                 |
\*---------------------------------------------------------------------------*/
FoamFile
{
    version     2.0;
    format      ascii;
    class       volScalarField;
    location    "13";
    object      omega;
}
// * * * * * * * * * * * * * * * * * * * * * * * * * * * * * * * * * * * * * //

dimensions      [0 0 -1 0 0 0 0];

internalField   nonuniform List<scalar> 
4432
(
0.0110915
0.0114144
0.0117379
0.0120742
0.0124328
0.0127419
0.0131053
0.0133648
0.0136619
0.0138506
0.0138484
0.0138162
0.0137377
0.0131754
0.0129033
0.0120911
0.0125898
0.0203508
0.0281711
0.0311199
0.0376477
0.0428919
0.0461147
0.0459765
0.046756
0.0473629
0.0448574
0.0414873
0.0417439
0.0397929
0.0353239
0.0342791
0.0356486
0.0334519
0.0316307
0.0299321
0.0285369
0.027441
0.0225804
0.0215206
0.0205729
0.0192326
0.0178492
0.0160669
0.014182
0.0124955
0.0118619
0.012372
0.00949345
0.0119885
0.00921462
0.00657984
0.00728706
0.0128572
0.0110961
0.0114129
0.0117758
0.0120805
0.0124549
0.0127315
0.0130952
0.0133384
0.0136328
0.0138124
0.0138692
0.0138765
0.0137465
0.0135238
0.0130024
0.0126742
0.0161489
0.0263785
0.0321256
0.034093
0.0400975
0.0446461
0.0452891
0.0452811
0.0449586
0.0447237
0.0420928
0.0397249
0.0360995
0.0338629
0.0312237
0.0294143
0.0289931
0.0287356
0.0282152
0.0273704
0.0260469
0.0241245
0.0201737
0.0184206
0.0160773
0.0135829
0.0118174
0.00982378
0.00837363
0.0078912
0.00927904
0.00980109
0.00841499
0.0149864
0.0115659
0.00831153
0.00898967
0.0137768
22.2707
3.9333
1.73995
0.805996
0.71563
0.548162
0.397439
0.279703
0.20117
0.158748
0.125925
0.106299
0.0881951
0.0757085
0.0637492
0.0601416
0.0590103
0.0576483
0.0661011
0.0616728
0.07987
0.106465
0.122674
0.141515
0.155051
0.173444
0.182707
0.188899
0.287142
0.219881
0.226858
0.25113
0.307642
0.41102
0.388334
0.436743
0.66815
0.602456
0.426505
0.430157
0.470623
0.463149
0.490229
0.478001
0.419214
0.313557
0.326468
0.58378
0.420095
0.473607
0.691848
0.940932
1.41098
2.11077
22.2713
3.94437
1.7326
0.808824
0.61571
0.464468
0.34397
0.233319
0.178212
0.143484
0.121977
0.101735
0.0894805
0.0765062
0.0711841
0.065805
0.0743025
0.100902
0.127846
0.0968096
0.117032
0.12191
0.126789
0.134088
0.138351
0.189713
0.139257
0.177239
0.155246
0.158593
0.182563
0.203251
0.253905
0.226563
0.25976
0.289947
0.346582
0.309701
0.327304
0.292486
0.412039
0.584937
0.542489
0.590391
0.589646
0.434858
0.417962
0.474309
0.353266
0.512293
1.04435
1.35654
1.67959
2.13281
22.2703
3.9409
1.72048
0.905814
0.531952
0.351159
0.268427
0.228557
0.20004
0.174453
0.151138
0.128594
0.112063
0.0942972
0.0846493
0.0836439
0.0711209
0.0896176
0.0660304
0.0743078
0.111888
0.156033
0.159871
0.184311
0.256403
0.270838
0.340013
0.247876
0.294824
0.285444
0.331834
0.379242
0.423712
0.655706
0.761822
0.629668
0.581489
0.523612
0.555726
0.561834
0.570344
0.565798
0.565475
0.55146
0.552153
0.524032
0.498621
0.454054
0.485747
0.619349
0.597542
0.712664
0.869958
1.25434
22.271
3.94538
1.72232
0.918698
0.528162
0.362018
0.256221
0.226801
0.190285
0.161585
0.140216
0.119775
0.106554
0.092132
0.0794821
0.0744341
0.101836
0.0706163
0.0811114
0.0930756
0.0985898
0.121113
0.139519
0.172046
0.199634
0.23511
0.178564
0.218162
0.183971
0.183425
0.224539
0.252232
0.275419
0.379106
0.40961
0.407739
0.410588
0.465107
0.430993
0.492605
0.601806
0.580933
0.599615
0.596757
0.502005
0.411265
0.400968
0.30935
0.404506
0.685864
0.423282
0.957908
1.05451
1.13459
22.2711
3.9388
1.7189
0.912934
0.522653
0.342337
0.256209
0.219679
0.19413
0.171115
0.149876
0.131187
0.114296
0.0999185
0.0889608
0.0826462
0.083238
0.0656215
0.0714151
0.0907091
0.0974748
0.120916
0.141001
0.203848
0.306588
0.22058
0.249071
0.318864
0.350357
0.384908
0.480206
0.698902
0.594319
0.555942
0.497835
0.484682
0.515241
0.514663
0.544888
0.546978
0.544826
0.532669
0.537651
0.544075
0.548298
0.564687
0.578013
0.287533
0.251843
0.375474
0.522492
0.700898
0.85672
1.08422
22.2687
3.9781
1.77321
0.774919
0.76808
0.551137
0.356883
0.257063
0.221679
0.188186
0.15847
0.132182
0.114033
0.0976687
0.0840549
0.0792321
0.0757197
0.0762674
0.0972269
0.105693
0.103863
0.0994582
0.162432
0.121559
0.131895
0.14353
0.157842
0.203997
0.200941
0.209423
0.26196
0.381618
0.366697
0.399577
0.429787
0.415325
0.40038
0.381321
0.485531
0.518304
0.505872
0.456233
0.468175
0.464892
0.415268
0.356096
0.226847
0.212442
0.325715
0.338364
0.580909
0.763329
0.778662
0.909377
22.269
3.96811
1.7655
0.780112
0.747175
0.603629
0.392527
0.283274
0.234624
0.18812
0.158649
0.13281
0.116045
0.100366
0.0877471
0.0859813
0.0702036
0.0883627
0.122962
0.147769
0.165267
0.201408
0.183105
0.209672
0.279872
0.230599
0.264907
0.329482
0.465764
0.565525
0.515897
0.484727
0.391987
0.440346
0.454924
0.467945
0.484282
0.485265
0.479858
0.493539
0.484437
0.476943
0.507499
0.531872
0.5273
0.541121
0.363633
0.203812
0.291102
0.296984
0.610971
0.839791
1.02402
1.31867
22.2712
3.95089
1.70381
0.942487
0.427825
0.427905
0.304442
0.226023
0.201199
0.180242
0.156246
0.132155
0.114075
0.0993591
0.08475
0.0914482
0.0729762
0.0746503
0.0894532
0.0999802
0.101622
0.100472
0.150224
0.129553
0.135013
0.159904
0.186797
0.164427
0.186586
0.234521
0.309023
0.372063
0.367888
0.397649
0.410643
0.401955
0.411631
0.41163
0.472426
0.478307
0.509643
0.418265
0.330471
0.344661
0.334497
0.318018
0.252724
0.205707
0.290405
0.316296
0.544222
0.834902
1.02068
1.21551
22.2732
3.93304
1.7736
0.801243
0.803736
0.484402
0.354669
0.2819
0.217934
0.179409
0.153409
0.131052
0.113996
0.100732
0.0851124
0.0768608
0.0834243
0.0724172
0.148592
0.159107
0.154342
0.180574
0.204389
0.231555
0.248459
0.359958
0.402641
0.35595
0.335251
0.318877
0.325942
0.341643
0.352844
0.383422
0.397486
0.371682
0.381401
0.380099
0.38784
0.416155
0.438146
0.473095
0.482513
0.527436
0.525744
0.449805
0.202254
0.19116
0.244199
0.353364
0.448693
0.498218
0.936136
1.22165
22.2731
3.94329
1.72282
0.913813
0.536086
0.353766
0.261671
0.217438
0.190238
0.1679
0.150869
0.129991
0.114381
0.0987689
0.085059
0.0905186
0.0729292
0.0863363
0.103886
0.104544
0.113476
0.107503
0.11579
0.126255
0.132015
0.127529
0.138736
0.176522
0.213478
0.261421
0.313248
0.351348
0.356255
0.367155
0.373295
0.364428
0.334478
0.417327
0.465417
0.468151
0.434441
0.338197
0.333619
0.326638
0.287467
0.281307
0.209792
0.178238
0.268594
0.373404
0.335244
0.630024
0.900549
1.057
22.2738
3.93313
1.74906
0.817895
0.659548
0.504753
0.366713
0.2671
0.224278
0.183994
0.155047
0.131398
0.11414
0.100545
0.0867792
0.074699
0.076066
0.104362
0.124693
0.165447
0.223366
0.259453
0.296721
0.277669
0.270351
0.282443
0.281809
0.266796
0.254405
0.263961
0.270166
0.286851
0.314235
0.320903
0.333725
0.336454
0.346713
0.358962
0.393887
0.405555
0.429476
0.448215
0.442228
0.452332
0.342998
0.177321
0.153426
0.155354
0.220693
0.308524
0.475313
0.427048
0.54812
1.01392
22.2741
3.93947
1.71876
0.9107
0.520195
0.357761
0.296482
0.229835
0.192687
0.165683
0.146568
0.12858
0.113893
0.0991576
0.0852838
0.0816231
0.0933199
0.104036
0.147456
0.13533
0.134957
0.141697
0.14513
0.150552
0.147642
0.135366
0.161087
0.19981
0.227331
0.250142
0.28039
0.305937
0.312872
0.319527
0.330572
0.345067
0.339393
0.356691
0.426497
0.410563
0.33025
0.323037
0.319371
0.26788
0.232869
0.17254
0.149258
0.151696
0.284946
0.365585
0.423294
0.304161
0.952127
1.07626
22.2742
3.96519
1.76479
0.780246
0.754704
0.467761
0.313157
0.231517
0.210504
0.180288
0.156254
0.134397
0.115145
0.101119
0.0884466
0.075827
0.0750941
0.107071
0.223661
0.186203
0.181604
0.200615
0.211923
0.216588
0.214223
0.229206
0.233474
0.224932
0.230403
0.23661
0.258445
0.281491
0.312665
0.321679
0.338833
0.344396
0.341472
0.373949
0.390826
0.409885
0.440303
0.412269
0.4439
0.312094
0.149752
0.116222
0.141322
0.140066
0.212058
0.284211
0.492562
0.674122
0.844684
1.10758
22.2732
3.97421
1.76992
0.789279
0.741337
0.561288
0.373172
0.263842
0.223624
0.18116
0.152764
0.132625
0.115137
0.101049
0.0872226
0.0798548
0.0838435
0.113525
0.190536
0.171334
0.154339
0.157693
0.174152
0.183243
0.169378
0.169367
0.187367
0.207397
0.216161
0.249191
0.251357
0.260628
0.279639
0.294947
0.31108
0.333166
0.349555
0.354697
0.334754
0.316179
0.305256
0.285741
0.267469
0.170067
0.124709
0.120028
0.107542
0.145515
0.292082
0.384994
0.469883
0.523807
0.715373
0.802361
22.277
3.9243
1.77406
0.79671
0.814306
0.49094
0.321703
0.224719
0.207371
0.178963
0.155483
0.134208
0.116245
0.102322
0.0895923
0.07923
0.0718458
0.0939882
0.196969
0.165392
0.152251
0.157182
0.170247
0.178781
0.182097
0.193128
0.203017
0.207324
0.213764
0.235786
0.255717
0.280708
0.311745
0.320056
0.331579
0.320362
0.331749
0.350829
0.376311
0.399618
0.394593
0.423053
0.344888
0.156642
0.152782
0.1208
0.111861
0.121233
0.199531
0.333812
0.536386
0.632761
0.684553
0.768483
22.2754
3.96364
1.717
0.914655
0.515685
0.340846
0.261776
0.215993
0.188554
0.166421
0.146384
0.130195
0.114297
0.102068
0.0897774
0.0781791
0.0801078
0.0984676
0.162315
0.154658
0.148616
0.155419
0.171351
0.176924
0.184706
0.184711
0.193123
0.20487
0.221516
0.233418
0.24233
0.267641
0.274126
0.28866
0.302928
0.303526
0.277891
0.26293
0.278674
0.287363
0.25552
0.17235
0.139794
0.130339
0.122999
0.11925
0.111869
0.122625
0.322431
0.471117
0.504185
0.486788
0.588817
0.559225
22.2792
3.94643
1.7187
0.914813
0.529969
0.353148
0.264613
0.218099
0.204085
0.176313
0.153342
0.133854
0.116613
0.104137
0.0927851
0.0830729
0.0716591
0.0905545
0.161612
0.168417
0.15808
0.156361
0.152025
0.151786
0.166398
0.184928
0.199198
0.213212
0.221468
0.230741
0.244917
0.256275
0.276303
0.305188
0.316761
0.317719
0.31397
0.316123
0.313101
0.344753
0.285659
0.278823
0.201484
0.132825
0.105887
0.0945555
0.11225
0.118832
0.196247
0.339749
0.402399
0.573559
0.555646
0.637412
22.2794
3.94488
1.71946
0.905582
0.531007
0.355972
0.272043
0.221096
0.188634
0.164112
0.143327
0.128061
0.11357
0.102903
0.0919153
0.0823947
0.0752378
0.0828428
0.119147
0.163645
0.170336
0.157071
0.16249
0.171211
0.185873
0.178751
0.194705
0.205806
0.21443
0.22754
0.235004
0.253538
0.250308
0.258331
0.255312
0.248176
0.240513
0.23444
0.254807
0.231506
0.201385
0.196286
0.164017
0.12048
0.0945226
0.0902728
0.0893834
0.110064
0.348093
0.53256
0.51166
0.525567
0.633178
0.874136
22.2802
3.94298
1.75839
0.826362
0.742649
0.496352
0.331724
0.272338
0.212998
0.178958
0.153715
0.13442
0.117749
0.105922
0.0954671
0.087456
0.0776801
0.0811054
0.106913
0.149876
0.143425
0.143455
0.161889
0.175487
0.1766
0.167553
0.175338
0.187046
0.188373
0.187904
0.211607
0.230802
0.236299
0.238975
0.256228
0.250893
0.252842
0.26646
0.292059
0.34313
0.292652
0.206051
0.128355
0.0955025
0.0839834
0.0806297
0.0927971
0.105372
0.15904
0.316083
0.458698
0.494088
0.752134
0.55662
22.2802
3.94526
1.76069
0.832872
0.731878
0.542539
0.377434
0.265023
0.206319
0.17075
0.145748
0.1288
0.114218
0.103746
0.094406
0.0863263
0.079623
0.0766877
0.0970392
0.114009
0.128733
0.142521
0.160213
0.170146
0.17209
0.18924
0.194741
0.202986
0.210381
0.212398
0.229923
0.235642
0.230602
0.25257
0.255203
0.235209
0.242408
0.232574
0.244245
0.264809
0.247305
0.198545
0.131498
0.0951007
0.0842001
0.0823815
0.0857928
0.103706
0.344379
0.683432
0.674992
0.771143
0.782203
0.925474
22.2837
3.93838
1.77025
0.809145
0.786905
0.489052
0.340441
0.27608
0.217306
0.182318
0.155439
0.135729
0.119142
0.106922
0.096578
0.0886653
0.0823917
0.0772875
0.0879221
0.107073
0.12501
0.13587
0.133976
0.136767
0.170267
0.147562
0.151504
0.176224
0.17428
0.163856
0.180742
0.199102
0.213992
0.226795
0.197954
0.217693
0.222063
0.275334
0.291281
0.267589
0.179692
0.125055
0.093443
0.0840906
0.0771456
0.0765971
0.0858948
0.101989
0.113194
0.14914
0.265972
0.385238
0.481963
0.520822
22.2835
3.94274
1.72643
0.896718
0.537638
0.370752
0.281637
0.229536
0.199294
0.170623
0.147273
0.130137
0.115385
0.104605
0.0952708
0.0878768
0.0816894
0.0782635
0.0783787
0.0915541
0.0945204
0.105704
0.114534
0.14475
0.169311
0.211387
0.18597
0.167263
0.159386
0.173603
0.190846
0.187791
0.229682
0.208559
0.178172
0.19724
0.21381
0.180133
0.158182
0.144273
0.124185
0.100221
0.0814248
0.0798184
0.07546
0.0741449
0.0827402
0.0966429
0.105553
0.262046
0.659706
0.749798
0.87353
0.72407
22.2836
3.95584
1.7673
0.811777
0.777458
0.485389
0.343113
0.2713
0.215908
0.182016
0.156455
0.136805
0.120612
0.107888
0.0976691
0.0891296
0.0839071
0.0768075
0.078306
0.0800017
0.0886346
0.106214
0.117046
0.167978
0.176558
0.197491
0.178285
0.153859
0.161494
0.186988
0.168399
0.172605
0.223056
0.17207
0.190723
0.176014
0.143282
0.220504
0.221492
0.163958
0.113631
0.0847311
0.0747439
0.0699829
0.0697475
0.0744
0.0792424
0.0938083
0.104128
0.12929
0.147995
0.170247
0.202887
0.255278
22.285
3.9443
1.71355
0.913741
0.507531
0.348783
0.258448
0.219715
0.193144
0.172761
0.153319
0.135294
0.118943
0.106696
0.0971023
0.0895012
0.0834265
0.0783464
0.0771685
0.0751916
0.0812189
0.0881906
0.0936306
0.0968995
0.117027
0.186201
0.165535
0.158341
0.155028
0.1918
0.173671
0.174097
0.159764
0.179358
0.184269
0.149218
0.131667
0.11888
0.0938595
0.119107
0.113727
0.0883953
0.0784247
0.0707122
0.0682998
0.0706972
0.0777842
0.0875733
0.109968
0.127038
0.185647
0.327501
0.472835
0.529754
22.2892
3.94708
1.71779
0.901331
0.532858
0.371473
0.289255
0.229072
0.19488
0.170988
0.152716
0.136153
0.121872
0.109515
0.0990492
0.0898796
0.0843461
0.0780291
0.075669
0.0749901
0.0731126
0.081076
0.0849044
0.13094
0.120912
0.160923
0.183117
0.172513
0.198245
0.185764
0.165506
0.147485
0.211792
0.17926
0.173557
0.170997
0.135189
0.117748
0.0932454
0.104675
0.0937264
0.0787709
0.0772202
0.0729437
0.0721549
0.0744837
0.0778926
0.0865726
0.0963209
0.111537
0.131506
0.150853
0.194324
0.204289
22.2878
3.94386
1.74051
0.873376
0.623562
0.464346
0.344053
0.246445
0.198201
0.175168
0.155341
0.140527
0.123381
0.109967
0.0987866
0.0905671
0.0837595
0.0781694
0.0762192
0.0729181
0.0712934
0.0701356
0.0775302
0.0752165
0.106887
0.139701
0.112307
0.157483
0.117974
0.169548
0.154816
0.145604
0.112316
0.136172
0.139468
0.116588
0.0859805
0.105409
0.105197
0.0881688
0.0712664
0.0741079
0.0693078
0.0670076
0.0675009
0.0712825
0.0755487
0.0874154
0.0962964
0.117378
0.134304
0.171254
0.206312
0.225244
22.2899
3.94497
1.72334
0.892232
0.519578
0.352572
0.282169
0.227043
0.192506
0.168733
0.15045
0.13507
0.122644
0.110365
0.101565
0.091419
0.084988
0.0791348
0.0754762
0.073288
0.0680932
0.077477
0.0805295
0.0909732
0.309266
0.136524
0.136516
0.12993
0.145274
0.15976
0.153157
0.109752
0.186142
0.167669
0.158362
0.15204
0.146432
0.137131
0.101277
0.0959556
0.0835319
0.0756526
0.0744595
0.0767507
0.080662
0.0847303
0.0922324
0.103104
0.117093
0.127582
0.14594
0.153673
0.181419
0.197332
22.2901
3.93742
1.74293
0.839209
0.64066
0.453845
0.301125
0.256266
0.205408
0.175603
0.155196
0.140237
0.125393
0.111842
0.100259
0.0919521
0.0846641
0.0787068
0.0742252
0.0714776
0.0676093
0.0648624
0.066496
0.085459
0.278484
0.120008
0.110888
0.109429
0.0884249
0.121568
0.0953295
0.125849
0.120764
0.0926375
0.115605
0.0895481
0.0961656
0.0779796
0.0856082
0.0755236
0.0689912
0.0677485
0.0690036
0.071039
0.0770119
0.08513
0.0938599
0.0998252
0.109268
0.123378
0.137607
0.155273
0.176192
0.195532
22.2935
3.95386
1.72259
0.905196
0.530305
0.343883
0.26041
0.214342
0.185398
0.165065
0.148712
0.134429
0.122536
0.111019
0.101671
0.0932732
0.0861704
0.0800143
0.0760146
0.0723351
0.0679215
0.073439
0.0717173
0.176478
0.497258
0.201333
0.155958
0.14553
0.136424
0.125189
0.108336
0.113087
0.105888
0.0997499
0.09432
0.0871087
0.0921929
0.0866042
0.0816032
0.0795411
0.0784491
0.0797639
0.0809853
0.0849517
0.0935568
0.105519
0.119966
0.132678
0.152316
0.168007
0.176519
0.198575
0.209628
22.2928
3.94579
1.74285
0.866967
0.63202
0.472785
0.352759
0.267791
0.220736
0.186938
0.161212
0.142585
0.127079
0.113112
0.101759
0.0927713
0.0854264
0.0791776
0.0736913
0.0715411
0.0659398
0.0672676
0.0674171
0.188834
0.550249
0.207394
0.157974
0.130935
0.121041
0.105477
0.0984544
0.0922312
0.0845391
0.0839606
0.0763286
0.0811672
0.0769734
0.0748368
0.0743521
0.075405
0.0762424
0.07742
0.080054
0.0869483
0.0928019
0.103037
0.114065
0.1343
0.150731
0.167265
0.178055
0.190399
0.20415
22.2946
3.95219
1.71876
0.898184
0.523131
0.345422
0.259143
0.211637
0.184781
0.168718
0.152985
0.137722
0.124016
0.112148
0.10217
0.0937121
0.087081
0.0807809
0.0759138
0.0736049
0.0672179
0.0720475
0.0716141
0.0819921
0.194843
0.287704
0.217821
0.181151
0.160812
0.147774
0.137013
0.125708
0.118815
0.112197
0.105935
0.100293
0.0956945
0.0918077
0.0886765
0.0846268
0.0815012
0.0780084
0.0805777
0.0783579
0.0850674
0.10269
0.119511
0.144476
0.165954
0.200449
0.213828
0.226226
0.230126
0.243827
22.2947
3.94177
1.73756
0.856772
0.626549
0.47121
0.347407
0.257662
0.221779
0.189541
0.166158
0.146991
0.130349
0.115344
0.102955
0.0941362
0.0858479
0.0795304
0.0742587
0.0717575
0.0658812
0.0674142
0.0687791
0.0791409
0.153509
0.333903
0.243862
0.19228
0.165667
0.150607
0.137585
0.127179
0.118255
0.109957
0.103047
0.0978167
0.0939181
0.0911435
0.0880551
0.0856139
0.0823873
0.0798222
0.0788273
0.0824753
0.0889934
0.102708
0.117259
0.142347
0.160755
0.183778
0.192205
0.210471
0.219966
0.232004
22.2984
3.95064
1.72327
0.893982
0.528965
0.350101
0.259557
0.211265
0.182956
0.166445
0.153953
0.141104
0.12771
0.114876
0.103938
0.094907
0.0878386
0.0817509
0.076298
0.0735189
0.0678215
0.0690762
0.0688096
0.0702805
0.0761049
0.0919527
0.116723
0.128734
0.127066
0.137522
0.131705
0.123025
0.115712
0.109856
0.103132
0.0980654
0.0929882
0.0875295
0.0847084
0.076033
0.0746668
0.0672986
0.0741618
0.0747864
0.0851268
0.112728
0.138535
0.180648
0.202811
0.255934
0.26084
0.274668
0.285499
0.295084
22.2976
3.93725
1.76872
0.814387
0.758817
0.486422
0.338725
0.278788
0.230529
0.192404
0.167696
0.148064
0.132788
0.117432
0.105228
0.0951218
0.0867976
0.0806639
0.0747051
0.071731
0.0660966
0.0666745
0.0662962
0.0676893
0.081982
0.102586
0.143684
0.163292
0.156961
0.150931
0.139241
0.126365
0.117389
0.110179
0.103344
0.097591
0.0928478
0.088076
0.0837494
0.0796411
0.0726182
0.0708287
0.0732553
0.0795653
0.0901584
0.106588
0.133859
0.170039
0.19357
0.231187
0.235858
0.274831
0.277274
0.301427
22.3004
3.93621
1.74921
0.840909
0.674329
0.448852
0.303026
0.24815
0.202569
0.174039
0.158473
0.143215
0.130779
0.117133
0.106957
0.096256
0.0890691
0.0826461
0.0769242
0.0732979
0.0690429
0.0662748
0.0663775
0.0665191
0.0673346
0.0699956
0.0761347
0.0791066
0.0873511
0.0870383
0.0982499
0.100324
0.10106
0.0976078
0.0923467
0.0854684
0.0812795
0.0741547
0.0686567
0.06243
0.0634588
0.061052
0.066704
0.0772096
0.0932771
0.128675
0.160193
0.209584
0.234439
0.292659
0.313538
0.344606
0.399316
0.428365
22.2997
3.93341
1.75777
0.790395
0.779732
0.482938
0.350109
0.279044
0.222818
0.188902
0.166751
0.147909
0.133064
0.119501
0.107923
0.0977871
0.0890269
0.0821219
0.076222
0.0723367
0.0676478
0.065222
0.0652714
0.0656433
0.0675725
0.0712999
0.0844896
0.098359
0.102611
0.102473
0.102224
0.109034
0.10225
0.0951441
0.0901919
0.0848384
0.0811606
0.0749017
0.0701958
0.0649317
0.0621828
0.0639382
0.0695459
0.0770036
0.0920675
0.114972
0.158716
0.213483
0.24342
0.308503
0.322939
0.354302
0.424483
0.485912
22.3036
3.95079
1.71983
0.892824
0.522011
0.33955
0.26346
0.219534
0.192781
0.172796
0.156894
0.142632
0.131162
0.120058
0.11066
0.101871
0.0935951
0.0868378
0.0803961
0.075821
0.0713591
0.0670127
0.0650718
0.0649831
0.0648123
0.0649618
0.0637631
0.0675795
0.0651912
0.0685686
0.0692361
0.0711244
0.0682299
0.06552
0.0630156
0.0607634
0.0582991
0.05573
0.0534443
0.0527398
0.0537136
0.0602459
0.0689658
0.0867601
0.109482
0.149105
0.183134
0.247277
0.287912
0.347778
0.429
0.497506
0.704852
0.709162
22.3021
3.95102
1.72534
0.89463
0.529111
0.339945
0.260186
0.216791
0.189241
0.173061
0.158659
0.145144
0.132045
0.12064
0.111034
0.102481
0.0946147
0.0878181
0.0816112
0.0767968
0.0729131
0.0685216
0.0655768
0.0644869
0.0650215
0.0665302
0.0684187
0.0717458
0.0734712
0.0727132
0.0705915
0.078192
0.0779915
0.0738002
0.0691633
0.0656333
0.0617785
0.0580944
0.055417
0.0547619
0.0565436
0.059469
0.0702274
0.0828365
0.106762
0.135123
0.201645
0.271426
0.330829
0.399478
0.472675
0.562947
0.869773
0.872724
22.3044
3.94182
1.73944
0.867593
0.621027
0.46652
0.340253
0.24966
0.20255
0.175407
0.156288
0.142885
0.130529
0.119569
0.109771
0.101633
0.0946326
0.0884553
0.08303
0.0784387
0.0745158
0.0707526
0.0672093
0.0647618
0.0633414
0.0621701
0.0600614
0.0615561
0.0616455
0.0613496
0.0594082
0.0571293
0.055595
0.0550383
0.0541439
0.0523695
0.0517202
0.0511754
0.0509585
0.0511541
0.0551136
0.0614452
0.0694351
0.0862943
0.115425
0.15477
0.207369
0.301147
0.34638
0.463133
0.635236
0.905894
0.989241
0.718813
22.3026
3.94955
1.74489
0.861682
0.620694
0.466294
0.340859
0.247755
0.200429
0.174267
0.155676
0.141805
0.13038
0.119402
0.110213
0.101705
0.0950875
0.0888758
0.0838039
0.0785862
0.0747808
0.0712573
0.0675329
0.0650996
0.063494
0.0624093
0.0611886
0.0603056
0.0595496
0.0579074
0.0585284
0.0571752
0.0574392
0.0556112
0.0545514
0.0527372
0.0520797
0.0512784
0.0505513
0.052165
0.0536452
0.0643364
0.0718331
0.0804942
0.108596
0.150026
0.252628
0.348004
0.443777
0.596249
0.718227
0.810285
0.776902
0.630449
22.3073
3.94938
1.7059
0.897896
0.517197
0.344651
0.26224
0.226169
0.19625
0.173798
0.155972
0.142482
0.130349
0.119158
0.109525
0.10035
0.0928428
0.0858113
0.0799019
0.0757899
0.0721137
0.0692807
0.066287
0.0639393
0.0618577
0.0604084
0.0583589
0.0571058
0.0558243
0.0547021
0.0537417
0.0527019
0.0519404
0.0512263
0.0506672
0.0498629
0.049726
0.0493484
0.0512377
0.0508445
0.0551356
0.0610102
0.0689347
0.0877661
0.126223
0.170108
0.245899
0.340762
0.319844
0.465107
0.720161
1.06294
0.973412
1.15392
22.3058
3.95152
1.737
0.865051
0.613265
0.462222
0.351951
0.26104
0.210235
0.179025
0.158238
0.143031
0.131101
0.119618
0.109598
0.100473
0.0929575
0.0857456
0.0805494
0.0752163
0.0713207
0.0683316
0.0654545
0.0624561
0.0609121
0.0595305
0.0579712
0.0565605
0.0549746
0.0535579
0.0524227
0.0514409
0.0504246
0.0495002
0.0485585
0.0474329
0.0473388
0.0477211
0.0471587
0.0506017
0.0525867
0.0642751
0.065855
0.0779416
0.105457
0.192473
0.275677
0.341774
0.4346
0.611019
0.811575
0.997319
1.00627
1.17722
22.3077
3.95
1.70495
0.892575
0.513651
0.340902
0.255676
0.211605
0.184562
0.166194
0.151716
0.13992
0.128585
0.118633
0.109335
0.100478
0.0925719
0.0854657
0.0793792
0.0742162
0.0699522
0.0663564
0.0628712
0.0603512
0.0583472
0.0568064
0.0552801
0.0538207
0.05277
0.0517516
0.0510378
0.050386
0.0498655
0.0492873
0.0487271
0.0481874
0.0478002
0.0472634
0.0495505
0.0493371
0.0500607
0.0528216
0.0592629
0.0905059
0.127633
0.177963
0.230388
0.282572
0.278463
0.453833
0.589625
1.01872
0.869805
1.144
22.3068
3.94383
1.72066
0.908415
0.516116
0.348291
0.262542
0.228752
0.19706
0.173717
0.156217
0.142546
0.130802
0.119758
0.109988
0.100609
0.0927826
0.0854742
0.0797157
0.0742264
0.0700309
0.0656027
0.0626648
0.0596275
0.0571705
0.0554043
0.0541493
0.0531645
0.0521
0.0510587
0.049993
0.0491854
0.0482859
0.0474347
0.0466416
0.0464697
0.0462033
0.0459075
0.0462976
0.04779
0.0501377
0.059094
0.0653762
0.0852729
0.117996
0.198569
0.196572
0.322053
0.434937
0.538898
0.747416
0.81955
0.937561
1.15341
22.3093
3.95624
1.72416
0.90073
0.525874
0.347768
0.264064
0.220238
0.192517
0.170851
0.154333
0.140911
0.129857
0.119948
0.110741
0.101997
0.0948213
0.0864389
0.0807919
0.0743253
0.0705693
0.0663367
0.0629775
0.0599385
0.057699
0.0553724
0.0536083
0.0523204
0.0509357
0.0498576
0.0488114
0.047715
0.0469834
0.0463051
0.0457802
0.0454452
0.0450906
0.045365
0.0463532
0.0502291
0.0493788
0.0506864
0.0633054
0.0980431
0.121543
0.181466
0.168831
0.265198
0.277338
0.38994
0.358953
1.36308
0.942601
1.24118
22.3081
3.95208
1.72405
0.908087
0.522261
0.344703
0.260249
0.215896
0.194421
0.174121
0.158119
0.144121
0.132243
0.121261
0.111962
0.102288
0.0937562
0.0861238
0.079724
0.0744571
0.0695361
0.0656756
0.0623127
0.0594259
0.0568912
0.0547223
0.0530757
0.0513324
0.0501858
0.0489262
0.0479699
0.046898
0.0462544
0.0454838
0.0446662
0.0441807
0.0435323
0.0434318
0.0454011
0.046663
0.0524312
0.0594051
0.0653008
0.0926991
0.118505
0.19556
0.204023
0.282568
0.393619
0.373036
0.760164
0.955727
0.923336
0.904104
22.3096
3.94815
1.72343
0.907537
0.526395
0.346926
0.261184
0.217293
0.191942
0.173338
0.158003
0.144382
0.132915
0.121425
0.111685
0.102505
0.0946607
0.087103
0.0809123
0.0753859
0.0705094
0.066624
0.0633668
0.060183
0.0578211
0.0552113
0.053371
0.0521295
0.0506332
0.0495945
0.0484535
0.0474258
0.0462821
0.0457019
0.0448392
0.0444173
0.0434172
0.0431045
0.0432919
0.0493603
0.0495822
0.0509983
0.0683294
0.0927369
0.140465
0.132827
0.138637
0.21385
0.269242
0.455356
0.572453
0.643011
1.06567
1.5064
22.3079
3.95135
1.72551
0.911537
0.511826
0.349225
0.23288
0.214824
0.192317
0.172904
0.1571
0.143324
0.131942
0.121305
0.111696
0.102662
0.0942058
0.0867301
0.0801207
0.074986
0.0699979
0.0658113
0.0622951
0.0594033
0.0568538
0.0546619
0.0529797
0.0511707
0.0500416
0.048748
0.0476995
0.0467132
0.0456681
0.0447187
0.0439701
0.0434505
0.0428111
0.0423546
0.0440751
0.0441727
0.0539575
0.0500116
0.0623418
0.0971856
0.114947
0.152444
0.179488
0.245899
0.319822
0.366715
0.371929
0.61349
0.915864
1.43595
22.3111
3.94843
1.70895
0.898284
0.51528
0.341514
0.250168
0.217579
0.191951
0.173224
0.157831
0.144913
0.13291
0.121418
0.111898
0.102647
0.0946966
0.0875352
0.0813499
0.0758652
0.0709662
0.0666664
0.0633532
0.0598814
0.0574312
0.055037
0.0531165
0.0515367
0.0500988
0.0488379
0.0475997
0.046643
0.0458162
0.0449953
0.0445201
0.0434161
0.0431479
0.0418741
0.0425203
0.0417987
0.0419477
0.0493097
0.0647712
0.105744
0.0748635
0.0839565
0.122006
0.26424
0.310475
0.363239
0.61479
0.692938
0.684808
1.16606
22.3095
3.94611
1.72372
0.91356
0.514999
0.348558
0.235733
0.215168
0.191171
0.17207
0.155797
0.142744
0.1308
0.120415
0.110936
0.102494
0.0944259
0.0873614
0.0805577
0.0754783
0.0703242
0.0662713
0.063182
0.0603549
0.0579127
0.0557354
0.0539951
0.0521396
0.0506906
0.0492062
0.0479674
0.0469552
0.0457259
0.0448357
0.0438625
0.0433545
0.0424002
0.0423175
0.0409754
0.0422675
0.0409223
0.0474936
0.0801411
0.0659275
0.0715726
0.114394
0.162141
0.227623
0.350622
0.390756
0.4001
0.596659
0.763266
1.35327
22.3101
3.95254
1.72396
0.900171
0.519397
0.341063
0.253765
0.207689
0.180895
0.163831
0.151115
0.141091
0.131331
0.121402
0.112359
0.103758
0.0956666
0.0888228
0.0825984
0.0768425
0.0720755
0.0674211
0.0633482
0.0600539
0.0574173
0.0549486
0.0533741
0.0515407
0.0502483
0.0487585
0.0475106
0.0462268
0.0450988
0.0440018
0.0432261
0.0426382
0.0421838
0.0414556
0.0410273
0.0406629
0.0427949
0.0438482
0.0467851
0.0542966
0.0598488
0.0713561
0.129703
0.287384
0.311451
0.543866
0.652957
0.839947
0.86439
0.830123
22.3093
3.94643
1.71235
0.903056
0.516151
0.342832
0.261268
0.218798
0.192055
0.172942
0.15708
0.144531
0.13272
0.122515
0.112614
0.104006
0.096002
0.0888212
0.0827847
0.076547
0.0711849
0.0669221
0.0632434
0.0599553
0.0573529
0.055075
0.0533998
0.0515335
0.0501128
0.048446
0.0471084
0.045887
0.0445925
0.0436168
0.0426883
0.0421817
0.041133
0.0406985
0.0397268
0.0400966
0.040193
0.045916
0.0759621
0.0979316
0.135333
0.12222
0.183915
0.265786
0.413567
0.668108
0.667836
0.950274
0.875961
1.31606
22.3114
3.94717
1.72597
0.908561
0.521047
0.344983
0.25766
0.219343
0.191403
0.170751
0.154583
0.141525
0.130525
0.120387
0.11107
0.102598
0.0944472
0.087437
0.0810968
0.0755748
0.0708806
0.0667632
0.0631963
0.0601667
0.0575516
0.0553291
0.05342
0.0517511
0.0501565
0.0488263
0.0474637
0.0463425
0.0451698
0.0443183
0.0431819
0.0424095
0.0416201
0.0407615
0.0406526
0.0391563
0.0427036
0.0649552
0.059209
0.069153
0.104483
0.144333
0.188996
0.162285
0.227522
0.325736
0.597239
0.802844
0.460655
0.534003
22.3102
3.94343
1.72433
0.916971
0.514616
0.348587
0.271853
0.220992
0.191808
0.171801
0.155912
0.142982
0.131524
0.121448
0.111833
0.103492
0.0954757
0.0884782
0.0822637
0.0765953
0.0715919
0.0673217
0.0635778
0.0604653
0.0577301
0.0554308
0.0535424
0.0518259
0.0502662
0.0488065
0.0474763
0.0464602
0.0454236
0.0447003
0.0438112
0.0429522
0.0424962
0.0410992
0.0405382
0.0399195
0.0392335
0.0514128
0.0611929
0.073125
0.124315
0.134858
0.146926
0.208811
0.318321
0.699784
0.897187
1.0367
0.947783
0.738802
22.3045
3.98588
1.79757
0.707031
0.922955
0.539944
0.325114
0.227444
0.202148
0.184644
0.165119
0.148779
0.134726
0.122892
0.112562
0.1039
0.0962255
0.0896715
0.0838159
0.0785784
0.0737498
0.0695177
0.0659221
0.0629004
0.0602401
0.0581177
0.0559504
0.0543342
0.052613
0.051319
0.0498362
0.0484661
0.0472249
0.0459989
0.0452251
0.0442628
0.0431185
0.0418342
0.0409274
0.0401455
0.0412291
0.0393582
0.0609443
0.0469292
0.0506358
0.0687302
0.171744
0.141087
0.238011
0.355761
0.702433
0.652261
1.00349
1.7306
22.3073
3.93693
1.71207
0.911556
0.505955
0.361284
0.28726
0.243727
0.210541
0.182635
0.161837
0.145937
0.133011
0.122365
0.113072
0.105068
0.0975299
0.0910472
0.0849442
0.0794128
0.0743059
0.0700195
0.0661856
0.0630731
0.0601189
0.057649
0.0553119
0.0533147
0.051603
0.0497072
0.0484787
0.0467221
0.0457221
0.0442259
0.0430551
0.0419235
0.0400578
0.0389592
0.0373808
0.0359601
0.0365798
0.0364493
0.0369682
0.0520987
0.0904841
0.109048
0.162075
0.292003
0.325778
0.787686
0.830029
0.983223
1.03956
1.54875
0.0110832
0.011459
0.0117118
0.0119636
0.0121933
0.0125263
0.0128027
0.0131604
0.013438
0.0137541
0.0140276
0.0142887
0.0145308
0.0147313
0.0149276
0.0150853
0.0152808
0.0154493
0.0156334
0.0158099
0.0161256
0.0163457
0.0168234
0.0172168
0.017746
0.0180921
0.0187588
0.019255
0.0199675
0.0208184
0.0210515
0.0216055
0.0220437
0.0225922
0.0230835
0.0232894
0.024362
0.023166
0.0233381
0.0234683
0.022805
0.0239641
0.0247818
0.0250061
0.0256527
0.0266563
0.0260849
0.0262912
0.018346
0.0162823
0.0163893
0.0144331
0.0148933
0.0187925
0.0110959
0.0114446
0.0117396
0.0119729
0.0122619
0.012516
0.0128673
0.013176
0.0134813
0.0137804
0.0140496
0.0142894
0.0145473
0.0147936
0.015013
0.0153269
0.0155582
0.0159708
0.0162994
0.0166249
0.0169892
0.0171964
0.0173356
0.0174791
0.0177646
0.018069
0.0185502
0.0191761
0.0196314
0.0205169
0.0210377
0.0216622
0.021418
0.0225273
0.0231926
0.0231909
0.0235191
0.0237829
0.0222107
0.0225711
0.0220657
0.0238056
0.0253167
0.026398
0.0266501
0.0261869
0.0261589
0.0257908
0.0190432
0.0164617
0.0236269
0.0259186
0.0302671
0.0297211
0.231435
0.0924746
0.227135
0.148692
0.158032
0.154149
0.352668
0.163704
0.469925
0.56914
0.227469
0.0836025
0.226339
0.182155
0.168409
0.137702
0.269782
0.131269
0.624039
0.714322
0.183192
0.0954637
0.149746
0.0975356
0.166268
0.600457
0.567433
0.291756
0.551268
0.424356
0.7058
0.177532
0.0938946
0.160047
0.0934834
0.176464
0.639028
0.595262
0.386805
0.705694
0.597582
0.563578
0.124664
0.127354
0.122988
0.107773
0.135569
0.109074
0.142235
0.151336
0.183309
0.167144
0.16226
0.162082
0.164224
0.169039
0.101534
0.0743917
0.0887215
0.0808407
0.104645
0.0795785
0.0971262
0.116438
0.0880162
0.114613
0.107272
0.10556
0.102129
0.0946272
0.0810157
0.0780409
0.0807482
0.0767729
0.0823815
0.0780414
0.0826034
0.191086
0.255924
0.349584
0.288938
0.184438
0.156806
0.135465
0.158497
0.214921
0.149679
0.228049
0.149887
0.0727169
0.0685931
0.0725462
0.0701638
0.0786822
0.0674936
0.0784281
0.200235
0.244722
0.280965
0.24877
0.1666
0.117598
0.116399
0.128636
0.270176
0.147366
0.251231
0.145793
0.0816307
0.0721239
0.0853719
0.0710003
0.0775724
0.0720437
0.0789452
0.130498
0.192661
0.172693
0.179643
0.114666
0.333155
0.529878
0.297731
0.640761
0.327397
0.382643
0.409233
0.391003
0.477315
0.0788592
0.0667508
0.0769994
0.0669808
0.0738308
0.0676104
0.0748633
0.121137
0.182773
0.175774
0.122097
0.16851
0.669897
0.367612
0.327174
0.518488
0.261744
0.334554
0.416092
0.492221
0.396837
0.101473
0.0819769
0.108131
0.0758837
0.074269
0.0754024
0.0779097
0.332595
0.177436
0.365099
0.108299
0.0998569
0.110983
0.107346
0.108402
0.0781902
0.10684
0.0712346
0.0830841
0.0737821
0.0794596
0.397383
0.220071
0.557586
0.0976513
0.0958614
0.103054
0.176952
0.54643
0.174874
0.241921
0.178036
0.441902
0.57211
0.223921
0.164501
0.164512
0.55583
0.525401
0.138237
0.163249
0.135529
0.473704
0.0982808
0.0429311
0.541132
0.136954
0.14279
0.130968
0.598269
0.087765
0.106849
0.189651
0.354117
0.29017
0.306535
0.162877
0.108363
0.0489591
0.243497
0.238027
0.443218
0.253797
0.201447
0.10284
0.0995875
0.249057
0.284965
0.579558
0.261453
0.235629
0.473221
0.175482
0.225136
0.171735
0.501364
0.469925
0.221252
0.161461
0.167785
0.396629
0.624106
0.136449
0.162924
0.569839
0.137422
0.0864794
0.0898027
0.597096
0.14049
0.206737
0.142678
0.560082
0.111894
0.0499652
0.207571
0.293454
0.245324
0.257992
0.156158
0.115922
0.100109
0.260739
0.283122
0.78625
0.246289
0.283511
0.114334
0.0593118
0.276591
0.279303
0.810239
0.319836
0.198399
0.0971654
0.0346904
0.123592
0.190918
0.173508
0.179882
0.118446
0.0887248
0.0867152
0.18747
0.148172
0.181578
0.163137
0.124673
0.167385
0.169493
0.148004
0.157339
0.149265
0.456347
0.431847
0.44474
0.476723
0.553128
0.278638
0.346325
0.484711
0.632595
0.592007
0.564354
0.679009
0.425146
0.610077
0.46464
0.843495
0.481567
0.370195
0.440814
0.800563
0.418439
0.769393
0.0862237
0.0915677
0.134159
0.215687
0.178547
0.194856
0.11513
0.0943061
0.0382423
0.171389
0.14969
0.15272
0.176966
0.144578
0.176053
0.175988
0.133177
0.14078
0.121994
0.936499
0.638716
0.5545
0.632136
0.535105
0.823716
1.01624
0.72378
0.489226
0.530131
0.678461
0.916839
0.692943
0.682495
0.372474
0.561253
0.689769
0.827305
0.483246
0.98505
0.960918
0.816804
0.142462
0.105542
0.0836735
0.0895785
0.0990638
0.091788
0.143104
0.15379
0.0941002
0.083217
0.0972238
0.106882
0.153862
0.10022
0.144801
0.0902588
0.112568
0.0981748
0.112128
0.0961087
0.15111
0.187668
0.195783
0.161201
0.151424
0.204712
0.147496
0.173837
0.193777
0.16605
0.210522
0.160794
0.214782
0.150452
0.185848
0.161837
0.083288
0.108148
0.0968523
0.100696
0.0998684
0.162842
0.165302
0.171841
0.136316
0.149087
0.17569
0.162781
0.143552
0.179538
0.136815
0.166669
0.150197
0.180748
0.151519
0.164106
0.14268
0.118544
0.127574
0.0980069
0.126877
0.130797
0.141967
0.15089
0.127105
0.098897
0.134811
0.132265
0.149415
0.134625
0.369293
0.402152
0.763208
0.491393
0.379243
0.749567
0.360508
0.375835
0.394697
0.503789
0.779788
0.371793
0.369986
0.604108
0.145945
0.120912
0.127042
0.0948049
0.139964
0.125503
0.128384
0.148278
0.118483
0.0959241
0.125849
0.128126
0.132978
0.142118
0.592403
0.443904
0.665385
0.548093
0.618964
0.451762
0.719925
0.491564
0.445512
0.513397
0.532779
0.363481
0.618782
0.466667
0.101257
0.192826
0.101425
0.186853
0.194216
0.102236
0.0939034
0.0590869
0.0236701
0.0737806
0.0253509
0.0651899
0.0763091
0.0814709
0.063538
0.0862571
0.169877
0.197749
0.0587429
0.165435
0.0905326
0.129778
0.0925557
0.164118
0.175793
0.114926
0.158332
0.0927171
0.0817472
0.0589257
0.0718388
0.0580282
0.0735769
0.0890354
0.158981
0.158031
0.0892631
0.0878473
0.156735
0.0802275
0.0614908
0.078009
0.0767136
0.0632708
0.0810878
0.075562
0.152459
0.139775
0.0802037
0.0775682
0.155886
0.0282236
0.0181273
0.0321897
0.0139299
0.0413001
0.0524877
0.060742
0.0393061
0.063601
0.120694
0.0307988
0.148203
0.0672787
0.148675
0.0834742
0.466394
0.719037
0.0727545
0.0642158
0.124443
0.153695
0.0659518
0.0731412
0.152105
0.0315418
0.0410653
0.0437295
0.0311027
0.0321927
0.038447
0.0423576
0.0310043
0.0811259
0.124234
0.0654843
0.15357
0.0748981
0.0686562
0.155288
0.488617
0.403204
0.443776
0.294999
0.108861
0.553503
0.298666
0.449472
0.1129
0.0509336
0.0226012
0.0623727
0.0159998
0.0550066
0.0700675
0.0746645
0.0489459
0.44874
0.505316
0.275068
0.0381817
0.297302
0.0953329
0.385466
0.430353
0.297839
0.102145
0.467075
0.445844
0.29439
0.112042
0.0610239
0.0683431
0.0678689
0.0591278
0.0542008
0.0664889
0.0584628
0.0713195
0.442375
0.511078
0.312786
0.114749
0.291221
0.120387
0.46265
0.503379
0.250555
0.117008
0.577001
0.298065
0.0957165
0.424624
0.0377659
0.0170915
0.0306901
0.0149705
0.0659762
0.0556879
0.0650136
0.049479
0.445441
0.570399
0.277749
0.0330101
0.338318
0.0694064
0.331028
0.121875
0.080121
0.37687
0.25452
0.47183
0.107033
0.254252
0.332997
0.111711
0.0717951
0.0485723
0.0501296
0.0582983
0.460846
0.541342
0.281055
0.14066
0.284451
0.102843
0.408493
0.056448
0.0428275
0.0326281
0.049664
0.113733
0.137834
0.102639
0.197612
0.094835
0.191221
0.103624
0.199716
0.091078
0.0623635
0.0796347
0.0632146
0.0781022
0.0630559
0.0795337
0.0639633
0.0782949
0.104081
0.175865
0.180344
0.0859424
0.104641
0.183215
0.087122
0.11344
0.111284
0.384768
0.223775
0.095079
0.209312
0.215446
0.0872214
0.46387
0.203454
0.159052
0.220731
0.138767
0.150997
0.134144
0.153613
0.182601
0.533134
0.245466
0.180191
0.0519861
0.233381
0.0786655
0.376553
0.109596
0.103543
0.480185
0.239194
0.220622
0.0837786
0.235905
0.551698
0.0823865
0.132586
0.183172
0.132892
0.159468
0.503114
0.218216
0.240915
0.146257
0.237638
0.0176282
0.614797
0.149622
0.159187
0.129718
0.173843
0.400716
0.315829
0.453223
0.0991888
0.305215
0.408227
0.100445
0.0549002
0.0650509
0.0633667
0.0476335
0.412578
0.49301
0.30978
0.0984284
0.306274
0.421954
0.0997768
0.0565672
0.068802
0.0653657
0.0547528
0.424536
0.3114
0.117642
0.498009
0.412441
0.300969
0.136803
0.0544995
0.0263567
0.0676291
0.0200106
0.060646
0.0886939
0.069644
0.0785586
0.423007
0.462142
0.301211
0.0437117
0.314182
0.113098
0.37116
0.421088
0.538793
0.271026
0.108327
0.266072
0.113637
0.369023
0.0627492
0.0422443
0.050218
0.0345918
0.534584
0.607482
0.281836
0.11658
0.315271
0.41916
0.110085
0.0497763
0.037354
0.0437648
0.0307559
0.101386
0.101985
0.643671
0.288893
0.120015
0.657014
0.334479
0.497258
0.106829
0.0559056
0.023176
0.043297
0.0234862
0.0781334
0.0563205
0.057724
0.0654998
0.524397
0.667911
0.302687
0.0477662
0.333413
0.0844345
0.329149
0.128056
0.105191
0.0999369
0.166082
0.116872
0.189836
0.0994556
0.166627
0.0898771
0.0623681
0.0284552
0.0750638
0.0282653
0.0678402
0.0830608
0.0676656
0.0853005
0.0843575
0.181221
0.18404
0.0602537
0.152575
0.0879584
0.115712
0.107706
0.0891397
0.602086
0.235249
0.238177
0.100791
0.233458
0.0915251
0.650948
0.154687
0.193351
0.158493
0.178372
0.561609
0.213768
0.232259
0.0316383
0.571579
0.219856
0.123913
0.151034
0.244897
0.135483
0.19253
0.107142
0.126002
0.612506
0.257794
0.122094
0.230032
0.242081
0.720876
0.112987
0.358343
0.309573
0.577896
0.170123
0.37997
0.4627
0.178979
0.67466
0.823515
0.288168
0.181628
0.0695945
0.256821
0.138602
0.486452
0.103242
0.090701
0.0729802
0.0693044
0.151347
0.121924
0.0745229
0.0679464
0.151704
0.0330509
0.0421983
0.0314045
0.0479321
0.0325941
0.0427719
0.0334681
0.0433886
0.076913
0.120654
0.0626205
0.155868
0.0732934
0.0659967
0.156541
0.0859661
0.0879571
0.18387
0.104682
0.174126
0.186963
0.107834
0.162743
0.190788
0.0481303
0.041997
0.120179
0.0589655
0.0579091
0.069613
0.0509819
0.0782231
0.180081
0.17348
0.0534149
0.143869
0.0988111
0.160203
0.127719
0.162412
0.0921388
0.158346
0.150405
0.0924543
0.171846
0.153564
0.0418989
0.0365983
0.06073
0.045164
0.0498424
0.0652791
0.0446571
0.0634196
0.170016
0.15498
0.0864782
0.144938
0.0893626
0.152792
0.165074
0.61724
0.252628
0.582815
0.501514
0.304346
0.527332
0.540647
0.223102
0.183696
0.248385
0.159552
0.160746
0.160094
0.186446
0.144322
0.736964
0.516223
0.231068
0.703676
0.346453
0.560357
0.510976
0.20864
0.303068
0.683162
0.260273
0.550398
0.548395
0.62193
0.242254
0.586076
0.154453
0.198459
0.163373
0.185191
0.138127
0.155016
0.148173
0.140195
0.666027
0.635865
0.365855
0.580096
0.34668
0.609511
0.725244
0.564959
0.255123
0.382594
0.527179
0.58874
0.40839
0.42251
0.520696
0.20394
0.423295
0.221484
0.449892
0.385881
0.259608
0.48574
0.725918
0.639802
1.58719
0.684928
0.814595
0.472945
0.840646
0.374062
0.219306
0.25488
0.369018
0.305275
0.355358
0.28552
0.41693
0.341049
0.31304
0.420557
0.291015
0.262808
0.208225
0.381728
0.514886
0.356787
0.252378
0.497408
0.245725
0.43071
0.786251
0.0901251
0.0882468
0.0894785
0.0735955
0.162611
0.145834
0.0831003
0.0851472
0.160468
0.0313565
0.0227191
0.041212
0.0179724
0.0413439
0.0481378
0.0371021
0.0571505
0.0675588
0.131658
0.0346609
0.155844
0.0747387
0.156252
0.0904316
0.102908
0.0968971
0.154426
0.158091
0.090578
0.14823
0.0940335
0.14792
0.169216
0.0444553
0.065344
0.0452402
0.06347
0.168577
0.170601
0.0928772
0.158062
0.171005
0.0940513
0.161577
0.0477119
0.0628048
0.0458757
0.0522519
0.181878
0.10108
0.161608
0.184996
0.104395
0.175343
0.165218
0.0591642
0.104237
0.205432
0.0237262
0.0512813
0.0667926
0.0507285
0.100847
0.192364
0.167417
0.0523803
0.140058
0.10149
0.147037
0.133522
0.835564
0.533927
0.590645
0.678691
0.261109
0.820534
0.584983
0.208261
0.206668
0.217535
0.203424
0.22522
0.275053
0.250768
0.268444
0.883582
0.606036
0.362431
0.605694
0.325357
0.661408
0.631247
0.817794
0.901453
0.923052
0.899018
0.80686
0.872255
0.909444
1.05962
0.781668
0.581775
0.358865
0.585362
0.384799
0.544457
0.446742
0.678168
0.392067
1.15401
1.56413
0.939677
0.826402
1.07943
0.691955
1.08251
0.71409
0.75103
0.645737
0.662054
0.534358
0.664374
0.837367
0.329924
0.223607
0.351983
0.182814
0.808144
0.514899
0.532496
0.825549
0.423547
0.972447
0.836539
0.318956
0.231075
0.148839
0.354905
0.83577
0.650948
0.79443
0.916463
0.770032
0.738674
0.762657
0.627397
0.307286
0.656533
0.613153
0.53588
0.327046
0.594459
0.379561
0.718524
1.16817
1.35789
0.732138
0.56628
0.702652
0.776293
)
;

boundaryField
{
    inlet
    {
        type            fixedValue;
        value           uniform 440.15;
    }
    outlet
    {
        type            zeroGradient;
    }
    rightSide
    {
        type            symmetryPlane;
    }
    leftSide
    {
        type            symmetryPlane;
    }
    duct
    {
        Cmu             0.09;
        kappa           0.41;
        E               9.8;
        beta1           0.075;
        type            omegaWallFunction;
        value           nonuniform List<scalar> 
216
(
0.0110915
0.0110961
0.0114144
0.0114129
0.0117379
0.0117758
0.0120742
0.0120805
0.0124328
0.0124549
0.0127419
0.0127315
0.0131053
0.0130952
0.0133648
0.0133384
0.0136619
0.0136328
0.0138506
0.0138124
0.0138484
0.0138692
0.0138162
0.0138765
0.0137377
0.0137465
0.0131754
0.0135238
0.0129033
0.0130024
0.0120911
0.0126742
0.0125898
0.0161489
0.0203508
0.0263785
0.0281711
0.0321256
0.0311199
0.034093
0.0376477
0.0400975
0.0428919
0.0446461
0.0461147
0.0452891
0.0459765
0.0452811
0.046756
0.0449586
0.0473629
0.0447237
0.0448574
0.0420928
0.0414873
0.0397249
0.0417439
0.0360995
0.0397929
0.0338629
0.0353239
0.0312237
0.0342791
0.0294143
0.0356486
0.0289931
0.0334519
0.0287356
0.0316307
0.0282152
0.0299321
0.0273704
0.0285369
0.0260469
0.027441
0.0241245
0.0225804
0.0201737
0.0215206
0.0184206
0.0205729
0.0160773
0.0192326
0.0135829
0.0178492
0.0118174
0.0160669
0.00982378
0.014182
0.00837363
0.0124955
0.0078912
0.0118619
0.00927904
0.012372
0.00980109
0.00949345
0.00841499
0.0119885
0.0149864
0.00921462
0.0115659
0.00657984
0.00831153
0.00728706
0.00898967
0.0128572
0.0137768
0.0110832
0.0110959
0.011459
0.0114446
0.0117118
0.0117396
0.0119636
0.0119729
0.0121933
0.0122619
0.0125263
0.012516
0.0128027
0.0128673
0.0131604
0.013176
0.013438
0.0134813
0.0137541
0.0137804
0.0140276
0.0140496
0.0142887
0.0142894
0.0145308
0.0145473
0.0147313
0.0147936
0.0149276
0.015013
0.0150853
0.0153269
0.0152808
0.0155582
0.0154493
0.0159708
0.0156334
0.0162994
0.0158099
0.0166249
0.0161256
0.0169892
0.0163457
0.0171964
0.0168234
0.0173356
0.0172168
0.0174791
0.017746
0.0177646
0.0180921
0.018069
0.0187588
0.0185502
0.019255
0.0191761
0.0199675
0.0196314
0.0208184
0.0205169
0.0210515
0.0210377
0.0216055
0.0216622
0.0220437
0.021418
0.0225922
0.0225273
0.0230835
0.0231926
0.0232894
0.0231909
0.024362
0.0235191
0.023166
0.0237829
0.0233381
0.0222107
0.0234683
0.0225711
0.022805
0.0220657
0.0239641
0.0238056
0.0247818
0.0253167
0.0250061
0.026398
0.0256527
0.0266501
0.0266563
0.0261869
0.0260849
0.0261589
0.0262912
0.0257908
0.018346
0.0190432
0.0162823
0.0164617
0.0163893
0.0236269
0.0144331
0.0259186
0.0148933
0.0302671
0.0187925
0.0297211
)
;
    }
    cylinder
    {
        Cmu             0.09;
        kappa           0.41;
        E               9.8;
        beta1           0.075;
        type            omegaWallFunction;
        value           nonuniform List<scalar> 
448
(
0.333155
0.529878
0.669897
0.367612
0.0982808
0.0429311
0.087765
0.106849
0.108363
0.0489591
0.10284
0.0995875
0.0864794
0.0898027
0.111894
0.0499652
0.115922
0.100109
0.114334
0.0593118
0.0971654
0.0346904
0.0887248
0.0867152
0.278638
0.346325
0.0862237
0.0915677
0.0943061
0.0382423
0.823716
1.01624
0.101425
0.0939034
0.0590869
0.0651899
0.0587429
0.0905326
0.114926
0.0817472
0.0589257
0.0892631
0.0802275
0.0614908
0.075562
0.0802037
0.0282236
0.0413001
0.466394
0.719037
0.0642158
0.0659518
0.0315418
0.0321927
0.488617
0.403204
0.108861
0.1129
0.0509336
0.0550066
0.0381817
0.0953329
0.102145
0.112042
0.0610239
0.0542008
0.114749
0.120387
0.117008
0.0957165
0.0377659
0.0659762
0.121875
0.080121
0.107033
0.111711
0.0717951
0.14066
0.056448
0.113733
0.137834
0.094835
0.091078
0.0623635
0.0630559
0.0859424
0.087122
0.11344
0.111284
0.095079
0.0872214
0.203454
0.150997
0.109596
0.103543
0.0837786
0.0823865
0.132586
0.149622
0.0991888
0.100445
0.0549002
0.0984284
0.0565672
0.117642
0.136803
0.0544995
0.060646
0.0437117
0.113098
0.108327
0.113637
0.0627492
0.11658
0.110085
0.0497763
0.101386
0.101985
0.120015
0.106829
0.0559056
0.0781334
0.128056
0.105191
0.116872
0.0898771
0.0623681
0.0678402
0.107706
0.0891397
0.100791
0.0915251
0.154687
0.151034
0.107142
0.126002
0.122094
0.112987
0.358343
0.37997
0.103242
0.090701
0.0693044
0.0679464
0.0330509
0.0325941
0.0859661
0.0879571
0.0481303
0.0579091
0.0921388
0.0924543
0.0418989
0.0498424
0.252628
0.223102
0.160746
0.20864
0.303068
0.154453
0.138127
0.255123
0.520696
0.449892
0.41693
0.291015
0.0901251
0.0882468
0.0735955
0.0851472
0.0313565
0.0413439
0.102908
0.0968971
0.090578
0.0940335
0.0444553
0.0477119
0.0591642
0.0512813
0.533927
0.261109
0.208261
0.22522
0.817794
0.901453
0.899018
1.05962
0.581775
0.544457
0.645737
0.534358
0.329924
0.318956
0.650948
0.770032
0.627397
0.53588
0.0236701
0.0763091
0.0718388
0.078009
0.0181273
0.0524877
0.0410653
0.038447
0.0226012
0.0700675
0.0683431
0.0664889
0.0170915
0.0556879
0.0485723
0.0428275
0.0796347
0.0795337
0.159052
0.134144
0.183172
0.159187
0.0650509
0.068802
0.0263567
0.0886939
0.0422443
0.037354
0.023176
0.0563205
0.0284552
0.0830608
0.193351
0.244897
0.309573
0.4627
0.0421983
0.0427719
0.041997
0.069613
0.0365983
0.0652791
0.183696
0.160094
0.198459
0.155016
0.20394
0.385881
0.341049
0.262808
0.0227191
0.0481378
0.065344
0.0628048
0.104237
0.0667926
0.206668
0.275053
0.358865
0.446742
0.223607
0.231075
0.307286
0.327046
0.0737806
0.0253509
0.063538
0.0814709
0.0580282
0.0735769
0.0632708
0.0767136
0.0321897
0.0139299
0.0307988
0.0672787
0.0393061
0.060742
0.304346
0.58874
0.231068
0.346453
0.0437295
0.0311027
0.0654843
0.0686562
0.0310043
0.0423576
0.362431
0.325357
0.0623727
0.0159998
0.0489459
0.0746645
0.0678689
0.0591278
0.0584628
0.0713195
0.0306901
0.0149705
0.0330101
0.0694064
0.049479
0.0650136
0.0501296
0.0582983
0.102843
0.0326281
0.049664
0.0781022
0.0632146
0.0639633
0.0782949
0.220731
0.138767
0.0519861
0.0786655
0.153613
0.182601
0.132892
0.146257
0.159468
0.0176282
0.129718
0.173843
0.0476335
0.0633667
0.0997768
0.0547528
0.0653657
0.0676291
0.0200106
0.069644
0.0785586
0.0345918
0.050218
0.0307559
0.0437648
0.043297
0.0234862
0.0477662
0.0844345
0.057724
0.0654998
0.0750638
0.0282653
0.0602537
0.0879584
0.0676656
0.0853005
0.158493
0.0316383
0.178372
0.123913
0.135483
0.19253
0.0695945
0.138602
0.577896
0.170123
0.178979
0.67466
0.104682
0.107834
0.0479321
0.0314045
0.0626205
0.0659967
0.0334681
0.0433886
0.0864782
0.0893626
0.120179
0.0589655
0.0534149
0.0988111
0.0509819
0.0782231
0.06073
0.045164
0.0446571
0.0634196
0.248385
0.159552
0.144322
0.186446
0.260273
0.219306
0.242254
0.305275
0.252378
0.163373
0.185191
0.365855
0.34668
0.140195
0.148173
0.423295
0.221484
1.58719
0.814595
0.48574
0.259608
0.31304
0.420557
0.245725
0.381728
0.208225
0.041212
0.0179724
0.0346609
0.0747387
0.0371021
0.0571505
0.10108
0.104395
0.0452402
0.0928772
0.06347
0.0940513
0.0458757
0.0522519
0.205432
0.0237262
0.0523803
0.10149
0.0507285
0.100847
0.217535
0.203424
0.268444
0.250768
1.07943
0.585362
0.384799
0.939677
0.392067
0.678168
0.351983
0.532496
0.182814
0.423547
0.354905
0.148839
0.656533
0.613153
1.35789
0.56628
0.379561
0.594459
)
;
    }
}


// ************************************************************************* //
