/*--------------------------------*- C++ -*----------------------------------*\
| =========                 |                                                 |
| \\      /  F ield         | OpenFOAM: The Open Source CFD Toolbox           |
|  \\    /   O peration     | Version:  4.1                                   |
|   \\  /    A nd           | Web:      www.OpenFOAM.org                      |
|    \\/     M anipulation  |                                                 |
\*---------------------------------------------------------------------------*/
FoamFile
{
    version     2.0;
    format      ascii;
    class       volScalarField;
    location    "84";
    object      p;
}
// * * * * * * * * * * * * * * * * * * * * * * * * * * * * * * * * * * * * * //

dimensions      [0 2 -2 0 0 0 0];

internalField   nonuniform List<scalar> 
4432
(
-4.02786e+10
-4.02949e+10
-4.04878e+10
-4.05045e+10
-4.05482e+10
-4.06303e+10
-4.07023e+10
-4.07716e+10
-4.08371e+10
-4.09003e+10
-4.09618e+10
-4.10205e+10
-4.10729e+10
-4.1115e+10
-4.11444e+10
-4.11582e+10
-4.11523e+10
-4.11239e+10
-4.10721e+10
-4.09973e+10
-4.0901e+10
-4.07867e+10
-4.06593e+10
-4.05246e+10
-4.0388e+10
-4.02545e+10
-4.01268e+10
-4.00067e+10
-3.98935e+10
-3.97862e+10
-3.96836e+10
-3.95862e+10
-3.94967e+10
-3.94195e+10
-3.93595e+10
-3.93195e+10
-3.92976e+10
-3.92866e+10
-3.92724e+10
-3.9237e+10
-3.91601e+10
-3.9023e+10
-3.88154e+10
-3.8567e+10
-3.8406e+10
-3.85524e+10
-3.90493e+10
-3.92386e+10
-3.78406e+10
-3.51341e+10
-3.61266e+10
-4.68493e+10
-5.76393e+10
-2.96505e+10
-4.03783e+10
-4.03372e+10
-4.04431e+10
-4.05258e+10
-4.05676e+10
-4.06398e+10
-4.07154e+10
-4.07839e+10
-4.08479e+10
-4.09112e+10
-4.09739e+10
-4.10337e+10
-4.10869e+10
-4.11302e+10
-4.11609e+10
-4.11755e+10
-4.117e+10
-4.11416e+10
-4.10895e+10
-4.10139e+10
-4.09164e+10
-4.08007e+10
-4.06714e+10
-4.05346e+10
-4.03955e+10
-4.02592e+10
-4.01287e+10
-4.00056e+10
-3.98893e+10
-3.97789e+10
-3.96733e+10
-3.95728e+10
-3.94802e+10
-3.93998e+10
-3.93367e+10
-3.92939e+10
-3.92695e+10
-3.9256e+10
-3.92388e+10
-3.91996e+10
-3.91188e+10
-3.89781e+10
-3.87684e+10
-3.8521e+10
-3.83673e+10
-3.8534e+10
-3.90659e+10
-3.92544e+10
-3.76183e+10
-3.40708e+10
-3.37153e+10
-4.49802e+10
-6.03421e+10
-3.60432e+10
-4.04358e+10
-4.04017e+10
-4.04602e+10
-4.05572e+10
-4.06047e+10
-4.06625e+10
-4.07417e+10
-4.08154e+10
-4.08865e+10
-4.09578e+10
-4.10282e+10
-4.10978e+10
-4.11621e+10
-4.12144e+10
-4.12501e+10
-4.12668e+10
-4.12617e+10
-4.12318e+10
-4.11764e+10
-4.10948e+10
-4.09883e+10
-4.08605e+10
-4.07165e+10
-4.05637e+10
-4.04088e+10
-4.02583e+10
-4.01159e+10
-3.99842e+10
-3.98629e+10
-3.9751e+10
-3.96469e+10
-3.95506e+10
-3.94643e+10
-3.93917e+10
-3.9337e+10
-3.93023e+10
-3.92855e+10
-3.9278e+10
-3.92644e+10
-3.92257e+10
-3.91406e+10
-3.89882e+10
-3.87557e+10
-3.84728e+10
-3.82786e+10
-3.8413e+10
-3.88917e+10
-3.88748e+10
-3.67901e+10
-3.29886e+10
-3.34285e+10
-4.56867e+10
-5.90764e+10
-3.25909e+10
-4.04288e+10
-4.04234e+10
-4.04902e+10
-4.05591e+10
-4.06093e+10
-4.06698e+10
-4.07496e+10
-4.08224e+10
-4.08939e+10
-4.09655e+10
-4.10374e+10
-4.11086e+10
-4.11737e+10
-4.12264e+10
-4.12627e+10
-4.12809e+10
-4.12773e+10
-4.12481e+10
-4.1193e+10
-4.11113e+10
-4.10041e+10
-4.08751e+10
-4.07295e+10
-4.05748e+10
-4.04177e+10
-4.0265e+10
-4.01202e+10
-3.99863e+10
-3.98626e+10
-3.97484e+10
-3.96421e+10
-3.95437e+10
-3.94552e+10
-3.93802e+10
-3.93229e+10
-3.92856e+10
-3.92661e+10
-3.9256e+10
-3.924e+10
-3.91994e+10
-3.91137e+10
-3.8962e+10
-3.87318e+10
-3.84536e+10
-3.82701e+10
-3.84277e+10
-3.89379e+10
-3.88971e+10
-3.65884e+10
-3.24888e+10
-3.37954e+10
-4.88789e+10
-6.11332e+10
-2.93e+10
-4.05102e+10
-4.05296e+10
-4.04999e+10
-4.0573e+10
-4.06265e+10
-4.06794e+10
-4.07463e+10
-4.08181e+10
-4.08915e+10
-4.09653e+10
-4.10387e+10
-4.11121e+10
-4.11799e+10
-4.12344e+10
-4.1271e+10
-4.12886e+10
-4.12863e+10
-4.12612e+10
-4.12104e+10
-4.11317e+10
-4.1025e+10
-4.08926e+10
-4.07399e+10
-4.05748e+10
-4.04055e+10
-4.02398e+10
-4.00827e+10
-3.99372e+10
-3.98038e+10
-3.96818e+10
-3.95701e+10
-3.94682e+10
-3.93772e+10
-3.93e+10
-3.92403e+10
-3.91997e+10
-3.91758e+10
-3.91607e+10
-3.91409e+10
-3.90988e+10
-3.90144e+10
-3.8864e+10
-3.86303e+10
-3.83437e+10
-3.81645e+10
-3.83805e+10
-3.903e+10
-3.91639e+10
-3.69829e+10
-3.2847e+10
-3.32637e+10
-4.56562e+10
-5.78363e+10
-2.89206e+10
-4.04666e+10
-4.0517e+10
-4.05404e+10
-4.05676e+10
-4.06176e+10
-4.06786e+10
-4.07479e+10
-4.08192e+10
-4.08947e+10
-4.09708e+10
-4.10473e+10
-4.11238e+10
-4.11952e+10
-4.12534e+10
-4.12939e+10
-4.13152e+10
-4.13148e+10
-4.12901e+10
-4.1239e+10
-4.11591e+10
-4.10497e+10
-4.09131e+10
-4.07551e+10
-4.05836e+10
-4.04074e+10
-4.02348e+10
-4.00713e+10
-3.992e+10
-3.97817e+10
-3.96556e+10
-3.95406e+10
-3.94365e+10
-3.93449e+10
-3.92691e+10
-3.92132e+10
-3.91792e+10
-3.91645e+10
-3.91609e+10
-3.91548e+10
-3.9128e+10
-3.90595e+10
-3.89265e+10
-3.87123e+10
-3.84483e+10
-3.8295e+10
-3.85366e+10
-3.91896e+10
-3.92124e+10
-3.66148e+10
-3.1702e+10
-3.16569e+10
-4.52873e+10
-6.08256e+10
-3.45502e+10
-4.04947e+10
-4.05334e+10
-4.05595e+10
-4.05876e+10
-4.06442e+10
-4.0709e+10
-4.07786e+10
-4.08525e+10
-4.09314e+10
-4.10137e+10
-4.10985e+10
-4.11856e+10
-4.12694e+10
-4.13427e+10
-4.13995e+10
-4.14347e+10
-4.14435e+10
-4.14231e+10
-4.13714e+10
-4.12864e+10
-4.11668e+10
-4.10144e+10
-4.08355e+10
-4.06403e+10
-4.04402e+10
-4.02454e+10
-4.00631e+10
-3.98969e+10
-3.97477e+10
-3.96148e+10
-3.94972e+10
-3.93936e+10
-3.93039e+10
-3.92308e+10
-3.9178e+10
-3.91458e+10
-3.91315e+10
-3.91266e+10
-3.91167e+10
-3.90836e+10
-3.90055e+10
-3.8855e+10
-3.86078e+10
-3.82853e+10
-3.80455e+10
-3.81882e+10
-3.87826e+10
-3.8909e+10
-3.67052e+10
-3.22318e+10
-3.17844e+10
-4.42581e+10
-6.02419e+10
-3.61535e+10
-4.04988e+10
-4.05467e+10
-4.05703e+10
-4.05861e+10
-4.06385e+10
-4.0709e+10
-4.07798e+10
-4.08546e+10
-4.09362e+10
-4.10212e+10
-4.11092e+10
-4.11991e+10
-4.12856e+10
-4.13615e+10
-4.1421e+10
-4.14588e+10
-4.14699e+10
-4.14509e+10
-4.13997e+10
-4.1314e+10
-4.11923e+10
-4.10362e+10
-4.08523e+10
-4.06509e+10
-4.04437e+10
-4.02415e+10
-4.00519e+10
-3.98793e+10
-3.97244e+10
-3.95869e+10
-3.94654e+10
-3.93598e+10
-3.92707e+10
-3.92008e+10
-3.91528e+10
-3.91279e+10
-3.91231e+10
-3.91292e+10
-3.91318e+10
-3.91119e+10
-3.9047e+10
-3.89103e+10
-3.86791e+10
-3.83797e+10
-3.81767e+10
-3.83755e+10
-3.90294e+10
-3.9138e+10
-3.67574e+10
-3.2357e+10
-3.35624e+10
-4.88159e+10
-6.1521e+10
-2.94336e+10
-4.04925e+10
-4.05194e+10
-4.05532e+10
-4.05763e+10
-4.06218e+10
-4.06829e+10
-4.07525e+10
-4.08269e+10
-4.09072e+10
-4.0994e+10
-4.10861e+10
-4.11806e+10
-4.12731e+10
-4.13574e+10
-4.14279e+10
-4.14785e+10
-4.15037e+10
-4.14994e+10
-4.14616e+10
-4.13857e+10
-4.12668e+10
-4.11043e+10
-4.09045e+10
-4.06801e+10
-4.04468e+10
-4.02186e+10
-4.00052e+10
-3.98117e+10
-3.96394e+10
-3.94876e+10
-3.93546e+10
-3.92393e+10
-3.91418e+10
-3.90652e+10
-3.90134e+10
-3.89888e+10
-3.89897e+10
-3.90089e+10
-3.90331e+10
-3.90436e+10
-3.90174e+10
-3.89248e+10
-3.87381e+10
-3.84763e+10
-3.82934e+10
-3.8489e+10
-3.91595e+10
-3.94622e+10
-3.75818e+10
-3.33556e+10
-3.24929e+10
-4.38861e+10
-5.98742e+10
-3.28813e+10
-4.05018e+10
-4.05387e+10
-4.05554e+10
-4.05733e+10
-4.06187e+10
-4.06821e+10
-4.0753e+10
-4.08295e+10
-4.09112e+10
-4.09987e+10
-4.10916e+10
-4.11867e+10
-4.1279e+10
-4.13625e+10
-4.14317e+10
-4.14809e+10
-4.1505e+10
-4.14999e+10
-4.14616e+10
-4.13852e+10
-4.12661e+10
-4.11036e+10
-4.09038e+10
-4.06792e+10
-4.04452e+10
-4.02157e+10
-4.00006e+10
-3.98054e+10
-3.96315e+10
-3.94779e+10
-3.93433e+10
-3.9227e+10
-3.91298e+10
-3.90544e+10
-3.90041e+10
-3.89809e+10
-3.89831e+10
-3.90028e+10
-3.90255e+10
-3.90322e+10
-3.89996e+10
-3.88984e+10
-3.87017e+10
-3.84312e+10
-3.82467e+10
-3.84548e+10
-3.91446e+10
-3.9423e+10
-3.746e+10
-3.34986e+10
-3.42668e+10
-4.79014e+10
-6.14792e+10
-3.06748e+10
-4.05128e+10
-4.05303e+10
-4.05592e+10
-4.05908e+10
-4.06365e+10
-4.06974e+10
-4.07697e+10
-4.08487e+10
-4.09347e+10
-4.10312e+10
-4.11385e+10
-4.12515e+10
-4.13655e+10
-4.14752e+10
-4.15738e+10
-4.16527e+10
-4.17032e+10
-4.17188e+10
-4.16944e+10
-4.16237e+10
-4.14985e+10
-4.13142e+10
-4.10776e+10
-4.08073e+10
-4.05267e+10
-4.02564e+10
-4.00106e+10
-3.97956e+10
-3.96123e+10
-3.94579e+10
-3.93285e+10
-3.92213e+10
-3.91357e+10
-3.90736e+10
-3.90379e+10
-3.90307e+10
-3.90507e+10
-3.90907e+10
-3.91374e+10
-3.91717e+10
-3.91692e+10
-3.90992e+10
-3.8933e+10
-3.86896e+10
-3.85221e+10
-3.87352e+10
-3.94576e+10
-3.99149e+10
-3.83568e+10
-3.47033e+10
-3.49872e+10
-4.74238e+10
-6.08375e+10
-3.1289e+10
-4.05236e+10
-4.05465e+10
-4.05734e+10
-4.0604e+10
-4.0652e+10
-4.07123e+10
-4.07832e+10
-4.08632e+10
-4.09507e+10
-4.10474e+10
-4.11535e+10
-4.12656e+10
-4.13791e+10
-4.14887e+10
-4.1588e+10
-4.16684e+10
-4.1721e+10
-4.17383e+10
-4.17147e+10
-4.16439e+10
-4.15182e+10
-4.13332e+10
-4.10956e+10
-4.08242e+10
-4.05425e+10
-4.02714e+10
-4.00251e+10
-3.98101e+10
-3.96272e+10
-3.94733e+10
-3.93446e+10
-3.92381e+10
-3.9153e+10
-3.90909e+10
-3.90543e+10
-3.90451e+10
-3.90619e+10
-3.9098e+10
-3.9141e+10
-3.9173e+10
-3.91712e+10
-3.9107e+10
-3.89548e+10
-3.87358e+10
-3.86054e+10
-3.88683e+10
-3.96422e+10
-4.01157e+10
-3.84557e+10
-3.44284e+10
-3.3967e+10
-4.63889e+10
-6.31262e+10
-3.84343e+10
-4.04725e+10
-4.04862e+10
-4.05093e+10
-4.05436e+10
-4.05918e+10
-4.06559e+10
-4.07321e+10
-4.08165e+10
-4.09106e+10
-4.10186e+10
-4.11402e+10
-4.12718e+10
-4.1409e+10
-4.15461e+10
-4.16747e+10
-4.1784e+10
-4.18621e+10
-4.18998e+10
-4.18909e+10
-4.18272e+10
-4.16952e+10
-4.14817e+10
-4.11911e+10
-4.08506e+10
-4.04975e+10
-4.01639e+10
-3.98699e+10
-3.96236e+10
-3.94238e+10
-3.92645e+10
-3.91382e+10
-3.90388e+10
-3.89638e+10
-3.89131e+10
-3.88884e+10
-3.8891e+10
-3.89189e+10
-3.8965e+10
-3.90152e+10
-3.90494e+10
-3.90417e+10
-3.89598e+10
-3.87743e+10
-3.85022e+10
-3.82937e+10
-3.84541e+10
-3.91254e+10
-3.95396e+10
-3.78382e+10
-3.36207e+10
-3.28926e+10
-4.60038e+10
-6.55654e+10
-4.20553e+10
-4.04672e+10
-4.04805e+10
-4.05045e+10
-4.05412e+10
-4.059e+10
-4.06506e+10
-4.07233e+10
-4.08069e+10
-4.09019e+10
-4.10099e+10
-4.11311e+10
-4.12628e+10
-4.14008e+10
-4.1539e+10
-4.16688e+10
-4.17791e+10
-4.18576e+10
-4.18958e+10
-4.18885e+10
-4.1828e+10
-4.16996e+10
-4.149e+10
-4.12029e+10
-4.0865e+10
-4.05133e+10
-4.01801e+10
-3.98855e+10
-3.96376e+10
-3.94356e+10
-3.92737e+10
-3.91446e+10
-3.90427e+10
-3.89651e+10
-3.89122e+10
-3.88861e+10
-3.88884e+10
-3.89177e+10
-3.89677e+10
-3.90255e+10
-3.90726e+10
-3.90856e+10
-3.90358e+10
-3.88977e+10
-3.86933e+10
-3.85778e+10
-3.88609e+10
-3.9689e+10
-4.02914e+10
-3.8739e+10
-3.43252e+10
-3.24475e+10
-4.40303e+10
-6.43495e+10
-4.25374e+10
-4.04791e+10
-4.04855e+10
-4.04992e+10
-4.05282e+10
-4.05737e+10
-4.06339e+10
-4.07062e+10
-4.07899e+10
-4.08899e+10
-4.10103e+10
-4.11503e+10
-4.1308e+10
-4.14799e+10
-4.16592e+10
-4.18355e+10
-4.19943e+10
-4.21192e+10
-4.21968e+10
-4.22198e+10
-4.21807e+10
-4.20577e+10
-4.18201e+10
-4.14613e+10
-4.10226e+10
-4.05705e+10
-4.01579e+10
-3.98122e+10
-3.95401e+10
-3.93352e+10
-3.91852e+10
-3.90771e+10
-3.90006e+10
-3.89497e+10
-3.89221e+10
-3.89183e+10
-3.89389e+10
-3.8982e+10
-3.90411e+10
-3.91039e+10
-3.91526e+10
-3.91637e+10
-3.91079e+10
-3.89595e+10
-3.87393e+10
-3.86016e+10
-3.88606e+10
-3.96784e+10
-4.0299e+10
-3.88086e+10
-3.4625e+10
-3.33587e+10
-4.49674e+10
-6.24306e+10
-3.67822e+10
-4.04738e+10
-4.04732e+10
-4.04927e+10
-4.05293e+10
-4.05778e+10
-4.06373e+10
-4.07107e+10
-4.07977e+10
-4.09005e+10
-4.10217e+10
-4.11615e+10
-4.13183e+10
-4.14881e+10
-4.16643e+10
-4.18367e+10
-4.19911e+10
-4.21111e+10
-4.21839e+10
-4.22027e+10
-4.21599e+10
-4.20351e+10
-4.1798e+10
-4.14412e+10
-4.10047e+10
-4.05539e+10
-4.01416e+10
-3.97954e+10
-3.95223e+10
-3.93157e+10
-3.91633e+10
-3.90519e+10
-3.89711e+10
-3.89147e+10
-3.88807e+10
-3.88694e+10
-3.88821e+10
-3.89172e+10
-3.89688e+10
-3.90252e+10
-3.90691e+10
-3.90776e+10
-3.90217e+10
-3.88757e+10
-3.86614e+10
-3.85356e+10
-3.882e+10
-3.96957e+10
-4.04399e+10
-3.91615e+10
-3.52628e+10
-3.44268e+10
-4.61408e+10
-6.07846e+10
-3.19576e+10
-4.0355e+10
-4.03596e+10
-4.03722e+10
-4.04021e+10
-4.04528e+10
-4.05198e+10
-4.06014e+10
-4.07006e+10
-4.08226e+10
-4.09701e+10
-4.11435e+10
-4.13416e+10
-4.15603e+10
-4.17914e+10
-4.20223e+10
-4.22346e+10
-4.24059e+10
-4.25173e+10
-4.2563e+10
-4.25422e+10
-4.24256e+10
-4.21473e+10
-4.16673e+10
-4.10492e+10
-4.04214e+10
-3.98757e+10
-3.94452e+10
-3.91306e+10
-3.89138e+10
-3.87702e+10
-3.8677e+10
-3.86169e+10
-3.85793e+10
-3.85585e+10
-3.85532e+10
-3.85629e+10
-3.85856e+10
-3.86154e+10
-3.86416e+10
-3.86482e+10
-3.8615e+10
-3.85161e+10
-3.83301e+10
-3.80832e+10
-3.79398e+10
-3.82349e+10
-3.91643e+10
-4.0003e+10
-3.88635e+10
-3.52871e+10
-3.51135e+10
-4.71063e+10
-6.04115e+10
-3.08785e+10
-4.03614e+10
-4.0366e+10
-4.03843e+10
-4.04208e+10
-4.04727e+10
-4.05392e+10
-4.06228e+10
-4.0724e+10
-4.08451e+10
-4.09892e+10
-4.11575e+10
-4.13489e+10
-4.15594e+10
-4.17816e+10
-4.20038e+10
-4.22087e+10
-4.23747e+10
-4.24834e+10
-4.25291e+10
-4.25107e+10
-4.24003e+10
-4.21319e+10
-4.16639e+10
-4.1055e+10
-4.0431e+10
-3.98842e+10
-3.94502e+10
-3.91314e+10
-3.89105e+10
-3.87632e+10
-3.8667e+10
-3.86045e+10
-3.8565e+10
-3.85436e+10
-3.85392e+10
-3.85521e+10
-3.85809e+10
-3.86203e+10
-3.86598e+10
-3.86832e+10
-3.86686e+10
-3.85871e+10
-3.84121e+10
-3.81624e+10
-3.79928e+10
-3.82286e+10
-3.90613e+10
-3.97695e+10
-3.84455e+10
-3.44967e+10
-3.36046e+10
-4.52506e+10
-6.02099e+10
-3.26257e+10
-4.03506e+10
-4.0374e+10
-4.04e+10
-4.04418e+10
-4.05025e+10
-4.05782e+10
-4.06675e+10
-4.07733e+10
-4.0898e+10
-4.10441e+10
-4.1215e+10
-4.14126e+10
-4.16356e+10
-4.18794e+10
-4.21339e+10
-4.23815e+10
-4.25963e+10
-4.27527e+10
-4.28439e+10
-4.28785e+10
-4.28306e+10
-4.25829e+10
-4.2012e+10
-4.1183e+10
-4.03321e+10
-3.96259e+10
-3.91045e+10
-3.87563e+10
-3.85403e+10
-3.8413e+10
-3.8339e+10
-3.82937e+10
-3.82627e+10
-3.82391e+10
-3.82207e+10
-3.82073e+10
-3.81976e+10
-3.81864e+10
-3.8164e+10
-3.81153e+10
-3.80196e+10
-3.78495e+10
-3.758e+10
-3.72328e+10
-3.69692e+10
-3.71263e+10
-3.79029e+10
-3.85598e+10
-3.71204e+10
-3.29118e+10
-3.17195e+10
-4.38303e+10
-6.17213e+10
-3.8246e+10
-4.03493e+10
-4.03752e+10
-4.04004e+10
-4.04418e+10
-4.04997e+10
-4.05743e+10
-4.06633e+10
-4.07683e+10
-4.08915e+10
-4.10365e+10
-4.12066e+10
-4.14038e+10
-4.16273e+10
-4.18723e+10
-4.21286e+10
-4.23781e+10
-4.2594e+10
-4.27508e+10
-4.2843e+10
-4.28826e+10
-4.28443e+10
-4.26122e+10
-4.20609e+10
-4.1247e+10
-4.04016e+10
-3.96941e+10
-3.91688e+10
-3.88175e+10
-3.86005e+10
-3.84755e+10
-3.84074e+10
-3.83717e+10
-3.83538e+10
-3.83468e+10
-3.83489e+10
-3.83599e+10
-3.83786e+10
-3.83991e+10
-3.84107e+10
-3.83979e+10
-3.83394e+10
-3.82063e+10
-3.7971e+10
-3.76512e+10
-3.7402e+10
-3.75519e+10
-3.82937e+10
-3.88817e+10
-3.72748e+10
-3.25263e+10
-3.00254e+10
-4.1069e+10
-6.10427e+10
-4.0868e+10
-4.02451e+10
-4.02645e+10
-4.02851e+10
-4.03173e+10
-4.03618e+10
-4.04178e+10
-4.04851e+10
-4.0566e+10
-4.06653e+10
-4.07907e+10
-4.09524e+10
-4.11607e+10
-4.14226e+10
-4.17383e+10
-4.20984e+10
-4.2479e+10
-4.28376e+10
-4.31239e+10
-4.33143e+10
-4.34362e+10
-4.35054e+10
-4.33645e+10
-4.27082e+10
-4.1516e+10
-4.02361e+10
-3.92803e+10
-3.86722e+10
-3.83288e+10
-3.81561e+10
-3.8084e+10
-3.80653e+10
-3.80705e+10
-3.8084e+10
-3.80998e+10
-3.81183e+10
-3.81415e+10
-3.81702e+10
-3.82012e+10
-3.82272e+10
-3.82354e+10
-3.8207e+10
-3.81158e+10
-3.79358e+10
-3.76868e+10
-3.75273e+10
-3.77861e+10
-3.86418e+10
-3.93176e+10
-3.77578e+10
-3.31109e+10
-3.09299e+10
-4.20099e+10
-6.09734e+10
-4.11883e+10
-4.02606e+10
-4.02783e+10
-4.02988e+10
-4.03305e+10
-4.03759e+10
-4.04335e+10
-4.05016e+10
-4.05835e+10
-4.06836e+10
-4.08092e+10
-4.09699e+10
-4.11757e+10
-4.14328e+10
-4.17413e+10
-4.20918e+10
-4.2461e+10
-4.28076e+10
-4.30832e+10
-4.32661e+10
-4.33871e+10
-4.34635e+10
-4.3345e+10
-4.27315e+10
-4.15797e+10
-4.03168e+10
-3.93556e+10
-3.87289e+10
-3.83675e+10
-3.81826e+10
-3.81053e+10
-3.80878e+10
-3.81003e+10
-3.81262e+10
-3.81591e+10
-3.81979e+10
-3.82436e+10
-3.82952e+10
-3.83478e+10
-3.83913e+10
-3.84114e+10
-3.83876e+10
-3.82931e+10
-3.81025e+10
-3.78381e+10
-3.7664e+10
-3.79204e+10
-3.88081e+10
-3.95764e+10
-3.81758e+10
-3.37215e+10
-3.18212e+10
-4.31896e+10
-6.00745e+10
-3.2773e+10
-4.01658e+10
-4.01826e+10
-4.02042e+10
-4.02394e+10
-4.02877e+10
-4.03502e+10
-4.04283e+10
-4.05248e+10
-4.06466e+10
-4.08051e+10
-4.10156e+10
-4.12935e+10
-4.16483e+10
-4.20776e+10
-4.2564e+10
-4.3071e+10
-4.35371e+10
-4.38899e+10
-4.40961e+10
-4.42256e+10
-4.44135e+10
-4.45354e+10
-4.38978e+10
-4.19947e+10
-3.9757e+10
-3.84514e+10
-3.78483e+10
-3.76112e+10
-3.75791e+10
-3.76433e+10
-3.77421e+10
-3.78428e+10
-3.79327e+10
-3.80109e+10
-3.80822e+10
-3.81525e+10
-3.8225e+10
-3.82982e+10
-3.83661e+10
-3.84179e+10
-3.84367e+10
-3.83976e+10
-3.82784e+10
-3.81069e+10
-3.80535e+10
-3.84513e+10
-3.9459e+10
-4.02802e+10
-3.89759e+10
-3.50657e+10
-3.44054e+10
-4.62478e+10
-6.06004e+10
-3.05281e+10
-4.01966e+10
-4.02031e+10
-4.02251e+10
-4.02579e+10
-4.03043e+10
-4.03638e+10
-4.04378e+10
-4.05292e+10
-4.06447e+10
-4.07951e+10
-4.09954e+10
-4.12611e+10
-4.16027e+10
-4.202e+10
-4.24981e+10
-4.30035e+10
-4.34771e+10
-4.38432e+10
-4.40641e+10
-4.42103e+10
-4.44117e+10
-4.45415e+10
-4.3953e+10
-4.21441e+10
-3.997e+10
-3.86707e+10
-3.80221e+10
-3.77365e+10
-3.76621e+10
-3.76934e+10
-3.77695e+10
-3.78575e+10
-3.79443e+10
-3.80281e+10
-3.81125e+10
-3.82019e+10
-3.82981e+10
-3.83976e+10
-3.84907e+10
-3.85618e+10
-3.85883e+10
-3.85395e+10
-3.83874e+10
-3.81554e+10
-3.80138e+10
-3.83033e+10
-3.92019e+10
-3.99409e+10
-3.86015e+10
-3.47375e+10
-3.43174e+10
-4.65723e+10
-6.11044e+10
-3.38429e+10
-4.01082e+10
-4.01192e+10
-4.01378e+10
-4.01709e+10
-4.02172e+10
-4.02758e+10
-4.03449e+10
-4.04238e+10
-4.05165e+10
-4.06345e+10
-4.07987e+10
-4.10366e+10
-4.13732e+10
-4.18203e+10
-4.2369e+10
-4.2986e+10
-4.36018e+10
-4.4115e+10
-4.4475e+10
-4.48011e+10
-4.54126e+10
-4.63193e+10
-4.62005e+10
-4.31597e+10
-3.92342e+10
-3.74816e+10
-3.68589e+10
-3.67377e+10
-3.68803e+10
-3.70979e+10
-3.73102e+10
-3.74897e+10
-3.76353e+10
-3.77561e+10
-3.78626e+10
-3.79635e+10
-3.80631e+10
-3.81595e+10
-3.82442e+10
-3.83017e+10
-3.83095e+10
-3.8237e+10
-3.80582e+10
-3.78027e+10
-3.76476e+10
-3.79222e+10
-3.87515e+10
-3.93178e+10
-3.78496e+10
-3.43444e+10
-3.49276e+10
-4.80577e+10
-6.31918e+10
-3.57816e+10
-4.01209e+10
-4.01198e+10
-4.01369e+10
-4.01657e+10
-4.02081e+10
-4.02626e+10
-4.03277e+10
-4.0403e+10
-4.04925e+10
-4.06081e+10
-4.07707e+10
-4.10075e+10
-4.13436e+10
-4.17919e+10
-4.23455e+10
-4.2972e+10
-4.36022e+10
-4.41311e+10
-4.44908e+10
-4.47915e+10
-4.53389e+10
-4.61374e+10
-4.60352e+10
-4.32931e+10
-3.93785e+10
-3.76413e+10
-3.70082e+10
-3.68751e+10
-3.69967e+10
-3.7192e+10
-3.73866e+10
-3.75551e+10
-3.7696e+10
-3.78173e+10
-3.79296e+10
-3.80413e+10
-3.81563e+10
-3.82722e+10
-3.83789e+10
-3.84588e+10
-3.84858e+10
-3.84248e+10
-3.82443e+10
-3.79677e+10
-3.77653e+10
-3.79622e+10
-3.86791e+10
-3.90807e+10
-3.7298e+10
-3.29819e+10
-3.17593e+10
-4.35465e+10
-6.39096e+10
-4.54966e+10
-3.99832e+10
-3.99978e+10
-4.00099e+10
-4.00358e+10
-4.00737e+10
-4.01191e+10
-4.01652e+10
-4.02078e+10
-4.02517e+10
-4.03178e+10
-4.04497e+10
-4.07108e+10
-4.11654e+10
-4.18457e+10
-4.27356e+10
-4.37776e+10
-4.48528e+10
-4.58011e+10
-4.65864e+10
-4.74045e+10
-4.86704e+10
-5.03939e+10
-5.09414e+10
-4.65871e+10
-4.03406e+10
-3.60651e+10
-3.56579e+10
-3.60207e+10
-3.64826e+10
-3.68709e+10
-3.71713e+10
-3.74e+10
-3.75782e+10
-3.77243e+10
-3.78546e+10
-3.79816e+10
-3.81117e+10
-3.82437e+10
-3.83684e+10
-3.84687e+10
-3.85192e+10
-3.84863e+10
-3.83413e+10
-3.81117e+10
-3.79711e+10
-3.8234e+10
-3.89884e+10
-3.9378e+10
-3.76684e+10
-3.39817e+10
-3.43206e+10
-4.65896e+10
-6.04482e+10
-3.13269e+10
-3.9965e+10
-3.99763e+10
-3.99866e+10
-4.00105e+10
-4.00475e+10
-4.00934e+10
-4.0142e+10
-4.01892e+10
-4.02404e+10
-4.03168e+10
-4.04608e+10
-4.07323e+10
-4.11904e+10
-4.18666e+10
-4.27498e+10
-4.37787e+10
-4.48314e+10
-4.57343e+10
-4.63806e+10
-4.694e+10
-4.79289e+10
-4.94416e+10
-5.00838e+10
-4.69918e+10
-4.09157e+10
-3.57581e+10
-3.54839e+10
-3.59497e+10
-3.6469e+10
-3.68871e+10
-3.7204e+10
-3.74431e+10
-3.76288e+10
-3.77808e+10
-3.79154e+10
-3.8045e+10
-3.8176e+10
-3.83076e+10
-3.84312e+10
-3.85306e+10
-3.85818e+10
-3.85528e+10
-3.8416e+10
-3.81999e+10
-3.80778e+10
-3.83621e+10
-3.91234e+10
-3.9433e+10
-3.73657e+10
-3.27218e+10
-3.15084e+10
-4.36459e+10
-6.2722e+10
-4.09352e+10
-3.99622e+10
-3.99906e+10
-4.00005e+10
-4.00252e+10
-4.00581e+10
-4.00932e+10
-4.01212e+10
-4.01376e+10
-4.01517e+10
-4.01949e+10
-4.03288e+10
-4.06411e+10
-4.1208e+10
-4.20345e+10
-4.30589e+10
-4.41779e+10
-4.52568e+10
-4.6178e+10
-4.69775e+10
-4.79555e+10
-4.93088e+10
-5.09161e+10
-5.19152e+10
-5.01445e+10
-4.39573e+10
-3.00388e+10
-3.24672e+10
-3.45726e+10
-3.57591e+10
-3.64685e+10
-3.69214e+10
-3.72255e+10
-3.74404e+10
-3.76028e+10
-3.77376e+10
-3.78611e+10
-3.79818e+10
-3.80996e+10
-3.82066e+10
-3.82879e+10
-3.8321e+10
-3.82766e+10
-3.81305e+10
-3.79128e+10
-3.77939e+10
-3.8077e+10
-3.88276e+10
-3.91498e+10
-3.72403e+10
-3.31325e+10
-3.28325e+10
-4.4917e+10
-6.0444e+10
-3.41543e+10
-3.99363e+10
-3.99705e+10
-3.99738e+10
-3.99968e+10
-4.00298e+10
-4.00683e+10
-4.01029e+10
-4.01293e+10
-4.01564e+10
-4.02158e+10
-4.03676e+10
-4.06914e+10
-4.1254e+10
-4.20701e+10
-4.30929e+10
-4.42176e+10
-4.53014e+10
-4.61608e+10
-4.67613e+10
-4.74032e+10
-4.86686e+10
-5.07414e+10
-5.18309e+10
-5.04676e+10
-4.71463e+10
-2.97139e+10
-3.22351e+10
-3.44378e+10
-3.56971e+10
-3.64518e+10
-3.69358e+10
-3.72618e+10
-3.74926e+10
-3.76667e+10
-3.78092e+10
-3.79359e+10
-3.80543e+10
-3.81637e+10
-3.82559e+10
-3.83162e+10
-3.83234e+10
-3.82504e+10
-3.80762e+10
-3.78352e+10
-3.7703e+10
-3.79877e+10
-3.87406e+10
-3.89815e+10
-3.67928e+10
-3.25962e+10
-3.40125e+10
-4.96707e+10
-6.28978e+10
-3.1434e+10
-3.99491e+10
-3.99628e+10
-3.99729e+10
-3.9993e+10
-4.0022e+10
-4.00529e+10
-4.00765e+10
-4.00887e+10
-4.00998e+10
-4.01417e+10
-4.02767e+10
-4.05968e+10
-4.11742e+10
-4.20056e+10
-4.30349e+10
-4.41609e+10
-4.52612e+10
-4.622e+10
-4.70564e+10
-4.80698e+10
-4.95561e+10
-5.10778e+10
-5.05866e+10
-4.54512e+10
-2.35327e+10
-3.20002e+10
-3.42367e+10
-3.55437e+10
-3.63406e+10
-3.68505e+10
-3.7191e+10
-3.74281e+10
-3.76021e+10
-3.7739e+10
-3.7855e+10
-3.79575e+10
-3.80459e+10
-3.81117e+10
-3.81408e+10
-3.81131e+10
-3.80038e+10
-3.77941e+10
-3.75174e+10
-3.73405e+10
-3.75608e+10
-3.82577e+10
-3.85828e+10
-3.67651e+10
-3.27406e+10
-3.22034e+10
-4.35993e+10
-5.94874e+10
-3.39854e+10
-3.99445e+10
-3.99652e+10
-3.99724e+10
-3.99927e+10
-4.00234e+10
-4.00583e+10
-4.00881e+10
-4.01082e+10
-4.01274e+10
-4.0178e+10
-4.03222e+10
-4.06443e+10
-4.12136e+10
-4.20404e+10
-4.30723e+10
-4.4211e+10
-4.53163e+10
-4.61876e+10
-4.68179e+10
-4.75033e+10
-4.86887e+10
-5.06212e+10
-5.2209e+10
-5.11593e+10
-2.41376e+10
-3.19346e+10
-3.41679e+10
-3.54976e+10
-3.63135e+10
-3.68361e+10
-3.71848e+10
-3.74271e+10
-3.7605e+10
-3.77452e+10
-3.78644e+10
-3.79705e+10
-3.80628e+10
-3.81325e+10
-3.81654e+10
-3.81414e+10
-3.80357e+10
-3.78294e+10
-3.75562e+10
-3.73844e+10
-3.76145e+10
-3.83183e+10
-3.85981e+10
-3.66519e+10
-3.28204e+10
-3.40117e+10
-4.81375e+10
-6.15668e+10
-3.10493e+10
-3.99958e+10
-3.99956e+10
-4.00138e+10
-4.00373e+10
-4.00718e+10
-4.01095e+10
-4.01424e+10
-4.01658e+10
-4.01883e+10
-4.02363e+10
-4.03622e+10
-4.06474e+10
-4.11688e+10
-4.19412e+10
-4.292e+10
-4.40041e+10
-4.50644e+10
-4.59928e+10
-4.67497e+10
-4.75001e+10
-4.85017e+10
-4.97997e+10
-5.07866e+10
-4.92009e+10
-3.86197e+10
-3.46092e+10
-3.46068e+10
-3.53383e+10
-3.60624e+10
-3.66121e+10
-3.70065e+10
-3.72886e+10
-3.74949e+10
-3.76524e+10
-3.77812e+10
-3.78945e+10
-3.79986e+10
-3.80925e+10
-3.81687e+10
-3.82141e+10
-3.82107e+10
-3.81359e+10
-3.79721e+10
-3.77484e+10
-3.76181e+10
-3.78636e+10
-3.85776e+10
-3.89869e+10
-3.74388e+10
-3.39944e+10
-3.45518e+10
-4.67517e+10
-5.91226e+10
-3.0378e+10
-4.00174e+10
-4.00256e+10
-4.00392e+10
-4.00641e+10
-4.01009e+10
-4.01442e+10
-4.01858e+10
-4.02209e+10
-4.02556e+10
-4.03149e+10
-4.04491e+10
-4.07287e+10
-4.1217e+10
-4.19333e+10
-4.28441e+10
-4.386e+10
-4.48434e+10
-4.56355e+10
-4.62716e+10
-4.70443e+10
-4.81676e+10
-4.9625e+10
-5.00756e+10
-4.85638e+10
-3.96566e+10
-3.43956e+10
-3.43889e+10
-3.51854e+10
-3.59626e+10
-3.65422e+10
-3.69495e+10
-3.72344e+10
-3.74384e+10
-3.75914e+10
-3.77152e+10
-3.78245e+10
-3.79263e+10
-3.80206e+10
-3.81001e+10
-3.81518e+10
-3.81575e+10
-3.80943e+10
-3.79443e+10
-3.77365e+10
-3.76233e+10
-3.78848e+10
-3.86098e+10
-3.90115e+10
-3.73611e+10
-3.34655e+10
-3.30193e+10
-4.49523e+10
-6.09374e+10
-3.62976e+10
-4.01163e+10
-4.01218e+10
-4.01411e+10
-4.01727e+10
-4.02189e+10
-4.02768e+10
-4.03415e+10
-4.04099e+10
-4.04857e+10
-4.05835e+10
-4.07324e+10
-4.09741e+10
-4.13472e+10
-4.18658e+10
-4.25103e+10
-4.32222e+10
-4.39089e+10
-4.44647e+10
-4.48198e+10
-4.50411e+10
-4.53664e+10
-4.59399e+10
-4.58564e+10
-4.28477e+10
-3.9276e+10
-3.74497e+10
-3.67425e+10
-3.65945e+10
-3.67325e+10
-3.69437e+10
-3.71481e+10
-3.73182e+10
-3.74534e+10
-3.7561e+10
-3.76511e+10
-3.77326e+10
-3.78102e+10
-3.78834e+10
-3.79454e+10
-3.79848e+10
-3.7985e+10
-3.79242e+10
-3.77837e+10
-3.75858e+10
-3.74686e+10
-3.76944e+10
-3.83546e+10
-3.87178e+10
-3.71666e+10
-3.36294e+10
-3.37149e+10
-4.56822e+10
-6.0639e+10
-3.3278e+10
-4.01268e+10
-4.01331e+10
-4.01506e+10
-4.01813e+10
-4.02265e+10
-4.0284e+10
-4.03495e+10
-4.04204e+10
-4.05009e+10
-4.0606e+10
-4.07641e+10
-4.10136e+10
-4.13876e+10
-4.18966e+10
-4.25188e+10
-4.31955e+10
-4.38309e+10
-4.43163e+10
-4.46281e+10
-4.49108e+10
-4.54077e+10
-4.61105e+10
-4.58908e+10
-4.29958e+10
-3.92606e+10
-3.73105e+10
-3.6586e+10
-3.64635e+10
-3.66322e+10
-3.68643e+10
-3.70797e+10
-3.72537e+10
-3.73886e+10
-3.74942e+10
-3.7582e+10
-3.76616e+10
-3.77383e+10
-3.78121e+10
-3.78765e+10
-3.79197e+10
-3.79252e+10
-3.78718e+10
-3.77422e+10
-3.75609e+10
-3.74673e+10
-3.77243e+10
-3.84283e+10
-3.88532e+10
-3.72716e+10
-3.3073e+10
-3.10661e+10
-4.12191e+10
-6.07285e+10
-4.04429e+10
-4.0201e+10
-4.02074e+10
-4.02282e+10
-4.02624e+10
-4.03124e+10
-4.03782e+10
-4.04601e+10
-4.05595e+10
-4.06813e+10
-4.08364e+10
-4.10418e+10
-4.13172e+10
-4.16763e+10
-4.21178e+10
-4.26201e+10
-4.31386e+10
-4.36085e+10
-4.39593e+10
-4.41504e+10
-4.42122e+10
-4.42409e+10
-4.41595e+10
-4.33776e+10
-4.14554e+10
-3.93472e+10
-3.80936e+10
-3.74803e+10
-3.72363e+10
-3.72199e+10
-3.73083e+10
-3.7431e+10
-3.75513e+10
-3.76564e+10
-3.77464e+10
-3.78263e+10
-3.79012e+10
-3.79735e+10
-3.80403e+10
-3.80931e+10
-3.81185e+10
-3.80982e+10
-3.80094e+10
-3.78324e+10
-3.75883e+10
-3.74133e+10
-3.75695e+10
-3.81554e+10
-3.84565e+10
-3.68769e+10
-3.33711e+10
-3.35683e+10
-4.5516e+10
-5.91859e+10
-3.07999e+10
-4.02129e+10
-4.02183e+10
-4.0239e+10
-4.02719e+10
-4.03199e+10
-4.03828e+10
-4.04611e+10
-4.05566e+10
-4.06751e+10
-4.08287e+10
-4.10354e+10
-4.13155e+10
-4.16835e+10
-4.21383e+10
-4.26578e+10
-4.31954e+10
-4.36813e+10
-4.40414e+10
-4.42456e+10
-4.43468e+10
-4.44419e+10
-4.44001e+10
-4.35849e+10
-4.15688e+10
-3.93414e+10
-3.80336e+10
-3.74169e+10
-3.71821e+10
-3.71739e+10
-3.72652e+10
-3.73862e+10
-3.75022e+10
-3.76021e+10
-3.76871e+10
-3.77628e+10
-3.7835e+10
-3.79066e+10
-3.79748e+10
-3.80318e+10
-3.80643e+10
-3.8055e+10
-3.79815e+10
-3.78253e+10
-3.76085e+10
-3.74669e+10
-3.76612e+10
-3.82897e+10
-3.8622e+10
-3.69507e+10
-3.29893e+10
-3.25161e+10
-4.5045e+10
-6.10869e+10
-3.35757e+10
-4.03035e+10
-4.0307e+10
-4.03287e+10
-4.03603e+10
-4.04047e+10
-4.04624e+10
-4.05348e+10
-4.0625e+10
-4.07386e+10
-4.08845e+10
-4.10742e+10
-4.13191e+10
-4.16252e+10
-4.19882e+10
-4.23904e+10
-4.27985e+10
-4.31659e+10
-4.34443e+10
-4.36089e+10
-4.36758e+10
-4.36494e+10
-4.33731e+10
-4.25417e+10
-4.11767e+10
-3.97871e+10
-3.87926e+10
-3.81962e+10
-3.78854e+10
-3.77571e+10
-3.77317e+10
-3.77574e+10
-3.7803e+10
-3.78535e+10
-3.79047e+10
-3.79571e+10
-3.80118e+10
-3.80672e+10
-3.81164e+10
-3.81473e+10
-3.8142e+10
-3.80783e+10
-3.79292e+10
-3.76729e+10
-3.73333e+10
-3.70561e+10
-3.71172e+10
-3.76146e+10
-3.77836e+10
-3.59148e+10
-3.1817e+10
-3.1098e+10
-4.29914e+10
-6.0563e+10
-3.89338e+10
-4.0309e+10
-4.03152e+10
-4.03358e+10
-4.03672e+10
-4.04108e+10
-4.04669e+10
-4.05365e+10
-4.06223e+10
-4.07296e+10
-4.08674e+10
-4.10471e+10
-4.12803e+10
-4.15742e+10
-4.19267e+10
-4.23226e+10
-4.27315e+10
-4.31068e+10
-4.33979e+10
-4.35812e+10
-4.36772e+10
-4.36873e+10
-4.34419e+10
-4.26289e+10
-4.1259e+10
-3.98483e+10
-3.88423e+10
-3.82433e+10
-3.79296e+10
-3.77955e+10
-3.77621e+10
-3.77787e+10
-3.78157e+10
-3.78592e+10
-3.79052e+10
-3.79548e+10
-3.80096e+10
-3.80688e+10
-3.81269e+10
-3.8173e+10
-3.81917e+10
-3.81628e+10
-3.80616e+10
-3.78673e+10
-3.76017e+10
-3.74053e+10
-3.75452e+10
-3.80986e+10
-3.82348e+10
-3.61604e+10
-3.20187e+10
-3.28353e+10
-4.77357e+10
-6.2423e+10
-3.1254e+10
-4.03946e+10
-4.03992e+10
-4.04225e+10
-4.04564e+10
-4.05027e+10
-4.05615e+10
-4.0634e+10
-4.07226e+10
-4.08312e+10
-4.09654e+10
-4.1131e+10
-4.13326e+10
-4.15706e+10
-4.18389e+10
-4.21238e+10
-4.24017e+10
-4.2641e+10
-4.28118e+10
-4.29029e+10
-4.29223e+10
-4.28473e+10
-4.25613e+10
-4.19355e+10
-4.10418e+10
-4.01312e+10
-3.93881e+10
-3.88571e+10
-3.85157e+10
-3.8314e+10
-3.82038e+10
-3.8149e+10
-3.81258e+10
-3.81215e+10
-3.81309e+10
-3.81535e+10
-3.81889e+10
-3.82344e+10
-3.8282e+10
-3.83181e+10
-3.83236e+10
-3.82743e+10
-3.81415e+10
-3.79026e+10
-3.75851e+10
-3.73451e+10
-3.7471e+10
-3.80518e+10
-3.82559e+10
-3.62184e+10
-3.15013e+10
-2.96255e+10
-4.06855e+10
-5.98766e+10
-4.02969e+10
-4.03812e+10
-4.03926e+10
-4.04143e+10
-4.04495e+10
-4.04971e+10
-4.05578e+10
-4.06321e+10
-4.07222e+10
-4.08313e+10
-4.09642e+10
-4.11261e+10
-4.13208e+10
-4.15484e+10
-4.18033e+10
-4.20726e+10
-4.23342e+10
-4.25585e+10
-4.27176e+10
-4.28014e+10
-4.28182e+10
-4.2746e+10
-4.24727e+10
-4.18756e+10
-4.10163e+10
-4.01314e+10
-3.94023e+10
-3.88752e+10
-3.85302e+10
-3.83209e+10
-3.82017e+10
-3.81381e+10
-3.81071e+10
-3.80962e+10
-3.81004e+10
-3.81191e+10
-3.81524e+10
-3.81978e+10
-3.82482e+10
-3.82919e+10
-3.83122e+10
-3.82878e+10
-3.8193e+10
-3.80067e+10
-3.7754e+10
-3.75865e+10
-3.77846e+10
-3.84059e+10
-3.85233e+10
-3.62174e+10
-3.16663e+10
-3.20233e+10
-4.63855e+10
-6.15666e+10
-3.13178e+10
-4.04683e+10
-4.04727e+10
-4.04946e+10
-4.05265e+10
-4.05701e+10
-4.06257e+10
-4.06945e+10
-4.07786e+10
-4.08811e+10
-4.10053e+10
-4.11541e+10
-4.13283e+10
-4.15248e+10
-4.17363e+10
-4.19494e+10
-4.21452e+10
-4.22998e+10
-4.2393e+10
-4.24159e+10
-4.2367e+10
-4.2222e+10
-4.19219e+10
-4.14308e+10
-4.08091e+10
-4.01798e+10
-3.96331e+10
-3.92042e+10
-3.88928e+10
-3.86782e+10
-3.85344e+10
-3.84384e+10
-3.83741e+10
-3.83327e+10
-3.83109e+10
-3.8309e+10
-3.83277e+10
-3.83651e+10
-3.84142e+10
-3.84621e+10
-3.84909e+10
-3.84776e+10
-3.8395e+10
-3.82242e+10
-3.79997e+10
-3.78907e+10
-3.81986e+10
-3.90107e+10
-3.94806e+10
-3.77802e+10
-3.37092e+10
-3.31254e+10
-4.48817e+10
-5.94973e+10
-3.01989e+10
-4.04514e+10
-4.04597e+10
-4.04815e+10
-4.05143e+10
-4.05593e+10
-4.0617e+10
-4.06885e+10
-4.0776e+10
-4.08821e+10
-4.10099e+10
-4.1162e+10
-4.13386e+10
-4.15361e+10
-4.17464e+10
-4.19556e+10
-4.21446e+10
-4.22906e+10
-4.23746e+10
-4.2388e+10
-4.23277e+10
-4.21699e+10
-4.18591e+10
-4.1363e+10
-4.07421e+10
-4.01151e+10
-3.95699e+10
-3.91419e+10
-3.88316e+10
-3.86192e+10
-3.84792e+10
-3.83887e+10
-3.83316e+10
-3.82982e+10
-3.82848e+10
-3.82914e+10
-3.83181e+10
-3.83624e+10
-3.84172e+10
-3.84695e+10
-3.85019e+10
-3.84922e+10
-3.8414e+10
-3.82478e+10
-3.8026e+10
-3.79143e+10
-3.82087e+10
-3.89701e+10
-3.92679e+10
-3.71915e+10
-3.28063e+10
-3.28217e+10
-4.62446e+10
-6.14415e+10
-3.45972e+10
-4.05489e+10
-4.0558e+10
-4.05767e+10
-4.0605e+10
-4.06424e+10
-4.06893e+10
-4.07465e+10
-4.08154e+10
-4.0898e+10
-4.09963e+10
-4.11119e+10
-4.12444e+10
-4.13908e+10
-4.15446e+10
-4.16953e+10
-4.18279e+10
-4.19253e+10
-4.19741e+10
-4.19668e+10
-4.18959e+10
-4.17423e+10
-4.14801e+10
-4.11066e+10
-4.06628e+10
-4.02098e+10
-3.97959e+10
-3.94455e+10
-3.91628e+10
-3.89402e+10
-3.87652e+10
-3.86255e+10
-3.85121e+10
-3.84202e+10
-3.83491e+10
-3.83002e+10
-3.82748e+10
-3.82713e+10
-3.82826e+10
-3.82955e+10
-3.82911e+10
-3.82451e+10
-3.81293e+10
-3.79239e+10
-3.76657e+10
-3.75286e+10
-3.78136e+10
-3.8592e+10
-3.90182e+10
-3.74186e+10
-3.40189e+10
-3.4949e+10
-4.80326e+10
-6.19522e+10
-3.31573e+10
-4.05388e+10
-4.05462e+10
-4.05658e+10
-4.05941e+10
-4.06321e+10
-4.06801e+10
-4.0739e+10
-4.08104e+10
-4.08963e+10
-4.0999e+10
-4.11199e+10
-4.12585e+10
-4.14115e+10
-4.1572e+10
-4.1729e+10
-4.18674e+10
-4.19704e+10
-4.20238e+10
-4.20191e+10
-4.1947e+10
-4.17866e+10
-4.1511e+10
-4.11195e+10
-4.06563e+10
-4.01868e+10
-3.97622e+10
-3.94065e+10
-3.9124e+10
-3.89064e+10
-3.87399e+10
-3.86115e+10
-3.85113e+10
-3.84339e+10
-3.83778e+10
-3.83439e+10
-3.83329e+10
-3.83425e+10
-3.8365e+10
-3.83865e+10
-3.83878e+10
-3.8345e+10
-3.82309e+10
-3.80273e+10
-3.77728e+10
-3.76438e+10
-3.7943e+10
-3.87284e+10
-3.90911e+10
-3.71849e+10
-3.2862e+10
-3.19094e+10
-4.41651e+10
-6.4172e+10
-4.31994e+10
-4.05812e+10
-4.05948e+10
-4.06138e+10
-4.06429e+10
-4.06808e+10
-4.07279e+10
-4.07842e+10
-4.08503e+10
-4.0927e+10
-4.10146e+10
-4.1113e+10
-4.122e+10
-4.13313e+10
-4.14405e+10
-4.15391e+10
-4.16179e+10
-4.16684e+10
-4.16823e+10
-4.16518e+10
-4.15682e+10
-4.14187e+10
-4.11923e+10
-4.08936e+10
-4.05477e+10
-4.01902e+10
-3.98513e+10
-3.95499e+10
-3.92933e+10
-3.90799e+10
-3.89035e+10
-3.87572e+10
-3.86359e+10
-3.85372e+10
-3.84619e+10
-3.84123e+10
-3.83902e+10
-3.83938e+10
-3.84155e+10
-3.84414e+10
-3.84512e+10
-3.84186e+10
-3.8313e+10
-3.8113e+10
-3.78558e+10
-3.7717e+10
-3.79925e+10
-3.87247e+10
-3.90198e+10
-3.72034e+10
-3.36083e+10
-3.42501e+10
-4.63473e+10
-5.8936e+10
-3.01274e+10
-4.05855e+10
-4.05972e+10
-4.06185e+10
-4.06483e+10
-4.06868e+10
-4.0734e+10
-4.07903e+10
-4.08561e+10
-4.09323e+10
-4.10195e+10
-4.11174e+10
-4.12243e+10
-4.13366e+10
-4.14483e+10
-4.15513e+10
-4.16355e+10
-4.16906e+10
-4.17075e+10
-4.1679e+10
-4.15962e+10
-4.14452e+10
-4.12142e+10
-4.0908e+10
-4.05544e+10
-4.01912e+10
-3.98493e+10
-3.95481e+10
-3.92939e+10
-3.90843e+10
-3.89125e+10
-3.87712e+10
-3.86552e+10
-3.85624e+10
-3.84938e+10
-3.84517e+10
-3.84375e+10
-3.84494e+10
-3.84798e+10
-3.85149e+10
-3.85346e+10
-3.85136e+10
-3.84224e+10
-3.82422e+10
-3.80139e+10
-3.79183e+10
-3.82552e+10
-3.90577e+10
-3.93684e+10
-3.73268e+10
-3.29414e+10
-3.23316e+10
-4.46426e+10
-6.15857e+10
-3.63639e+10
-4.06198e+10
-4.06335e+10
-4.06508e+10
-4.06772e+10
-4.07121e+10
-4.07559e+10
-4.08089e+10
-4.08714e+10
-4.09439e+10
-4.10262e+10
-4.11171e+10
-4.12138e+10
-4.13116e+10
-4.14036e+10
-4.14814e+10
-4.15356e+10
-4.15577e+10
-4.1541e+10
-4.14802e+10
-4.1369e+10
-4.12004e+10
-4.09718e+10
-4.06915e+10
-4.03798e+10
-4.0061e+10
-3.97565e+10
-3.94805e+10
-3.92388e+10
-3.90306e+10
-3.88516e+10
-3.86974e+10
-3.85645e+10
-3.84526e+10
-3.83636e+10
-3.83005e+10
-3.82651e+10
-3.82557e+10
-3.82648e+10
-3.82784e+10
-3.82752e+10
-3.82275e+10
-3.8104e+10
-3.78852e+10
-3.76139e+10
-3.7474e+10
-3.77676e+10
-3.85265e+10
-3.88004e+10
-3.67796e+10
-3.25962e+10
-3.22634e+10
-4.41259e+10
-5.97955e+10
-3.40624e+10
-4.06188e+10
-4.06298e+10
-4.06484e+10
-4.06751e+10
-4.07103e+10
-4.0754e+10
-4.08064e+10
-4.08678e+10
-4.09384e+10
-4.10179e+10
-4.11049e+10
-4.11967e+10
-4.1289e+10
-4.13753e+10
-4.14479e+10
-4.1498e+10
-4.15172e+10
-4.14992e+10
-4.14389e+10
-4.13305e+10
-4.11677e+10
-4.09474e+10
-4.0678e+10
-4.03774e+10
-4.00687e+10
-3.97727e+10
-3.95026e+10
-3.92639e+10
-3.90565e+10
-3.88768e+10
-3.87207e+10
-3.85856e+10
-3.84716e+10
-3.83811e+10
-3.83175e+10
-3.82826e+10
-3.82746e+10
-3.82858e+10
-3.83016e+10
-3.83013e+10
-3.82581e+10
-3.8142e+10
-3.7935e+10
-3.76813e+10
-3.75676e+10
-3.78998e+10
-3.87017e+10
-3.89561e+10
-3.67554e+10
-3.25775e+10
-3.39598e+10
-4.91859e+10
-6.19326e+10
-3.025e+10
-4.06662e+10
-4.06768e+10
-4.06933e+10
-4.07167e+10
-4.07471e+10
-4.07847e+10
-4.08294e+10
-4.08815e+10
-4.09408e+10
-4.10069e+10
-4.10786e+10
-4.11531e+10
-4.12265e+10
-4.12932e+10
-4.13467e+10
-4.13799e+10
-4.13859e+10
-4.13585e+10
-4.1293e+10
-4.11852e+10
-4.1032e+10
-4.08348e+10
-4.0601e+10
-4.03436e+10
-4.00791e+10
-3.98215e+10
-3.95809e+10
-3.93622e+10
-3.91659e+10
-3.899e+10
-3.88321e+10
-3.86908e+10
-3.8567e+10
-3.84641e+10
-3.8386e+10
-3.83357e+10
-3.83116e+10
-3.8306e+10
-3.83042e+10
-3.82847e+10
-3.822e+10
-3.80793e+10
-3.78441e+10
-3.75592e+10
-3.74138e+10
-3.77237e+10
-3.8554e+10
-3.89876e+10
-3.71883e+10
-3.3185e+10
-3.30122e+10
-4.51235e+10
-6.02436e+10
-3.21312e+10
-4.06723e+10
-4.06806e+10
-4.0697e+10
-4.07204e+10
-4.0751e+10
-4.07889e+10
-4.08341e+10
-4.0887e+10
-4.09472e+10
-4.10144e+10
-4.10872e+10
-4.11627e+10
-4.12368e+10
-4.13037e+10
-4.13569e+10
-4.13893e+10
-4.13943e+10
-4.13667e+10
-4.13015e+10
-4.11948e+10
-4.10435e+10
-4.08493e+10
-4.06188e+10
-4.03651e+10
-4.01043e+10
-3.98496e+10
-3.96115e+10
-3.93948e+10
-3.92003e+10
-3.90264e+10
-3.8871e+10
-3.87329e+10
-3.86134e+10
-3.85154e+10
-3.84431e+10
-3.83991e+10
-3.83817e+10
-3.8383e+10
-3.83883e+10
-3.83764e+10
-3.8321e+10
-3.8193e+10
-3.79752e+10
-3.77132e+10
-3.75952e+10
-3.79348e+10
-3.87832e+10
-3.91708e+10
-3.71698e+10
-3.29623e+10
-3.36016e+10
-4.78469e+10
-6.22176e+10
-3.19543e+10
-4.06947e+10
-4.07047e+10
-4.07199e+10
-4.07415e+10
-4.07696e+10
-4.08042e+10
-4.08452e+10
-4.08922e+10
-4.09449e+10
-4.10022e+10
-4.10623e+10
-4.11225e+10
-4.11788e+10
-4.12264e+10
-4.12599e+10
-4.12737e+10
-4.12627e+10
-4.12222e+10
-4.11489e+10
-4.10406e+10
-4.08973e+10
-4.07214e+10
-4.05194e+10
-4.03015e+10
-4.00778e+10
-3.98582e+10
-3.965e+10
-3.94566e+10
-3.92782e+10
-3.91134e+10
-3.89601e+10
-3.8818e+10
-3.86887e+10
-3.85766e+10
-3.84876e+10
-3.84264e+10
-3.83937e+10
-3.83837e+10
-3.83832e+10
-3.83724e+10
-3.83245e+10
-3.82076e+10
-3.79979e+10
-3.77306e+10
-3.75846e+10
-3.78788e+10
-3.87167e+10
-3.92517e+10
-3.76631e+10
-3.38985e+10
-3.42254e+10
-4.71413e+10
-6.12125e+10
-3.14858e+10
-4.07055e+10
-4.07124e+10
-4.07283e+10
-4.07502e+10
-4.07789e+10
-4.08139e+10
-4.08554e+10
-4.0903e+10
-4.09563e+10
-4.10143e+10
-4.10756e+10
-4.11372e+10
-4.11954e+10
-4.12453e+10
-4.12811e+10
-4.1297e+10
-4.12874e+10
-4.1248e+10
-4.11751e+10
-4.10666e+10
-4.09224e+10
-4.07448e+10
-4.0541e+10
-4.03211e+10
-4.00956e+10
-3.98751e+10
-3.96665e+10
-3.94736e+10
-3.92969e+10
-3.9135e+10
-3.89861e+10
-3.88495e+10
-3.87268e+10
-3.8622e+10
-3.85402e+10
-3.84853e+10
-3.84576e+10
-3.84507e+10
-3.84511e+10
-3.84394e+10
-3.83901e+10
-3.82738e+10
-3.80703e+10
-3.78187e+10
-3.76998e+10
-3.803e+10
-3.89046e+10
-3.94515e+10
-3.77175e+10
-3.31869e+10
-3.15609e+10
-4.34121e+10
-6.35342e+10
-4.15155e+10
-4.07199e+10
-4.07349e+10
-4.07458e+10
-4.07662e+10
-4.07928e+10
-4.08256e+10
-4.08641e+10
-4.09079e+10
-4.09562e+10
-4.10076e+10
-4.10603e+10
-4.11113e+10
-4.11566e+10
-4.11917e+10
-4.12118e+10
-4.12125e+10
-4.11895e+10
-4.11392e+10
-4.10594e+10
-4.09488e+10
-4.08082e+10
-4.0641e+10
-4.04528e+10
-4.02507e+10
-4.00423e+10
-3.98348e+10
-3.96332e+10
-3.94403e+10
-3.92556e+10
-3.90775e+10
-3.89042e+10
-3.87359e+10
-3.85755e+10
-3.84285e+10
-3.83025e+10
-3.82043e+10
-3.81372e+10
-3.80988e+10
-3.80798e+10
-3.80634e+10
-3.80246e+10
-3.79297e+10
-3.77473e+10
-3.74972e+10
-3.73459e+10
-3.76246e+10
-3.84886e+10
-3.91465e+10
-3.76846e+10
-3.36586e+10
-3.28757e+10
-4.50339e+10
-6.29014e+10
-3.79635e+10
-4.07357e+10
-4.07432e+10
-4.07568e+10
-4.07773e+10
-4.08039e+10
-4.08365e+10
-4.08746e+10
-4.09175e+10
-4.09645e+10
-4.10142e+10
-4.10645e+10
-4.11128e+10
-4.11553e+10
-4.11881e+10
-4.12064e+10
-4.12054e+10
-4.11811e+10
-4.113e+10
-4.10493e+10
-4.09378e+10
-4.07959e+10
-4.06272e+10
-4.04369e+10
-4.02327e+10
-4.00223e+10
-3.98125e+10
-3.9609e+10
-3.94144e+10
-3.92285e+10
-3.90498e+10
-3.88765e+10
-3.87086e+10
-3.85485e+10
-3.84013e+10
-3.8274e+10
-3.81729e+10
-3.81007e+10
-3.80547e+10
-3.80249e+10
-3.79942e+10
-3.79383e+10
-3.78243e+10
-3.76236e+10
-3.73616e+10
-3.72106e+10
-3.75063e+10
-3.84138e+10
-3.91575e+10
-3.77835e+10
-3.35218e+10
-3.14885e+10
-4.19477e+10
-6.17771e+10
-4.3792e+10
-4.0774e+10
-4.07775e+10
-4.07899e+10
-4.08073e+10
-4.08303e+10
-4.08582e+10
-4.08905e+10
-4.09267e+10
-4.09662e+10
-4.10073e+10
-4.10487e+10
-4.10875e+10
-4.11204e+10
-4.11436e+10
-4.11527e+10
-4.11431e+10
-4.11112e+10
-4.10535e+10
-4.09687e+10
-4.08563e+10
-4.0718e+10
-4.05582e+10
-4.03822e+10
-4.01967e+10
-4.00061e+10
-3.98161e+10
-3.96312e+10
-3.94531e+10
-3.92804e+10
-3.91113e+10
-3.89439e+10
-3.87781e+10
-3.86169e+10
-3.84656e+10
-3.83315e+10
-3.82225e+10
-3.81446e+10
-3.80993e+10
-3.80799e+10
-3.80716e+10
-3.80489e+10
-3.79743e+10
-3.78086e+10
-3.75613e+10
-3.73982e+10
-3.76859e+10
-3.86519e+10
-3.95351e+10
-3.82791e+10
-3.42177e+10
-3.33563e+10
-4.52005e+10
-5.848e+10
-2.94373e+10
-4.07793e+10
-4.07846e+10
-4.07957e+10
-4.0813e+10
-4.08359e+10
-4.08639e+10
-4.08963e+10
-4.09328e+10
-4.09724e+10
-4.10137e+10
-4.1055e+10
-4.10936e+10
-4.11258e+10
-4.1148e+10
-4.11558e+10
-4.1145e+10
-4.11118e+10
-4.10528e+10
-4.09667e+10
-4.08533e+10
-4.07142e+10
-4.05537e+10
-4.03771e+10
-4.01909e+10
-3.99995e+10
-3.98094e+10
-3.96242e+10
-3.94454e+10
-3.92717e+10
-3.91011e+10
-3.89319e+10
-3.87639e+10
-3.86005e+10
-3.84468e+10
-3.83109e+10
-3.82008e+10
-3.81226e+10
-3.8078e+10
-3.80599e+10
-3.80526e+10
-3.8029e+10
-3.79498e+10
-3.77743e+10
-3.75118e+10
-3.73285e+10
-3.75904e+10
-3.85324e+10
-3.94125e+10
-3.82141e+10
-3.43408e+10
-3.37428e+10
-4.53429e+10
-5.76493e+10
-2.95226e+10
-4.08004e+10
-4.07943e+10
-4.08077e+10
-4.08235e+10
-4.0844e+10
-4.0868e+10
-4.08949e+10
-4.0924e+10
-4.09543e+10
-4.09845e+10
-4.1013e+10
-4.10374e+10
-4.10545e+10
-4.10615e+10
-4.10544e+10
-4.10301e+10
-4.09854e+10
-4.09173e+10
-4.08243e+10
-4.07064e+10
-4.05661e+10
-4.04078e+10
-4.02365e+10
-4.0057e+10
-3.98729e+10
-3.96893e+10
-3.9509e+10
-3.93327e+10
-3.91589e+10
-3.89858e+10
-3.88118e+10
-3.86375e+10
-3.84658e+10
-3.83019e+10
-3.81534e+10
-3.80283e+10
-3.79327e+10
-3.7869e+10
-3.78313e+10
-3.78041e+10
-3.77588e+10
-3.76536e+10
-3.74441e+10
-3.71337e+10
-3.68851e+10
-3.70843e+10
-3.80192e+10
-3.89383e+10
-3.75561e+10
-3.26906e+10
-3.0175e+10
-4.12176e+10
-5.93587e+10
-3.89052e+10
-4.07968e+10
-4.08054e+10
-4.08144e+10
-4.08308e+10
-4.08514e+10
-4.0876e+10
-4.09035e+10
-4.09333e+10
-4.09644e+10
-4.09957e+10
-4.10255e+10
-4.10513e+10
-4.10702e+10
-4.10789e+10
-4.10737e+10
-4.10512e+10
-4.10082e+10
-4.09419e+10
-4.0851e+10
-4.07357e+10
-4.05982e+10
-4.04427e+10
-4.02739e+10
-4.00962e+10
-3.9914e+10
-3.9732e+10
-3.95526e+10
-3.93763e+10
-3.92015e+10
-3.90264e+10
-3.88497e+10
-3.86721e+10
-3.8497e+10
-3.83303e+10
-3.81803e+10
-3.80554e+10
-3.79627e+10
-3.79052e+10
-3.78777e+10
-3.78647e+10
-3.78377e+10
-3.77529e+10
-3.7562e+10
-3.72645e+10
-3.70222e+10
-3.72219e+10
-3.81425e+10
-3.90215e+10
-3.76107e+10
-3.28808e+10
-3.08287e+10
-4.24247e+10
-5.9339e+10
-3.4716e+10
-4.47835e+10
-5.05642e+10
-4.68877e+10
-4.74344e+10
-5.02966e+10
-3.37243e+10
-4.62258e+10
-3.45376e+10
-1.65957e+10
-1.60258e+10
-4.86885e+10
-5.20444e+10
-4.74917e+10
-5.11686e+10
-5.05117e+10
-3.39413e+10
-4.7885e+10
-3.30194e+10
-1.53084e+10
-1.4129e+10
-4.96112e+10
-4.87324e+10
-4.31017e+10
-5.01111e+10
-4.59541e+10
-1.69413e+10
-1.72345e+10
-4.12099e+10
-3.18861e+10
-4.38603e+10
-3.27899e+10
-5.04536e+10
-5.06273e+10
-4.72868e+10
-5.06298e+10
-4.85044e+10
-1.72017e+10
-1.69933e+10
-4.49014e+10
-3.2914e+10
-4.58716e+10
-3.26343e+10
-4.39042e+10
-4.67341e+10
-4.43953e+10
-4.88631e+10
-4.46231e+10
-4.89361e+10
-4.53491e+10
-3.76881e+10
-4.09812e+10
-3.86715e+10
-4.03659e+10
-3.70663e+10
-4.09487e+10
-3.79936e+10
-4.45019e+10
-4.70293e+10
-4.44898e+10
-4.89236e+10
-4.60127e+10
-5.01159e+10
-4.66375e+10
-3.83605e+10
-4.04419e+10
-3.7732e+10
-4.09851e+10
-3.73837e+10
-4.06578e+10
-3.67207e+10
-5.22387e+10
-5.19475e+10
-5.26548e+10
-5.17042e+10
-5.10161e+10
-5.20984e+10
-5.18183e+10
-4.48938e+10
-4.0366e+10
-4.43272e+10
-4.0409e+10
-4.3422e+10
-3.10695e+10
-3.03978e+10
-3.17444e+10
-2.3433e+10
-2.76796e+10
-2.35159e+10
-2.8296e+10
-5.25065e+10
-5.07425e+10
-5.18015e+10
-5.22462e+10
-5.2209e+10
-5.18774e+10
-5.18732e+10
-4.44115e+10
-4.17403e+10
-4.80839e+10
-4.20494e+10
-4.44536e+10
-3.13384e+10
-2.90259e+10
-3.07366e+10
-2.28037e+10
-2.78026e+10
-2.21827e+10
-2.71641e+10
-4.90603e+10
-5.18173e+10
-5.10316e+10
-5.09288e+10
-5.0206e+10
-5.15738e+10
-5.1412e+10
-4.67666e+10
-4.60801e+10
-4.6831e+10
-4.76411e+10
-4.54733e+10
-3.95234e+10
-3.78241e+10
-2.75686e+10
-2.39736e+10
-2.8163e+10
-2.90183e+10
-3.03162e+10
-2.95696e+10
-3.08233e+10
-5.21401e+10
-5.18328e+10
-5.19373e+10
-5.19471e+10
-5.22399e+10
-5.08277e+10
-5.16631e+10
-5.00424e+10
-5.15631e+10
-5.17335e+10
-5.01384e+10
-5.15821e+10
-4.31976e+10
-4.17512e+10
-2.81786e+10
-2.39534e+10
-2.76691e+10
-2.96813e+10
-3.07494e+10
-2.94446e+10
-3.02612e+10
-4.38897e+10
-4.89667e+10
-4.45381e+10
-4.6002e+10
-4.33419e+10
-4.62445e+10
-4.3783e+10
-3.48155e+10
-3.92896e+10
-3.5542e+10
-3.96898e+10
-3.69784e+10
-4.02964e+10
-3.77086e+10
-4.51622e+10
-4.85285e+10
-4.53482e+10
-4.63733e+10
-4.38579e+10
-4.65152e+10
-4.38947e+10
-3.54779e+10
-3.96755e+10
-3.51152e+10
-4.03085e+10
-3.7667e+10
-4.01347e+10
-3.72347e+10
-4.74392e+10
-4.42704e+10
-4.51711e+10
-4.45176e+10
-4.70594e+10
-4.78971e+10
-4.58984e+10
-4.59093e+10
-4.53025e+10
-4.92331e+10
-4.94591e+10
-5.00571e+10
-4.78612e+10
-5.02705e+10
-4.91525e+10
-4.9667e+10
-4.91567e+10
-4.9403e+10
-5.12115e+10
-4.92485e+10
-5.09783e+10
-5.00796e+10
-4.94752e+10
-5.10425e+10
-4.49602e+10
-4.52027e+10
-4.15677e+10
-4.09303e+10
-4.49937e+10
-4.25518e+10
-4.1053e+10
-3.26104e+10
-2.25191e+10
-1.62117e+10
-2.23911e+10
-3.17278e+10
-4.24537e+10
-4.14907e+10
-3.23964e+10
-2.19088e+10
-1.61905e+10
-2.21729e+10
-3.10694e+10
-5.03741e+10
-4.78053e+10
-4.99426e+10
-4.91325e+10
-4.9676e+10
-5.14608e+10
-4.93591e+10
-4.58727e+10
-4.73848e+10
-4.96671e+10
-5.05147e+10
-5.16525e+10
-5.16127e+10
-5.03157e+10
-5.17093e+10
-5.06077e+10
-5.06095e+10
-5.06147e+10
-5.07793e+10
-5.1553e+10
-5.12552e+10
-4.97423e+10
-5.1463e+10
-5.31211e+10
-4.45077e+10
-4.84725e+10
-4.21822e+10
-4.22267e+10
-4.30813e+10
-3.96113e+10
-4.05577e+10
-2.88035e+10
-2.0943e+10
-1.45906e+10
-3.01545e+10
-2.02041e+10
-3.93429e+10
-3.73839e+10
-2.83878e+10
-1.9493e+10
-1.37893e+10
-1.94901e+10
-2.70356e+10
-4.69973e+10
-4.56935e+10
-4.79533e+10
-4.79767e+10
-5.07671e+10
-4.94515e+10
-4.96961e+10
-4.82736e+10
-5.00103e+10
-4.67627e+10
-4.41022e+10
-4.36707e+10
-4.45386e+10
-4.59057e+10
-4.76169e+10
-4.49e+10
-4.65688e+10
-4.89113e+10
-4.55981e+10
-3.13523e+10
-1.66542e+10
-2.24404e+10
-2.24882e+10
-3.01217e+10
-4.00167e+10
-4.12575e+10
-3.17309e+10
-1.69935e+10
-2.32919e+10
-2.2881e+10
-3.26882e+10
-4.09834e+10
-3.77541e+10
-4.17024e+10
-3.7856e+10
-3.95847e+10
-4.13794e+10
-4.27619e+10
-3.92684e+10
-4.26376e+10
-3.8488e+10
-5.03671e+10
-5.03796e+10
-4.94863e+10
-5.14869e+10
-5.06679e+10
-5.13057e+10
-4.80852e+10
-5.14647e+10
-4.97526e+10
-4.97544e+10
-4.77559e+10
-4.84974e+10
-4.9419e+10
-4.89053e+10
-4.96636e+10
-4.8406e+10
-4.89818e+10
-4.83362e+10
-4.99508e+10
-3.42184e+10
-1.69693e+10
-2.36503e+10
-3.31065e+10
-2.37646e+10
-4.36352e+10
-4.25512e+10
-3.44806e+10
-1.66293e+10
-2.38467e+10
-2.38027e+10
-3.36259e+10
-4.44296e+10
-3.98237e+10
-4.58269e+10
-4.31676e+10
-4.02906e+10
-4.47988e+10
-4.60435e+10
-4.0533e+10
-4.04413e+10
-4.38004e+10
-4.88354e+10
-4.65186e+10
-5.01633e+10
-5.12945e+10
-4.65166e+10
-5.13229e+10
-4.87723e+10
-5.04165e+10
-4.84057e+10
-5.06177e+10
-5.25894e+10
-4.92755e+10
-5.04083e+10
-5.23033e+10
-4.90246e+10
-5.0354e+10
-4.78878e+10
-5.22743e+10
-4.73019e+10
-5.18116e+10
-4.98748e+10
-3.42013e+10
-3.64328e+10
-3.39294e+10
-2.94636e+10
-3.65534e+10
-2.95594e+10
-3.39608e+10
-3.42118e+10
-3.41806e+10
-3.72321e+10
-2.95296e+10
-3.68827e+10
-2.954e+10
-3.40772e+10
-5.02475e+10
-5.15751e+10
-5.15552e+10
-5.24339e+10
-4.95338e+10
-5.23281e+10
-5.04882e+10
-3.30643e+10
-3.68799e+10
-3.37558e+10
-2.86673e+10
-3.68083e+10
-3.3373e+10
-2.82447e+10
-3.29022e+10
-3.32743e+10
-3.64574e+10
-2.75544e+10
-3.66416e+10
-2.77491e+10
-3.24791e+10
-4.83036e+10
-4.91846e+10
-4.6795e+10
-4.90577e+10
-4.98761e+10
-4.71619e+10
-4.76847e+10
-4.96432e+10
-5.19066e+10
-4.99165e+10
-4.84284e+10
-5.12296e+10
-5.06884e+10
-4.78731e+10
-3.2093e+10
-2.82619e+10
-3.40396e+10
-3.21211e+10
-2.84615e+10
-3.41781e+10
-3.18133e+10
-3.24727e+10
-2.91656e+10
-3.25315e+10
-3.50356e+10
-2.88267e+10
-3.2909e+10
-3.45848e+10
-5.08214e+10
-5.27027e+10
-4.88783e+10
-5.03853e+10
-5.09125e+10
-5.25709e+10
-4.92627e+10
-5.07072e+10
-5.1776e+10
-5.06219e+10
-4.96392e+10
-5.25115e+10
-4.901e+10
-5.04561e+10
-3.38126e+10
-2.95293e+10
-3.52806e+10
-3.28258e+10
-3.34619e+10
-2.96243e+10
-3.54094e+10
-3.4033e+10
-2.95969e+10
-3.27377e+10
-3.54433e+10
-2.96675e+10
-3.54289e+10
-3.39495e+10
-4.99613e+10
-4.19769e+10
-5.67004e+10
-4.46916e+10
-4.17129e+10
-5.05818e+10
-5.62619e+10
-4.969e+10
-4.78627e+10
-4.81099e+10
-4.95866e+10
-4.92986e+10
-4.92786e+10
-4.83374e+10
-5.01866e+10
-5.07292e+10
-4.50647e+10
-4.20083e+10
-5.55199e+10
-4.19194e+10
-5.69197e+10
-4.94714e+10
-5.45325e+10
-4.32221e+10
-4.41981e+10
-5.98629e+10
-4.29494e+10
-5.52818e+10
-5.92908e+10
-5.53294e+10
-5.47771e+10
-5.47183e+10
-5.54244e+10
-5.41476e+10
-4.43382e+10
-4.28134e+10
-5.8694e+10
-5.37166e+10
-4.29591e+10
-5.89282e+10
-5.59676e+10
-5.73548e+10
-5.61247e+10
-5.69834e+10
-4.43626e+10
-4.44188e+10
-4.73121e+10
-4.59167e+10
-4.30079e+10
-4.52461e+10
-4.65764e+10
-4.26616e+10
-4.30168e+10
-4.26924e+10
-4.3e+10
-4.32367e+10
-4.41327e+10
-4.32833e+10
-4.41364e+10
-4.36344e+10
-4.5323e+10
-4.31348e+10
-4.60549e+10
-4.29058e+10
-4.59943e+10
-4.40522e+10
-3.9339e+10
-3.91778e+10
-5.05067e+10
-5.06441e+10
-4.97196e+10
-5.01738e+10
-5.05464e+10
-5.04782e+10
-5.04024e+10
-5.00398e+10
-4.92526e+10
-5.00025e+10
-4.94886e+10
-5.05885e+10
-5.08671e+10
-5.06867e+10
-5.06692e+10
-5.03553e+10
-5.02577e+10
-4.92849e+10
-5.08358e+10
-5.01802e+10
-5.00293e+10
-5.0725e+10
-4.26867e+10
-4.22056e+10
-4.57846e+10
-4.67232e+10
-4.69487e+10
-4.70302e+10
-4.636e+10
-4.61741e+10
-4.65375e+10
-4.54598e+10
-4.61381e+10
-4.61953e+10
-4.52766e+10
-4.55909e+10
-4.72911e+10
-4.63363e+10
-4.61619e+10
-4.55036e+10
-4.70286e+10
-4.61955e+10
-4.61278e+10
-4.62434e+10
-4.62833e+10
-4.50588e+10
-4.74377e+10
-4.71816e+10
-4.79457e+10
-4.83311e+10
-4.68168e+10
-4.73047e+10
-4.91408e+10
-4.95458e+10
-5.26477e+10
-5.15921e+10
-4.99394e+10
-4.86214e+10
-4.88962e+10
-4.73485e+10
-5.04654e+10
-4.78773e+10
-4.85092e+10
-4.83602e+10
-5.02337e+10
-4.76766e+10
-5.03246e+10
-4.81346e+10
-4.88601e+10
-4.93982e+10
-4.94625e+10
-4.92203e+10
-4.92792e+10
-4.93518e+10
-4.90746e+10
-4.66373e+10
-4.4523e+10
-4.42156e+10
-4.67131e+10
-4.70588e+10
-4.54397e+10
-4.47315e+10
-4.75113e+10
-4.85659e+10
-4.92469e+10
-4.92396e+10
-4.89291e+10
-4.92112e+10
-4.91036e+10
-4.87113e+10
-4.94574e+10
-4.93824e+10
-4.9604e+10
-4.96389e+10
-4.94496e+10
-4.98121e+10
-4.95566e+10
-4.96201e+10
-4.98276e+10
-4.89537e+10
-4.85694e+10
-4.95204e+10
-4.78465e+10
-4.96669e+10
-4.984e+10
-5.01109e+10
-5.03547e+10
-4.95701e+10
-5.01341e+10
-5.01461e+10
-4.86081e+10
-4.64978e+10
-4.83105e+10
-4.71941e+10
-4.99268e+10
-5.12949e+10
-5.19868e+10
-4.22654e+10
-5.72209e+10
-4.49722e+10
-5.12645e+10
-4.25065e+10
-5.77542e+10
-5.33324e+10
-5.44514e+10
-5.42187e+10
-5.35083e+10
-5.23425e+10
-5.07804e+10
-5.12288e+10
-5.22744e+10
-5.26464e+10
-4.49395e+10
-4.30344e+10
-5.87175e+10
-5.33974e+10
-4.26547e+10
-5.82668e+10
-4.26783e+10
-4.27055e+10
-2.00381e+10
-2.73217e+10
-2.36648e+10
-3.28432e+10
-2.74277e+10
-2.40326e+10
-1.98838e+10
-1.45183e+10
-1.20606e+10
-1.15015e+10
-1.48411e+10
-1.46563e+10
-1.18987e+10
-1.46554e+10
-1.17188e+10
-1.97185e+10
-3.2657e+10
-2.71278e+10
-2.31654e+10
-2.72319e+10
-2.36522e+10
-2.0146e+10
-4.22479e+10
-4.19584e+10
-1.91945e+10
-2.71058e+10
-3.2042e+10
-2.33243e+10
-2.68638e+10
-1.96008e+10
-2.27991e+10
-1.37715e+10
-1.11421e+10
-1.3301e+10
-1.14604e+10
-1.87389e+10
-3.16134e+10
-2.62007e+10
-2.12545e+10
-2.65434e+10
-2.21184e+10
-1.81786e+10
-1.41822e+10
-1.18848e+10
-1.44999e+10
-1.17271e+10
-5.01108e+10
-5.01538e+10
-5.00415e+10
-5.06745e+10
-5.00171e+10
-5.054e+10
-5.0274e+10
-5.0759e+10
-5.2832e+10
-5.34872e+10
-5.0283e+10
-4.95538e+10
-4.98566e+10
-4.92516e+10
-4.99227e+10
-4.96418e+10
-4.90948e+10
-4.99546e+10
-5.13136e+10
-5.51636e+10
-5.41045e+10
-5.22554e+10
-5.33569e+10
-4.94701e+10
-5.2399e+10
-5.03707e+10
-5.06963e+10
-4.72814e+10
-5.89406e+10
-6.19924e+10
-6.00232e+10
-6.13296e+10
-5.58162e+10
-5.91858e+10
-5.78942e+10
-5.47676e+10
-6.10083e+10
-5.77902e+10
-4.97112e+10
-4.57308e+10
-7.13762e+10
-4.61009e+10
-7.74358e+10
-4.73917e+10
-5.11667e+10
-5.04878e+10
-5.07413e+10
-5.08553e+10
-5.08499e+10
-5.08977e+10
-5.1076e+10
-5.05792e+10
-4.94005e+10
-5.00536e+10
-5.01602e+10
-5.09415e+10
-5.04821e+10
-5.05482e+10
-5.05963e+10
-5.0764e+10
-5.06469e+10
-5.08018e+10
-5.10227e+10
-5.09407e+10
-5.06854e+10
-5.11156e+10
-5.04825e+10
-5.05231e+10
-5.01896e+10
-5.04313e+10
-5.06513e+10
-5.06671e+10
-5.00064e+10
-5.0746e+10
-5.05605e+10
-5.01539e+10
-5.0124e+10
-5.02002e+10
-5.01246e+10
-5.04397e+10
-5.09773e+10
-5.09668e+10
-5.05696e+10
-5.008e+10
-5.01979e+10
-5.00055e+10
-5.05924e+10
-4.98992e+10
-5.07329e+10
-5.01324e+10
-5.22845e+10
-5.41305e+10
-5.70114e+10
-4.33438e+10
-6.05604e+10
-4.46764e+10
-5.62591e+10
-4.34899e+10
-6.11922e+10
-6.08258e+10
-6.22877e+10
-6.31178e+10
-6.01929e+10
-6.0063e+10
-5.98846e+10
-5.86237e+10
-6.25561e+10
-5.81598e+10
-4.49183e+10
-4.37022e+10
-6.01611e+10
-4.36671e+10
-6.20772e+10
-5.59461e+10
-3.97271e+10
-4.00861e+10
-1.60361e+10
-2.91027e+10
-2.42611e+10
-1.79651e+10
-2.45234e+10
-1.84625e+10
-1.55925e+10
-1.20931e+10
-1.0681e+10
-1.26298e+10
-1.03276e+10
-1.66279e+10
-2.95661e+10
-2.53961e+10
-2.00962e+10
-1.72689e+10
-2.49448e+10
-1.92804e+10
-1.15245e+10
-9.5885e+09
-1.10894e+10
-9.91187e+09
-3.94567e+10
-3.92021e+10
-1.46147e+10
-2.38459e+10
-1.72652e+10
-2.835e+10
-2.36763e+10
-1.49509e+10
-1.70406e+10
-9.55739e+09
-8.80159e+09
-8.09726e+09
-1.01812e+10
-1.00641e+10
-9.06992e+09
-1.0502e+10
-8.52597e+09
-1.38986e+10
-2.77368e+10
-2.32277e+10
-1.60117e+10
-2.32168e+10
-1.6149e+10
-1.47855e+10
-4.61258e+10
-4.57746e+10
-4.70637e+10
-4.5826e+10
-4.85245e+10
-4.84807e+10
-4.65357e+10
-4.57607e+10
-4.90889e+10
-4.70309e+10
-4.81576e+10
-4.8241e+10
-4.71678e+10
-4.60403e+10
-4.52897e+10
-4.53138e+10
-4.62273e+10
-4.82289e+10
-4.9102e+10
-4.74572e+10
-5.02579e+10
-4.90812e+10
-4.51752e+10
-5.0023e+10
-4.8821e+10
-4.9914e+10
-4.47882e+10
-4.61274e+10
-4.6575e+10
-4.61785e+10
-4.5568e+10
-4.6132e+10
-4.52669e+10
-4.32127e+10
-4.24518e+10
-4.25359e+10
-4.30759e+10
-4.33362e+10
-4.33345e+10
-4.39864e+10
-4.25692e+10
-4.42932e+10
-4.57552e+10
-4.50708e+10
-4.57815e+10
-4.52336e+10
-4.58589e+10
-4.4052e+10
-4.68644e+10
-4.6863e+10
-4.79221e+10
-4.7301e+10
-4.76336e+10
-4.59629e+10
-4.76397e+10
-4.71422e+10
-4.78543e+10
-4.67164e+10
-4.78286e+10
-4.61789e+10
-4.44684e+10
-4.49417e+10
-4.56462e+10
-4.78086e+10
-4.83881e+10
-4.91053e+10
-4.8777e+10
-4.85531e+10
-4.8273e+10
-4.80864e+10
-2.01496e+10
-2.40994e+10
-2.67142e+10
-3.12467e+10
-2.39939e+10
-2.0343e+10
-2.65689e+10
-1.49478e+10
-1.23268e+10
-1.17655e+10
-1.52318e+10
-1.52361e+10
-1.22971e+10
-1.20301e+10
-1.54968e+10
-1.96697e+10
-3.09397e+10
-2.28495e+10
-2.62226e+10
-2.33266e+10
-2.62958e+10
-2.00965e+10
-4.03322e+10
-4.08078e+10
-2.08706e+10
-2.45308e+10
-2.69777e+10
-3.19812e+10
-2.06632e+10
-2.4862e+10
-2.71432e+10
-1.60958e+10
-1.22321e+10
-1.23602e+10
-1.6261e+10
-1.59098e+10
-1.24056e+10
-1.24112e+10
-1.57302e+10
-2.11382e+10
-3.231e+10
-2.56963e+10
-2.76197e+10
-2.53208e+10
-2.73596e+10
-2.14291e+10
-4.46138e+10
-5.02711e+10
-3.85572e+10
-4.06607e+10
-4.98008e+10
-3.82764e+10
-4.51554e+10
-4.36759e+10
-4.25384e+10
-4.27154e+10
-4.37905e+10
-4.33732e+10
-4.36102e+10
-4.28487e+10
-4.41325e+10
-4.52227e+10
-4.08706e+10
-4.92625e+10
-3.85116e+10
-5.03038e+10
-3.83905e+10
-4.42841e+10
-4.64858e+10
-5.08884e+10
-4.17151e+10
-3.89748e+10
-5.15075e+10
-4.578e+10
-3.93415e+10
-4.68447e+10
-4.80631e+10
-4.69719e+10
-4.7722e+10
-4.59222e+10
-4.46465e+10
-4.58425e+10
-4.49567e+10
-4.72005e+10
-4.2162e+10
-5.28147e+10
-4.01329e+10
-5.21605e+10
-3.97684e+10
-4.78436e+10
-5.10369e+10
-5.06509e+10
-5.01771e+10
-5.2124e+10
-4.93316e+10
-4.7255e+10
-5.04125e+10
-5.66865e+10
-4.98379e+10
-5.01213e+10
-5.01948e+10
-5.02124e+10
-5.00979e+10
-5.04205e+10
-5.09021e+10
-5.07077e+10
-5.0541e+10
-4.98455e+10
-4.83377e+10
-4.97518e+10
-4.9092e+10
-5.04088e+10
-4.95487e+10
-4.94285e+10
-5.4209e+10
-5.02639e+10
-4.94256e+10
-4.99076e+10
-4.97901e+10
-4.98703e+10
-4.97588e+10
-4.99241e+10
-4.97814e+10
-4.91873e+10
-4.8828e+10
-4.85646e+10
-4.97156e+10
-4.90032e+10
-4.97427e+10
-4.93483e+10
-4.92609e+10
-4.85799e+10
-4.96236e+10
-4.96317e+10
-4.97498e+10
-5.10553e+10
-5.03978e+10
-5.04026e+10
-4.99913e+10
-5.07238e+10
-4.97615e+10
-5.02488e+10
-5.04009e+10
-5.03997e+10
-5.00457e+10
-5.04691e+10
-5.12381e+10
-5.14021e+10
-5.04062e+10
-5.05497e+10
-5.13787e+10
-5.10222e+10
-5.1598e+10
-5.00885e+10
-5.01448e+10
-5.01557e+10
-5.00308e+10
-5.01435e+10
-5.01343e+10
-5.00309e+10
-2.21245e+10
-2.72702e+10
-3.38164e+10
-2.85858e+10
-2.68331e+10
-2.23937e+10
-2.83554e+10
-1.63611e+10
-1.19343e+10
-1.17758e+10
-1.62417e+10
-1.64165e+10
-1.14236e+10
-1.1582e+10
-1.65388e+10
-2.19199e+10
-3.34565e+10
-2.59959e+10
-2.79481e+10
-2.64507e+10
-2.16767e+10
-2.81526e+10
-4.39154e+10
-4.4015e+10
-2.25646e+10
-2.74609e+10
-2.87175e+10
-3.4697e+10
-2.24701e+10
-2.77837e+10
-2.8793e+10
-1.61257e+10
-1.10643e+10
-1.03863e+10
-1.61954e+10
-1.6345e+10
-1.10335e+10
-1.06931e+10
-1.64067e+10
-2.21971e+10
-3.4647e+10
-2.67001e+10
-2.85441e+10
-2.739e+10
-2.86375e+10
-2.24431e+10
-4.93043e+10
-4.39132e+10
-5.5032e+10
-4.13581e+10
-5.44541e+10
-4.10438e+10
-4.97979e+10
-4.91572e+10
-4.89851e+10
-4.84748e+10
-4.98214e+10
-4.88404e+10
-4.35271e+10
-5.34403e+10
-4.05317e+10
-5.39482e+10
-4.83809e+10
-4.07484e+10
-4.97838e+10
-5.11463e+10
-5.05132e+10
-5.03354e+10
-5.0278e+10
-5.55903e+10
-4.15024e+10
-4.48527e+10
-5.57523e+10
-5.0228e+10
-4.15271e+10
-5.14143e+10
-5.14967e+10
-5.18217e+10
-5.13155e+10
-5.09984e+10
-5.17164e+10
-5.19393e+10
-5.08685e+10
-5.11208e+10
-4.52901e+10
-5.51962e+10
-4.18876e+10
-5.65172e+10
-4.17873e+10
-4.96997e+10
)
;

boundaryField
{
    inlet
    {
        type            zeroGradient;
    }
    outlet
    {
        type            fixedValue;
        value           uniform 101325;
    }
    rightSide
    {
        type            symmetryPlane;
    }
    leftSide
    {
        type            symmetryPlane;
    }
    duct
    {
        type            zeroGradient;
    }
    cylinder
    {
        type            zeroGradient;
    }
}


// ************************************************************************* //
