/*--------------------------------*- C++ -*----------------------------------*\
| =========                 |                                                 |
| \\      /  F ield         | OpenFOAM: The Open Source CFD Toolbox           |
|  \\    /   O peration     | Version:  4.1                                   |
|   \\  /    A nd           | Web:      www.OpenFOAM.org                      |
|    \\/     M anipulation  |                                                 |
\*---------------------------------------------------------------------------*/
FoamFile
{
    version     2.0;
    format      ascii;
    class       volScalarField;
    location    "33";
    object      omega;
}
// * * * * * * * * * * * * * * * * * * * * * * * * * * * * * * * * * * * * * //

dimensions      [0 0 -1 0 0 0 0];

internalField   nonuniform List<scalar> 
4432
(
0.0111163
0.0114249
0.0118268
0.0121361
0.0125068
0.0128315
0.0131672
0.0135031
0.0138102
0.0141323
0.0144168
0.0147053
0.0149674
0.0152269
0.0154704
0.0157024
0.0159389
0.0161546
0.0163812
0.016581
0.0167844
0.0169551
0.0171494
0.017348
0.017544
0.0177577
0.017954
0.0181849
0.0184683
0.0188312
0.0196805
0.0212165
0.0233922
0.0255617
0.0280806
0.0301036
0.0322806
0.0332283
0.0332396
0.0333267
0.0344773
0.0343314
0.0348386
0.0355854
0.0355358
0.0352492
0.0350929
0.0345456
0.0345906
0.0351584
0.0325769
0.0646289
0.0646309
0.0615646
0.0110615
0.0114762
0.0117867
0.0121628
0.0124914
0.0128348
0.0131723
0.0134979
0.0138216
0.0141334
0.0144275
0.0147199
0.0149835
0.0152596
0.0154939
0.0157651
0.0159735
0.0162359
0.016438
0.0166681
0.0168759
0.0170704
0.0172745
0.0174757
0.0176457
0.0178549
0.0180997
0.0183441
0.018691
0.0191817
0.0204542
0.0219471
0.0239702
0.026018
0.0283177
0.0304045
0.0324837
0.0333537
0.033349
0.0333759
0.0344831
0.0344037
0.0343233
0.0347723
0.0345788
0.0347298
0.034623
0.0346556
0.0343007
0.034577
0.0337459
0.0417257
0.0488578
0.0642308
21.813
3.38856
1.24457
0.673438
0.440787
0.32205
0.252135
0.206666
0.174846
0.15145
0.13344
0.119299
0.10771
0.0982776
0.0901404
0.0834015
0.0773208
0.0722763
0.0675764
0.0637249
0.0601457
0.0572179
0.0544137
0.0521908
0.0500465
0.0483756
0.0467577
0.0454263
0.0441114
0.0428727
0.041772
0.0404514
0.0394129
0.0381287
0.0372239
0.0360466
0.035191
0.0340774
0.0333268
0.0324215
0.0310967
0.031168
0.0286663
0.0293909
0.0275023
0.0272003
0.026976
0.0277273
0.0284291
0.0296131
0.0322314
0.188223
0.392346
0.500913
21.8129
3.38876
1.24481
0.673589
0.440869
0.322098
0.252181
0.2067
0.174905
0.151479
0.133521
0.119317
0.107817
0.0982869
0.0902755
0.0834265
0.0774955
0.0723223
0.0677474
0.0638079
0.0603906
0.0573863
0.0547644
0.0524289
0.0504409
0.0486264
0.0470524
0.0455812
0.0442365
0.04302
0.0417522
0.0405317
0.0393386
0.0382518
0.0372221
0.0362598
0.0353624
0.034527
0.0337576
0.0329349
0.0322053
0.0313554
0.0308038
0.0299648
0.0291055
0.02879
0.0277199
0.0280651
0.0293615
0.0283839
0.0306821
0.062937
0.160578
0.196579
21.8081
3.38599
1.24097
0.671453
0.440151
0.322055
0.25238
0.207013
0.1752
0.151832
0.133794
0.119696
0.108091
0.0987347
0.090637
0.0840174
0.078086
0.0731726
0.0686906
0.0648457
0.0613495
0.0582424
0.0555247
0.0530482
0.0510198
0.049054
0.047558
0.0459774
0.0447799
0.0433965
0.0423247
0.0410987
0.0399909
0.0389225
0.0378698
0.0367784
0.0356334
0.0346878
0.0336242
0.0326504
0.031699
0.0308415
0.0302232
0.0292222
0.0284491
0.0278344
0.0276501
0.0267713
0.0267115
0.0267067
0.0269979
0.0545681
0.139993
0.172206
21.8079
3.38614
1.24112
0.671553
0.440214
0.322095
0.252432
0.207049
0.175273
0.151869
0.133896
0.11973
0.108218
0.0987671
0.0907802
0.0840715
0.0782305
0.0732615
0.0688152
0.0649847
0.0615024
0.058521
0.0557702
0.0535059
0.0513554
0.0495559
0.0479443
0.0463619
0.0451614
0.043665
0.0425917
0.0412651
0.0401096
0.03896
0.0377666
0.0366634
0.0354652
0.0346508
0.0334766
0.0321163
0.0312182
0.0300939
0.0295189
0.0283709
0.0277295
0.0271117
0.0267868
0.0263155
0.0263886
0.0263339
0.0265518
0.03953
0.0128328
0.155565
21.8076
3.38555
1.24028
0.671032
0.439982
0.321987
0.252386
0.206992
0.175249
0.151797
0.133878
0.11963
0.108219
0.0986424
0.0908192
0.0839329
0.0783011
0.0731129
0.0688852
0.0648458
0.0616068
0.0583554
0.0559221
0.0532569
0.0514635
0.0492855
0.0479013
0.0461802
0.0449491
0.0435698
0.0421691
0.0411136
0.039549
0.038522
0.0371874
0.0358378
0.0346109
0.0332901
0.032229
0.0312103
0.030048
0.0294866
0.0280137
0.0275933
0.0274348
0.02745
0.0268685
0.0267794
0.0267166
0.0264427
0.027442
0.0458534
0.40244
0.387163
21.8075
3.38579
1.24045
0.671136
0.440045
0.322029
0.252432
0.207031
0.175307
0.151847
0.133949
0.119699
0.10829
0.098739
0.0908775
0.0840669
0.0783293
0.0732791
0.0688915
0.065044
0.0616346
0.0586272
0.056016
0.0536424
0.0515977
0.0498233
0.0480048
0.0467441
0.0451856
0.0438423
0.0425898
0.0410773
0.0397251
0.0383613
0.0371178
0.0358506
0.0346543
0.0335718
0.0326216
0.0316791
0.030559
0.0299574
0.0288964
0.0282715
0.0279074
0.0277181
0.0272744
0.0272454
0.0277224
0.0263894
0.0260042
0.0359947
0.126846
0.352734
21.8072
3.38543
1.23977
0.670689
0.439834
0.321932
0.252364
0.206987
0.175238
0.151817
0.133852
0.119691
0.108171
0.0987502
0.0907672
0.0840601
0.0782637
0.0732173
0.068898
0.0649859
0.0616748
0.0586093
0.0560414
0.0535479
0.0516309
0.0496239
0.047953
0.0464732
0.0447444
0.0429642
0.0412951
0.0398004
0.0386205
0.037316
0.0360771
0.0349919
0.0338433
0.0327968
0.0319592
0.0309798
0.0301417
0.0296281
0.0286409
0.0285263
0.0273798
0.0271173
0.0267267
0.0264269
0.0259665
0.025709
0.025889
0.0297958
0.110161
0.396342
21.807
3.38543
1.23988
0.67079
0.439894
0.321972
0.252408
0.207023
0.175305
0.151849
0.133959
0.119708
0.108315
0.098759
0.0909204
0.0840856
0.0783789
0.0732824
0.0689454
0.0650469
0.0616672
0.0585705
0.055997
0.053404
0.0515115
0.0493861
0.047869
0.0459325
0.0445242
0.0427271
0.0414704
0.039769
0.0387539
0.0371914
0.0357864
0.0344215
0.0333029
0.0320958
0.0312425
0.0303334
0.0293639
0.0285942
0.0281095
0.0275855
0.0272363
0.0268419
0.0266161
0.0274701
0.0259241
0.0259704
0.026595
0.0256252
0.0655498
0.119226
21.8062
3.38471
1.2388
0.670114
0.439593
0.321833
0.252352
0.206959
0.175281
0.151786
0.133929
0.119657
0.108264
0.0987386
0.0908352
0.0841066
0.0782622
0.0733498
0.0688072
0.0651967
0.0615102
0.0588289
0.0557626
0.05375
0.0512055
0.0497543
0.0476275
0.0463536
0.0444527
0.0431423
0.0414933
0.0399029
0.0386221
0.0368141
0.0356637
0.0341299
0.033159
0.0317853
0.0309303
0.0300325
0.0292771
0.0286499
0.0281
0.0280616
0.0267652
0.026606
0.0262908
0.0266462
0.0259848
0.0277869
0.0272769
0.0307647
0.038621
0.0827603
21.8061
3.38488
1.23897
0.67023
0.439654
0.321892
0.252377
0.207029
0.175303
0.151874
0.133967
0.119743
0.108338
0.0987927
0.0909664
0.0841005
0.078466
0.0732673
0.0690769
0.0649965
0.0618033
0.0584706
0.0560867
0.0532538
0.051514
0.0491942
0.0477287
0.0456813
0.0441968
0.0424948
0.0407667
0.039055
0.0378032
0.0365718
0.0351544
0.0341932
0.0330658
0.0319327
0.0309959
0.0297888
0.029247
0.0279723
0.0275329
0.027115
0.0269972
0.0260088
0.0259603
0.0257381
0.0257696
0.0258126
0.0261265
0.0303262
0.0356982
0.0412726
21.8057
3.38436
1.23822
0.669765
0.439436
0.321797
0.252309
0.206993
0.175241
0.15184
0.133899
0.119701
0.108268
0.0987505
0.0908946
0.084073
0.0783686
0.0732518
0.0689489
0.0650099
0.0616852
0.0585819
0.055979
0.0534485
0.0514324
0.0494043
0.0476921
0.0460886
0.0443215
0.0429215
0.0413312
0.0397791
0.0384087
0.0369931
0.0354131
0.0345547
0.0326357
0.0320594
0.0302701
0.029795
0.0292337
0.0297846
0.0314966
0.0289632
0.0286515
0.0283975
0.0283096
0.0282968
0.0285208
0.0301115
0.032193
0.0329895
0.0384151
0.0400888
21.8055
3.38453
1.23834
0.669839
0.439489
0.321837
0.252357
0.207034
0.175301
0.151896
0.133966
0.119777
0.108336
0.098839
0.0909594
0.0841556
0.0784425
0.0733316
0.0690125
0.0651263
0.0616572
0.058751
0.0558133
0.0536479
0.0512216
0.0495071
0.0474601
0.0458218
0.0441381
0.0426338
0.040997
0.0396436
0.0379757
0.0367354
0.0353306
0.0340135
0.0328192
0.0320566
0.0303537
0.0298043
0.0295198
0.0288363
0.0290133
0.0274273
0.0280008
0.026913
0.0268443
0.0277803
0.0284231
0.0280127
0.0283806
0.0287677
0.0353723
0.0366843
21.8046
3.38374
1.23702
0.669017
0.439118
0.321688
0.25227
0.206998
0.175228
0.151882
0.133868
0.119782
0.108214
0.0988608
0.0908332
0.0841835
0.0783256
0.0733478
0.068937
0.0650799
0.0617676
0.0586167
0.0560814
0.0535452
0.0514029
0.049539
0.0476874
0.0459577
0.0443113
0.0424801
0.0411495
0.0392948
0.038234
0.0366001
0.0352583
0.0340325
0.0333288
0.031889
0.0312237
0.0307461
0.0301763
0.0305087
0.0289111
0.0286065
0.0283588
0.0286892
0.0286737
0.0292344
0.0308942
0.0312105
0.031816
0.0328921
0.0359367
0.0381523
21.8046
3.38399
1.23725
0.669167
0.439203
0.321742
0.25232
0.20704
0.175293
0.151922
0.133958
0.119823
0.108314
0.0989152
0.0909114
0.0842641
0.0783771
0.0734278
0.0690019
0.0651132
0.0617731
0.0586419
0.0559572
0.0535779
0.0512198
0.0495075
0.0473739
0.0458992
0.0436658
0.0423028
0.0404095
0.0389276
0.0372836
0.0357477
0.03449
0.0333542
0.0324832
0.0315601
0.0305764
0.0300708
0.0297639
0.028924
0.0288461
0.0285277
0.0287783
0.0276691
0.0284405
0.0289071
0.0294989
0.0297258
0.030811
0.0302981
0.0338268
0.0362259
21.8041
3.38338
1.23644
0.66866
0.438965
0.32163
0.25225
0.206991
0.175224
0.151886
0.133861
0.119796
0.108192
0.0988833
0.0907941
0.0842031
0.0782793
0.0733509
0.0688797
0.0651008
0.0616831
0.0586584
0.0559832
0.0534972
0.0513492
0.0493743
0.0475428
0.0458276
0.0443023
0.0424294
0.0414127
0.0393916
0.0380344
0.0366801
0.0347608
0.0340441
0.0333398
0.0331286
0.0312847
0.0307743
0.0304253
0.0313789
0.032284
0.0322118
0.0329454
0.0329278
0.0328457
0.0334291
0.034408
0.0364873
0.0360159
0.0366044
0.0365919
0.0375757
21.8039
3.38354
1.23659
0.668768
0.439026
0.321689
0.252279
0.207059
0.175254
0.151971
0.133904
0.119889
0.10825
0.0989812
0.0908446
0.0843195
0.0782991
0.0734982
0.0688717
0.0652386
0.0615901
0.0587577
0.0557816
0.0535256
0.0511774
0.0492802
0.0472615
0.045818
0.0437771
0.0424262
0.0407053
0.039195
0.0373573
0.0362821
0.034349
0.0330449
0.0320118
0.0310423
0.0305012
0.0309786
0.0294835
0.0292446
0.0288671
0.0303927
0.0285038
0.0286696
0.0302303
0.0296033
0.0298735
0.0309365
0.0315816
0.0324455
0.0337936
0.0349362
21.8031
3.38269
1.23525
0.66793
0.438656
0.321514
0.252213
0.206972
0.175228
0.151871
0.133879
0.119762
0.108228
0.0988128
0.0908486
0.0840978
0.0783348
0.0732562
0.0689098
0.0650536
0.0616585
0.0586744
0.0559329
0.0535492
0.0513953
0.0494472
0.0474425
0.0458611
0.0438139
0.0417744
0.0404649
0.0384179
0.0373137
0.0351405
0.0345797
0.0339137
0.033711
0.0317253
0.032588
0.030998
0.0325132
0.0315008
0.0312349
0.0316616
0.0340775
0.0360168
0.0398574
0.0378844
0.0390404
0.0400021
0.0409917
0.0430486
0.0444211
0.046672
21.803
3.38294
1.23546
0.668071
0.43873
0.32158
0.252242
0.207046
0.17525
0.15197
0.133902
0.119883
0.108252
0.0989525
0.0908626
0.0842542
0.0783396
0.0734077
0.0689326
0.0651518
0.0616324
0.0587012
0.0558168
0.0535605
0.0511688
0.0493057
0.0472638
0.0456349
0.0438611
0.0419503
0.040717
0.0386232
0.0371426
0.035753
0.0346192
0.034483
0.0324831
0.0318728
0.031356
0.0308757
0.0303715
0.0300517
0.0299928
0.0315364
0.030332
0.030941
0.0304125
0.0307726
0.0325147
0.034022
0.0341347
0.0356296
0.0408163
0.0436908
21.8026
3.38252
1.23481
0.66764
0.438532
0.32146
0.2522
0.206949
0.175235
0.15184
0.133901
0.11971
0.108266
0.0987327
0.0908872
0.0839926
0.0783475
0.073126
0.0688863
0.0648782
0.0616772
0.0584428
0.0560249
0.0534773
0.0515563
0.0495831
0.0476543
0.0458175
0.0437693
0.0421973
0.0404242
0.0399562
0.037136
0.0363794
0.0360963
0.0362454
0.0338084
0.0334038
0.033077
0.0338902
0.0357534
0.0344291
0.0349769
0.0363966
0.0371875
0.0382191
0.0394519
0.0441195
0.0452171
0.0449435
0.0460298
0.0481823
0.0497529
0.0555034
21.8025
3.38269
1.23502
0.667793
0.438614
0.321523
0.252235
0.207014
0.175268
0.151928
0.133937
0.119821
0.108303
0.0988591
0.0909258
0.0841202
0.0783939
0.0732453
0.0689415
0.0649367
0.0616839
0.0583472
0.0560258
0.0531271
0.0514841
0.0492039
0.0473538
0.045232
0.0433434
0.041677
0.0405227
0.0385552
0.0378332
0.0355042
0.0347234
0.0338131
0.0331683
0.0332837
0.0318928
0.032576
0.0306733
0.0314736
0.0315277
0.0305071
0.0307588
0.0330985
0.0322335
0.0327475
0.0332061
0.035532
0.0361342
0.0411684
0.0425249
0.0528913
21.8017
3.38191
1.23378
0.667008
0.438258
0.321359
0.252154
0.206943
0.1752
0.151868
0.133831
0.119769
0.108142
0.0988086
0.09071
0.0840417
0.0781418
0.0730814
0.0686936
0.0647416
0.0614159
0.0583918
0.0557725
0.0534813
0.0516748
0.0496025
0.0477155
0.0455743
0.0437472
0.041893
0.0408257
0.0385195
0.0372586
0.036469
0.0357342
0.035098
0.0363838
0.0375736
0.0388662
0.0397268
0.0427736
0.0479474
0.0458482
0.0471592
0.0478728
0.047875
0.0497897
0.0489873
0.0507996
0.0503811
0.0513903
0.0550318
0.0538374
0.071286
21.8017
3.38208
1.23396
0.66714
0.438334
0.321415
0.252196
0.206993
0.175258
0.151915
0.133926
0.119808
0.108273
0.0988455
0.0908452
0.0841173
0.078223
0.0732541
0.0686586
0.0649625
0.0612731
0.0583645
0.0556153
0.053127
0.0513754
0.0493312
0.0475344
0.0455887
0.0437776
0.042052
0.0406165
0.0387687
0.0372576
0.0356779
0.0345778
0.0337624
0.0328927
0.0323684
0.0317691
0.0322804
0.0314981
0.0315322
0.0318517
0.0337
0.0353555
0.0359151
0.0368729
0.0369849
0.0382084
0.0383418
0.0403558
0.0450275
0.04943
0.0878056
21.8014
3.38174
1.23336
0.666729
0.438146
0.321288
0.252165
0.206873
0.175267
0.151755
0.133945
0.119619
0.108266
0.0986572
0.0907802
0.0839249
0.0781052
0.072984
0.0685352
0.0645412
0.0611659
0.0580359
0.0554262
0.0535751
0.0523006
0.0506545
0.0483898
0.0465395
0.0441806
0.0429968
0.0408696
0.0399932
0.038472
0.0387994
0.037364
0.0376745
0.0389363
0.0391758
0.040814
0.0484891
0.0470984
0.0480891
0.0479918
0.0478046
0.0528883
0.0495036
0.0518075
0.0527735
0.0548537
0.0550332
0.0563824
0.0573153
0.0584276
0.122902
21.8013
3.38187
1.23354
0.666873
0.438215
0.321366
0.252173
0.206978
0.175246
0.151907
0.133907
0.119805
0.108236
0.0988408
0.0907876
0.0840803
0.0781564
0.073132
0.0685756
0.0647224
0.0610666
0.0581696
0.0553037
0.053373
0.0523458
0.0509597
0.0488119
0.0469588
0.0447718
0.0431193
0.0414019
0.0394836
0.0387015
0.0362264
0.0355743
0.0350293
0.0350808
0.0361838
0.035821
0.0381761
0.0379772
0.038139
0.038804
0.0402273
0.0393609
0.0397178
0.0405399
0.0420423
0.0434702
0.0443975
0.04587
0.0510399
0.0741028
0.214404
21.8007
3.38115
1.23239
0.666141
0.437888
0.321198
0.252118
0.206868
0.175245
0.151753
0.133936
0.119586
0.108288
0.0985495
0.0908505
0.0837043
0.0781978
0.072641
0.06854
0.064074
0.0609375
0.0573294
0.0559638
0.05565
0.0603209
0.081862
0.079436
0.0799814
0.0804286
0.0804001
0.0796349
0.0775449
0.0739317
0.0708089
0.0685877
0.0664105
0.0641988
0.0631547
0.0607176
0.058217
0.0565944
0.0562265
0.0517086
0.052198
0.0549951
0.0504835
0.0523637
0.0560125
0.061833
0.0543351
0.0550313
0.0597795
0.0881614
0.19937
21.8007
3.38149
1.23276
0.666379
0.438007
0.321275
0.252155
0.206937
0.175273
0.151843
0.133974
0.119693
0.108344
0.0986713
0.0909111
0.0838631
0.078246
0.0728572
0.0686066
0.0643062
0.0610728
0.0575968
0.0558155
0.0553672
0.0606123
0.077929
0.072667
0.0707089
0.0686065
0.0661517
0.0639965
0.0617887
0.060552
0.0595658
0.0585123
0.0584933
0.0581993
0.0569382
0.0559812
0.0558106
0.0549245
0.0528786
0.0513528
0.0503676
0.0495714
0.0489528
0.0485941
0.0489125
0.0506758
0.0480643
0.0496462
0.0813589
0.134516
0.288415
21.8005
3.38106
1.23216
0.665985
0.437827
0.321154
0.252126
0.206825
0.175283
0.151697
0.133993
0.119523
0.108347
0.0984892
0.0908937
0.0836356
0.0782372
0.0725089
0.0686036
0.0637811
0.0610055
0.0571551
0.0564909
0.0712433
0.214473
0.313546
0.181325
0.137247
0.112963
0.0994805
0.0893766
0.0833412
0.076599
0.0710132
0.071203
0.0608508
0.0587107
0.057773
0.0612327
0.0571012
0.0568359
0.0556498
0.0544231
0.0574535
0.0515494
0.0515809
0.0565187
0.0522058
0.0583819
0.0550077
0.0541808
0.0587307
0.0869097
0.112371
21.8005
3.38138
1.23251
0.666219
0.43794
0.321237
0.252153
0.206904
0.1753
0.15179
0.134033
0.119608
0.108441
0.0985404
0.0910463
0.0836707
0.0784055
0.0726047
0.0687469
0.0639642
0.0612372
0.0572329
0.0570103
0.0712749
0.196411
0.300016
0.171818
0.137268
0.113567
0.102261
0.092227
0.0859762
0.0779897
0.0727252
0.0689489
0.0658829
0.0628027
0.0611614
0.0584643
0.0592827
0.0537177
0.0520955
0.0532637
0.0498698
0.0516077
0.0531669
0.0555133
0.0554237
0.0571397
0.055316
0.0561833
0.0721796
0.128691
0.252671
21.8001
3.38069
1.23153
0.665599
0.437663
0.321092
0.252102
0.206819
0.175283
0.151693
0.134011
0.119499
0.108391
0.0984315
0.0909617
0.0835405
0.0783094
0.072371
0.0686972
0.0634702
0.0614994
0.0557062
0.0606866
0.126948
0.202434
0.193789
0.150759
0.130116
0.113982
0.102357
0.0930478
0.0838771
0.0763813
0.0744002
0.0696828
0.0696447
0.0588102
0.0597344
0.0585813
0.05809
0.0570927
0.060067
0.0553266
0.0559654
0.0548883
0.0572425
0.0538434
0.0532827
0.0571129
0.0538591
0.0553491
0.0600715
0.0654677
21.8001
3.38106
1.23182
0.665784
0.437755
0.321166
0.252125
0.206896
0.175294
0.151793
0.134033
0.119614
0.10844
0.0985483
0.0910414
0.083666
0.0784191
0.0725364
0.0687809
0.064006
0.0606276
0.0574533
0.0566616
0.140543
0.172205
0.181994
0.14104
0.121604
0.106922
0.0979556
0.0875037
0.0829849
0.074024
0.0704014
0.0676721
0.0656777
0.0642927
0.062948
0.0634456
0.0622069
0.0584277
0.0600909
0.0680529
0.0591284
0.0601559
0.0681098
0.0607109
0.0618995
0.0624156
0.0635374
0.0705532
0.0834164
0.0992231
21.8001
3.38077
1.23151
0.665589
0.43764
0.321115
0.252049
0.206894
0.175173
0.151852
0.13382
0.119767
0.108103
0.0988151
0.09058
0.0840207
0.0778696
0.0729112
0.0682254
0.0641615
0.060679
0.0571707
0.0558003
0.0592943
0.107273
0.0763509
0.0681905
0.0630135
0.0580823
0.053872
0.0489208
0.0446023
0.0466685
0.042075
0.0429425
0.0434339
0.0526792
0.0436628
0.0486646
0.0566211
0.0627831
0.0602186
0.0629983
0.0652918
0.0655203
0.0661183
0.0668485
0.0671829
0.0660529
0.0664742
0.0662384
0.065349
0.0693091
0.0706141
21.8001
3.38111
1.23179
0.665763
0.437732
0.321177
0.252088
0.206945
0.175217
0.151909
0.133886
0.119833
0.108184
0.0989085
0.0906476
0.0841738
0.0779087
0.0731554
0.0682606
0.0645368
0.0607598
0.0577568
0.0556647
0.0591035
0.0895713
0.0695947
0.0651592
0.0621672
0.0590809
0.0557046
0.0523059
0.0483438
0.0471313
0.0461106
0.0460396
0.0484703
0.0525013
0.0591577
0.0565927
0.0646325
0.0566113
0.057979
0.0676408
0.0599269
0.0619823
0.0690277
0.068562
0.0695347
0.0711314
0.0728085
0.0773367
0.0743306
0.0764207
0.07571
21.7999
3.38057
1.23113
0.665355
0.43754
0.321081
0.252042
0.206889
0.175201
0.151831
0.133895
0.119712
0.108234
0.0987361
0.0907349
0.0839838
0.0779748
0.0730027
0.0682313
0.0643748
0.0605668
0.0574346
0.0545408
0.0525862
0.0517177
0.0498221
0.0476315
0.0449832
0.0429382
0.041021
0.0391081
0.038046
0.0386134
0.036466
0.0371989
0.0398834
0.0549842
0.0451316
0.0510005
0.065864
0.0548627
0.0580139
0.0640585
0.0731316
0.0633564
0.0729424
0.067314
0.0691325
0.0696565
0.0718693
0.0720695
0.072603
0.0730018
0.0735112
21.8
3.3812
1.23148
0.665535
0.437642
0.321137
0.252093
0.206923
0.175256
0.151873
0.133966
0.119765
0.108331
0.0987774
0.0908974
0.0839599
0.0782724
0.0729181
0.0686916
0.0644063
0.0611591
0.0577634
0.0553143
0.0533123
0.0523816
0.0506173
0.0485451
0.0462807
0.0440047
0.0423477
0.0402868
0.0393017
0.038341
0.037284
0.0367672
0.0380305
0.0476085
0.0421564
0.0438283
0.0477822
0.0502648
0.0602071
0.067196
0.0649924
0.0763196
0.067169
0.0694412
0.0702471
0.0714186
0.0722943
0.079959
0.0812578
0.0823386
0.0764308
21.8002
3.38071
1.23123
0.665409
0.437569
0.321079
0.252062
0.206868
0.175243
0.1518
0.13397
0.119672
0.108344
0.0986866
0.0908901
0.0839229
0.0781798
0.0729715
0.0684367
0.0645093
0.0606705
0.0576919
0.0544436
0.0522248
0.0500387
0.0481014
0.0462257
0.0439644
0.0422397
0.0402085
0.0383809
0.0379038
0.0352698
0.0367147
0.0363071
0.0363746
0.0546242
0.0424471
0.0450265
0.0479013
0.0480597
0.0496954
0.0666298
0.0570847
0.0619685
0.0669427
0.0681771
0.0796427
0.0763606
0.0820114
0.0804091
0.0808503
0.0757849
0.0746487
21.8002
3.38112
1.23155
0.665603
0.437667
0.321147
0.25209
0.206934
0.175251
0.151903
0.133959
0.119823
0.108319
0.0988713
0.0908741
0.0841034
0.0782196
0.0731219
0.0685715
0.0646719
0.0609239
0.0580241
0.0549217
0.0527858
0.050816
0.0488672
0.0471195
0.045147
0.0431133
0.0415808
0.0394588
0.0384627
0.0364278
0.0376775
0.0357952
0.0397715
0.043992
0.0612277
0.0460354
0.0484125
0.0503397
0.0515293
0.0532133
0.0702323
0.0617688
0.0709923
0.0779115
0.0705096
0.0765904
0.0797747
0.0791995
0.0757983
0.0740375
0.0652647
21.8002
3.38068
1.23103
0.665286
0.437517
0.321071
0.252053
0.206895
0.175229
0.151866
0.133935
0.119787
0.10829
0.0988446
0.0908404
0.084097
0.0781719
0.0731334
0.0684967
0.0646568
0.0608003
0.0578989
0.0545436
0.0524412
0.049765
0.0481044
0.0458374
0.0442185
0.0419822
0.0405631
0.0383311
0.0375675
0.0350958
0.0345622
0.0376158
0.0350295
0.0490071
0.0372228
0.0388387
0.0505893
0.0574079
0.0507102
0.0531441
0.0544123
0.0586639
0.0783631
0.0652201
0.0725173
0.0811498
0.0797225
0.0789735
0.0786406
0.0687923
0.0681427
21.8002
3.38103
1.23135
0.665483
0.437615
0.321131
0.252083
0.206942
0.175256
0.15192
0.133982
0.119844
0.108366
0.0988987
0.0909429
0.0841534
0.0783012
0.0731934
0.0686908
0.0646892
0.0611516
0.0578746
0.0551539
0.0524548
0.0504706
0.0482635
0.0465954
0.0447455
0.0429259
0.0412636
0.0396792
0.0373651
0.0392001
0.0356047
0.0348813
0.0358063
0.0372191
0.0341391
0.0352224
0.0432054
0.0498365
0.053671
0.0526722
0.0489025
0.0494785
0.0666252
0.0567919
0.0657792
0.0678694
0.0622085
0.0569232
0.0499648
0.0506719
0.0521984
21.8005
3.38089
1.23128
0.665432
0.43758
0.32109
0.252068
0.206893
0.175254
0.151859
0.133986
0.119774
0.108377
0.098825
0.0909706
0.0840784
0.0783407
0.0731467
0.0686896
0.0647376
0.0610471
0.0580353
0.0549251
0.052584
0.0501023
0.0482572
0.0461099
0.0445103
0.042687
0.0407124
0.0391972
0.0379069
0.0354386
0.0352726
0.0350016
0.036836
0.0367537
0.0418444
0.0507573
0.0434108
0.0434957
0.044352
0.0631947
0.048168
0.0507384
0.069664
0.0603586
0.0695166
0.0727855
0.0697739
0.0662458
0.052534
0.0523173
0.0537296
21.8005
3.38122
1.23157
0.665614
0.437673
0.321144
0.2521
0.206935
0.175279
0.15192
0.13401
0.119868
0.108391
0.0989588
0.0909668
0.0842499
0.0783371
0.0733282
0.0687374
0.0649097
0.0611549
0.0582643
0.055058
0.0529212
0.0502696
0.0485689
0.0464084
0.0448862
0.0430924
0.0414326
0.0398332
0.0385299
0.0364062
0.0346487
0.0347534
0.0322955
0.0319549
0.0418341
0.0372482
0.036581
0.0360382
0.0355964
0.0405917
0.0389398
0.0436041
0.0387516
0.0456841
0.0476115
0.0442303
0.0427492
0.0392671
0.0399067
0.0422262
0.0616371
21.8007
3.38089
1.23124
0.665415
0.437572
0.321101
0.25206
0.206924
0.17524
0.151917
0.133967
0.119864
0.108356
0.0989435
0.0909575
0.0842197
0.0783544
0.0732988
0.0687543
0.0649046
0.0611682
0.0582533
0.0550784
0.0528138
0.0502894
0.0483286
0.0464497
0.0445542
0.0430686
0.0411892
0.0395029
0.0381822
0.0361311
0.0354816
0.0343094
0.0324451
0.0323699
0.031438
0.031113
0.0311348
0.0321273
0.0325184
0.0330756
0.0353283
0.0361895
0.0380042
0.0449451
0.0459432
0.0436636
0.041252
0.0382056
0.0388741
0.0411103
0.0633882
21.8007
3.38125
1.23155
0.665604
0.437668
0.32115
0.252092
0.206955
0.175267
0.151964
0.133995
0.119934
0.108389
0.099024
0.0910163
0.0842773
0.078475
0.0733152
0.0689554
0.0648932
0.0614562
0.0582409
0.0554311
0.0529217
0.0506001
0.0485579
0.0465311
0.0449197
0.042898
0.041726
0.0398606
0.0383972
0.0366171
0.0356633
0.0338085
0.0327436
0.0320332
0.031039
0.0310024
0.0293189
0.0291591
0.0289523
0.0294926
0.0297461
0.033612
0.0321513
0.0352519
0.036106
0.0365523
0.0350922
0.0356479
0.0394027
0.0573903
0.108177
21.801
3.38112
1.23149
0.665557
0.437636
0.321115
0.252077
0.206913
0.175268
0.151898
0.134019
0.119841
0.108432
0.0989282
0.091051
0.0842196
0.0784796
0.0732928
0.0689678
0.0648412
0.0615085
0.0581435
0.0554675
0.0527534
0.0505207
0.0484046
0.0464179
0.0447395
0.0429573
0.0414634
0.0398494
0.0383908
0.0369313
0.0356089
0.034459
0.0327848
0.0318076
0.0311013
0.0326099
0.0301419
0.0299565
0.0310738
0.0326644
0.0309209
0.032492
0.0360328
0.0336257
0.0352126
0.0349158
0.0338435
0.0338972
0.0363175
0.058216
0.109895
21.8011
3.38145
1.23184
0.665779
0.437743
0.321172
0.252105
0.20695
0.175288
0.151952
0.134039
0.119926
0.108441
0.099051
0.0910422
0.0843782
0.0784646
0.0734688
0.0689818
0.0650063
0.0615811
0.0583069
0.0555802
0.0529527
0.0507085
0.0486177
0.0465656
0.0448688
0.0430702
0.04146
0.0401347
0.0383677
0.0371783
0.035709
0.0344535
0.0333132
0.0323294
0.0311592
0.0305915
0.0292838
0.0295807
0.028893
0.0291731
0.0296792
0.0320618
0.0343152
0.0326304
0.0328573
0.0329146
0.0324428
0.0344977
0.0424246
0.111709
0.202572
21.8013
3.38126
1.23159
0.665617
0.437664
0.321128
0.252085
0.20692
0.175281
0.151911
0.134044
0.119862
0.108473
0.0989593
0.0911098
0.0842668
0.0785523
0.0733744
0.0690404
0.064979
0.0615742
0.0583186
0.0555521
0.0529311
0.0506001
0.048581
0.0465571
0.0448611
0.0431718
0.0415886
0.0400589
0.0385391
0.0371802
0.0356005
0.0342481
0.0330335
0.0319452
0.0309058
0.0306966
0.0291797
0.0297294
0.0282667
0.0288934
0.0292533
0.0311646
0.0331275
0.0320217
0.0330267
0.033108
0.0321798
0.0328484
0.0396354
0.103634
0.184749
21.8013
3.38156
1.23191
0.665815
0.437759
0.321177
0.252108
0.206952
0.175295
0.15196
0.134057
0.119937
0.10848
0.099064
0.0911013
0.0844095
0.0785168
0.073571
0.0689722
0.0652239
0.0615104
0.058535
0.0556115
0.0530022
0.0508408
0.0485832
0.0468061
0.0448168
0.0431382
0.0416501
0.0400596
0.0388203
0.0375285
0.0360229
0.0346374
0.0333932
0.0322564
0.0314518
0.0300209
0.0296612
0.0286245
0.0285316
0.0283439
0.0284239
0.0291929
0.0293252
0.0297685
0.031346
0.031428
0.031933
0.0349361
0.0593438
0.222195
0.278905
21.8017
3.38144
1.23187
0.665785
0.437733
0.321151
0.252088
0.206924
0.175277
0.151924
0.134039
0.119894
0.108463
0.0990185
0.0910861
0.0843724
0.0784995
0.0735527
0.0689442
0.0652321
0.0614686
0.0585541
0.0555686
0.0530115
0.0507716
0.0485862
0.0467531
0.0447458
0.0432189
0.0414414
0.0402631
0.0387133
0.0377839
0.0362919
0.0353345
0.0339161
0.0328771
0.0320161
0.0313651
0.0308936
0.0307542
0.0297477
0.0302983
0.0300342
0.0304773
0.030202
0.0307865
0.0312733
0.0317334
0.033686
0.0367493
0.0504234
0.122412
0.172352
21.8017
3.38178
1.23219
0.665981
0.437828
0.321199
0.252114
0.206952
0.175299
0.151961
0.13407
0.119944
0.108507
0.0990722
0.0911511
0.0844123
0.0786052
0.0735585
0.0691081
0.0652019
0.061659
0.0585618
0.0556676
0.0531566
0.0507804
0.0487122
0.0467799
0.0450573
0.0434746
0.0417708
0.0402728
0.0389893
0.0376719
0.0367246
0.0356196
0.0348293
0.0338613
0.0330328
0.0328607
0.0317147
0.0316389
0.0313496
0.0314666
0.031162
0.0316961
0.0317085
0.0326035
0.033252
0.0352775
0.0397968
0.0459191
0.0836675
0.180908
0.343417
21.8019
3.38162
1.23204
0.66589
0.437779
0.321169
0.252095
0.20693
0.175282
0.151935
0.13405
0.119912
0.108484
0.0990405
0.0911285
0.0843858
0.0785864
0.0735358
0.0691012
0.0651741
0.0616747
0.0585146
0.0557035
0.0530886
0.0508263
0.0486401
0.0468109
0.0449943
0.043491
0.0420187
0.0407713
0.0396139
0.0385757
0.0376511
0.0367973
0.0360421
0.035423
0.0347809
0.0345585
0.0337228
0.0332775
0.0321083
0.0316667
0.0325983
0.0309609
0.0310988
0.0317092
0.0332053
0.0356459
0.0455713
0.0568115
0.0922181
0.128998
0.129529
21.802
3.38193
1.23236
0.666083
0.437869
0.321211
0.252115
0.206952
0.175297
0.151967
0.134072
0.119959
0.108514
0.0991003
0.0911638
0.0844538
0.0786278
0.0736096
0.0691481
0.0652526
0.061721
0.0586022
0.0557358
0.0531978
0.0508326
0.048753
0.0467998
0.0450884
0.043488
0.0420859
0.0407884
0.0396434
0.0386249
0.0377057
0.0369248
0.0361972
0.0356452
0.0350216
0.0349016
0.0333115
0.0322443
0.0317993
0.0313861
0.0311439
0.0322153
0.0312671
0.0328613
0.0359107
0.0417917
0.0639693
0.0851142
0.0939632
0.154966
0.174954
21.8022
3.38177
1.23228
0.666039
0.437839
0.321185
0.252095
0.206925
0.175277
0.151932
0.134048
0.119914
0.108488
0.0990486
0.0911402
0.084401
0.078609
0.0735593
0.0691358
0.0652066
0.0617123
0.0585569
0.055726
0.0531417
0.050813
0.0486935
0.046762
0.0450301
0.0434408
0.0420411
0.0407468
0.0396218
0.0385837
0.0376732
0.0368496
0.0361233
0.0354712
0.034865
0.0344502
0.0339539
0.0335172
0.0330187
0.0327031
0.0324442
0.0310446
0.0312088
0.032929
0.0383663
0.0516479
0.0823186
0.128229
0.214467
0.260037
0.151497
21.8022
3.38209
1.23257
0.666213
0.437922
0.321225
0.252118
0.206946
0.175298
0.15196
0.134079
0.119954
0.108529
0.0990993
0.0911881
0.0844593
0.0786619
0.0736243
0.0691911
0.0652779
0.0617687
0.0586389
0.0557911
0.0532346
0.0509037
0.0487952
0.046881
0.0451437
0.0435808
0.0421593
0.0408975
0.0397408
0.0387211
0.0377978
0.036974
0.0362446
0.0356054
0.035169
0.0345223
0.0342193
0.0337173
0.0334627
0.0326608
0.0325018
0.0310891
0.0313182
0.0376809
0.0458092
0.0743712
0.102208
0.145949
0.207934
0.182334
0.173629
21.8022
3.38189
1.23236
0.666088
0.437868
0.321205
0.252109
0.206941
0.175291
0.151951
0.134066
0.119938
0.108511
0.0990774
0.091169
0.0844348
0.0786471
0.0735988
0.0691852
0.0652524
0.0617735
0.0586089
0.0557976
0.0532014
0.0509057
0.0487557
0.046873
0.0450945
0.0435431
0.0420993
0.0408041
0.039676
0.0385582
0.0376923
0.0367568
0.0360723
0.035319
0.0347093
0.0340775
0.0334947
0.0329226
0.0322478
0.0318791
0.0308551
0.0318601
0.0338081
0.0420066
0.0443674
0.0689643
0.127517
0.176898
0.260439
0.287526
0.387031
21.8022
3.38218
1.23263
0.66625
0.437946
0.321242
0.25213
0.20696
0.175309
0.151977
0.134092
0.119974
0.108545
0.0991223
0.0912087
0.0844845
0.0786905
0.0736507
0.0692306
0.0653035
0.0618215
0.0586605
0.0558546
0.0532609
0.0509718
0.0488235
0.0469513
0.0451666
0.043641
0.0421724
0.0409329
0.0397497
0.0387265
0.0377901
0.036956
0.0362325
0.0355048
0.0349244
0.0342012
0.0339381
0.0324071
0.0321835
0.030497
0.0305736
0.0315652
0.0351465
0.0499073
0.0538028
0.0965659
0.1109
0.166578
0.215646
0.172491
0.131682
21.8017
3.38137
1.23153
0.665495
0.437497
0.320922
0.251848
0.206684
0.17503
0.151688
0.133802
0.119672
0.108248
0.0988101
0.0909112
0.0841684
0.0783977
0.0733417
0.0689569
0.0650279
0.0615969
0.0584587
0.0557229
0.0531711
0.0509449
0.048825
0.0469784
0.0451975
0.0436359
0.0421451
0.0408078
0.0395608
0.0384212
0.037325
0.036405
0.0353561
0.0346232
0.0335785
0.0330289
0.0321098
0.0316148
0.0309542
0.0313872
0.0326248
0.0353133
0.0384163
0.0416314
0.0449109
0.0834533
0.115964
0.327741
0.386488
0.399296
0.378902
21.802
3.38179
1.23203
0.665804
0.437633
0.320978
0.251875
0.2067
0.175049
0.151708
0.133828
0.119702
0.108282
0.0988512
0.0909477
0.0842186
0.0784345
0.0733946
0.0689844
0.0650632
0.0615927
0.0584479
0.0556615
0.0530885
0.0508099
0.0486659
0.0467773
0.0449969
0.0434141
0.0419575
0.0406235
0.0394367
0.0383239
0.037291
0.0364097
0.0354102
0.0347305
0.0337311
0.0331948
0.032247
0.0320691
0.0312872
0.0316144
0.0331447
0.035498
0.041789
0.0526064
0.0570145
0.0733175
0.115505
0.145239
0.244292
0.221914
0.241225
0.0111075
0.0114346
0.011827
0.0121345
0.0125195
0.0128116
0.0131842
0.0134681
0.0138203
0.014107
0.0144355
0.0147346
0.0150357
0.0153404
0.0156097
0.0159019
0.016141
0.0164085
0.0166251
0.0168665
0.0170616
0.0172826
0.0174569
0.0176614
0.0178151
0.0179866
0.0181122
0.0182393
0.0183404
0.0184333
0.0185269
0.0186118
0.0187153
0.0188428
0.0190214
0.0192457
0.0195115
0.0199231
0.0203945
0.0208342
0.0214801
0.0215624
0.0214435
0.0211317
0.0203123
0.0207297
0.0286034
0.0363742
0.0783655
0.0976903
0.106955
0.113604
0.0818504
0.0656465
0.0110773
0.0114631
0.0117995
0.0121591
0.0124997
0.012834
0.0131708
0.0134944
0.0138115
0.0141411
0.0144331
0.0147722
0.0150413
0.0153746
0.0156217
0.0159305
0.0161553
0.0164337
0.0166392
0.0168895
0.0170795
0.0173009
0.0174837
0.0176728
0.0178482
0.0179976
0.0181513
0.0182922
0.0184062
0.0185713
0.0186627
0.018858
0.0189782
0.0192089
0.0193887
0.0196509
0.0199427
0.0203054
0.0207395
0.0211833
0.0216857
0.021955
0.0216589
0.0214174
0.0205159
0.017415
0.0393553
0.0552733
0.0672923
0.0799296
0.0924143
0.103451
0.0757593
0.0825393
0.175681
0.0639443
0.155904
0.143794
0.138395
0.284549
0.258437
0.395084
0.169161
0.170821
0.152912
0.0691736
0.131374
0.143607
0.117382
0.360891
0.134349
0.309321
0.163968
0.137149
0.118923
0.0705838
0.204616
0.0716083
0.192006
0.190624
0.177883
0.242454
0.349673
0.209952
0.277938
0.142515
0.0721959
0.161205
0.0638317
0.118707
0.176452
0.167433
0.161737
0.241453
0.134278
0.23614
0.0569686
0.0553891
0.0562899
0.05876
0.0756213
0.0586676
0.0753184
0.0535825
0.0609469
0.0548528
0.0965501
0.117259
0.0933517
0.135422
0.0568824
0.0551724
0.0561594
0.0577423
0.0795198
0.0577514
0.0771546
0.056562
0.058742
0.0527884
0.0879632
0.123467
0.0837467
0.105319
0.0630944
0.0567588
0.0608847
0.0585361
0.0633951
0.0567658
0.0657566
0.665887
0.27554
0.281162
0.399432
0.826105
0.262335
0.324555
0.25664
0.210439
0.226126
0.199934
0.217565
0.0606206
0.0571681
0.0588498
0.0565984
0.0670764
0.0578481
0.0589222
0.323783
0.31957
0.169904
0.320357
0.21267
0.262339
0.303603
0.235871
0.206795
0.220255
0.163859
0.202961
0.0635586
0.058042
0.0639339
0.0580714
0.0602556
0.0576106
0.0606895
0.37007
0.128255
0.123907
0.125775
0.297767
0.780795
1.09074
0.256381
0.179413
0.232881
0.320272
0.278216
0.293075
0.244701
0.0678166
0.0581688
0.0623713
0.0569141
0.061053
0.0569526
0.0595645
0.194249
0.140638
0.136021
0.233058
0.116143
0.190466
0.579714
0.245417
0.18187
0.222035
0.272948
0.2319
0.280679
0.241885
0.0766552
0.058848
0.0802055
0.0560765
0.0576885
0.0557696
0.0568875
0.121164
0.101002
0.117627
0.0617559
0.0566014
0.0612571
0.0554806
0.0819257
0.0591607
0.0762217
0.0564693
0.0572808
0.055644
0.056528
0.105176
0.0833968
0.0963371
0.0614575
0.057673
0.0583618
0.0542529
0.392753
0.129695
0.208055
0.148209
0.263966
0.335401
0.181143
0.132054
0.147223
0.30096
0.377153
0.100292
0.13684
0.105139
0.24169
0.593516
0.372892
0.307569
0.104278
0.141382
0.10879
0.276053
0.494014
0.424485
0.547716
0.242047
0.392071
0.349695
0.354823
0.561959
0.938144
0.336345
0.241429
0.170372
0.180193
0.457534
0.443393
0.302572
0.307484
0.168099
0.167109
0.198651
0.242692
0.201303
0.150997
0.140093
0.149252
0.278053
0.2003
0.136057
0.140756
0.144452
0.150083
0.209136
0.112916
0.137882
0.260785
0.111467
0.183749
0.332829
0.191702
0.124644
0.13048
0.121009
0.166657
0.176761
0.0957695
0.455224
0.151985
0.192633
0.256171
0.413141
0.247651
0.115453
0.314178
0.170688
0.182135
0.23669
0.160696
0.297931
0.233539
0.302992
0.156949
0.18955
0.172211
0.314823
0.622208
0.43876
0.325657
0.123134
0.0962659
0.112723
0.281763
0.584531
0.479885
0.404018
0.133994
0.232122
0.158741
0.312119
0.368139
0.216934
0.137013
0.306882
0.149152
0.427366
0.174632
0.263928
0.207958
0.512992
0.807048
0.488707
0.449913
0.178708
0.179585
0.192657
0.32746
0.760782
0.347335
0.317627
0.490486
0.92282
0.781007
0.283435
0.326865
0.661279
0.43221
0.192559
0.358421
0.139336
0.139975
0.113114
0.115621
0.133741
0.115734
0.0617691
0.198851
0.149356
0.146518
0.266962
0.155224
0.144081
0.1284
0.126605
0.140969
0.117401
0.337378
0.165437
0.195562
0.308813
0.152277
0.428924
0.853666
0.381208
0.18377
0.214486
0.174074
0.439561
0.467679
0.246144
0.136951
0.646015
0.260819
0.504329
0.126287
0.200887
0.267718
0.903827
0.151594
0.0737788
0.0649118
0.0755852
0.0926571
0.0762238
0.128824
0.124556
0.0713355
0.0712696
0.0778765
0.0709738
0.126096
0.0769972
0.144513
0.0713074
0.0868827
0.0754149
0.0735636
0.0778468
0.133858
0.592044
0.303831
0.386494
0.58906
0.389665
0.455876
0.640166
0.502816
0.37618
0.401166
0.356531
0.377459
0.423655
0.381166
0.130557
0.0686071
0.0728432
0.076292
0.0735033
0.0759789
0.125761
0.405079
0.33233
0.373124
0.35297
0.347137
0.334542
0.378926
0.469492
0.353186
0.246693
0.40141
0.303249
0.410969
0.483903
0.153542
0.0851434
0.0836882
0.0735125
0.0803434
0.0752074
0.138033
0.145665
0.0750399
0.0714737
0.0775205
0.0757539
0.138339
0.0754649
0.479405
0.592752
0.388563
0.440352
0.405285
0.472307
0.650054
0.52658
0.494917
0.412212
0.336651
0.45212
0.525986
0.455634
0.129653
0.077872
0.0784861
0.0717978
0.134998
0.079269
0.0738299
0.138566
0.0765909
0.0699823
0.0874182
0.0772133
0.0816878
0.128723
0.506681
0.532052
0.262743
0.308339
0.595569
0.429601
0.318439
0.439456
0.558305
0.324272
0.240733
0.368958
0.307897
0.608753
0.870185
0.944866
0.814159
0.73042
1.01195
1.08651
0.919197
0.258536
0.272096
0.330167
0.212289
0.364905
0.312181
0.347054
0.535566
0.822001
0.822476
0.709246
0.960574
0.827892
1.11749
0.549837
0.683663
0.642325
0.381128
0.536398
0.595053
0.747426
0.316608
0.443052
0.237549
0.587884
0.151266
0.651619
0.169075
0.531821
0.514212
0.664098
0.530272
0.545889
0.459995
0.152799
0.130145
0.62755
0.180781
0.549968
0.145128
0.346902
0.540283
0.180661
0.150734
0.188832
0.176691
0.22808
0.147629
0.237474
0.296569
0.294113
0.245586
0.158589
0.34442
0.303953
0.155001
0.541813
0.137394
0.175312
0.829941
1.07373
0.118547
0.192246
0.194874
0.156951
0.207384
0.113358
0.143679
0.108224
0.140218
0.132684
0.113893
0.0807092
0.0972931
0.0983821
0.0803848
0.129111
0.224455
0.287255
0.149141
0.135674
0.250843
0.14597
0.448538
0.576017
0.435236
0.208468
0.53858
0.381597
0.21226
0.438462
0.555901
0.287614
0.27396
0.33248
0.221487
0.296209
0.343872
0.357716
0.291591
0.396038
0.350053
0.175387
0.323104
0.173598
0.492378
0.273519
0.35527
0.182467
0.457656
0.319319
0.374372
0.181314
0.442659
0.215725
0.227257
0.258383
0.18751
0.227199
0.323384
0.267287
0.273153
0.324605
0.309282
0.169569
0.37872
0.175538
0.395154
0.317268
0.226218
0.225654
0.53905
0.354163
0.174984
0.551038
0.242102
0.152637
0.1485
0.198347
0.126315
0.244104
0.268669
0.278042
0.23376
0.148437
0.301185
0.183331
0.26061
0.152937
0.44654
0.169718
0.60906
0.526471
0.178204
0.205928
0.285106
0.417299
0.186461
0.205711
0.393983
0.132572
0.157419
0.129901
0.157664
0.172384
0.275477
0.174422
0.359761
0.184007
0.374086
0.166177
0.149649
0.203233
0.178156
0.19325
0.47222
0.461841
0.904053
0.893772
0.833125
0.490356
0.764523
0.761434
0.672991
0.564414
0.412068
0.630723
0.281526
0.489878
0.28432
0.355992
0.230749
0.729698
0.419895
0.562327
0.310622
0.615386
0.621111
0.593613
0.467424
0.700735
0.13246
0.263412
0.446731
0.390514
0.297332
0.588748
0.180748
0.217437
0.24521
0.227864
0.223068
0.216636
0.226612
0.197126
0.225819
0.237327
0.472428
0.414564
0.684086
0.350867
0.680548
0.325633
0.458161
0.41629
0.182416
0.242101
0.278217
0.443571
0.21133
0.193821
0.430928
0.212061
0.238768
0.204867
0.259464
0.203675
0.249888
0.173854
0.353676
0.187168
0.396312
0.201935
0.226312
0.280934
0.231066
0.276065
0.18821
0.182997
0.212565
0.166055
0.186037
0.184306
0.173295
0.120732
0.167016
0.148207
0.144646
0.224963
0.251903
0.183488
0.277716
0.197651
0.263591
0.239702
0.0971398
0.113255
0.126597
0.0901932
0.183041
0.188985
0.168496
0.190172
0.185935
0.183797
0.163812
0.0886678
0.0834207
0.11141
0.0603229
0.0887337
0.116591
0.0893168
0.113544
0.178025
0.186508
0.168174
0.0976393
0.182816
0.156663
0.156543
0.150459
0.217145
0.148247
0.161878
0.160611
0.177989
0.148663
0.110117
0.130161
0.128648
0.113259
0.147113
0.239298
0.176207
0.274791
0.171701
0.157574
0.250232
0.0793185
0.0962004
0.095333
0.0766984
0.203009
0.268637
0.11731
0.156911
0.131799
0.185733
0.156089
0.124507
0.124704
0.0363635
0.0322887
0.0431275
0.0266243
0.0477531
0.056928
0.0477899
0.0545928
0.106135
0.178365
0.160153
0.0584516
0.159277
0.116315
0.144641
0.166209
0.160375
0.431994
0.700945
0.893283
0.704101
0.582825
0.659589
1.09475
0.280604
0.172615
0.127299
0.234118
0.242099
0.121162
0.233735
0.121285
0.448811
0.642067
0.660121
0.927147
0.622583
1.30674
0.625682
0.368342
0.0925813
0.191252
0.259001
0.178455
0.477605
0.172762
0.423493
0.210391
0.204172
0.211483
0.200981
0.243611
0.188908
0.252278
0.172075
0.319135
0.198046
0.174999
0.353873
0.260251
0.314908
0.283453
0.312645
0.551029
0.618763
0.170322
0.217081
0.434293
0.275776
0.191181
0.220819
0.391075
0.290058
0.283806
0.330782
0.258349
0.2741
0.24847
0.245221
0.303131
0.131836
0.362278
0.212643
0.505138
0.176035
0.569196
0.207243
0.606345
0.632689
0.19369
0.488638
0.141821
0.301732
0.166574
0.471263
0.167895
0.167006
0.215903
0.177473
0.217187
0.192966
0.247915
0.205137
0.23544
0.170501
0.280761
0.404261
0.15181
0.172337
0.435265
0.157197
0.562931
0.515724
0.461856
0.569211
0.216549
0.376319
0.615131
0.211114
0.45333
0.330391
0.32426
0.389709
0.278867
0.332836
0.415433
0.330181
0.4168
0.463733
0.42755
0.423928
0.207401
0.586256
0.20089
0.341043
0.403759
0.554058
0.349146
0.199471
0.535109
0.432517
0.194254
0.265751
0.271631
0.319042
0.240666
0.287134
0.422871
0.331968
0.350509
0.365827
0.315791
0.453427
0.177075
0.48117
0.181763
0.356667
0.25375
0.673016
0.266336
0.416715
0.646713
0.246589
0.263779
0.293872
0.262435
0.353055
0.246179
0.295153
0.359018
0.328675
0.317739
0.258854
0.482702
0.679329
0.377495
0.692954
0.319473
0.293361
0.695518
0.595343
0.283475
0.70611
0.267653
0.425881
0.270943
0.708354
0.253006
0.2661
0.239605
0.306456
0.203501
0.343164
0.41102
0.370539
0.359933
0.24324
0.407389
0.441027
0.230986
0.613843
0.242885
0.220672
0.985015
0.941562
1.05519
0.843446
0.943978
1.08347
1.01734
0.328064
0.316536
0.371621
0.239691
0.40529
0.336572
0.392539
0.553123
1.17408
1.05336
0.843364
0.812369
1.20418
1.10387
0.71507
0.922577
0.870972
0.755874
0.95774
1.01404
0.790614
0.771132
0.248395
0.258213
0.315843
0.187663
0.311443
0.352715
0.346439
0.456741
0.907813
0.74346
1.21775
0.660213
1.0943
0.657012
0.820033
0.248167
0.290328
0.0909804
0.0804154
0.145732
0.131561
0.0936175
0.0600677
0.143856
0.0142252
0.0190094
0.0294882
0.011228
0.0239232
0.0407231
0.0314599
0.0286311
0.0744109
0.154787
0.0415117
0.139593
0.100246
0.15124
0.0981241
0.0958512
0.149374
0.210197
0.232199
0.177293
0.180816
0.216325
0.184693
0.19356
0.13632
0.219305
0.177375
0.16663
0.242977
0.24975
0.329104
0.16593
0.281939
0.271685
0.176996
0.116521
0.114052
0.0917554
0.142645
0.140267
0.115157
0.161429
0.1316
0.101284
0.151373
0.155562
0.0806713
0.0672136
0.102891
0.0503373
0.0649665
0.0959652
0.0698234
0.0920859
0.16296
0.166709
0.0803405
0.147365
0.142325
0.169744
0.135596
0.222206
0.592562
0.279168
0.182085
0.561837
0.253567
0.181198
0.249235
0.226075
0.241373
0.245397
0.248513
0.341893
0.302398
0.318697
0.22599
0.295341
0.486219
0.237666
0.499098
0.231435
0.217817
0.726374
0.838505
0.268243
0.608495
0.206081
0.389892
0.268989
0.680465
0.227012
0.388644
0.319771
0.411136
0.323722
0.37109
0.399052
0.411129
0.365746
0.267914
0.482433
0.68642
0.247579
0.791649
0.238539
0.260531
0.659385
0.582851
1.04367
0.681767
1.04761
0.720289
0.718408
0.111758
0.220162
0.16682
0.166423
0.588769
0.615685
1.20521
0.637077
1.09933
0.685351
0.61585
0.0973435
0.113509
0.147032
0.139192
0.863675
0.726733
0.737623
0.686408
0.810383
0.682618
0.760047
0.236854
0.0834521
0.122002
0.0606724
0.0908986
0.106498
0.106724
0.0883184
1.14648
0.760191
0.978374
0.792313
1.10041
1.04835
0.501261
)
;

boundaryField
{
    inlet
    {
        type            fixedValue;
        value           uniform 440.15;
    }
    outlet
    {
        type            zeroGradient;
    }
    rightSide
    {
        type            symmetryPlane;
    }
    leftSide
    {
        type            symmetryPlane;
    }
    duct
    {
        Cmu             0.09;
        kappa           0.41;
        E               9.8;
        beta1           0.075;
        type            omegaWallFunction;
        value           nonuniform List<scalar> 
216
(
0.0111163
0.0110615
0.0114249
0.0114762
0.0118268
0.0117867
0.0121361
0.0121628
0.0125068
0.0124914
0.0128315
0.0128348
0.0131672
0.0131723
0.0135031
0.0134979
0.0138102
0.0138216
0.0141323
0.0141334
0.0144168
0.0144275
0.0147053
0.0147199
0.0149674
0.0149835
0.0152269
0.0152596
0.0154704
0.0154939
0.0157024
0.0157651
0.0159389
0.0159735
0.0161546
0.0162359
0.0163812
0.016438
0.016581
0.0166681
0.0167844
0.0168759
0.0169551
0.0170704
0.0171494
0.0172745
0.017348
0.0174757
0.017544
0.0176457
0.0177577
0.0178549
0.017954
0.0180997
0.0181849
0.0183441
0.0184683
0.018691
0.0188312
0.0191817
0.0196805
0.0204542
0.0212165
0.0219471
0.0233922
0.0239702
0.0255617
0.026018
0.0280806
0.0283177
0.0301036
0.0304045
0.0322806
0.0324837
0.0332283
0.0333537
0.0332396
0.033349
0.0333267
0.0333759
0.0344773
0.0344831
0.0343314
0.0344037
0.0348386
0.0343233
0.0355854
0.0347723
0.0355358
0.0345788
0.0352492
0.0347298
0.0350929
0.034623
0.0345456
0.0346556
0.0345906
0.0343007
0.0351584
0.034577
0.0325769
0.0337459
0.0646289
0.0417257
0.0646309
0.0488578
0.0615646
0.0642308
0.0111075
0.0110773
0.0114346
0.0114631
0.011827
0.0117995
0.0121345
0.0121591
0.0125195
0.0124997
0.0128116
0.012834
0.0131842
0.0131708
0.0134681
0.0134944
0.0138203
0.0138115
0.014107
0.0141411
0.0144355
0.0144331
0.0147346
0.0147722
0.0150357
0.0150413
0.0153404
0.0153746
0.0156097
0.0156217
0.0159019
0.0159305
0.016141
0.0161553
0.0164085
0.0164337
0.0166251
0.0166392
0.0168665
0.0168895
0.0170616
0.0170795
0.0172826
0.0173009
0.0174569
0.0174837
0.0176614
0.0176728
0.0178151
0.0178482
0.0179866
0.0179976
0.0181122
0.0181513
0.0182393
0.0182922
0.0183404
0.0184062
0.0184333
0.0185713
0.0185269
0.0186627
0.0186118
0.018858
0.0187153
0.0189782
0.0188428
0.0192089
0.0190214
0.0193887
0.0192457
0.0196509
0.0195115
0.0199427
0.0199231
0.0203054
0.0203945
0.0207395
0.0208342
0.0211833
0.0214801
0.0216857
0.0215624
0.021955
0.0214435
0.0216589
0.0211317
0.0214174
0.0203123
0.0205159
0.0207297
0.017415
0.0286034
0.0393553
0.0363742
0.0552733
0.0783655
0.0672923
0.0976903
0.0799296
0.106955
0.0924143
0.113604
0.103451
0.0818504
0.0757593
0.0656465
0.0825393
)
;
    }
    cylinder
    {
        Cmu             0.09;
        kappa           0.41;
        E               9.8;
        beta1           0.075;
        type            omegaWallFunction;
        value           nonuniform List<scalar> 
448
(
0.780795
1.09074
0.190466
0.579714
0.593516
0.372892
0.494014
0.424485
0.561959
0.938144
0.443393
0.302572
0.183749
0.332829
0.176761
0.0957695
0.247651
0.115453
0.297931
0.233539
0.622208
0.43876
0.584531
0.479885
0.807048
0.488707
0.192559
0.358421
0.115734
0.0617691
0.428924
0.853666
0.814159
0.919197
0.258536
0.364905
0.960574
1.11749
0.536398
0.316608
0.443052
0.514212
0.545889
0.459995
0.549968
0.540283
0.188832
0.237474
0.829941
1.07373
0.192246
0.207384
0.108224
0.0807092
0.448538
0.576017
0.53858
0.555901
0.287614
0.296209
0.323104
0.492378
0.457656
0.442659
0.215725
0.227199
0.37872
0.395154
0.53905
0.551038
0.152637
0.244104
0.60906
0.526471
0.417299
0.393983
0.132572
0.359761
0.149649
0.47222
0.461841
0.833125
0.672991
0.564414
0.489878
0.310622
0.593613
0.467424
0.700735
0.446731
0.588748
0.217437
0.216636
0.458161
0.41629
0.443571
0.430928
0.212061
0.226312
0.166055
0.173295
0.120732
0.277716
0.0971398
0.168496
0.163812
0.0886678
0.0887337
0.0976393
0.156663
0.161878
0.177989
0.110117
0.274791
0.250232
0.0793185
0.203009
0.268637
0.131799
0.124704
0.0363635
0.0477531
0.166209
0.160375
0.893283
1.09475
0.280604
0.242099
0.368342
0.0925813
0.477605
0.423493
0.204172
0.260251
0.551029
0.618763
0.434293
0.391075
0.290058
0.2741
0.606345
0.632689
0.488638
0.471263
0.167006
0.192966
0.562931
0.515724
0.330391
0.332836
0.554058
0.535109
0.265751
0.287134
0.673016
0.293872
0.295153
0.695518
0.595343
0.2661
0.343164
0.941562
0.328064
0.40529
0.248395
0.311443
0.248167
0.290328
0.0804154
0.0600677
0.0142252
0.0239232
0.0958512
0.149374
0.177293
0.216325
0.13632
0.116521
0.0806713
0.0649665
0.592562
0.561837
0.249235
0.248513
0.726374
0.838505
0.608495
0.680465
0.388644
0.37109
1.04367
1.04761
0.111758
0.0973435
0.726733
0.810383
0.236854
0.0908986
0.272096
0.312181
0.237549
0.152799
0.176691
0.296569
0.140218
0.0972931
0.27396
0.343872
0.227257
0.323384
0.1485
0.268669
0.157419
0.203233
0.412068
0.28432
0.24521
0.226612
0.238768
0.280934
0.167016
0.113255
0.0834207
0.116591
0.130161
0.0962004
0.0322887
0.056928
0.172615
0.121162
0.211483
0.314908
0.283806
0.24847
0.215903
0.247915
0.32426
0.415433
0.271631
0.422871
0.262435
0.359018
0.239605
0.41102
0.316536
0.336572
0.258213
0.352715
0.0190094
0.0407231
0.219305
0.114052
0.0672136
0.0959652
0.226075
0.341893
0.319771
0.399052
0.220162
0.113509
0.0834521
0.106498
0.330167
0.212289
0.535566
0.347054
0.587884
0.151266
0.62755
0.130145
0.22808
0.147629
0.303953
0.541813
0.245586
0.294113
0.646713
0.943978
0.679329
0.692954
0.132684
0.113893
0.287255
0.250843
0.0803848
0.0983821
0.486219
0.499098
0.33248
0.221487
0.291591
0.357716
0.258383
0.18751
0.267287
0.273153
0.198347
0.126315
0.26061
0.44654
0.23376
0.278042
0.129901
0.157664
0.374086
0.178156
0.19325
0.281526
0.630723
0.355992
0.230749
0.227864
0.223068
0.684086
0.680548
0.197126
0.225819
0.204867
0.353676
0.259464
0.396312
0.231066
0.276065
0.144646
0.148207
0.239702
0.0901932
0.126597
0.11141
0.0603229
0.0893168
0.113544
0.113259
0.128648
0.0766984
0.095333
0.0431275
0.0266243
0.0584516
0.116315
0.0477899
0.0545928
0.127299
0.234118
0.927147
1.30674
0.233735
0.121285
0.200981
0.319135
0.243611
0.353873
0.283453
0.312645
0.505138
0.569196
0.330782
0.258349
0.245221
0.303131
0.569211
0.615131
0.217187
0.177473
0.404261
0.435265
0.205137
0.23544
0.453427
0.48117
0.389709
0.278867
0.423928
0.586256
0.330181
0.4168
0.319042
0.240666
0.331968
0.350509
0.353055
0.246179
0.317739
0.328675
0.70611
0.870972
0.708354
1.01404
1.21775
0.306456
0.203501
0.441027
0.613843
0.359933
0.370539
0.371621
0.239691
0.843364
1.20418
0.553123
0.392539
0.315843
0.187663
1.0943
0.456741
0.346439
0.0294882
0.011228
0.0415117
0.100246
0.0314599
0.0286311
0.115157
0.101284
0.177375
0.329104
0.16663
0.271685
0.0917554
0.142645
0.102891
0.0503373
0.0803405
0.142325
0.0698234
0.0920859
0.241373
0.245397
0.318697
0.302398
0.791649
0.411136
0.323722
0.68642
0.365746
0.411129
0.16682
1.20521
0.166423
1.09933
0.139192
0.147032
0.122002
0.0606724
0.978374
1.10041
0.0883184
0.106724
)
;
    }
}


// ************************************************************************* //
