/*--------------------------------*- C++ -*----------------------------------*\
| =========                 |                                                 |
| \\      /  F ield         | OpenFOAM: The Open Source CFD Toolbox           |
|  \\    /   O peration     | Version:  4.1                                   |
|   \\  /    A nd           | Web:      www.OpenFOAM.org                      |
|    \\/     M anipulation  |                                                 |
\*---------------------------------------------------------------------------*/
FoamFile
{
    version     2.0;
    format      ascii;
    class       volScalarField;
    location    "10";
    object      epsilon;
}
// * * * * * * * * * * * * * * * * * * * * * * * * * * * * * * * * * * * * * //

dimensions      [0 2 -3 0 0 0 0];

internalField   nonuniform List<scalar> 
4432
(
0.00038385
0.000431629
0.000473387
0.000529078
0.000580209
0.000636416
0.000697735
0.000754212
0.000807105
0.000865228
0.000905435
0.000950506
0.00100956
0.00108282
0.00117161
0.00141414
0.00131735
0.00388122
0.0257001
0.275372
0.104955
2.4538
1.18394
1.89388
0.479764
0.521599
0.214683
0.0612715
0.0470771
0.0225847
0.0256269
0.0200985
0.0118007
0.00497868
0.00347866
0.00351892
0.00303326
0.00278341
0.00238825
0.00230091
0.00233065
0.00220508
0.00210826
0.00187424
0.00161023
0.00152106
0.00127418
0.000845378
0.000668132
0.000798417
0.00119459
0.00291612
0.00623256
0.0136701
0.000387989
0.000427078
0.000476779
0.000517046
0.000576118
0.000624326
0.00068382
0.000733236
0.000793853
0.000835428
0.000884299
0.000932451
0.000988829
0.00104812
0.00109343
0.00131021
0.000731707
0.00638042
0.0933334
0.570493
0.327841
1.88717
1.22466
0.984346
0.681471
0.0932954
0.0286945
0.0226859
0.0159213
0.00582396
0.00695398
0.00559033
0.0060083
0.00528781
0.0053621
0.00412982
0.00374986
0.00330391
0.00284474
0.00196451
0.00181021
0.0014624
0.00131149
0.00114262
0.00108362
0.000912675
0.000705868
0.000439706
0.00037237
0.000661451
0.00130164
0.00412256
0.00820177
0.0175997
0.0642968
0.000890525
0.000293588
0.00029969
0.000206599
0.000119066
0.000150715
0.000159872
0.000174223
0.000172164
0.000199272
0.000206455
0.000312286
0.000360127
0.000452018
0.000509613
0.000388459
0.028473
0.245952
1.75
3.62038
3.32211
5.31467
5.97887
3.16616
3.19969
1.86787
2.76322
4.2847
6.53744
4.23648
1.00493
1.23742
0.10961
0.0916913
0.0963446
0.079042
0.069147
0.00742154
0.0349845
0.0387271
0.0659876
0.0692022
0.0476417
0.0218467
0.00377829
0.00656619
0.0183959
0.0380565
0.0589578
0.241813
0.496167
0.398776
0.50088
0.0643017
0.000880506
0.00029113
0.000295906
0.000196805
0.000110317
0.000143175
0.000152063
0.000167204
0.000188319
0.000211312
0.000244834
0.000285279
0.000324096
0.000448205
0.000456929
0.000784987
0.00882795
0.147133
0.960556
1.55366
1.86427
2.13391
1.59885
0.867813
0.762952
0.398645
0.290394
0.120092
0.155814
0.0725328
0.0367612
0.0261238
0.0191563
0.0240171
0.0205709
0.00555371
0.00526832
0.000248552
0.00115968
0.000399778
0.000401929
0.000305986
0.00030534
0.000334432
0.000122279
0.00135867
0.00459709
0.0134078
0.0596911
0.210966
0.655599
0.50393
0.586737
0.0641671
0.000154439
4.52801e-06
9.62927e-06
1.08699e-05
1.21808e-05
7.78974e-06
9.44148e-06
1.24378e-05
1.40792e-05
1.94803e-05
2.70181e-05
2.30855e-05
5.74848e-05
7.66325e-05
0.00016236
0.00299622
0.0349598
1.00011
1.26986
1.30248
1.692
2.1897
1.85898
1.20126
1.22201
1.35929
1.50023
2.22435
2.0717
1.30975
0.233591
0.35158
0.0668749
0.0164424
0.0549447
0.0553244
0.0687204
0.0726643
0.0947797
0.123484
0.0951265
0.05927
0.0560087
0.00662482
0.000653805
0.000124413
0.000368806
0.001441
0.0390523
0.00158402
0.00160279
0.0120495
0.0127248
0.0641719
0.000154255
4.60003e-06
9.97683e-06
1.06927e-05
1.17461e-05
9.25841e-06
1.06548e-05
8.09366e-06
1.66606e-05
2.24773e-05
3.04782e-05
3.9546e-05
3.99496e-05
6.37619e-05
6.87865e-05
0.000436414
0.139072
0.534219
0.654726
0.633043
0.780471
0.776413
0.370162
0.0938779
0.0633971
0.0610941
0.0633534
0.103986
0.189884
0.234484
0.0490014
0.178673
0.0286184
0.00718235
0.0162012
0.0131413
0.00665228
0.00167983
0.00179849
0.000703302
0.000509377
0.000112436
0.000204707
5.66e-05
7.71627e-06
0.000403217
0.00186913
0.00658003
0.0186193
0.0065966
0.0176545
0.0101968
0.0142866
0.0641583
0.000154413
6.70746e-07
1.14374e-08
1.31392e-08
7.33845e-08
8.24619e-08
1.5109e-07
5.42504e-07
1.15165e-06
6.45517e-07
2.76588e-06
2.72612e-06
2.01695e-06
9.70218e-06
4.93851e-06
6.37258e-06
0.00654255
0.0434177
0.247162
0.439321
0.446101
0.293735
0.277758
0.279242
0.209357
0.205724
0.216045
0.375829
0.253198
0.315665
0.0878609
0.117349
0.0301433
0.00944904
0.0230815
0.0117996
0.0262589
0.0102726
0.00197348
0.00298066
0.000471269
0.00567428
0.00834634
0.000932299
6.45191e-05
1.02382e-05
0.000180741
0.00131818
0.0111279
0.000161542
0.000437105
0.00619568
0.00519147
0.0641633
0.000154233
6.70413e-07
1.1787e-08
1.24239e-08
7.5823e-08
5.50467e-08
3.03703e-07
4.86215e-07
1.83504e-07
2.28415e-06
1.00816e-06
5.97156e-06
4.05296e-06
7.16643e-06
1.64806e-06
4.3562e-05
0.000125583
0.0585417
0.113977
0.13574
0.0998609
0.0460007
0.113918
0.0925778
0.0657057
0.0593124
0.0426634
0.0899256
0.10426
0.177552
0.0596312
0.0949046
0.0321971
0.00090911
0.00730355
0.00429537
0.0140566
0.00843293
0.00271356
0.00155702
0.000635718
4.03011e-06
0.00132512
0.000450744
3.9295e-05
1.76291e-05
5.73657e-05
3.5324e-05
0.00258754
0.00126758
0.00608974
0.00634704
0.00495674
0.0641508
0.000154405
6.69653e-07
2.46787e-09
1.49358e-09
1.49493e-09
1.49754e-09
1.51547e-09
1.55891e-09
2.41835e-09
2.4049e-09
1.88014e-08
4.30489e-08
2.3265e-08
7.81126e-07
7.85059e-07
2.61834e-07
1.96892e-06
0.00015592
0.000791101
0.0621416
0.0752423
0.0800916
0.0313974
0.0361064
0.0308115
0.107308
0.162332
0.281347
0.294452
0.434524
0.568264
0.53975
0.282316
0.0428138
0.027801
0.0189405
0.00763421
0.00376954
0.0013758
0.000674341
0.000281091
2.45377e-05
1.12551e-05
8.77142e-07
4.16135e-07
7.63256e-07
1.11954e-06
4.38604e-07
9.298e-08
1.55724e-05
5.68999e-05
0.000428991
1.67213e-06
0.0641554
0.000154213
6.64908e-07
2.46795e-09
1.49334e-09
1.49508e-09
1.49683e-09
1.52803e-09
1.58896e-09
1.28286e-08
9.1123e-09
2.48357e-08
2.50678e-07
1.51827e-07
5.75522e-07
2.9798e-07
7.90216e-06
2.82114e-06
0.000160134
0.00179964
0.0132989
0.0266725
0.0217647
0.0467018
0.0678484
0.068238
0.0682372
0.0606632
0.107992
0.118426
0.152256
0.192768
0.171501
0.061498
0.00173798
0.00746821
0.0120384
0.00417851
0.00073492
0.000170386
0.000144876
7.03622e-05
2.10746e-06
2.67975e-09
1.88286e-09
1.99408e-09
3.36618e-09
1.93801e-09
2.578e-08
3.74062e-07
1.30391e-06
1.51559e-05
0.000580042
1.73709e-06
0.0641379
0.000154379
6.57802e-07
2.47316e-09
1.49347e-09
1.49445e-09
1.49443e-09
1.495e-09
1.49751e-09
1.49464e-09
1.49387e-09
1.50119e-09
1.50112e-09
1.49784e-09
2.12062e-09
2.77517e-09
2.5747e-09
3.02702e-08
1.98487e-07
2.68902e-06
0.000125916
0.000644893
0.0100791
0.00592188
0.00989824
0.00925744
0.00763262
0.0387219
0.0660292
0.107378
0.182456
0.331203
0.237378
0.257505
0.021433
0.00420991
0.00119718
0.000735947
0.000314128
1.50926e-09
6.96973e-09
1.56242e-09
1.5063e-09
9.38425e-07
1.52815e-09
2.26218e-09
4.32466e-09
2.37399e-08
1.98261e-09
1.62994e-09
3.45536e-08
1.47697e-07
6.18071e-07
1.13309e-06
0.0641428
0.000154201
6.5726e-07
2.46708e-09
1.49265e-09
1.49417e-09
1.49408e-09
1.4942e-09
1.49781e-09
1.49494e-09
1.49448e-09
1.50516e-09
1.57296e-09
1.55055e-09
1.88314e-09
1.97007e-09
9.52379e-08
9.37871e-09
2.56138e-07
5.26431e-06
5.0398e-05
0.0029687
0.00220843
0.0009635
0.00829133
0.00898388
0.0189011
0.0183175
0.0376499
0.0502776
0.0873701
0.122723
0.0534643
0.000616251
0.000761735
0.0029603
1.22702e-05
1.07465e-08
1.5144e-09
1.49963e-09
1.2074e-05
1.45039e-09
1.022e-09
1.50708e-09
1.50669e-09
1.50862e-09
1.50848e-09
1.5242e-09
1.50869e-09
3.15585e-08
1.11666e-07
1.27731e-06
4.85394e-05
1.56175e-06
0.0641279
0.000154352
6.57742e-07
2.4787e-09
1.49363e-09
1.49416e-09
1.49626e-09
1.49441e-09
1.49457e-09
1.50014e-09
1.49587e-09
1.49579e-09
1.49973e-09
1.49447e-09
1.4941e-09
1.4952e-09
1.49704e-09
1.5111e-09
1.68395e-09
5.0178e-09
6.3617e-07
1.31991e-06
2.79215e-05
9.10789e-06
0.00535623
0.00599562
0.00477861
0.0104594
0.0113204
0.0152804
0.0492006
0.0475354
0.0291885
0.0200854
0.00200964
0.000659652
1.03659e-07
1.50455e-09
1.56032e-09
1.50502e-09
1.50002e-09
1.50415e-09
1.50734e-09
1.50916e-09
1.51371e-09
1.50933e-09
1.51458e-09
1.55915e-09
1.50017e-09
1.49644e-09
1.50157e-09
6.62205e-09
2.52423e-08
5.44063e-08
0.0641323
0.000154167
6.57433e-07
2.47341e-09
1.49272e-09
1.4935e-09
1.49349e-09
1.49325e-09
1.49357e-09
1.49694e-09
1.49525e-09
1.4954e-09
1.49901e-09
1.49416e-09
1.49388e-09
1.49579e-09
1.53264e-09
1.49897e-09
1.7487e-09
3.78099e-08
1.14489e-07
3.15756e-05
1.01053e-05
4.25147e-06
0.00101848
0.00427117
0.00244521
0.00472671
0.0102807
0.0158964
0.0246262
0.0366364
0.00387349
0.00393323
3.37832e-06
6.5104e-05
2.16861e-08
1.51156e-09
1.50163e-09
1.50237e-09
1.50008e-09
1.50293e-09
1.49953e-09
1.50208e-09
1.50866e-09
1.50398e-09
1.50231e-09
1.50536e-09
1.50636e-09
1.50141e-09
1.52731e-09
2.42085e-08
2.50738e-07
6.9038e-08
0.0641112
0.000154342
6.69451e-07
2.47952e-09
1.49207e-09
1.49243e-09
1.49242e-09
1.4937e-09
1.49757e-09
1.49437e-09
1.49334e-09
1.49556e-09
1.49572e-09
1.49942e-09
1.49594e-09
1.49562e-09
1.50005e-09
1.50048e-09
1.4966e-09
1.50059e-09
2.07251e-09
4.67597e-09
8.82895e-08
3.03776e-08
0.00131547
0.00248486
0.00022286
0.00121932
2.88925e-05
4.168e-05
0.000314604
0.000634877
0.00851872
0.00076251
2.47678e-06
5.51788e-05
1.48679e-09
1.4979e-09
1.49912e-09
1.49955e-09
1.50053e-09
1.50671e-09
1.50582e-09
1.50932e-09
1.51734e-09
1.50758e-09
1.50438e-09
1.50266e-09
1.49959e-09
1.49577e-09
1.6501e-09
2.33284e-08
7.41769e-08
1.50425e-07
0.064116
0.000154179
6.69207e-07
2.4757e-09
1.49183e-09
1.49363e-09
1.49357e-09
1.49402e-09
1.49751e-09
1.49393e-09
1.49295e-09
1.49521e-09
1.49532e-09
1.49981e-09
1.49491e-09
1.49542e-09
1.49854e-09
1.49937e-09
1.49537e-09
1.51489e-09
1.64991e-09
2.26055e-06
6.20446e-08
2.5811e-08
8.84854e-05
0.000304739
3.31819e-05
0.000278258
6.77334e-05
0.000193264
4.00795e-05
0.000596871
2.39156e-05
7.57805e-07
1.77814e-08
9.71674e-09
1.50096e-09
1.49666e-09
1.4987e-09
1.49812e-09
1.4983e-09
1.50612e-09
1.49999e-09
1.50139e-09
1.50371e-09
1.50598e-09
1.49998e-09
1.50242e-09
1.50875e-09
1.50111e-09
1.74419e-09
2.21465e-08
5.92273e-08
1.06095e-07
0.0640995
0.000154308
6.69753e-07
2.48549e-09
1.49198e-09
1.49286e-09
1.49663e-09
1.49471e-09
1.49424e-09
1.50115e-09
1.49421e-09
1.49357e-09
1.50033e-09
1.49491e-09
1.4945e-09
1.49504e-09
1.4957e-09
1.49792e-09
1.49748e-09
1.50072e-09
1.49695e-09
1.50087e-09
1.6034e-09
2.59619e-05
0.000311133
0.000664141
0.000162572
3.47912e-05
1.35126e-07
2.07218e-07
6.89482e-07
1.32622e-06
8.3381e-05
1.58941e-06
1.74414e-08
1.82944e-09
1.5001e-09
1.49842e-09
1.49807e-09
1.50068e-09
1.50646e-09
1.5038e-09
1.50405e-09
1.50714e-09
1.51325e-09
1.5066e-09
1.50544e-09
1.50542e-09
1.50648e-09
1.50135e-09
2.19169e-09
4.48269e-08
9.24379e-08
1.24307e-07
0.0641036
0.000154135
6.69499e-07
2.48256e-09
1.49168e-09
1.49216e-09
1.49214e-09
1.49288e-09
1.49363e-09
1.49731e-09
1.49383e-09
1.49388e-09
1.49998e-09
1.49454e-09
1.49443e-09
1.49626e-09
1.4956e-09
1.4975e-09
1.496e-09
1.50269e-09
1.49985e-09
6.52279e-09
1.57339e-09
1.51794e-09
3.09786e-06
1.94773e-05
3.89144e-06
6.87951e-06
2.29719e-07
8.11771e-07
9.61981e-08
1.53766e-06
1.57599e-07
3.09425e-09
1.51299e-09
1.50661e-09
1.50418e-09
1.49893e-09
1.49773e-09
1.50013e-09
1.50489e-09
1.50437e-09
1.50399e-09
1.51087e-09
1.50296e-09
1.50277e-09
1.49941e-09
1.50102e-09
1.50626e-09
1.50848e-09
2.44353e-09
5.718e-08
1.23128e-07
1.90713e-07
0.0640802
0.000154292
6.69606e-07
2.49208e-09
1.49207e-09
1.49286e-09
1.49649e-09
1.4943e-09
1.49374e-09
1.50068e-09
1.5002e-09
1.4941e-09
1.49457e-09
1.49984e-09
1.49488e-09
1.49435e-09
1.4961e-09
1.49706e-09
1.50141e-09
1.49753e-09
1.49542e-09
1.49931e-09
1.49877e-09
1.70884e-09
6.16545e-05
0.000158966
2.85585e-05
2.25991e-06
1.07876e-08
1.78668e-09
2.97756e-09
4.84254e-09
4.15395e-07
1.47983e-08
1.52635e-09
1.50732e-09
1.50566e-09
1.51015e-09
1.50922e-09
1.50899e-09
1.50411e-09
1.5009e-09
1.50346e-09
1.50716e-09
1.51552e-09
1.50878e-09
1.5089e-09
1.51493e-09
1.50717e-09
1.50266e-09
1.5497e-09
1.08162e-08
9.41394e-08
1.26333e-07
0.0640847
0.000154137
6.69232e-07
2.48011e-09
1.49178e-09
1.49277e-09
1.49617e-09
1.49569e-09
1.49584e-09
1.49936e-09
1.49962e-09
1.49396e-09
1.49371e-09
1.49967e-09
1.49552e-09
1.49442e-09
1.49461e-09
1.49833e-09
1.49582e-09
1.49571e-09
1.49571e-09
1.50154e-09
1.49741e-09
1.49866e-09
6.68618e-09
3.8508e-07
8.79655e-09
9.24614e-08
2.3889e-09
3.69038e-09
1.63471e-09
5.59329e-09
1.69869e-09
1.50454e-09
1.50464e-09
1.5049e-09
1.50475e-09
1.50407e-09
1.50476e-09
1.50526e-09
1.50568e-09
1.50535e-09
1.50449e-09
1.50424e-09
1.50514e-09
1.50404e-09
1.5014e-09
1.50435e-09
1.50958e-09
1.50957e-09
1.54408e-09
1.29679e-08
1.19241e-07
1.82873e-07
0.0640678
0.000154253
6.699e-07
2.49068e-09
1.4922e-09
1.49321e-09
1.49314e-09
1.49377e-09
1.49455e-09
1.49522e-09
1.49773e-09
1.49445e-09
1.49391e-09
1.49437e-09
1.49539e-09
1.49452e-09
1.4948e-09
1.49594e-09
1.49625e-09
1.50034e-09
1.4969e-09
1.4956e-09
1.4956e-09
1.06249e-09
5.94499e-07
1.76337e-06
3.47343e-08
2.88541e-09
1.50677e-09
1.50246e-09
1.50356e-09
1.50411e-09
1.79289e-09
1.51121e-09
1.50497e-09
1.50656e-09
1.50998e-09
1.50337e-09
1.50314e-09
1.50679e-09
1.50572e-09
1.50453e-09
1.50436e-09
1.50546e-09
1.50709e-09
1.50833e-09
1.50738e-09
1.51313e-09
1.51035e-09
1.51202e-09
1.51836e-09
1.53951e-09
1.54266e-09
6.35651e-08
0.0640715
0.000154085
6.69662e-07
2.4871e-09
1.49197e-09
1.4922e-09
1.49221e-09
1.49297e-09
1.493e-09
1.49421e-09
1.49719e-09
1.49414e-09
1.49373e-09
1.4942e-09
1.49558e-09
1.49552e-09
1.49484e-09
1.49941e-09
1.50037e-09
1.49492e-09
1.49395e-09
1.49506e-09
1.49458e-09
1.49806e-09
1.50997e-09
1.75825e-09
1.51345e-09
1.55295e-09
1.50171e-09
1.50242e-09
1.49929e-09
1.49924e-09
1.50708e-09
1.50101e-09
1.4996e-09
1.50245e-09
1.51013e-09
1.50667e-09
1.50797e-09
1.50277e-09
1.50219e-09
1.50474e-09
1.50526e-09
1.50848e-09
1.51487e-09
1.50784e-09
1.50524e-09
1.51268e-09
1.51149e-09
1.51534e-09
1.51193e-09
1.51972e-09
1.57557e-09
9.96118e-08
0.0640473
0.000154251
6.71037e-07
2.49073e-09
1.49436e-09
1.49832e-09
1.49504e-09
1.49522e-09
1.501e-09
1.49472e-09
1.4938e-09
1.50049e-09
1.49416e-09
1.49338e-09
1.49497e-09
1.49627e-09
1.49634e-09
1.49682e-09
1.50261e-09
1.50155e-09
1.50392e-09
1.49586e-09
1.49506e-09
1.49775e-09
2.02212e-09
2.46186e-09
1.51516e-09
1.5094e-09
1.5016e-09
1.49897e-09
1.50392e-09
1.50083e-09
1.49942e-09
1.50144e-09
1.50181e-09
1.51169e-09
1.50023e-09
1.49808e-09
1.51096e-09
1.50219e-09
1.50214e-09
1.50557e-09
1.51265e-09
1.51127e-09
1.50877e-09
1.52048e-09
1.52091e-09
1.53113e-09
1.51812e-09
1.51885e-09
1.52677e-09
1.53146e-09
1.52743e-09
1.67131e-09
0.0640514
0.000154105
6.70899e-07
2.49605e-09
1.49254e-09
1.4928e-09
1.49253e-09
1.49383e-09
1.49792e-09
1.49454e-09
1.49361e-09
1.50042e-09
1.49397e-09
1.49265e-09
1.49409e-09
1.49476e-09
1.49559e-09
1.49654e-09
1.49979e-09
1.50074e-09
1.50417e-09
1.49553e-09
1.49471e-09
1.50573e-09
1.50133e-09
1.50219e-09
1.49846e-09
1.49665e-09
1.50496e-09
1.50081e-09
1.49968e-09
1.50825e-09
1.50452e-09
1.50561e-09
1.50483e-09
1.50711e-09
1.50118e-09
1.49816e-09
1.51091e-09
1.50583e-09
1.50501e-09
1.50865e-09
1.51552e-09
1.51647e-09
1.52315e-09
1.51281e-09
1.51158e-09
1.53429e-09
1.52271e-09
1.521e-09
1.5276e-09
1.52253e-09
1.53353e-09
3.38489e-09
0.0640351
0.000154094
6.54574e-07
2.52583e-09
1.49519e-09
1.49537e-09
1.49536e-09
1.49919e-09
1.49843e-09
1.49853e-09
1.50119e-09
1.49612e-09
1.49605e-09
1.501e-09
1.49585e-09
1.49593e-09
1.49594e-09
1.49659e-09
1.50232e-09
1.49792e-09
1.49591e-09
1.49608e-09
1.49735e-09
1.49552e-09
1.49473e-09
1.49962e-09
1.49876e-09
1.5026e-09
1.5003e-09
1.49922e-09
1.5052e-09
1.50542e-09
1.50309e-09
1.50242e-09
1.50871e-09
1.50069e-09
1.49919e-09
1.50688e-09
1.50654e-09
1.51139e-09
1.5115e-09
1.51001e-09
1.51054e-09
1.52221e-09
1.52211e-09
1.51671e-09
1.51777e-09
1.52141e-09
1.5213e-09
1.54289e-09
1.53551e-09
1.53582e-09
1.53293e-09
1.54612e-09
0.0640384
0.000153923
6.53985e-07
2.52124e-09
1.49507e-09
1.49683e-09
1.49635e-09
1.49867e-09
1.49622e-09
1.49594e-09
1.50108e-09
1.49602e-09
1.49624e-09
1.50158e-09
1.49535e-09
1.49331e-09
1.49527e-09
1.49633e-09
1.50121e-09
1.49867e-09
1.49607e-09
1.49438e-09
1.51963e-09
1.48163e-09
1.45672e-09
1.50162e-09
1.50012e-09
1.50392e-09
1.50135e-09
1.50316e-09
1.50221e-09
1.50631e-09
1.50356e-09
1.50886e-09
1.50746e-09
1.50901e-09
1.50081e-09
1.50096e-09
1.50443e-09
1.50436e-09
1.50736e-09
1.50722e-09
1.50987e-09
1.51042e-09
1.51406e-09
1.52107e-09
1.52319e-09
1.54527e-09
1.52505e-09
1.52068e-09
1.54291e-09
1.52994e-09
1.52431e-09
1.54952e-09
0.0640165
0.000154482
6.67677e-07
2.54152e-09
1.49374e-09
1.49424e-09
1.49673e-09
1.49388e-09
1.49309e-09
1.49995e-09
1.49469e-09
1.49387e-09
1.49881e-09
1.49911e-09
1.5016e-09
1.49585e-09
1.49438e-09
1.49538e-09
1.49643e-09
1.50287e-09
1.49853e-09
1.49571e-09
2.30154e-09
1.52553e-09
4.75609e-09
4.00184e-07
2.96749e-07
9.18019e-09
1.51698e-09
1.49927e-09
1.50052e-09
1.50222e-09
1.50381e-09
1.50358e-09
1.50407e-09
1.50384e-09
1.50968e-09
1.50085e-09
1.50082e-09
1.50571e-09
1.50569e-09
1.50688e-09
1.50803e-09
1.52198e-09
1.52117e-09
1.51929e-09
1.51933e-09
1.52401e-09
1.52611e-09
1.54185e-09
1.54193e-09
1.54085e-09
1.54403e-09
1.56855e-09
0.064018
0.000153852
6.57138e-07
2.51972e-09
1.49483e-09
1.49559e-09
1.49835e-09
1.49447e-09
1.49454e-09
1.50121e-09
1.49436e-09
1.49295e-09
1.4946e-09
1.49551e-09
1.49536e-09
1.49371e-09
1.50078e-09
1.49692e-09
1.49712e-09
1.50218e-09
1.49788e-09
1.49653e-09
1.26985e-05
1.11954e-06
1.31551e-07
1.47139e-07
4.71346e-06
1.14248e-06
1.4598e-09
1.49889e-09
1.50053e-09
1.50822e-09
1.50346e-09
1.50505e-09
1.49973e-09
1.49884e-09
1.5002e-09
1.49878e-09
1.50048e-09
1.50436e-09
1.51575e-09
1.5123e-09
1.51254e-09
1.51579e-09
1.51416e-09
1.51317e-09
1.51505e-09
1.534e-09
1.53664e-09
1.53269e-09
1.53478e-09
1.53942e-09
1.53925e-09
1.56151e-09
0.0640031
0.000153942
6.54539e-07
2.53991e-09
1.49367e-09
1.49531e-09
1.50051e-09
1.49388e-09
1.49335e-09
1.50023e-09
1.49761e-09
1.49644e-09
1.49751e-09
1.49971e-09
1.49464e-09
1.49367e-09
1.49513e-09
1.4951e-09
1.49596e-09
1.4976e-09
1.49633e-09
1.49447e-09
1.516e-09
9.98316e-08
3.18685e-05
3.70941e-05
6.54214e-05
1.37222e-05
5.1819e-06
2.15999e-06
3.59102e-07
3.20709e-09
1.50176e-09
1.49735e-09
1.50867e-09
1.508e-09
1.51005e-09
1.50483e-09
1.50523e-09
1.50665e-09
1.5071e-09
1.51708e-09
1.51119e-09
1.51086e-09
1.51933e-09
1.51989e-09
1.51987e-09
1.51868e-09
1.52403e-09
1.52467e-09
1.53121e-09
1.53555e-09
1.54295e-09
1.58531e-09
0.0638599
0.000155348
6.74025e-07
2.57438e-09
1.49438e-09
1.49888e-09
1.49398e-09
1.49361e-09
1.49893e-09
1.49574e-09
1.4959e-09
1.49936e-09
1.49649e-09
1.49626e-09
1.49833e-09
1.49841e-09
1.50086e-09
1.49485e-09
1.49427e-09
1.50277e-09
1.49687e-09
1.49508e-09
1.82764e-09
8.31408e-07
5.63175e-05
2.07568e-05
5.58157e-05
1.36523e-05
3.68227e-06
1.33592e-06
1.24554e-07
1.8901e-09
1.5044e-09
1.50175e-09
1.50429e-09
1.50536e-09
1.50537e-09
1.50718e-09
1.50734e-09
1.51259e-09
1.50869e-09
1.50854e-09
1.5104e-09
1.51077e-09
1.51596e-09
1.51509e-09
1.51487e-09
1.51676e-09
1.52186e-09
1.53015e-09
1.54434e-09
1.54814e-09
1.54823e-09
1.57884e-09
0.0638594
0.000156329
6.87007e-07
2.58735e-09
1.49384e-09
1.49453e-09
1.49738e-09
1.49427e-09
1.49383e-09
1.50213e-09
1.49462e-09
1.49462e-09
1.5022e-09
1.49519e-09
1.49387e-09
1.50123e-09
1.49525e-09
1.49473e-09
1.49944e-09
1.49624e-09
1.49607e-09
1.49353e-09
1.65891e-09
5.99139e-06
0.00781016
0.00113307
0.000298469
5.23158e-05
2.55605e-06
2.50866e-07
2.5662e-09
1.49726e-09
1.50067e-09
1.49891e-09
1.50082e-09
1.51062e-09
1.50872e-09
1.50869e-09
1.51207e-09
1.50799e-09
1.50821e-09
1.51163e-09
1.51547e-09
1.51815e-09
1.52835e-09
1.52091e-09
1.51501e-09
1.51791e-09
1.52768e-09
1.56478e-09
1.56558e-09
1.5682e-09
1.60587e-09
0.0640108
0.000154993
6.57578e-07
2.54698e-09
1.49559e-09
1.49638e-09
1.49815e-09
1.49471e-09
1.49489e-09
1.50056e-09
1.50044e-09
1.49452e-09
1.49454e-09
1.5004e-09
1.49746e-09
1.49812e-09
1.5014e-09
1.49621e-09
1.49437e-09
1.49927e-09
1.49701e-09
1.49706e-09
3.30747e-09
2.74633e-05
0.0117339
0.000850326
0.000225114
1.88458e-05
4.30937e-07
2.20955e-08
1.54881e-09
1.50291e-09
1.50255e-09
1.50218e-09
1.50191e-09
1.50371e-09
1.50593e-09
1.51143e-09
1.50363e-09
1.50306e-09
1.51434e-09
1.51497e-09
1.52346e-09
1.52372e-09
1.53124e-09
1.52729e-09
1.52593e-09
1.52787e-09
1.52951e-09
1.55171e-09
1.55021e-09
1.55426e-09
1.6077e-09
0.0639755
0.0001547
6.63275e-07
2.56557e-09
1.49641e-09
1.49924e-09
1.49376e-09
1.49305e-09
1.49804e-09
1.49792e-09
1.49929e-09
1.49925e-09
1.50009e-09
1.49528e-09
1.49425e-09
1.50138e-09
1.50168e-09
1.49648e-09
1.49865e-09
1.4978e-09
1.4977e-09
1.49933e-09
2.01574e-06
1.66207e-06
2.6784e-05
0.000150465
0.000138104
7.16602e-05
2.02112e-06
3.20009e-07
4.02106e-09
1.51235e-09
1.49772e-09
1.49677e-09
1.50306e-09
1.50267e-09
1.50292e-09
1.50453e-09
1.50476e-09
1.50825e-09
1.50979e-09
1.51313e-09
1.52613e-09
1.51241e-09
1.50943e-09
1.51363e-09
1.51577e-09
1.53812e-09
1.52998e-09
1.5278e-09
1.53241e-09
1.53313e-09
1.54151e-09
1.58874e-09
0.063978
0.000154557
6.62905e-07
2.56169e-09
1.4959e-09
1.49904e-09
1.49393e-09
1.49283e-09
1.49874e-09
1.49841e-09
1.49927e-09
1.49834e-09
1.49947e-09
1.49483e-09
1.49406e-09
1.50254e-09
1.49564e-09
1.49548e-09
1.50169e-09
1.49774e-09
1.49693e-09
1.49774e-09
2.31883e-05
9.93863e-07
1.12998e-05
0.000358627
0.000129209
7.35519e-05
1.5663e-06
9.18033e-08
1.94202e-09
1.50557e-09
1.50053e-09
1.49783e-09
1.49943e-09
1.50095e-09
1.503e-09
1.50975e-09
1.50377e-09
1.50282e-09
1.50376e-09
1.50593e-09
1.5226e-09
1.519e-09
1.5165e-09
1.51383e-09
1.51807e-09
1.54346e-09
1.53703e-09
1.53791e-09
1.56239e-09
1.536e-09
1.53655e-09
1.60759e-09
0.0639545
0.000153901
6.54364e-07
2.56605e-09
1.49526e-09
1.49606e-09
1.49612e-09
1.49962e-09
1.49391e-09
1.49251e-09
1.49935e-09
1.49466e-09
1.49395e-09
1.50083e-09
1.4945e-09
1.4941e-09
1.49618e-09
1.496e-09
1.50095e-09
1.49684e-09
1.49749e-09
1.50239e-09
2.88499e-09
1.29063e-07
1.70503e-07
9.44607e-07
1.53874e-05
9.65117e-06
4.51263e-06
6.7313e-08
1.59963e-09
1.5055e-09
1.50359e-09
1.50374e-09
1.50604e-09
1.50233e-09
1.50259e-09
1.50329e-09
1.50363e-09
1.51531e-09
1.5062e-09
1.50547e-09
1.50921e-09
1.50979e-09
1.51269e-09
1.51709e-09
1.52246e-09
1.52507e-09
1.54321e-09
1.54252e-09
1.5411e-09
1.54151e-09
1.54874e-09
1.6024e-09
0.0639576
0.000153787
6.54263e-07
2.56291e-09
1.49505e-09
1.49584e-09
1.4959e-09
1.49939e-09
1.49369e-09
1.49236e-09
1.49937e-09
1.49844e-09
1.49963e-09
1.49564e-09
1.49528e-09
1.50172e-09
1.50175e-09
1.50313e-09
1.49696e-09
1.49682e-09
1.49662e-09
1.49733e-09
3.93989e-09
2.64614e-07
5.3097e-07
1.70465e-06
1.61188e-05
1.01514e-05
4.71015e-06
6.82032e-08
1.60236e-09
1.49916e-09
1.50309e-09
1.50223e-09
1.50236e-09
1.50831e-09
1.50686e-09
1.50832e-09
1.50488e-09
1.50418e-09
1.5076e-09
1.51001e-09
1.50988e-09
1.51294e-09
1.51633e-09
1.51788e-09
1.51708e-09
1.52139e-09
1.54184e-09
1.53837e-09
1.52913e-09
1.53338e-09
1.54607e-09
1.59559e-09
0.0639463
0.000153956
6.57964e-07
2.56601e-09
1.49281e-09
1.49352e-09
1.49684e-09
1.49362e-09
1.49192e-09
1.49384e-09
1.49393e-09
1.4973e-09
1.49497e-09
1.49504e-09
1.49514e-09
1.49995e-09
1.49684e-09
1.49722e-09
1.50198e-09
1.49699e-09
1.49756e-09
1.50235e-09
1.50017e-09
4.61497e-09
2.09995e-09
2.99818e-07
5.80406e-07
8.21247e-07
1.46686e-08
1.5221e-09
1.49643e-09
1.5065e-09
1.5012e-09
1.49923e-09
1.50163e-09
1.5066e-09
1.50518e-09
1.50589e-09
1.51098e-09
1.51024e-09
1.50945e-09
1.50805e-09
1.51214e-09
1.51733e-09
1.52683e-09
1.51669e-09
1.51393e-09
1.5213e-09
1.52148e-09
1.52658e-09
1.53192e-09
1.54436e-09
1.55407e-09
1.60233e-09
0.0639485
0.000153833
6.57816e-07
2.56271e-09
1.49251e-09
1.49332e-09
1.49664e-09
1.49342e-09
1.4917e-09
1.49761e-09
1.49449e-09
1.49412e-09
1.49865e-09
1.49546e-09
1.49531e-09
1.49607e-09
1.49708e-09
1.49562e-09
1.49465e-09
1.50351e-09
1.50229e-09
1.5037e-09
1.49862e-09
3.94493e-09
2.07639e-09
3.54725e-07
6.182e-07
9.16745e-07
2.36236e-08
1.53452e-09
1.49754e-09
1.50809e-09
1.49839e-09
1.49767e-09
1.49853e-09
1.49857e-09
1.49891e-09
1.9101e-09
2.46137e-09
1.5277e-09
1.50689e-09
1.50775e-09
1.51009e-09
2.48577e-09
1.65048e-09
1.69023e-09
1.5101e-09
1.53095e-09
1.52749e-09
1.5337e-09
1.54023e-09
1.54588e-09
1.55128e-09
1.60728e-09
0.0639294
0.000153927
6.5818e-07
2.56364e-09
1.49288e-09
1.49287e-09
1.49328e-09
1.4987e-09
1.49401e-09
1.49312e-09
1.49877e-09
1.49543e-09
1.49407e-09
1.49565e-09
1.49762e-09
1.49452e-09
1.49375e-09
1.49849e-09
1.49689e-09
1.49643e-09
1.49864e-09
1.50299e-09
1.49722e-09
1.4997e-09
1.49902e-09
4.88169e-09
6.89342e-09
1.92412e-09
1.50217e-09
1.50059e-09
1.50127e-09
1.50069e-09
1.50367e-09
1.50299e-09
1.50309e-09
1.50616e-09
1.50629e-09
1.89071e-09
1.63548e-09
1.50018e-09
1.51128e-09
1.51023e-09
1.5091e-09
1.51557e-09
1.5269e-09
1.58674e-09
1.62806e-09
1.55829e-09
1.54078e-09
1.53427e-09
1.53078e-09
1.54512e-09
1.5478e-09
1.59421e-09
0.0639321
0.000153824
6.58015e-07
2.56078e-09
1.49241e-09
1.49251e-09
1.49292e-09
1.49833e-09
1.49383e-09
1.49295e-09
1.49842e-09
1.49473e-09
1.49485e-09
1.49499e-09
1.49684e-09
1.4944e-09
1.49391e-09
1.49573e-09
1.4961e-09
1.49735e-09
1.49628e-09
1.49745e-09
1.49806e-09
1.50634e-09
1.49742e-09
9.52095e-09
1.03548e-08
2.08563e-09
1.50019e-09
1.49967e-09
1.49895e-09
1.49859e-09
1.50226e-09
1.49768e-09
1.49771e-09
1.50805e-09
1.44338e-09
2.86702e-07
2.79358e-07
2.13797e-08
1.50912e-09
1.50702e-09
4.43118e-09
4.98652e-07
5.03585e-08
1.3962e-07
1.21151e-08
2.62334e-09
1.63363e-09
1.52413e-09
1.52845e-09
1.53306e-09
1.54637e-09
1.58556e-09
0.0639225
0.000153898
6.58825e-07
2.56966e-09
1.49369e-09
1.49372e-09
1.49401e-09
1.49523e-09
1.49696e-09
1.49513e-09
1.4949e-09
1.4965e-09
1.49689e-09
1.50139e-09
1.49812e-09
1.49389e-09
1.49525e-09
1.49738e-09
1.4979e-09
1.50012e-09
1.496e-09
1.4954e-09
1.49706e-09
1.49923e-09
1.49617e-09
1.49636e-09
1.50622e-09
1.49954e-09
1.49944e-09
1.50458e-09
1.50383e-09
1.50466e-09
1.50435e-09
1.50447e-09
1.50793e-09
1.50064e-09
2.97917e-09
2.85312e-07
8.99185e-08
1.64187e-07
1.578e-09
1.93946e-09
1.59678e-09
1.52444e-09
2.27534e-09
5.51304e-08
3.37926e-08
1.63032e-08
1.9149e-09
1.5543e-09
1.54924e-09
1.55378e-09
1.55567e-09
1.57853e-09
0.0639244
0.000153778
6.58592e-07
2.56709e-09
1.49431e-09
1.49567e-09
1.49559e-09
1.4953e-09
1.49621e-09
1.49575e-09
1.49513e-09
1.49537e-09
1.49577e-09
1.50011e-09
1.49548e-09
1.49459e-09
1.49774e-09
1.49775e-09
1.50153e-09
1.49615e-09
1.49441e-09
1.49481e-09
1.49593e-09
1.50234e-09
1.49594e-09
1.49772e-09
1.50357e-09
1.49683e-09
1.49666e-09
1.49925e-09
1.49931e-09
1.49892e-09
1.49817e-09
1.50043e-09
1.50323e-09
1.50704e-09
5.34457e-07
3.97925e-06
3.57024e-06
1.87721e-06
4.38148e-09
6.03835e-09
1.2125e-06
0.000105329
1.80048e-05
7.99562e-06
6.8565e-07
1.98386e-07
4.25758e-08
1.63881e-09
1.55082e-09
1.54595e-09
1.55325e-09
1.59417e-09
0.0639078
0.000153868
6.58532e-07
2.57398e-09
1.49363e-09
1.49376e-09
1.49408e-09
1.49519e-09
1.49716e-09
1.49438e-09
1.49372e-09
1.49995e-09
1.49694e-09
1.49736e-09
1.50112e-09
1.49572e-09
1.49466e-09
1.49891e-09
1.49902e-09
1.50192e-09
1.49484e-09
1.49458e-09
1.50336e-09
1.5018e-09
1.50289e-09
1.49965e-09
1.49922e-09
1.50443e-09
1.50165e-09
1.50169e-09
1.50498e-09
1.50434e-09
1.50534e-09
1.50351e-09
1.50793e-09
1.21734e-08
1.24308e-07
5.47071e-06
3.36692e-06
1.60127e-06
3.66303e-08
1.61551e-07
3.5459e-08
2.1636e-09
3.7116e-07
7.08894e-07
6.60874e-07
3.48412e-07
3.59576e-08
1.6377e-09
1.5697e-09
1.55358e-09
1.54893e-09
1.59255e-09
0.0639102
0.000153767
6.58318e-07
2.57041e-09
1.49427e-09
1.49564e-09
1.49557e-09
1.49538e-09
1.49578e-09
1.49558e-09
1.49677e-09
1.49929e-09
1.49669e-09
1.49707e-09
1.50137e-09
1.49674e-09
1.49411e-09
1.4949e-09
1.49507e-09
1.49947e-09
1.4958e-09
1.49476e-09
1.50414e-09
1.50044e-09
1.50072e-09
1.50524e-09
1.49986e-09
1.50008e-09
1.50535e-09
1.50363e-09
1.50473e-09
1.49766e-09
1.49718e-09
1.49806e-09
1.49589e-09
3.94317e-09
3.56823e-06
4.19856e-05
3.34785e-05
1.58115e-05
3.16579e-07
3.76622e-06
7.88249e-05
0.000699889
0.000148472
4.15633e-05
3.61556e-06
1.16253e-06
1.42122e-06
1.73486e-08
1.56141e-09
1.56318e-09
1.55992e-09
1.58036e-09
0.0639026
0.000153825
6.58088e-07
2.57668e-09
1.495e-09
1.49514e-09
1.49521e-09
1.49598e-09
1.49764e-09
1.49446e-09
1.49254e-09
1.49473e-09
1.49489e-09
1.49934e-09
1.49475e-09
1.49382e-09
1.49696e-09
1.49603e-09
1.49726e-09
1.50047e-09
1.49537e-09
1.49521e-09
1.50302e-09
1.49826e-09
1.49698e-09
1.49789e-09
1.50081e-09
1.49761e-09
1.49772e-09
1.50492e-09
1.50207e-09
1.50245e-09
1.50199e-09
1.50307e-09
1.23163e-09
1.4106e-07
5.99505e-07
5.52755e-05
3.26237e-05
1.01239e-05
5.21613e-06
3.136e-05
9.46773e-06
3.20083e-07
2.21093e-05
2.96596e-06
3.96312e-06
1.6006e-06
3.33647e-07
6.98975e-09
1.59506e-09
1.53724e-09
1.61055e-09
6.18076e-09
0.0639043
0.000153715
6.57899e-07
2.57305e-09
1.49482e-09
1.49511e-09
1.49521e-09
1.49841e-09
1.49403e-09
1.4929e-09
1.49649e-09
1.49402e-09
1.49362e-09
1.49863e-09
1.49406e-09
1.49357e-09
1.49784e-09
1.49782e-09
1.49772e-09
1.49951e-09
1.49564e-09
1.49511e-09
1.49893e-09
1.49884e-09
1.5005e-09
1.50069e-09
1.50364e-09
1.49643e-09
1.49554e-09
1.5037e-09
1.49714e-09
1.49645e-09
1.49757e-09
1.52212e-09
4.27675e-08
5.09005e-07
3.79469e-05
0.000403964
0.000312873
8.36472e-05
2.84852e-06
0.000178723
0.00899292
0.00408036
0.000726278
0.000193559
1.71091e-05
7.78706e-06
3.99963e-06
2.84608e-07
3.98766e-09
1.59719e-09
1.62351e-09
3.93972e-09
0.0638908
0.00015379
6.57665e-07
2.57979e-09
1.49519e-09
1.49831e-09
1.49316e-09
1.49187e-09
1.49707e-09
1.49345e-09
1.49341e-09
1.4943e-09
1.4964e-09
1.4951e-09
1.49488e-09
1.50218e-09
1.49813e-09
1.49869e-09
1.5024e-09
1.49746e-09
1.49742e-09
1.49723e-09
1.49913e-09
1.49785e-09
1.49779e-09
1.50586e-09
1.49608e-09
1.49562e-09
1.50527e-09
1.49641e-09
1.49599e-09
1.50197e-09
1.49575e-09
3.93907e-09
9.98339e-08
1.19291e-06
7.80689e-05
0.000504047
0.000190901
0.000151161
0.00133723
0.00305778
0.00125445
2.65557e-05
0.000272112
8.72673e-06
1.26183e-05
4.41316e-06
7.41461e-07
8.85437e-09
3.26324e-09
5.32884e-09
4.95429e-08
6.39263e-08
0.063893
0.000153699
6.57517e-07
2.57689e-09
1.49504e-09
1.49828e-09
1.4928e-09
1.49177e-09
1.49723e-09
1.49315e-09
1.49306e-09
1.49901e-09
1.49456e-09
1.49446e-09
1.49361e-09
1.49305e-09
1.49441e-09
1.49649e-09
1.50147e-09
1.49827e-09
1.49825e-09
1.50307e-09
1.49877e-09
1.49908e-09
1.50198e-09
1.49856e-09
1.49828e-09
1.49985e-09
1.50243e-09
1.49673e-09
1.49636e-09
1.50157e-09
1.50117e-09
5.41748e-09
7.5847e-07
8.80346e-06
0.000430988
0.00107714
0.00151753
0.000285836
0.00451502
0.0478796
0.048939
0.0165099
0.00302129
0.000772754
6.79016e-05
2.9447e-05
5.54328e-06
2.6416e-07
3.63796e-09
5.33066e-09
2.78035e-08
1.81323e-08
0.0638878
0.000153747
6.56426e-07
2.57875e-09
1.49265e-09
1.49276e-09
1.4928e-09
1.49403e-09
1.49486e-09
1.49507e-09
1.4976e-09
1.49511e-09
1.49523e-09
1.50113e-09
1.49717e-09
1.49729e-09
1.50211e-09
1.49602e-09
1.49605e-09
1.50001e-09
1.50038e-09
1.4999e-09
1.49995e-09
1.50428e-09
1.49636e-09
1.49516e-09
1.4999e-09
1.49949e-09
1.50096e-09
1.49653e-09
1.49642e-09
1.50335e-09
1.56447e-09
3.89086e-07
2.066e-06
2.41105e-05
0.000463593
0.00168845
0.00156283
0.00937498
0.0302699
0.0829167
0.043002
0.00453425
0.008494
0.000101603
2.85853e-05
1.06413e-05
3.1459e-06
1.5989e-07
3.27157e-07
2.7593e-07
4.73853e-07
3.49604e-07
0.0638893
0.000153649
6.56279e-07
2.57438e-09
1.49192e-09
1.49209e-09
1.49185e-09
1.49263e-09
1.49418e-09
1.49502e-09
1.498e-09
1.49404e-09
1.49375e-09
1.50102e-09
1.49745e-09
1.49737e-09
1.50214e-09
1.49715e-09
1.49702e-09
1.50261e-09
1.5016e-09
1.49911e-09
1.49982e-09
1.50402e-09
1.49572e-09
1.49523e-09
1.50021e-09
1.4987e-09
1.49602e-09
1.49599e-09
1.49744e-09
1.50432e-09
1.73369e-09
2.58889e-09
2.93331e-07
0.000157873
0.00190263
0.00169272
0.00265385
0.000722709
0.00467536
0.298356
0.188268
0.0516084
0.00981186
0.00155915
0.000150974
6.18341e-05
1.00721e-05
5.34966e-07
1.97654e-07
2.82223e-07
3.38573e-07
2.62677e-07
0.0638793
0.000153708
6.55909e-07
2.58033e-09
1.49256e-09
1.49263e-09
1.49274e-09
1.49376e-09
1.49728e-09
1.49501e-09
1.49509e-09
1.50052e-09
1.49467e-09
1.49366e-09
1.49558e-09
1.49555e-09
1.50092e-09
1.49544e-09
1.49557e-09
1.50357e-09
1.49523e-09
1.49373e-09
1.50095e-09
1.49672e-09
1.49605e-09
1.49717e-09
1.49978e-09
1.49552e-09
1.49396e-09
1.49637e-09
1.49651e-09
7.076e-09
1.4787e-07
3.07961e-07
2.61289e-05
0.000124587
0.00194793
0.00519188
0.00333334
0.079945
0.0999457
0.204112
0.0848942
0.0325617
0.022826
0.000361751
0.000170088
9.44068e-05
2.56548e-05
8.98969e-06
3.26104e-06
3.83595e-06
3.62343e-06
6.07373e-07
0.0638812
0.000153621
6.55604e-07
2.57523e-09
1.49257e-09
1.49257e-09
1.49256e-09
1.49357e-09
1.49701e-09
1.49485e-09
1.49494e-09
1.50037e-09
1.4941e-09
1.49342e-09
1.49435e-09
1.49646e-09
1.49456e-09
1.49404e-09
1.49462e-09
1.49466e-09
1.49652e-09
1.49609e-09
1.50061e-09
1.49531e-09
1.49506e-09
1.49623e-09
1.49823e-09
1.49515e-09
1.49503e-09
1.50413e-09
1.50376e-09
1.66889e-09
1.95959e-07
1.49642e-05
0.000115863
0.00216048
0.00539098
0.00293145
0.00298769
0.0080787
0.0363882
0.636842
0.318213
0.0998414
0.0299335
0.000213349
0.00016212
0.000224659
6.17709e-05
5.50925e-06
1.26009e-06
1.25423e-06
1.71184e-06
3.31418e-07
0.0638779
0.000153674
6.62782e-07
2.58066e-09
1.49196e-09
1.49277e-09
1.4965e-09
1.49513e-09
1.49519e-09
1.50076e-09
1.49518e-09
1.49467e-09
1.49989e-09
1.4945e-09
1.49455e-09
1.49593e-09
1.49611e-09
1.49742e-09
1.49768e-09
1.49775e-09
1.49801e-09
1.49468e-09
1.49386e-09
1.50062e-09
1.49596e-09
1.49577e-09
1.50265e-09
1.49522e-09
1.49453e-09
1.49642e-09
9.68073e-09
1.15989e-07
1.26195e-06
1.1464e-05
7.27886e-05
0.000642595
0.00464158
0.0430164
0.0580561
0.142536
0.10146
0.254739
0.19135
0.076171
0.0636144
0.00326591
0.00133608
0.00125339
0.000415018
7.01842e-05
3.99628e-05
1.18247e-05
7.67769e-06
5.63877e-06
0.0638791
0.000153585
6.62603e-07
2.57775e-09
1.49204e-09
1.49436e-09
1.49386e-09
1.49367e-09
1.49389e-09
1.49511e-09
1.49482e-09
1.49473e-09
1.49842e-09
1.49317e-09
1.49311e-09
1.494e-09
1.4954e-09
1.49436e-09
1.49365e-09
1.49439e-09
1.49538e-09
1.49456e-09
1.49437e-09
1.50187e-09
1.49843e-09
1.49836e-09
1.50285e-09
1.49526e-09
1.4941e-09
1.65522e-09
4.68809e-09
6.87914e-09
2.17935e-07
6.32069e-05
0.000529476
0.00364453
0.0100921
0.0147304
0.0073492
0.105621
0.247449
0.638735
0.453775
0.265138
0.176737
0.0025372
0.00130424
0.00130709
0.00113359
3.51846e-05
7.05956e-06
3.49077e-06
3.67835e-06
2.21334e-06
0.0638707
0.000153663
6.54547e-07
2.6371e-09
1.49242e-09
1.49383e-09
1.49432e-09
1.49198e-09
1.49494e-09
1.49666e-09
1.49505e-09
1.4953e-09
1.49882e-09
1.49803e-09
1.49509e-09
1.49612e-09
1.49852e-09
1.50186e-09
1.5017e-09
1.50187e-09
1.49442e-09
1.49617e-09
1.49695e-09
1.49862e-09
1.50035e-09
1.49656e-09
1.47678e-09
1.06838e-08
5.39977e-08
1.52852e-08
4.32494e-08
1.06291e-07
1.30836e-06
1.56174e-05
1.46613e-05
0.000302836
0.00224529
0.0207186
0.136531
0.269446
0.13305
0.391891
0.420456
0.147955
0.0968695
0.00525136
0.00283892
0.00260728
0.00111431
0.000248256
0.000226956
6.92837e-05
5.29963e-05
7.89699e-05
0.0638718
0.000153591
6.55498e-07
2.63314e-09
1.49195e-09
1.49237e-09
1.49242e-09
1.49543e-09
1.49594e-09
1.49664e-09
1.49777e-09
1.49407e-09
1.497e-09
1.4989e-09
1.49521e-09
1.49625e-09
1.49888e-09
1.50146e-09
1.49316e-09
1.49453e-09
1.49828e-09
1.49873e-09
1.50501e-09
1.50069e-09
1.49709e-09
1.5018e-09
1.50071e-09
1.49323e-09
1.03975e-08
1.05297e-08
5.34719e-08
2.03574e-07
9.7278e-06
3.7312e-05
0.000131873
0.000825922
0.00550574
0.0146426
0.0349354
0.274294
0.331972
0.908139
0.993463
0.59042
0.278085
0.00644406
0.0140702
0.00662732
0.00544758
0.0023322
1.0009e-05
4.44533e-05
3.71403e-05
5.27033e-05
0.0639348
0.000429645
8.42703e-05
5.36755e-05
3.17477e-05
2.06928e-05
1.55733e-05
1.49199e-05
1.46796e-05
1.37568e-05
1.32778e-05
1.28876e-05
1.13359e-05
1.12087e-05
1.0282e-05
1.00616e-05
1.01957e-05
1.01196e-05
9.98094e-06
9.60857e-06
9.3113e-06
9.25037e-06
9.22788e-06
9.38078e-06
9.65139e-06
9.81365e-06
9.59654e-06
9.9478e-06
9.65438e-06
1.83851e-05
2.05803e-05
5.42507e-05
5.64972e-05
0.000134133
0.000136537
0.000350943
0.000416461
0.00490508
0.0672944
0.104096
0.0960982
0.343545
0.622215
0.252906
0.081189
0.00227774
0.00351993
0.00195804
0.000814043
0.000794781
0.00161464
0.00235406
0.0038342
0.0058148
0.0639308
0.000440677
8.92702e-05
5.75782e-05
3.3911e-05
2.1238e-05
1.64265e-05
1.53488e-05
1.43495e-05
1.36344e-05
1.2997e-05
1.26451e-05
1.21781e-05
1.16973e-05
1.14525e-05
1.11025e-05
1.09265e-05
1.06188e-05
1.01759e-05
1.00158e-05
9.49445e-06
9.52081e-06
9.43833e-06
9.42551e-06
9.45014e-06
9.6399e-06
9.69446e-06
1.01297e-05
1.1089e-05
1.50021e-05
2.84679e-05
3.31405e-05
7.76965e-05
7.75495e-05
0.000175123
0.00013139
0.00118629
0.00260117
0.00837317
0.306397
0.346487
0.661404
1.31908
1.24821
0.349701
0.0311033
0.0123997
0.00327384
0.000169111
0.00151147
0.00143692
0.00396404
0.0070773
0.00895477
0.00038851
0.00042131
0.000454265
0.000502104
0.000545877
0.000598101
0.000635819
0.000685925
0.000719793
0.000762966
0.000793935
0.000824995
0.000856552
0.000873891
0.000908082
0.000931997
0.000965975
0.000990254
0.00103835
0.00106732
0.00112454
0.00117314
0.00120861
0.00134923
0.00142247
0.00139441
0.00137202
0.0014427
0.0015763
0.00161522
0.00146489
0.00160277
0.00168963
0.00142696
0.00154349
0.00157772
0.0015229
0.00303598
0.0845405
0.120554
0.113459
0.115857
0.0884906
0.0433133
0.00244609
0.00202915
0.00164936
0.000830553
0.000414502
0.000141903
5.85401e-05
9.22346e-05
0.000100255
0.00108259
0.000389394
0.000420551
0.000458967
0.000500461
0.000546389
0.000596141
0.000642302
0.000685101
0.000718992
0.000753739
0.000780123
0.000802281
0.000827883
0.000847693
0.000882164
0.000901423
0.000935346
0.000959738
0.000997797
0.0010489
0.00109485
0.00113809
0.00118601
0.00123276
0.00126498
0.00142088
0.00150531
0.00147035
0.00168709
0.0017846
0.0016172
0.0018064
0.00168715
0.0014806
0.00142361
0.00145722
0.00182262
0.00210698
0.0129762
0.217988
0.202571
0.162256
0.267092
0.159133
0.0756574
0.00241738
0.00309435
0.000658254
0.00039722
0.000138909
3.80045e-05
0.00011432
0.000359131
0.00110266
1.5632e-05
1.02995e-06
0.000160761
3.17723e-06
4.27429e-05
7.59607e-06
0.000116425
7.16627e-06
0.00455831
0.00354104
5.03039e-05
0.00546074
0.013266
3.84804e-05
0.643169
6.16135e-06
0.00023216
3.58585e-05
0.00332642
0.00623078
3.03043e-05
2.03397e-07
3.80457e-05
1.72646e-06
4.48963e-05
0.00798444
0.00606596
5.43334e-05
0.00246319
9.83663e-05
0.000199059
0.0782499
1.28957e-06
8.27083e-05
0.00158944
0.000342585
0.0153219
0.0565614
0.000110035
0.00028382
0.00195934
0.0109219
1.47965e-09
1.53022e-09
1.65586e-08
3.88655e-11
1.16866e-06
1.51026e-06
1.69962e-06
7.05183e-08
2.54268e-08
9.71481e-09
1.01827e-05
2.65173e-06
9.31351e-06
2.18582e-06
1.56159e-07
1.56298e-09
1.51674e-09
1.31838e-05
1.01452e-05
0.000457625
0.00138762
3.89174e-08
1.12684e-09
9.33385e-08
7.63561e-06
4.87017e-06
1.49162e-05
4.85842e-06
5.06828e-08
1.51301e-09
1.03657e-07
1.50501e-09
2.26597e-07
2.62364e-08
8.16869e-06
0.00083515
1.74104e-05
0.00020533
9.94395e-05
0.000394993
2.91424e-06
2.554e-05
3.1849e-05
0.00132675
0.000330918
0.000658484
0.000305468
7.21265e-06
1.50186e-09
0.0011573
6.25663e-06
7.51424e-05
6.83865e-09
0.00372966
0.000617425
2.76175e-05
6.64831e-05
3.58544e-05
0.000514033
2.37002e-05
4.58055e-05
6.24063e-06
0.000624442
0.000216995
0.00394615
0.000379969
1.21626e-06
3.7731e-08
2.82855e-06
1.78709e-09
1.58351e-07
1.80429e-08
6.071e-07
0.000297563
1.66926e-05
6.26138e-06
1.43541e-05
2.92271e-05
0.00253553
0.00124225
0.00315715
0.00549266
0.00241861
0.00442378
0.0020922
0.00479027
0.00279979
7.86773e-06
1.50175e-09
0.00328508
1.4744e-06
2.10132e-06
1.37307e-09
0.000313657
0.000188515
0.00125899
8.94022e-06
0.000195871
5.19172e-06
0.00128836
0.00152621
0.00153102
0.0419856
0.00252146
0.00554521
0.00209082
0.00340606
0.00198384
1.54122e-05
1.07071e-06
1.54179e-05
2.95043e-07
1.40407e-06
1.69062e-07
6.01659e-07
4.68263e-05
4.37054e-05
9.56033e-05
3.12374e-06
1.4921e-06
5.40652e-06
5.08126e-06
1.81017e-05
0.000100985
4.24323e-05
2.19121e-07
3.10203e-06
8.63256e-08
2.59981e-06
0.000720012
0.000625334
0.00034803
5.01268e-06
3.16881e-06
4.46657e-06
6.93862e-07
0.000646163
2.59297e-05
0.000134553
8.84515e-05
5.82818e-05
0.00060566
0.000120638
9.08622e-05
7.48248e-05
0.000984286
0.000967518
1.74523e-05
2.98702e-05
1.2453e-05
4.20739e-05
0.000203404
4.25115e-06
0.000870196
0.000111908
3.1611e-05
8.35492e-05
0.00133477
0.00018837
0.00029347
0.000698186
7.97164e-05
5.5789e-05
4.77981e-05
0.000547955
0.000963485
0.000529368
0.00225603
0.00193722
0.00396111
0.00136093
0.00195357
0.000874797
0.000710206
0.00201356
0.00131524
0.00418943
0.00139019
0.00162804
0.00079979
6.49183e-05
6.08168e-05
4.635e-05
0.00053169
0.00458289
0.00180696
0.0390546
0.00263322
2.30823
0.000994117
2.79274e-06
0.00325412
0.000573962
8.94487e-05
0.00014085
0.000121375
0.0141959
0.0810249
0.0419148
0.016588
1.14803
0.000124414
2.39829
0.000789132
0.000131758
0.000150891
5.53557e-05
0.000417135
0.000788428
0.000723114
0.00193333
0.00124268
0.00386492
0.00167103
0.00126034
0.000956089
0.000578358
0.00225987
0.0023296
0.00454655
0.00177569
0.00211203
0.000297227
1.13558e-05
0.000250213
3.68209e-05
1.06201e-05
2.10315e-05
0.000190718
0.000209791
0.00013831
0.000414875
3.99612e-05
8.60639e-05
0.000129397
5.71464e-05
0.000300141
6.46076e-05
5.18196e-05
0.00021304
7.08075e-05
0.040555
0.0199578
0.0685247
0.0251897
0.243283
0.00175594
0.00743346
0.00741493
0.0378474
0.034742
0.0277816
1.58596
0.0351343
0.000375018
0.000165742
6.2127e-05
0.0361929
0.0570566
0.000120997
0.00132953
0.807925
0.000406896
0.000216821
0.000178383
0.00148037
0.0161974
0.0209441
0.00729646
0.00747882
0.000259526
2.04548e-05
0.000310702
8.86635e-05
5.94387e-05
0.000324003
8.94083e-05
0.000838839
0.000109686
0.000529672
0.000118662
0.00148234
1.82163
0.034148
0.0511829
0.41193
0.140381
0.00057064
0.00194432
0.341254
0.0640257
0.377894
0.200697
14.1848
1.81961
0.00175627
0.000182882
0.450306
0.00156266
0.678416
0.000676979
0.0252701
0.00696358
5.89653
0.00012265
3.26534e-07
7.35666e-08
8.8316e-07
1.83448e-05
1.19014e-05
1.57481e-05
0.00106007
2.45067e-05
4.64672e-06
1.96379e-05
1.94272e-05
0.000184922
2.5681e-05
0.000142226
4.86224e-07
8.96895e-06
1.73099e-05
1.98388e-05
8.49734e-08
0.00032873
0.000289014
1.50486e-05
2.11753e-05
0.000130091
4.99845e-05
0.000144818
0.000225561
0.000234741
3.76095e-06
2.79628e-05
7.85065e-05
2.27779e-05
0.000108287
0.000174791
0.0270135
0.000587152
0.020252
0.0289094
0.00025974
0.000630353
0.100444
0.000180367
1.82541e-05
7.0871e-06
5.896e-05
2.04102e-05
0.000128961
9.04067e-05
0.000264894
1.13772e-05
9.56649e-05
0.000162079
3.11729e-05
0.000114246
0.000292363
6.79637e-05
2.27643e-06
6.30778e-06
6.16109e-07
2.76381e-06
1.26525e-05
2.80657e-05
5.69788e-05
3.81097e-06
3.03647e-06
1.15646e-05
8.38954e-06
4.60405e-05
1.07011e-05
0.0365887
0.0275905
0.000472177
0.000586537
0.0227925
0.00123895
0.0350809
0.019261
0.0304702
0.00134424
0.00147799
0.0556999
0.0190925
0.00224213
4.45879e-05
2.89791e-06
1.15135e-05
1.98056e-06
5.42607e-05
4.57453e-06
9.2385e-06
0.00134661
0.00506998
0.000992619
0.000830038
0.00200713
5.35725e-05
0.00396997
0.229058
0.0288668
0.00159801
0.0196119
0.0571752
0.0368297
0.0196335
0.260483
0.0517772
0.00398688
0.0170059
0.0010312
0.00396864
0.169746
0.000220284
0.000121485
0.000478233
0.000846183
0.000149802
0.000176218
0.000560917
0.000117407
2.39599e-05
0.000100835
3.73562e-05
0.000205851
0.000115459
0.000236078
0.000148545
8.88742e-05
0.000975938
6.52739e-05
0.000112443
4.79635e-05
0.000510089
0.000101767
0.000126667
6.38799e-05
0.000606767
0.000324801
7.50765e-05
0.000115198
0.000399011
9.30346e-05
0.000116204
9.7868e-05
0.000108191
6.77632e-05
0.000626441
5.86982e-05
0.000303485
9.45924e-05
4.29962e-05
0.000336235
0.000116593
0.000106367
0.000145523
0.000101468
8.64391e-05
0.000134211
6.63955e-05
0.000319775
0.00015175
8.99709e-05
7.464e-05
9.48876e-06
2.04114e-06
4.3462e-06
2.26142e-06
3.10024e-05
3.23286e-05
4.32378e-05
2.74788e-05
6.17057e-05
0.000128496
1.39829e-05
1.92808e-05
4.71036e-05
4.33944e-05
2.26246e-05
0.00412434
0.00422725
6.18657e-05
9.03814e-05
0.00022122
2.19663e-05
8.56224e-05
5.51375e-05
5.33689e-05
2.10334e-05
2.40325e-05
2.89038e-05
1.99722e-05
2.11697e-05
2.44745e-05
2.78079e-05
2.04056e-05
9.81752e-05
0.000281835
9.47814e-05
6.50457e-05
7.53969e-05
0.000123147
6.31536e-05
0.00225637
0.00309397
0.000952214
8.18188e-05
0.000168313
0.000861253
0.000197813
0.00085592
0.000198303
2.20595e-05
6.73833e-06
4.08007e-05
2.06952e-06
0.000122999
8.53984e-05
0.000192443
8.38671e-05
0.000447457
0.000380846
2.14926e-05
9.18936e-06
0.000135835
7.71577e-05
3.11469e-05
0.000880716
9.37239e-05
0.000152693
0.000978137
0.000758748
0.000168909
0.000222522
0.000251991
0.000156056
0.000355057
9.55645e-05
6.2168e-05
8.23178e-05
7.03571e-05
0.000127918
0.00152151
0.00184377
0.000296447
0.000265722
0.000533026
0.000353993
0.000788459
0.00173998
8.88296e-05
0.00016581
0.00138341
7.56413e-05
0.000227321
0.000630954
4.70904e-06
4.69359e-07
3.74362e-06
2.0131e-07
5.8662e-05
3.37191e-05
4.16822e-05
2.16466e-05
0.000564767
0.000483386
3.41035e-05
1.91773e-06
2.55457e-05
1.17931e-05
2.58997e-05
0.000286229
5.58767e-05
0.00203758
2.8255e-05
0.00175778
8.34673e-05
2.72225e-05
0.000704984
0.000182879
8.43703e-05
3.80334e-05
3.52293e-05
5.71028e-05
0.00239387
0.00387275
0.000223034
0.000134233
0.000251544
0.000134319
0.000986831
5.33127e-05
1.78685e-05
1.44688e-05
2.93527e-05
0.000323214
0.000823301
0.00013257
8.02221e-05
0.000410188
0.000742822
0.000139101
8.61777e-05
0.00053651
0.000256643
0.000158152
0.00013751
0.000406435
0.000159412
0.000120141
0.000125008
0.000208788
0.000171592
0.000683913
7.40687e-05
0.000355524
0.000144117
9.69482e-05
0.000366763
0.00112576
0.00117517
0.00510856
0.00138539
0.000977304
0.00218179
0.00149753
0.00104443
0.00573248
0.000721688
0.000175951
0.000413866
0.00104018
0.000566213
0.000414183
0.00061744
0.000511607
0.00484322
0.00268787
0.00187318
0.000494666
0.00194965
0.00109472
0.0068965
0.00105888
0.000864583
0.00554439
0.00150601
0.00209212
0.000913649
0.00141546
0.00459807
0.00110906
0.000725368
0.000252628
0.000696781
0.000612817
0.00587031
0.00164893
0.0011961
0.000528616
0.001231
0.00061939
0.00446274
0.000680287
0.00046489
0.000680803
0.000829411
0.00068406
0.000233664
0.000781222
0.00012323
0.00025288
0.000492396
0.000175023
4.99407e-05
5.82897e-05
7.46973e-05
5.82857e-05
0.00063105
0.000783557
0.000166187
0.000125939
0.000181955
0.000615005
0.000185258
6.8877e-05
6.25095e-05
8.28249e-05
5.18167e-05
0.0463849
0.0018044
0.000199042
0.056114
0.00183086
0.101824
0.000468446
0.00154105
0.000750812
9.04266e-05
0.00124683
8.4598e-05
0.000135373
0.000151279
0.000160021
0.135957
0.722901
0.649559
0.000166961
0.228626
0.00453908
0.309126
0.00174574
0.00147188
0.000368293
9.06647e-05
0.000394097
0.000138048
0.000755162
3.87349e-05
2.32457e-05
3.57184e-05
1.29116e-05
0.00198597
0.00198467
0.000183344
5.2521e-05
0.000504516
0.000867508
0.000108714
4.21817e-05
1.97328e-05
2.52787e-05
1.39615e-05
0.000261882
0.000333738
0.103067
0.00939792
0.000191651
0.175063
0.0495254
0.0203455
0.0020754
0.0766322
0.0786292
0.0267832
0.331492
0.00119923
6.83224e-05
6.5119e-05
0.000478193
0.166125
0.262243
0.154058
1.47547
0.0549891
0.478503
0.70732
0.00270743
0.543997
0.000176591
8.39067e-05
0.000471453
0.00108177
0.000148729
9.64994e-05
0.000651869
0.000207776
3.65683e-05
0.000167099
3.28414e-05
0.000237628
0.000124395
0.000142141
0.000285625
0.000150119
0.00142167
0.000126997
9.2351e-05
0.000112648
0.000772539
0.000165451
0.000981615
0.000866545
0.00536766
0.00186392
0.00121938
0.000795878
0.00113885
0.000717002
0.00479606
0.000618562
0.000249188
0.000607427
0.000399449
0.00513888
0.00173839
0.00131124
0.000513143
0.00492521
0.00104608
0.000650837
0.000667829
0.000368254
0.000559894
0.000709695
0.00136042
0.00161521
0.0087071
0.00146355
0.00101297
0.0025492
0.00156069
0.0060512
0.0014114
0.000813055
0.000307582
0.000663165
0.00128741
0.00106012
0.000558725
0.000726873
0.000982325
0.00614741
0.00381124
0.00194027
0.000599947
0.00288815
0.00141136
0.00829197
0.000318481
0.000143014
7.1454e-05
0.000118885
6.10811e-05
0.000265196
6.56199e-05
0.000113868
6.00974e-05
3.57659e-05
4.02044e-05
3.17128e-05
5.27298e-05
2.15816e-05
2.30493e-05
1.89234e-05
3.10786e-05
0.000115854
0.00020133
9.02778e-05
7.25244e-05
8.88084e-05
9.76398e-05
8.04524e-05
0.000165136
0.000155703
0.000358004
0.000243887
0.000242121
0.000389218
0.000249564
0.000226983
0.000361052
3.3884e-05
1.3201e-05
5.85569e-05
4.22678e-06
6.66641e-05
8.80693e-05
8.78307e-05
0.000132065
0.000199061
0.000185584
1.74262e-05
3.51178e-05
0.000136826
8.01763e-05
5.43021e-05
0.000200953
0.000147553
0.000226818
0.000141899
0.000144196
0.000202696
0.000135227
2.56715e-05
4.22911e-05
4.24624e-05
2.00458e-05
5.32731e-05
5.46424e-05
3.66479e-05
7.45057e-05
0.000161489
0.000222503
0.000103301
0.000113469
0.000113151
0.000106347
0.000155968
0.127773
0.0124761
0.051084
0.145914
0.0224411
0.0573965
0.210354
0.0202263
2.30419e-05
0.00170752
0.00187506
0.00719178
0.00152337
0.00131247
0.00735464
0.611962
0.271353
0.104383
0.418974
0.150944
0.446509
0.334445
0.00265794
0.00146498
0.00911768
0.00420632
0.0221821
0.0337448
0.0237463
0.00385483
0.0101299
0.000563566
0.000167368
0.000378757
2.55182e-05
0.00251141
0.000504527
0.00232892
0.00615205
0.325893
0.300144
0.0043079
0.181485
0.00607972
0.396799
0.167614
0.0067954
0.000510601
0.00922538
0.0527717
0.000453844
0.00956616
0.00529521
7.36113e-05
5.62303e-05
0.000194532
2.98544e-05
6.84959e-05
0.00016754
0.000280896
4.40309e-05
0.00739908
0.0627725
5.76515e-05
7.53117e-05
0.00033463
0.00253447
0.0041046
0.00569956
0.000794059
0.0633941
0.0162837
0.00124149
0.00366928
0.0597889
1.82878e-05
8.79755e-05
0.000141067
8.17183e-05
0.000137495
9.4621e-05
0.000158678
8.83057e-05
0.0126415
0.659053
0.00204671
0.0425667
0.00134559
0.0671235
0.0243048
0.000185303
0.000325414
0.002594
0.000128776
0.00372936
0.00131752
0.00190341
9.40367e-05
0.0039223
0.00343759
0.0337946
0.0157583
0.0150806
4.98159e-05
3.61217e-05
3.08702e-05
0.000153588
0.00677076
0.00406862
0.00642265
0.0131537
5.6032e-05
0.0131325
0.0146409
0.000224032
0.000189634
0.000233573
0.0002826
0.000177022
0.00016892
0.000170566
0.000183279
0.000271739
5.28813e-05
7.66691e-05
3.94184e-05
0.000101948
0.000277711
0.000365115
0.00017909
0.000176904
0.000253262
0.000195342
0.000170526
5.857e-05
6.47888e-05
6.45427e-05
8.51537e-05
0.00030154
0.000212762
0.000184782
0.000324337
0.000206549
0.00028478
0.000179737
4.45374e-05
2.34172e-05
0.000106587
9.01953e-06
7.34785e-05
7.91704e-05
7.17291e-05
7.24664e-05
0.000442095
0.000939558
3.66432e-05
0.000424151
0.000175069
0.00073211
0.000292991
0.0523058
0.00377134
1.7605
0.41686
0.00473467
0.0908326
0.205156
4.49067e-05
0.000127659
1.79481e-05
0.000192531
0.00223253
0.000408407
0.00155092
0.00277523
0.0523113
0.613724
0.00101587
0.0437233
0.00232505
0.0173127
0.0102416
0.000669408
0.00478188
0.3035
0.00474069
0.173529
2.48069
0.0739139
0.00512713
1.40625
0.000466451
0.000267279
0.000509715
0.000358497
0.00202672
0.000278832
0.000550954
0.00410994
0.280329
0.576307
0.00159387
0.945702
0.00635218
1.03251
0.0148562
0.0445961
1.52802
0.000681564
0.128177
0.00115753
0.539301
0.0291784
5.57774e-05
0.000132382
5.28515e-05
0.000194874
0.0029721
0.161299
0.000584888
0.139227
0.000702694
0.0130099
0.0181457
9.12663e-05
0.000148699
0.000125561
7.56616e-05
0.0255792
0.000623688
0.440596
0.675709
0.000794763
0.025376
0.41867
0.000114049
7.65579e-05
0.000203026
6.97974e-05
0.000166535
0.000106453
0.000318847
0.000125536
0.0520545
4.08532
0.00011095
0.601917
0.00360026
0.231138
0.0397474
)
;

boundaryField
{
    inlet
    {
        type            fixedValue;
        value           uniform 14.855;
    }
    outlet
    {
        type            zeroGradient;
    }
    rightSide
    {
        type            symmetryPlane;
    }
    leftSide
    {
        type            symmetryPlane;
    }
    duct
    {
        Cmu             0.09;
        kappa           0.41;
        E               9.8;
        type            epsilonWallFunction;
        value           nonuniform List<scalar> 
216
(
0.00038385
0.000387989
0.000431629
0.000427078
0.000473387
0.000476779
0.000529078
0.000517046
0.000580209
0.000576118
0.000636416
0.000624326
0.000697735
0.00068382
0.000754212
0.000733236
0.000807105
0.000793853
0.000865228
0.000835428
0.000905435
0.000884299
0.000950506
0.000932451
0.00100956
0.000988829
0.00108282
0.00104812
0.00117161
0.00109343
0.00141414
0.00131021
0.00131735
0.000731707
0.00388122
0.00638042
0.0257001
0.0933334
0.275372
0.570493
0.104955
0.327841
2.4538
1.88717
1.18394
1.22466
1.89388
0.984346
0.479764
0.681471
0.521599
0.0932954
0.214683
0.0286945
0.0612715
0.0226859
0.0470771
0.0159213
0.0225847
0.00582396
0.0256269
0.00695398
0.0200985
0.00559033
0.0118007
0.0060083
0.00497868
0.00528781
0.00347866
0.0053621
0.00351892
0.00412982
0.00303326
0.00374986
0.00278341
0.00330391
0.00238825
0.00284474
0.00230091
0.00196451
0.00233065
0.00181021
0.00220508
0.0014624
0.00210826
0.00131149
0.00187424
0.00114262
0.00161023
0.00108362
0.00152106
0.000912675
0.00127418
0.000705868
0.000845378
0.000439706
0.000668132
0.00037237
0.000798417
0.000661451
0.00119459
0.00130164
0.00291612
0.00412256
0.00623256
0.00820177
0.0136701
0.0175997
0.00038851
0.000389394
0.00042131
0.000420551
0.000454265
0.000458967
0.000502104
0.000500461
0.000545877
0.000546389
0.000598101
0.000596141
0.000635819
0.000642302
0.000685925
0.000685101
0.000719793
0.000718992
0.000762966
0.000753739
0.000793935
0.000780123
0.000824995
0.000802281
0.000856552
0.000827883
0.000873891
0.000847693
0.000908082
0.000882164
0.000931997
0.000901423
0.000965975
0.000935346
0.000990254
0.000959738
0.00103835
0.000997797
0.00106732
0.0010489
0.00112454
0.00109485
0.00117314
0.00113809
0.00120861
0.00118601
0.00134923
0.00123276
0.00142247
0.00126498
0.00139441
0.00142088
0.00137202
0.00150531
0.0014427
0.00147035
0.0015763
0.00168709
0.00161522
0.0017846
0.00146489
0.0016172
0.00160277
0.0018064
0.00168963
0.00168715
0.00142696
0.0014806
0.00154349
0.00142361
0.00157772
0.00145722
0.0015229
0.00182262
0.00303598
0.00210698
0.0845405
0.0129762
0.120554
0.217988
0.113459
0.202571
0.115857
0.162256
0.0884906
0.267092
0.0433133
0.159133
0.00244609
0.0756574
0.00202915
0.00241738
0.00164936
0.00309435
0.000830553
0.000658254
0.000414502
0.00039722
0.000141903
0.000138909
5.85401e-05
3.80045e-05
9.22346e-05
0.00011432
0.000100255
0.000359131
0.00108259
0.00110266
)
;
    }
    cylinder
    {
        Cmu             0.09;
        kappa           0.41;
        E               9.8;
        type            epsilonWallFunction;
        value           nonuniform List<scalar> 
448
(
0.00253553
0.00124225
0.00128836
0.00152621
0.000203404
4.25115e-06
0.00018837
0.00029347
0.000963485
0.000529368
0.000874797
0.000710206
0.00014085
0.000121375
0.000124414
2.39829
0.000788428
0.000723114
0.000956089
0.000578358
0.000297227
1.13558e-05
0.000209791
0.00013831
0.00175594
0.00743346
0.000216821
0.000178383
0.000259526
2.04548e-05
0.00057064
0.00194432
0.000478233
0.000560917
0.000117407
0.000205851
0.000112443
0.000510089
0.000324801
0.000399011
9.30346e-05
0.000303485
0.000336235
0.000116593
0.000134211
0.00015175
9.48876e-06
3.10024e-05
0.00412434
0.00422725
9.03814e-05
8.56224e-05
2.10334e-05
2.11697e-05
0.00225637
0.00309397
0.000168313
0.000198303
2.20595e-05
0.000122999
9.18936e-06
7.71577e-05
0.000152693
0.000222522
0.000251991
6.2168e-05
0.000265722
0.000353993
0.00016581
0.000227321
4.70904e-06
5.8662e-05
0.000286229
5.58767e-05
8.34673e-05
0.000182879
8.43703e-05
0.000134233
5.33127e-05
0.000323214
0.000823301
0.000410188
0.00053651
0.000256643
0.000159412
0.000355524
0.000366763
0.00112576
0.00117517
0.000977304
0.00104443
0.000721688
0.000566213
0.00105888
0.000864583
0.000913649
0.00110906
0.000725368
0.000680287
0.00012323
0.000175023
4.99407e-05
0.000125939
6.8877e-05
0.000199042
0.000468446
0.00154105
8.4598e-05
0.000166961
0.00453908
9.06647e-05
0.000138048
3.87349e-05
5.2521e-05
0.000108714
4.21817e-05
0.000261882
0.000333738
0.000191651
0.0020754
0.0766322
0.00119923
0.00270743
0.543997
0.000471453
0.000651869
0.000207776
0.000237628
0.000981615
0.000866545
0.000795878
0.000717002
0.000618562
0.000667829
0.00136042
0.00161521
0.00101297
0.0014114
0.000813055
0.00106012
0.000318481
0.000143014
0.000118885
0.000113868
3.57659e-05
2.15816e-05
0.000165136
0.000155703
3.3884e-05
6.66641e-05
0.000147553
0.000144196
2.56715e-05
5.32731e-05
0.0124761
0.0202263
0.00719178
0.00265794
0.00146498
0.000563566
0.00251141
0.000510601
7.36113e-05
6.84959e-05
1.82878e-05
0.000137495
0.000185303
0.000325414
0.000128776
9.40367e-05
0.00343759
4.98159e-05
0.000224032
0.000189634
0.000177022
0.000170566
5.28813e-05
5.857e-05
4.45374e-05
7.34785e-05
0.00377134
0.00473467
4.49067e-05
0.00223253
0.000669408
0.00478188
0.00474069
0.00512713
0.000466451
0.00202672
0.000681564
0.00115753
5.57774e-05
9.12663e-05
0.000623688
0.000794763
0.000114049
0.000166535
2.39599e-05
0.000115459
0.000116204
0.000106367
2.04114e-06
3.23286e-05
2.40325e-05
2.44745e-05
6.73833e-06
8.53984e-05
0.000156056
8.23178e-05
4.69359e-07
3.37191e-05
3.80334e-05
1.78685e-05
0.000158152
0.000120141
0.000175951
0.000414183
0.000252628
0.00046489
5.82897e-05
6.25095e-05
0.000750812
0.000135373
2.32457e-05
1.97328e-05
0.0786292
6.83224e-05
3.65683e-05
0.000124395
0.000249188
0.000368254
0.000307582
0.000558725
4.02044e-05
2.30493e-05
1.3201e-05
8.80693e-05
4.22911e-05
5.46424e-05
2.30419e-05
0.00152337
0.000167368
0.000504527
5.62303e-05
0.00016754
8.79755e-05
9.4621e-05
0.0337946
3.61217e-05
7.66691e-05
6.47888e-05
2.34172e-05
7.91704e-05
0.000127659
0.000408407
0.000267279
0.000278832
0.000132382
0.000148699
7.65579e-05
0.000106453
0.000100835
3.73562e-05
0.000148545
0.000236078
9.7868e-05
0.000108191
0.000101468
0.000145523
4.3462e-06
2.26142e-06
1.39829e-05
4.71036e-05
2.74788e-05
4.32378e-05
0.0224411
0.000453844
0.104383
0.150944
2.89038e-05
1.99722e-05
9.47814e-05
0.000123147
2.04056e-05
2.78079e-05
0.00101587
0.00232505
4.08007e-05
2.06952e-06
8.38671e-05
0.000192443
0.000355057
9.55645e-05
7.03571e-05
0.000127918
3.74362e-06
2.0131e-07
1.91773e-06
1.17931e-05
2.16466e-05
4.16822e-05
3.52293e-05
5.71028e-05
0.000134319
1.44688e-05
2.93527e-05
0.000406435
0.00013751
0.000125008
0.000208788
0.000413866
0.00104018
0.000494666
0.00109472
0.00061744
0.000511607
0.000696781
0.000528616
0.000612817
0.00061939
0.000680803
0.000829411
5.82857e-05
7.46973e-05
0.000185258
5.18167e-05
8.28249e-05
9.04266e-05
0.00124683
0.000151279
0.000160021
1.29116e-05
3.57184e-05
1.39615e-05
2.52787e-05
0.0267832
0.331492
1.47547
0.478503
6.5119e-05
0.000478193
0.000167099
3.28414e-05
9.2351e-05
0.000772539
0.000142141
0.000285625
0.000607427
0.000513143
0.000399449
0.000650837
0.000559894
0.000709695
0.000599947
0.00141136
0.000663165
0.00128741
0.000726873
0.000982325
0.000243887
0.000249564
5.27298e-05
3.17128e-05
9.02778e-05
9.76398e-05
1.89234e-05
3.10786e-05
0.000103301
0.000113151
5.85569e-05
4.22678e-06
1.74262e-05
0.000136826
8.78307e-05
0.000132065
4.24624e-05
2.00458e-05
3.66479e-05
7.45057e-05
0.00170752
0.00187506
0.00735464
0.00131247
0.00420632
0.000794059
0.00385483
0.00124149
0.00204671
0.000378757
2.55182e-05
0.0043079
0.00607972
0.00615205
0.00232892
0.000194532
2.98544e-05
5.76515e-05
0.00033463
4.40309e-05
0.000280896
0.000141067
8.17183e-05
0.00134559
8.83057e-05
0.000158678
0.0157583
0.0150806
0.00642265
5.6032e-05
3.08702e-05
0.000153588
0.000212762
0.000206549
3.94184e-05
0.00017909
0.000101948
0.000195342
6.45427e-05
8.51537e-05
0.000106587
9.01953e-06
3.66432e-05
0.000175069
7.17291e-05
7.24664e-05
1.79481e-05
0.000192531
0.00277523
0.00155092
0.00635218
0.000509715
0.000358497
0.00159387
0.00410994
0.000550954
5.28515e-05
0.000584888
0.000194874
0.000702694
7.56616e-05
0.000125561
0.000203026
6.97974e-05
0.00011095
0.00360026
0.000125536
0.000318847
)
;
    }
}


// ************************************************************************* //
