/*--------------------------------*- C++ -*----------------------------------*\
| =========                 |                                                 |
| \\      /  F ield         | OpenFOAM: The Open Source CFD Toolbox           |
|  \\    /   O peration     | Version:  4.1                                   |
|   \\  /    A nd           | Web:      www.OpenFOAM.org                      |
|    \\/     M anipulation  |                                                 |
\*---------------------------------------------------------------------------*/
FoamFile
{
    version     2.0;
    format      ascii;
    class       volScalarField;
    location    "10";
    object      omega;
}
// * * * * * * * * * * * * * * * * * * * * * * * * * * * * * * * * * * * * * //

dimensions      [0 0 -1 0 0 0 0];

internalField   nonuniform List<scalar> 
4432
(
0.0110578
0.0115069
0.0118962
0.0123332
0.0127373
0.0131541
0.0135529
0.0138704
0.0141886
0.0143888
0.014661
0.0146976
0.0147297
0.014701
0.0148227
0.0200323
0.0271602
0.0332373
0.0271242
0.0376713
0.0402803
0.0329286
0.0355998
0.0308782
0.0265503
0.0274768
0.0271811
0.0264595
0.0259985
0.0264055
0.0267886
0.0268591
0.0261865
0.0255708
0.025352
0.0250346
0.0240125
0.0233724
0.0226785
0.0207474
0.0201567
0.0194059
0.0184446
0.0174706
0.0158818
0.0145418
0.0124419
0.0110289
0.00888675
0.00771982
0.00883838
0.00916136
0.0150048
0.0206755
0.0110755
0.0114896
0.0118772
0.0122629
0.0126761
0.0130377
0.0134477
0.0137192
0.014041
0.0142014
0.0144699
0.0145316
0.0145752
0.0144638
0.0126477
0.0249552
0.0353166
0.039514
0.0320225
0.0396997
0.0399846
0.0331646
0.033948
0.0302251
0.0282741
0.0282926
0.027265
0.0267257
0.0277063
0.0285141
0.0286131
0.0280585
0.0280897
0.0280089
0.026543
0.0272519
0.0249982
0.0247232
0.0237226
0.0208572
0.0199738
0.0190574
0.0180793
0.0173061
0.0156104
0.0136326
0.0118087
0.00991072
0.00795396
0.0072535
0.00843721
0.00943845
0.0150207
0.0205819
20.7127
2.59816
0.675754
0.459651
0.0981972
0.171718
0.205732
0.199062
0.177904
0.14609
0.11612
0.10237
0.0715718
0.0631352
0.0608577
0.103784
0.243982
0.322747
0.507091
0.371904
0.310356
0.3214
0.368141
0.566521
0.596374
0.657683
0.614461
0.604627
0.588603
0.504854
0.724692
0.514938
0.38904
0.250526
0.258327
0.281936
0.319701
0.366301
0.413297
0.458492
0.488389
0.474822
0.530993
0.503502
0.471014
0.51075
0.620753
0.728821
0.793746
0.902548
1.35485
2.13516
2.70091
2.81658
20.7139
2.59855
0.677949
0.428234
0.0819696
0.168395
0.20177
0.201845
0.182139
0.150033
0.121758
0.0986036
0.0857762
0.0685
0.0657202
0.137047
0.164213
0.211527
0.263243
0.30909
0.398299
0.457437
0.659712
0.854629
0.868313
0.652586
0.508865
0.398276
0.163697
0.174752
0.163691
0.143645
0.179233
0.225827
0.304927
0.399582
0.493063
0.561636
0.597288
0.609098
0.605548
0.60691
0.60931
0.629152
0.622071
0.576039
0.613506
0.634832
0.737441
0.959606
1.29549
2.15697
2.66599
2.79301
20.7149
2.59226
0.719291
0.276127
0.212724
0.243227
0.241621
0.219056
0.19492
0.164502
0.135251
0.113116
0.0956945
0.0811403
0.0866343
0.145223
0.161375
0.225148
0.417095
0.755366
0.755914
0.498404
0.546754
0.622156
0.481005
0.5967
0.528692
0.540872
0.499017
0.45421
0.306504
0.25068
0.288447
0.31105
0.356263
0.40482
0.460959
0.520158
0.580038
0.605333
0.59731
0.583803
0.585646
0.583124
0.64361
0.663708
0.698794
0.631347
0.623426
0.833227
1.08614
2.13458
2.15497
2.64774
20.7161
2.59525
0.707288
0.278854
0.224773
0.265948
0.233437
0.200689
0.182862
0.153946
0.130162
0.109925
0.0950471
0.0814752
0.0996043
0.264591
0.207373
0.211056
0.210304
0.207384
0.186009
0.217454
0.211236
0.203398
0.19591
0.157811
0.173737
0.171484
0.151797
0.182992
0.212888
0.27156
0.34995
0.420733
0.49893
0.555931
0.574916
0.549072
0.509634
0.474153
0.464864
0.456712
0.447894
0.532348
0.645301
0.692094
0.646003
0.609717
0.599534
0.826008
1.12107
2.21647
2.19359
2.6472
20.7132
2.59648
0.710872
0.282608
0.226271
0.277789
0.269737
0.234779
0.203094
0.167003
0.138765
0.116021
0.100862
0.0816535
0.0903222
0.113081
0.187898
0.196122
0.182039
0.181031
0.185834
0.190612
0.191879
0.20721
0.202997
0.230643
0.219962
0.217388
0.202133
0.224165
0.217098
0.251652
0.306292
0.359919
0.412444
0.456332
0.490879
0.526051
0.544981
0.528371
0.515818
0.499666
0.543002
0.581446
0.618189
0.553254
0.593078
0.524236
0.58112
0.721558
0.913742
1.20132
2.30783
1.79899
20.7154
2.58097
0.740006
0.239524
0.27611
0.15446
0.195535
0.188971
0.172957
0.151539
0.130286
0.111237
0.100719
0.0759238
0.120581
0.200012
0.143612
0.142322
0.135647
0.133183
0.134925
0.14104
0.14074
0.146006
0.158645
0.160637
0.166904
0.176263
0.189763
0.216469
0.252111
0.30168
0.359525
0.407437
0.410815
0.395852
0.357186
0.408993
0.433385
0.413681
0.411762
0.429147
0.491709
0.566643
0.608069
0.620972
0.603226
0.491457
0.620357
0.723701
0.872818
1.07913
1.87943
1.70497
20.7122
2.58992
0.73167
0.231623
0.290554
0.118393
0.177599
0.188433
0.177735
0.156662
0.134398
0.114834
0.0996189
0.0847376
0.0823721
0.094472
0.137691
0.154004
0.170617
0.178929
0.179931
0.184912
0.178393
0.181269
0.179674
0.192562
0.192947
0.202521
0.215643
0.237421
0.260289
0.293742
0.328494
0.361151
0.393045
0.420109
0.422519
0.415159
0.407955
0.393018
0.413486
0.441704
0.477515
0.502848
0.532178
0.515708
0.567381
0.561469
0.588646
0.672109
0.943061
1.20579
1.41981
1.60366
20.7132
2.59936
0.671678
0.457608
0.119036
0.114274
0.177218
0.201247
0.192879
0.164982
0.138321
0.115023
0.101748
0.0833351
0.100484
0.138122
0.153486
0.165234
0.178165
0.181992
0.181046
0.179212
0.178307
0.183378
0.187092
0.19522
0.198931
0.211273
0.22157
0.240096
0.272845
0.298753
0.320343
0.311758
0.311875
0.292639
0.322894
0.366572
0.387259
0.348005
0.392673
0.421916
0.473617
0.566441
0.583137
0.543982
0.525476
0.503145
0.57689
0.755288
0.913268
1.07953
1.39922
1.44958
20.7091
2.6005
0.689192
0.372215
0.107082
0.164166
0.22634
0.214148
0.186103
0.158544
0.135597
0.11635
0.10094
0.0879274
0.0780709
0.0896238
0.0996494
0.115353
0.132049
0.145291
0.155169
0.177912
0.188841
0.202748
0.205832
0.217811
0.221752
0.22551
0.230582
0.238974
0.242732
0.253637
0.277489
0.294365
0.313556
0.347152
0.385635
0.38504
0.318309
0.441937
0.474846
0.537176
0.593077
0.632208
0.681624
0.609238
0.62811
0.504246
0.521765
0.687661
0.787725
0.750284
0.965347
1.43901
20.7108
2.59348
0.717058
0.292946
0.225659
0.240988
0.254489
0.236829
0.209055
0.172425
0.144299
0.11942
0.102891
0.0893886
0.0822231
0.105047
0.130077
0.134281
0.141961
0.14838
0.157059
0.166111
0.171802
0.183517
0.187301
0.205612
0.205577
0.211583
0.216317
0.225776
0.239454
0.244759
0.242461
0.234817
0.255017
0.272787
0.260342
0.461245
0.456331
0.405121
0.393009
0.438876
0.447144
0.484931
0.557242
0.564663
0.551916
0.445767
0.620326
0.837546
0.843635
0.913559
1.16529
1.38852
20.7076
2.59945
0.68841
0.385479
0.104687
0.193237
0.222837
0.218307
0.199242
0.167698
0.142114
0.121782
0.105548
0.0940856
0.0827094
0.0812441
0.0851382
0.0936686
0.100905
0.119132
0.127354
0.140856
0.160513
0.177959
0.181812
0.201125
0.215729
0.21466
0.214884
0.225796
0.226863
0.226722
0.260978
0.336489
0.438959
0.504148
0.493857
0.556404
0.475677
0.556977
0.568219
0.61288
0.621668
0.712369
0.729887
0.626391
0.604482
0.529837
0.650455
0.733936
0.77358
0.90507
0.767853
0.686077
20.7089
2.59989
0.674025
0.46741
0.154746
0.236602
0.224658
0.218403
0.197171
0.168136
0.143012
0.122405
0.106067
0.0928467
0.0833704
0.0886389
0.100164
0.108797
0.114801
0.120985
0.128048
0.136569
0.143725
0.161557
0.165596
0.190266
0.197668
0.196167
0.201435
0.20789
0.210738
0.21348
0.233651
0.275594
0.328636
0.370873
0.350743
1.12804
1.03001
0.782616
0.413228
0.499874
0.419856
0.353655
0.370267
0.439378
0.395542
0.361912
0.574514
1.00609
0.97537
1.00401
1.00882
1.19157
20.705
2.58938
0.730541
0.235339
0.243357
0.187317
0.195083
0.196057
0.18725
0.164006
0.14183
0.122573
0.106762
0.0956009
0.0852762
0.0796084
0.0788108
0.0785951
0.0856365
0.0928786
0.104196
0.111068
0.120659
0.143678
0.152599
0.167143
0.184504
0.201778
0.195637
0.204408
0.212887
0.214865
0.25155
0.290195
0.290951
0.373407
0.522696
0.936525
0.816294
0.531926
0.646062
0.632993
0.568906
0.492257
0.37165
0.22426
0.235833
0.283123
0.521546
0.72623
1.00389
0.872918
1.01525
1.21659
20.7071
2.57775
0.747088
0.251503
0.285111
0.131261
0.185291
0.199146
0.187298
0.163464
0.140588
0.122351
0.107212
0.0952604
0.0842922
0.0828386
0.0858372
0.0913821
0.0939529
0.0954779
0.108441
0.111743
0.113798
0.126651
0.134864
0.150357
0.166457
0.176391
0.177023
0.183512
0.196665
0.207771
0.197271
0.24407
0.26092
0.304163
0.223909
0.437636
0.475922
0.335368
0.302264
0.343724
0.410583
0.235777
0.203242
0.215086
0.210547
0.286062
0.708192
1.04194
0.669068
0.962267
0.806826
1.32458
20.7027
2.59773
0.68431
0.432538
0.158713
0.197863
0.233887
0.224777
0.196473
0.168745
0.145437
0.125335
0.111197
0.0985985
0.0875474
0.0806779
0.0776289
0.0743963
0.0760332
0.0763393
0.087055
0.0902823
0.0920868
0.103508
0.114096
0.125834
0.138109
0.154888
0.156207
0.163914
0.18641
0.179079
0.166314
0.21326
0.219773
0.175249
0.286108
0.317791
0.233394
0.271001
0.188101
0.460206
0.435166
0.318451
0.228914
0.243324
0.21389
0.24854
0.449935
0.728182
0.83825
0.971685
0.807641
0.748454
20.7041
2.59215
0.692954
0.376904
0.315764
0.297348
0.234391
0.19754
0.184178
0.15956
0.141212
0.124769
0.110318
0.0991126
0.087691
0.0816343
0.0767355
0.0840399
0.0836505
0.0828494
0.0859654
0.0884014
0.0926028
0.0975579
0.102477
0.110543
0.12421
0.136931
0.15625
0.156974
0.167985
0.148524
0.163557
0.174795
0.158644
0.137179
0.173754
0.187208
0.146331
0.165146
0.159619
0.158198
0.144889
0.136944
0.155272
0.208851
0.209674
0.273108
0.337685
0.689281
0.588022
1.2679
0.84894
1.12747
20.6997
2.58742
0.697618
0.455407
0.116611
0.21066
0.236515
0.217211
0.201987
0.171349
0.146671
0.128989
0.114084
0.104802
0.09326
0.085668
0.0784197
0.0741075
0.0719548
0.070869
0.0714883
0.0765966
0.0765917
0.0826522
0.0881041
0.095197
0.102276
0.109863
0.114918
0.117257
0.133953
0.147574
0.131882
0.124963
0.127507
0.103842
0.153167
0.162389
0.16255
0.133039
0.120271
0.110578
0.101233
0.112623
0.133155
0.164938
0.194062
0.290732
0.355473
0.549577
0.684223
0.889272
1.07403
0.781483
20.7003
2.595
0.670704
0.484825
0.153798
0.235276
0.258643
0.210773
0.183548
0.160658
0.141221
0.126492
0.112562
0.104038
0.0937887
0.0868869
0.0790695
0.0776535
0.0744575
0.0752435
0.0769843
0.0785005
0.0775768
0.0837503
0.0826516
0.0860021
0.0912148
0.0996728
0.104959
0.10947
0.108689
0.125099
0.117357
0.107045
0.116293
0.103966
0.113618
0.114323
0.112265
0.108759
0.103497
0.0991237
0.0954211
0.104576
0.121469
0.156161
0.220285
0.280644
0.452004
0.709321
1.09425
1.16943
0.722986
0.948936
20.6966
2.59808
0.6952
0.415507
0.10926
0.250997
0.239609
0.223938
0.201144
0.173456
0.148302
0.131144
0.115739
0.106207
0.0964036
0.089584
0.0823234
0.0765121
0.0722848
0.0699026
0.0676614
0.0693418
0.0682175
0.0729489
0.073323
0.078177
0.0816404
0.0858804
0.0888589
0.0909996
0.0958933
0.0962135
0.109081
0.100842
0.0951061
0.0908363
0.0897123
0.0894576
0.0847325
0.0879932
0.085435
0.0865019
0.0916068
0.0972884
0.105906
0.120376
0.142853
0.183795
0.301774
0.500824
0.585781
0.73399
2.34898
1.04815
20.6978
2.59812
0.682945
0.437866
0.123292
0.171972
0.243803
0.218323
0.194885
0.169008
0.145328
0.129119
0.114641
0.105455
0.0961635
0.0897319
0.0831197
0.077301
0.073011
0.070521
0.0690624
0.0688276
0.0709716
0.0740262
0.0756782
0.0747413
0.0765167
0.0799888
0.0827072
0.0844071
0.087156
0.0885149
0.09517
0.0911442
0.0899969
0.0847535
0.0869553
0.0862377
0.0845531
0.0814534
0.0781896
0.0806079
0.0762784
0.0812892
0.095538
0.130096
0.133445
0.321758
0.693259
0.766953
0.81765
0.921831
0.937189
0.891374
20.694
2.58298
0.68898
0.463302
0.123363
0.207092
0.230837
0.223292
0.197738
0.172232
0.148518
0.129847
0.114875
0.104126
0.095082
0.0888973
0.0825639
0.0763207
0.0716814
0.0690029
0.0664781
0.064276
0.0656276
0.0662441
0.0690874
0.0698218
0.0702504
0.0720095
0.0741804
0.0764041
0.0791452
0.0813704
0.0826895
0.0880407
0.0854596
0.0822791
0.0785777
0.0753623
0.0752022
0.0757342
0.0718882
0.0715804
0.0729461
0.0753237
0.0836574
0.0983595
0.119241
0.138397
0.182707
0.262199
0.371502
0.544655
0.681848
0.838967
20.6946
2.59311
0.707117
0.356132
0.224151
0.248592
0.255403
0.223706
0.197647
0.172054
0.14782
0.129573
0.114393
0.10449
0.0955974
0.0890509
0.083098
0.0772887
0.0733205
0.0693643
0.066031
0.0647615
0.0666373
0.0668602
0.0665494
0.067379
0.0681553
0.0697482
0.071775
0.0730122
0.075267
0.077368
0.0806881
0.0797622
0.0781894
0.0777041
0.0766941
0.0742557
0.0726226
0.0692784
0.0686912
0.0683821
0.0693411
0.0750054
0.0854753
0.0982383
0.123374
0.1484
0.249329
0.523859
0.625679
0.999036
1.77699
1.06464
20.6914
2.58189
0.704787
0.446058
0.115105
0.206274
0.230364
0.232468
0.202455
0.174938
0.149461
0.131468
0.115424
0.10373
0.0953851
0.0870649
0.0821427
0.0758931
0.0717384
0.0675362
0.0650361
0.0627282
0.0631984
0.0666525
0.065923
0.0674556
0.0675094
0.0654536
0.0650619
0.0656661
0.0665452
0.0680748
0.0692013
0.0695808
0.0710143
0.0703325
0.0697463
0.0676466
0.0664255
0.064431
0.0656951
0.0661505
0.0661444
0.071392
0.082678
0.0959111
0.111251
0.131531
0.151596
0.187912
0.223784
0.297191
0.312007
0.605965
20.6917
2.59745
0.678204
0.476591
0.145083
0.225527
0.259823
0.257194
0.233416
0.193785
0.159705
0.135699
0.117617
0.10615
0.096241
0.0893459
0.0830548
0.0781896
0.0739445
0.068835
0.0657551
0.0635744
0.0634054
0.0671284
0.0682815
0.068275
0.0648059
0.0647721
0.0643076
0.065047
0.0659977
0.0678901
0.0701557
0.0705744
0.0706317
0.0699424
0.06952
0.0674437
0.0664216
0.065372
0.0655413
0.0679082
0.0694497
0.076267
0.0824902
0.0949347
0.108079
0.128127
0.153951
0.204081
0.337786
0.450377
0.646196
0.978743
20.6867
2.59351
0.718684
0.307038
0.306754
0.270433
0.25
0.237505
0.210425
0.180207
0.154678
0.134657
0.119047
0.105806
0.0959372
0.0875958
0.0822431
0.0764869
0.0715472
0.0676833
0.0642825
0.062604
0.0643638
0.0658987
0.0685824
0.067074
0.0648403
0.062451
0.0617163
0.0614901
0.0613981
0.0615095
0.0616799
0.061839
0.0636287
0.0665349
0.0635881
0.0649183
0.0629747
0.0634212
0.0646606
0.0675749
0.069177
0.0710617
0.0772578
0.0866837
0.0954848
0.110836
0.121822
0.15939
0.17843
0.22219
0.250394
0.306416
20.6888
2.58353
0.709837
0.448122
0.122408
0.19475
0.256624
0.263745
0.240617
0.19848
0.16399
0.134919
0.117696
0.103964
0.0935744
0.0872655
0.0796894
0.0758883
0.0720317
0.0677597
0.064863
0.0629452
0.0642917
0.067366
0.0682758
0.0663982
0.0625751
0.061642
0.0609995
0.060613
0.0607061
0.061552
0.0616872
0.0612847
0.0628981
0.0614059
0.0612086
0.0607532
0.0611755
0.0627804
0.0642698
0.0657898
0.0682465
0.0694705
0.0746316
0.0895436
0.101045
0.118899
0.127806
0.152864
0.192406
0.233446
0.322246
0.503036
20.6849
2.59059
0.688801
0.398756
0.304122
0.270876
0.272925
0.243048
0.207573
0.177853
0.151602
0.132725
0.117749
0.105275
0.0972922
0.0877732
0.0822162
0.0767277
0.0721055
0.0678043
0.0640885
0.0616989
0.0647859
0.104254
0.191323
0.108847
0.108701
0.0904522
0.0795353
0.0690956
0.0655811
0.0636513
0.0689964
0.0642837
0.0667596
0.0681532
0.0697373
0.0676293
0.0687675
0.0715201
0.0733059
0.0764447
0.0785418
0.0840785
0.0831343
0.0908866
0.101832
0.114861
0.12244
0.138214
0.158916
0.180005
0.208375
0.227994
20.6855
2.59509
0.697701
0.430083
0.0921818
0.243253
0.231882
0.221171
0.207048
0.181336
0.158169
0.135894
0.117821
0.104757
0.0938213
0.0864577
0.0792923
0.0736104
0.0680929
0.0649852
0.0622763
0.0605816
0.0653965
0.0737815
0.19011
0.111961
0.105312
0.0872207
0.0749544
0.0690323
0.0662521
0.0667143
0.0619323
0.0616768
0.0630591
0.0647544
0.062155
0.0637505
0.0651332
0.0664346
0.0675426
0.0693033
0.0722469
0.0773719
0.0863571
0.0922569
0.0984417
0.112973
0.120331
0.137406
0.149576
0.175096
0.190502
0.255261
20.6815
2.58241
0.718788
0.403623
0.288944
0.273909
0.264902
0.243593
0.209088
0.178187
0.152665
0.133515
0.118761
0.106066
0.0959505
0.0893804
0.0824571
0.0759362
0.0721539
0.0680563
0.0639749
0.0624047
0.0656409
0.146116
0.340454
0.225779
0.183161
0.156516
0.127653
0.110296
0.0998414
0.0911999
0.0867152
0.0835294
0.0797589
0.0786146
0.077677
0.0776693
0.07801
0.0784888
0.0807401
0.0843825
0.0890169
0.0929101
0.105749
0.115154
0.121777
0.12834
0.137136
0.146493
0.152655
0.170118
0.186102
20.6825
2.58303
0.723343
0.413488
0.247205
0.267772
0.260126
0.260747
0.225897
0.186192
0.158948
0.135873
0.118514
0.105297
0.0956319
0.0870108
0.0792188
0.0738763
0.0687516
0.0644088
0.0621031
0.0607179
0.0655979
0.154606
0.391537
0.226908
0.182842
0.151891
0.123912
0.105601
0.0927626
0.0833983
0.0774362
0.0739383
0.0721197
0.0704613
0.0703853
0.0706523
0.072051
0.0734822
0.0765055
0.0804236
0.0936356
0.0950269
0.101718
0.109611
0.119787
0.137108
0.145521
0.158255
0.168782
0.181312
0.200759
20.6795
2.59105
0.716708
0.34423
0.328393
0.323068
0.300004
0.272734
0.231583
0.194531
0.164236
0.139555
0.121102
0.106445
0.0965555
0.0872582
0.0829062
0.0761325
0.0715339
0.0672243
0.064686
0.0641846
0.0683491
0.0772435
0.10489
0.127642
0.157267
0.158372
0.153075
0.140982
0.129135
0.118175
0.109338
0.10169
0.0953782
0.0906593
0.0868415
0.0844672
0.0822738
0.0817581
0.0820437
0.0835612
0.0907528
0.0970466
0.11103
0.119011
0.132778
0.144797
0.162254
0.177309
0.188131
0.195048
0.202082
0.213368
20.6803
2.59765
0.675884
0.511329
0.142436
0.25982
0.281061
0.258536
0.233393
0.198322
0.168749
0.140945
0.122387
0.106578
0.0975333
0.0876962
0.0805325
0.0742763
0.0688051
0.0653206
0.062505
0.0623698
0.0665883
0.0751743
0.121703
0.183063
0.172035
0.168962
0.159556
0.143608
0.128535
0.116052
0.106469
0.0983978
0.091836
0.0876836
0.0839062
0.0814004
0.0796886
0.0792479
0.0792524
0.0804911
0.0859357
0.0950522
0.104759
0.11812
0.129917
0.142826
0.15199
0.161785
0.17367
0.184918
0.189792
0.208525
20.677
2.58134
0.717026
0.419879
0.366511
0.300754
0.29078
0.269689
0.23655
0.196967
0.166346
0.143186
0.124223
0.109413
0.0976254
0.0879896
0.0824721
0.0762316
0.0715054
0.0672565
0.0638068
0.0637538
0.0645953
0.0684996
0.0691916
0.0713096
0.0772035
0.0926679
0.105902
0.111734
0.111194
0.109465
0.104322
0.0992949
0.0934735
0.0903625
0.0859773
0.0838913
0.0803323
0.0810997
0.083602
0.0891795
0.103312
0.108721
0.127265
0.146719
0.166914
0.187258
0.199676
0.208314
0.215341
0.219607
0.224867
0.235567
20.6781
2.58526
0.697674
0.494943
0.139662
0.222066
0.242184
0.236821
0.219838
0.190953
0.166728
0.142635
0.124897
0.109582
0.0988119
0.0892566
0.0821322
0.0759415
0.0702223
0.0667766
0.0632123
0.0629176
0.0650467
0.0663946
0.0662081
0.0730035
0.081871
0.0956894
0.107947
0.114501
0.112193
0.107901
0.102035
0.0961823
0.0907783
0.0872252
0.0833642
0.0826078
0.0779911
0.0774069
0.0781409
0.085555
0.104206
0.11456
0.128838
0.135458
0.150382
0.163539
0.181346
0.200901
0.219037
0.226051
0.231282
0.236262
20.6745
2.59474
0.678377
0.472323
0.14109
0.230937
0.258023
0.252114
0.223613
0.193221
0.165886
0.144489
0.128356
0.113149
0.103711
0.092417
0.0841928
0.077496
0.0723157
0.0678148
0.0638311
0.0630227
0.0631103
0.0638378
0.0639697
0.0635406
0.0630954
0.0656579
0.0710867
0.0734737
0.0754481
0.07988
0.0790812
0.0799373
0.0786002
0.0743086
0.0716996
0.0710725
0.0718535
0.0715714
0.0819696
0.0823376
0.0920531
0.106397
0.134593
0.166155
0.188373
0.207457
0.223635
0.238477
0.246755
0.254891
0.258523
0.271729
20.6756
2.59648
0.67927
0.498472
0.129236
0.212283
0.259522
0.246275
0.216356
0.18837
0.16442
0.144238
0.128568
0.115436
0.104642
0.0947801
0.0868954
0.0810068
0.075827
0.0713413
0.0665994
0.0641167
0.0644631
0.0649315
0.0638836
0.0647801
0.0650397
0.0688243
0.0752862
0.0790373
0.0800796
0.0813409
0.0806656
0.0801545
0.0779006
0.0769082
0.0709226
0.0685368
0.0686851
0.0683175
0.0734509
0.0889239
0.0957749
0.10835
0.122561
0.155146
0.172098
0.187394
0.203805
0.224914
0.228802
0.231126
0.23557
0.25701
20.6718
2.59354
0.703327
0.398697
0.262214
0.25846
0.263838
0.251736
0.224885
0.194255
0.168446
0.147525
0.132306
0.11875
0.108856
0.100357
0.091907
0.0854657
0.0796534
0.0744266
0.0697319
0.0651565
0.0628317
0.0618166
0.0605342
0.0585494
0.0582864
0.0576592
0.0574438
0.0588807
0.0581015
0.0602292
0.0588874
0.0585236
0.0575888
0.0568286
0.055824
0.0559998
0.0565723
0.0632685
0.0748194
0.0863434
0.10327
0.129021
0.155173
0.187117
0.205442
0.236647
0.258179
0.276754
0.284073
0.289031
0.307014
0.325877
20.6732
2.59185
0.711152
0.359772
0.319149
0.301704
0.274368
0.251187
0.221218
0.191676
0.166353
0.14753
0.131506
0.119459
0.109873
0.100213
0.0929218
0.08555
0.0798759
0.0747404
0.0709094
0.0662292
0.0640291
0.0629024
0.060508
0.0589045
0.058858
0.0585656
0.0592803
0.0600592
0.060343
0.0602158
0.0597726
0.0610781
0.0601342
0.0579928
0.05651
0.0576642
0.0598376
0.0664917
0.0719006
0.0849307
0.104521
0.122075
0.152986
0.172686
0.197559
0.215751
0.234565
0.245889
0.259027
0.27011
0.270894
0.335116
20.6711
2.59171
0.691905
0.424181
0.224239
0.24105
0.253839
0.241888
0.215614
0.187939
0.16378
0.141884
0.125446
0.112392
0.103549
0.095053
0.0887464
0.0834594
0.0787775
0.0743809
0.070353
0.0666067
0.0634856
0.061719
0.0600667
0.0577216
0.0560634
0.0550039
0.0539265
0.0538074
0.0525232
0.0523764
0.0523302
0.0529297
0.0505651
0.0504712
0.0502318
0.0535653
0.0542197
0.0631538
0.0820998
0.0938444
0.111951
0.138572
0.166341
0.205317
0.226328
0.261353
0.283771
0.327164
0.323136
0.376967
0.424362
0.51941
20.6728
2.58325
0.709079
0.44375
0.201223
0.230512
0.262256
0.245041
0.216008
0.188682
0.163337
0.14448
0.125406
0.112687
0.103929
0.0951678
0.0894055
0.0826851
0.0775851
0.0723009
0.0695468
0.0653637
0.0627384
0.0611487
0.0594201
0.0574507
0.0556986
0.0542264
0.0534641
0.0531491
0.052893
0.0523737
0.0519164
0.0511943
0.0509986
0.0490505
0.0487899
0.0527867
0.0548683
0.0677479
0.0781548
0.0956903
0.10853
0.12938
0.162787
0.196242
0.239368
0.268902
0.291021
0.317452
0.340487
0.351623
0.384311
0.555466
20.6692
2.58909
0.707897
0.364334
0.263251
0.304277
0.271097
0.249405
0.21715
0.187925
0.163144
0.142872
0.124299
0.110988
0.0978392
0.0883466
0.0801089
0.0751363
0.070229
0.0675327
0.0644118
0.0623622
0.0600463
0.0587255
0.0569614
0.0555304
0.0539525
0.0532492
0.0519234
0.051426
0.0511695
0.0503579
0.0507642
0.0485304
0.0492119
0.0516504
0.0489831
0.0547557
0.0563583
0.0632075
0.0830127
0.0889432
0.120641
0.149066
0.182604
0.228242
0.266238
0.320555
0.36956
0.514359
0.542365
0.557881
0.903509
1.14422
20.6699
2.59528
0.693003
0.439159
0.295618
0.310589
0.280218
0.249568
0.224218
0.196108
0.168175
0.145131
0.126381
0.11183
0.0981619
0.0887901
0.080936
0.0752416
0.069736
0.0654496
0.0625044
0.0600395
0.0581996
0.0566608
0.0560613
0.0545576
0.0531999
0.0517417
0.050496
0.0498496
0.0490622
0.0483524
0.0475614
0.0470238
0.046455
0.0460419
0.0473281
0.0534647
0.0594402
0.0736217
0.0790535
0.0925133
0.105793
0.136755
0.184138
0.236072
0.286503
0.325033
0.390159
0.466787
0.535779
0.574959
0.77569
1.17854
20.6682
2.59217
0.700338
0.397669
0.33453
0.307555
0.277234
0.234797
0.210522
0.188727
0.164679
0.14377
0.125033
0.111021
0.0985238
0.0885227
0.0803741
0.0738365
0.0689232
0.0644345
0.0616677
0.0588354
0.0566833
0.0556709
0.0544184
0.0529037
0.051849
0.0511081
0.0506524
0.0498182
0.049849
0.0489454
0.0491995
0.0471897
0.0480225
0.0499486
0.0495439
0.0530347
0.0590361
0.062109
0.0825198
0.0854516
0.128764
0.173438
0.218742
0.291186
0.374037
0.491904
0.645236
0.81932
0.955004
1.1707
1.32714
1.62913
20.6693
2.59175
0.692396
0.420113
0.225
0.298661
0.272134
0.230462
0.210342
0.191324
0.167857
0.146109
0.127394
0.111944
0.0986914
0.0885935
0.0805796
0.0741834
0.0689939
0.0642169
0.0608731
0.0581625
0.0556471
0.0537249
0.0526915
0.0520809
0.0514468
0.0504069
0.049473
0.0485935
0.0479916
0.0473036
0.0465476
0.0455575
0.0462238
0.044618
0.0464723
0.0482786
0.0551387
0.0606369
0.0759824
0.092872
0.117228
0.165168
0.222477
0.28139
0.395022
0.496265
0.653823
0.823144
0.99905
1.11559
1.3011
1.64624
20.6674
2.58877
0.705415
0.404545
0.260075
0.287406
0.276348
0.252368
0.22106
0.192464
0.169129
0.148134
0.131005
0.115384
0.103601
0.0935637
0.0848128
0.078001
0.0721761
0.0670391
0.0634063
0.0595304
0.0570909
0.0547319
0.0531587
0.0518967
0.0508789
0.0498393
0.0486372
0.0477721
0.0467803
0.0464215
0.0446648
0.0458827
0.0439418
0.0454663
0.0490372
0.0526241
0.0593075
0.0669818
0.073022
0.0894047
0.160035
0.221342
0.301162
0.367359
0.520577
0.748367
0.792023
0.84224
0.97483
1.19968
1.44342
1.689
20.6682
2.59204
0.699082
0.415724
0.251751
0.266945
0.268032
0.249008
0.222331
0.195125
0.171574
0.14949
0.132729
0.114295
0.102737
0.0921308
0.0837793
0.0768842
0.0715051
0.0667626
0.062457
0.0593407
0.0565733
0.0539341
0.0521975
0.050892
0.0495064
0.0486247
0.04776
0.0466897
0.0462672
0.045337
0.045556
0.043534
0.0430883
0.0443299
0.0465214
0.0524939
0.0581975
0.0679947
0.0784026
0.0902375
0.137873
0.223519
0.282095
0.401815
0.620132
0.72027
0.73763
0.855857
1.04215
1.1761
1.40209
1.47932
20.6672
2.58795
0.707549
0.370984
0.280375
0.28692
0.29248
0.278985
0.242783
0.205767
0.173552
0.149052
0.129183
0.113964
0.10281
0.0916855
0.0840577
0.0771999
0.0712684
0.0666919
0.0628809
0.0602942
0.0574183
0.054818
0.0533266
0.0519657
0.0511461
0.0498846
0.0486978
0.047929
0.0466706
0.0464903
0.0443701
0.0457841
0.0434988
0.0468996
0.0501141
0.0508232
0.0592064
0.063996
0.0724278
0.109654
0.194298
0.260313
0.311528
0.370503
0.610746
0.654618
0.634342
0.788314
0.812895
0.906792
1.08634
1.23397
20.6687
2.5837
0.71404
0.418071
0.252421
0.27267
0.265071
0.25255
0.224953
0.194688
0.168792
0.146925
0.128917
0.11424
0.102432
0.0919298
0.0835537
0.0766624
0.071213
0.0665867
0.0629844
0.0595748
0.0567501
0.054724
0.0531393
0.051393
0.0503201
0.0490169
0.0483391
0.0469037
0.0465142
0.044629
0.0440722
0.0434483
0.043875
0.0440714
0.0435394
0.0493754
0.0565351
0.0681895
0.0762272
0.0894281
0.185453
0.252819
0.272517
0.428809
0.598189
0.580032
0.655775
0.730892
0.82984
0.844456
1.09244
1.21278
20.6665
2.59077
0.698542
0.423516
0.295991
0.305685
0.289135
0.262968
0.228854
0.19765
0.169058
0.147138
0.128044
0.113448
0.102556
0.0916007
0.0842107
0.077649
0.0714258
0.0668614
0.0627656
0.0594012
0.0568236
0.0544179
0.0529236
0.0514264
0.0499074
0.0489934
0.0476728
0.0469939
0.0458831
0.0461462
0.043882
0.0444626
0.0465326
0.0457711
0.0487418
0.0495031
0.0545565
0.0596893
0.0657092
0.147313
0.198268
0.236369
0.290392
0.311398
0.482892
0.666788
0.698001
0.721927
0.701416
0.675675
0.925056
1.27142
20.6678
2.59011
0.697236
0.417093
0.252828
0.290408
0.274027
0.252434
0.220807
0.192141
0.166228
0.146873
0.127565
0.115182
0.10216
0.0934272
0.0844008
0.0772868
0.0712778
0.0671679
0.0638571
0.0607921
0.0584813
0.0563591
0.0545161
0.05297
0.051029
0.0495154
0.0483176
0.0472557
0.0468825
0.0448496
0.0443818
0.0446216
0.0424765
0.0426282
0.0426706
0.0490284
0.0500143
0.0635826
0.0647065
0.142983
0.162375
0.216018
0.263117
0.363129
0.46376
0.500468
0.441557
0.532561
0.490379
0.581308
0.840614
1.20911
20.667
2.58816
0.709325
0.39341
0.315409
0.300286
0.278074
0.256235
0.232394
0.203154
0.175927
0.152463
0.132997
0.116544
0.104695
0.0938065
0.0862177
0.079423
0.0725725
0.0678297
0.063416
0.0597363
0.0568881
0.0546697
0.0534659
0.0521519
0.0507342
0.0489996
0.0479912
0.0463665
0.0454681
0.044263
0.0435339
0.0436342
0.0418226
0.0432556
0.0453696
0.049609
0.0526389
0.0527641
0.113956
0.0994044
0.139927
0.231183
0.331842
0.359466
0.555761
0.580966
0.629343
0.727511
0.792471
1.36078
1.28986
1.41613
20.6679
2.58974
0.698076
0.422822
0.229108
0.263214
0.273721
0.255426
0.233835
0.205038
0.17662
0.153976
0.133229
0.117948
0.104555
0.0949543
0.0858868
0.0793433
0.072458
0.0676023
0.0628179
0.0590233
0.0562495
0.0543603
0.0530053
0.0514496
0.0498721
0.0481834
0.0469575
0.0455811
0.0448647
0.0436064
0.0433038
0.0415765
0.042205
0.0422235
0.0435679
0.0484205
0.0500998
0.0628456
0.065215
0.159197
0.214354
0.251717
0.306817
0.385202
0.423695
0.445305
0.567731
0.345793
0.995127
1.92204
1.03679
1.34281
20.6662
2.58978
0.7063
0.399829
0.283757
0.289111
0.279532
0.257564
0.225625
0.196302
0.16905
0.147696
0.128896
0.113201
0.100966
0.0903144
0.0819593
0.0756253
0.0702531
0.0664795
0.0630323
0.0605275
0.0579227
0.0559518
0.0538286
0.0519511
0.0503926
0.0492173
0.0478661
0.0470069
0.0458478
0.0454601
0.0438438
0.0431664
0.042456
0.042028
0.0417197
0.0444412
0.0472884
0.054172
0.118142
0.120738
0.143923
0.217236
0.30244
0.317681
0.854991
0.998473
0.95189
1.05096
1.28818
1.5218
1.45229
1.9378
20.6672
2.59093
0.696248
0.434957
0.21947
0.266184
0.268211
0.255964
0.224934
0.196029
0.170569
0.149023
0.130604
0.115435
0.103378
0.0931784
0.0843883
0.0780571
0.0721222
0.0678856
0.0640506
0.0612825
0.0587162
0.0561708
0.053911
0.05254
0.0509141
0.0494581
0.0480933
0.0472357
0.0464916
0.0458591
0.045438
0.0440176
0.0432624
0.0427913
0.0423114
0.0425359
0.0459425
0.0427471
0.0829712
0.109399
0.147802
0.22727
0.287756
0.347564
0.285169
0.618488
0.76546
0.751405
0.782049
1.24484
1.41475
1.94404
20.6712
2.5543
0.802446
0.235249
0.238852
0.272417
0.289257
0.277239
0.23887
0.201707
0.170645
0.148279
0.130275
0.117197
0.106041
0.0973838
0.0896484
0.0831916
0.077066
0.0718287
0.0676695
0.064554
0.061781
0.0592771
0.057377
0.0555361
0.0539437
0.0526579
0.0510889
0.0496229
0.04792
0.0470094
0.0461145
0.045471
0.0442073
0.0430201
0.042628
0.0423158
0.0423574
0.0417786
0.112606
0.0987805
0.116799
0.151613
0.216644
0.280702
0.51576
1.05822
1.65267
2.42702
2.30383
2.32319
3.98149
2.44374
20.6698
2.58998
0.699649
0.423641
0.237128
0.268232
0.267835
0.252439
0.222565
0.194461
0.170351
0.151672
0.135108
0.121728
0.109844
0.0996398
0.0912676
0.0840309
0.0769759
0.0718156
0.0676189
0.0641442
0.0608757
0.0581888
0.0556783
0.0536833
0.0518009
0.0503114
0.048571
0.0474066
0.0461008
0.0446581
0.0435005
0.0414494
0.0405366
0.0378648
0.0378363
0.037277
0.0374986
0.0414188
0.0638881
0.183203
0.162789
0.17986
0.229064
0.352722
0.386768
0.678674
1.42393
2.34663
3.0748
4.18975
8.17557
2.35288
0.0111356
0.0113739
0.0116412
0.0120006
0.0123616
0.0127251
0.0130235
0.0133535
0.0135856
0.0138734
0.0140492
0.0142416
0.0143699
0.0144903
0.0146126
0.0147422
0.0148853
0.0150038
0.0152403
0.0154041
0.0159527
0.0162956
0.0163574
0.0172182
0.0175538
0.0180007
0.0183573
0.0179037
0.0189274
0.0186167
0.018105
0.017154
0.0176467
0.0178953
0.0175138
0.0173663
0.0177793
0.0178797
0.0177327
0.0219337
0.0229831
0.022509
0.0214081
0.0213622
0.0219872
0.0216222
0.0163885
0.014243
0.00994256
0.00768558
0.00681608
0.00744195
0.027712
0.0246867
0.0111361
0.0113763
0.011682
0.0120122
0.0123699
0.0127249
0.0130865
0.013326
0.0136243
0.0138443
0.0140479
0.0142882
0.0145074
0.0146333
0.0150561
0.015249
0.0154493
0.0156471
0.0154603
0.015367
0.0158611
0.0161869
0.0162017
0.0170258
0.0173577
0.0178033
0.0181209
0.0177706
0.0187804
0.0180215
0.0186752
0.019007
0.0191299
0.0182436
0.0187775
0.017953
0.0166346
0.0163233
0.0162063
0.021233
0.027068
0.0277158
0.0239621
0.022325
0.0220126
0.0218286
0.0166919
0.0139924
0.0103994
0.00825822
0.00761306
0.0103132
0.0390326
0.0243008
0.197908
0.0977911
0.194672
0.125724
0.128532
0.122794
0.183043
0.114667
0.274823
0.29377
0.189722
0.0959763
0.178641
0.138105
0.135712
0.116541
0.173083
0.108011
0.2986
0.248559
0.151001
0.0915435
0.10266
0.0917119
0.100118
0.483321
0.371305
0.104765
0.244964
0.113087
0.294194
0.151932
0.0905628
0.099845
0.0874315
0.10467
0.3227
0.285431
0.110104
0.276546
0.0910104
1.10464
0.0689657
0.0669405
0.069475
0.0669855
0.0875473
0.0671451
0.0914871
0.0672099
0.0684937
0.0685216
0.0845916
0.0775055
0.0860676
0.0775674
0.0698568
0.0665533
0.0693343
0.066754
0.0897494
0.0669161
0.0883967
0.0693862
0.0686925
0.0692091
0.0842035
0.0779395
0.0848557
0.0767615
0.0695023
0.0653338
0.0708114
0.0660854
0.0784127
0.0661843
0.0812345
0.126184
0.155286
0.190448
0.170417
0.110869
0.088204
0.0990653
0.0897432
0.198359
0.161204
0.198146
0.176649
0.0697056
0.0652999
0.0682811
0.0656646
0.0853829
0.0664031
0.0849635
0.115619
0.160611
0.189787
0.166179
0.114737
0.0883494
0.113894
0.0902351
0.202551
0.179943
0.213152
0.180533
0.0857182
0.0665565
0.0825161
0.0660072
0.0793447
0.0651325
0.0785269
0.119683
0.157397
0.147786
0.156623
0.0984439
0.167758
0.0495741
0.262502
0.301769
0.276941
0.293762
0.261872
0.26691
0.275325
0.079525
0.0648537
0.0892373
0.0653351
0.0762211
0.0648781
0.0787048
0.104559
0.155352
0.15651
0.105883
0.158099
0.272664
0.270863
0.269026
0.371959
0.276266
0.398408
0.306715
0.532361
0.339097
0.0966923
0.0778355
0.0947177
0.06954
0.0740278
0.069475
0.0754802
0.136759
0.104931
0.130634
0.0804584
0.0756222
0.0810934
0.0805095
0.091618
0.0747073
0.0913985
0.0684361
0.0708911
0.0692006
0.0710063
0.166168
0.181136
0.354856
0.081763
0.0655463
0.0778633
0.0731108
0.26997
0.204494
0.181974
0.18642
0.321757
0.274503
0.187875
0.192992
0.196588
0.266181
0.421185
0.100761
0.13148
0.132006
0.539534
0.0933992
0.0365826
0.428761
0.118768
0.131223
0.130653
0.426366
0.0888145
0.0996086
0.121004
0.189845
0.163611
0.170954
0.119376
0.103242
0.0600298
0.171716
0.212804
0.302406
0.219144
0.155409
0.100904
0.0992783
0.164657
0.212898
0.26655
0.217248
0.17239
0.255389
0.186406
0.181436
0.192401
0.243354
0.253016
0.19982
0.189239
0.194963
0.293817
0.423927
0.118939
0.126369
0.414422
0.116686
0.0820112
0.0810532
0.403242
0.116707
0.133292
0.123604
0.484294
0.0962082
0.0417467
0.126183
0.193987
0.160726
0.174396
0.0965137
0.0976922
0.0957756
0.16217
0.185835
0.221008
0.167518
0.204595
0.102591
0.0607738
0.178765
0.222075
0.260656
0.207912
0.206355
0.0825964
0.0283859
0.112174
0.15221
0.155265
0.15571
0.108155
0.0708842
0.0664172
0.132361
0.124196
0.105336
0.127436
0.120598
0.123216
0.100629
0.123095
0.120338
0.12273
0.182913
0.365086
0.534447
0.346343
0.136857
0.140915
0.0904746
0.194889
0.431472
0.364905
0.35764
1.26606
1.66024
0.152973
0.114683
0.203195
0.415951
0.651552
0.115669
0.170794
0.378898
0.172783
0.0707504
0.0716935
0.11721
0.157732
0.152978
0.159944
0.0974588
0.0804059
0.0335345
0.121207
0.120334
0.0974698
0.123908
0.116396
0.126755
0.102184
0.119218
0.118139
0.123532
1.13544
0.302076
0.503353
0.865112
0.42637
0.320775
0.47708
7.24901
0.343871
1.03201
0.0480014
1.71401
0.468158
0.185977
0.0679649
0.788117
0.456709
0.753306
0.174207
0.408129
1.0162
0.787209
0.220021
0.116965
0.0846804
0.11049
0.113189
0.10598
0.204651
0.246078
0.131176
0.0908476
0.122659
0.105205
0.242447
0.108745
0.228456
0.086988
0.115897
0.0994412
0.110023
0.116445
0.273586
0.1427
0.138402
0.119905
0.141863
0.148151
0.145236
0.128542
0.138465
0.116572
0.138693
0.135086
0.141642
0.139652
0.131038
0.225793
0.0923729
0.112394
0.115693
0.109275
0.114301
0.224364
0.145719
0.141591
0.114047
0.13856
0.142524
0.136089
0.156903
0.148236
0.116358
0.133805
0.171058
0.154065
0.159127
0.149507
0.139199
0.107292
0.112523
0.0924001
0.111404
0.116586
0.128073
0.137232
0.110107
0.091469
0.120147
0.113179
0.131383
0.117022
0.390502
0.527531
0.184098
0.282571
0.510451
0.2022
0.427224
0.299037
0.395765
0.277942
0.209825
0.467959
0.429331
0.193154
0.127649
0.10696
0.115618
0.0914531
0.127177
0.10977
0.108746
0.134235
0.103986
0.0894592
0.104017
0.108711
0.108011
0.12538
1.1159
0.747338
0.224676
0.666772
0.528782
0.727357
0.468919
1.0431
1.7957
0.86769
1.60879
0.41894
2.17385
2.90043
0.0657012
0.126012
0.0766129
0.128015
0.114705
0.069414
0.0773266
0.040238
0.0225868
0.0494363
0.0189853
0.0415282
0.054349
0.0522291
0.0427526
0.0567653
0.119105
0.127005
0.0324186
0.107921
0.0804508
0.0674793
0.0620427
0.123553
0.120434
0.0749519
0.117379
0.063917
0.0763256
0.0380766
0.0482299
0.0382624
0.0497183
0.0654441
0.102022
0.119547
0.0708438
0.0627567
0.117718
0.0730675
0.040361
0.0487199
0.0526783
0.039169
0.0776528
0.0623867
0.144323
0.122067
0.0676754
0.0727794
0.146705
0.0195953
0.0131017
0.0229428
0.0103352
0.030385
0.0355772
0.0396108
0.0277184
0.0651553
0.106797
0.0211371
0.143833
0.0473682
0.138566
0.0803816
0.114188
0.0612968
0.0734915
0.0492228
0.112244
0.135763
0.0567343
0.0695898
0.138952
0.0254451
0.0319102
0.0342484
0.0263828
0.0253977
0.0308583
0.0356148
0.0232816
0.0766605
0.104061
0.0554061
0.129944
0.0692985
0.048934
0.137436
0.215481
0.0783493
0.308453
0.304965
0.0808065
0.300027
0.334601
0.294015
0.0774463
0.0372963
0.0166892
0.045383
0.0135696
0.0407238
0.0460736
0.0469164
0.0383198
0.321667
0.292562
0.268478
0.0328624
0.324279
0.0668126
0.305936
0.300062
0.304174
0.0780916
0.302405
0.292824
0.313391
0.0769949
0.0414792
0.0517501
0.0534271
0.0410118
0.0412825
0.0486859
0.0385741
0.0469235
0.3293
0.287394
0.339878
0.0818716
0.345207
0.0820757
0.320206
0.42122
0.262645
0.0878084
0.454066
0.280352
0.0903319
0.37524
0.0240848
0.00971718
0.0231052
0.00904615
0.0383221
0.036171
0.0395636
0.0312541
0.528868
0.453643
0.36402
0.0249383
0.307887
0.0471012
0.41762
0.097984
0.0694182
0.433033
0.249289
0.49186
0.0789599
0.262678
0.348197
0.086237
0.0430931
0.0355096
0.0345752
0.0386288
0.400089
0.460872
0.290263
0.0858278
0.291654
0.0872294
0.39059
0.0414445
0.0307536
0.026898
0.0380311
0.0975879
0.104444
0.0642158
0.121967
0.0784448
0.128884
0.0669481
0.11946
0.0771656
0.0422045
0.0552432
0.041541
0.0560509
0.0418098
0.0529787
0.0415953
0.0542564
0.0645547
0.12258
0.119075
0.0787539
0.062676
0.120798
0.0813362
0.105825
0.112038
0.252286
0.207452
0.101482
0.172719
0.191466
0.107482
0.253599
0.0700147
0.0525557
0.0772375
0.0570959
0.0678991
0.0574168
0.0634247
0.0751929
0.235321
0.176131
0.181748
0.0629522
0.201785
0.10666
0.240628
0.105101
0.105885
0.262095
0.216439
0.162094
0.0996392
0.210431
0.255587
0.103865
0.0618117
0.0301354
0.0635734
0.0487916
0.268942
0.176369
0.199236
0.0878888
0.207412
0.0887102
0.256688
0.0628227
0.0557887
0.0611043
0.0689713
0.316851
0.327899
0.292523
0.0732832
0.34797
0.303913
0.0719056
0.0360939
0.039773
0.0463886
0.0366341
0.330715
0.262695
0.326566
0.0695462
0.34359
0.31096
0.0698896
0.037593
0.0448873
0.0483003
0.0332223
0.317294
0.323676
0.0814593
0.291681
0.302055
0.351308
0.0828787
0.0409606
0.0219553
0.0452796
0.0173408
0.0432091
0.0470284
0.041899
0.0491954
0.338262
0.270053
0.286559
0.038708
0.360412
0.077791
0.313261
0.419905
0.485205
0.306415
0.0723471
0.319057
0.0794724
0.385181
0.0363288
0.0321874
0.0350497
0.0279107
0.432674
0.476671
0.303671
0.0630804
0.322021
0.388551
0.0781496
0.0379891
0.0312483
0.0369704
0.0279798
0.0874084
0.0841866
0.460093
0.305117
0.0814857
0.446655
0.347358
0.440096
0.103921
0.0338683
0.0152342
0.0312444
0.0151162
0.0476194
0.0399969
0.0423379
0.0519773
0.546287
0.432783
0.323112
0.02432
0.37984
0.0662533
0.391911
0.11512
0.088899
0.0652187
0.130052
0.0789375
0.12598
0.066571
0.127152
0.0783802
0.0422009
0.0247334
0.0524319
0.021041
0.0425627
0.0482285
0.0404751
0.0542088
0.0630203
0.117373
0.133854
0.0344615
0.115119
0.0933521
0.0750655
0.102089
0.0985344
0.216884
0.165547
0.202689
0.0954621
0.213554
0.101832
0.207199
0.0604568
0.0461333
0.058851
0.089286
0.233027
0.165225
0.183593
0.0838435
0.255434
0.199888
0.0825812
0.0590181
0.0584733
0.0559641
0.0820993
0.110805
0.123807
0.244466
0.205919
0.101822
0.181997
0.208806
0.228793
0.109258
0.0686148
0.0784563
0.13563
0.0614119
0.0623879
0.112336
0.0591892
0.218697
0.239711
0.198919
0.215105
0.0648952
0.250617
0.11359
0.238082
0.0852611
0.0701273
0.0743801
0.0520383
0.144605
0.111634
0.0727438
0.055048
0.144913
0.0245718
0.0319916
0.0239844
0.0341369
0.0262656
0.0309103
0.0248146
0.035286
0.0750665
0.109265
0.0526655
0.141036
0.0714993
0.0483012
0.143511
0.068972
0.0659871
0.12086
0.0790614
0.132294
0.131985
0.0802456
0.133478
0.119421
0.0348303
0.0239675
0.0402307
0.0189229
0.0408185
0.0467293
0.0396905
0.0494803
0.114986
0.120774
0.0366915
0.130915
0.0703449
0.126477
0.125263
0.107529
0.068837
0.121786
0.127427
0.0679944
0.105963
0.129429
0.0265577
0.0331665
0.0366871
0.0281874
0.0342466
0.0410526
0.0350289
0.0393501
0.108239
0.119354
0.0603005
0.124783
0.0613938
0.126744
0.10745
0.661458
0.0222803
0.392577
0.205412
0.0918208
0.454966
0.420257
0.0891782
0.0529354
0.0929083
0.0459195
0.0679258
0.0581704
0.0797955
0.0423656
0.758541
0.292819
0.0844006
0.772221
0.15799
0.584898
0.803503
0.11213
0.188528
0.511403
0.111681
0.220925
0.315222
0.499843
0.136453
0.390203
0.0621748
0.0277904
0.0587365
0.0410933
0.0696798
0.0543696
0.0739915
0.0191904
0.437335
0.651698
0.109264
0.809822
0.175615
0.516336
0.883883
1.0422
0.0364761
0.873977
1.1178
0.0547858
0.843524
0.880668
0.032049
0.0321747
0.0564575
0.0213232
0.0442208
0.056978
0.0516007
0.0124514
0.246032
1.34884
0.0430191
0.306138
0.0139004
0.480932
0.132553
0.117113
0.0734788
0.337394
0.460824
0.0844358
0.351123
0.308675
0.0342678
0.0459681
0.0423702
0.0361449
0.0147308
0.0533521
0.0511906
0.0353684
0.0727558
0.60814
0.135007
0.162907
0.0937961
0.205459
0.167763
0.0719816
0.070913
0.0782751
0.0604951
0.140582
0.115801
0.0721382
0.0596132
0.144803
0.0222203
0.0141711
0.0294052
0.0117604
0.0327127
0.0352911
0.0264848
0.0481577
0.064732
0.113136
0.0236428
0.146958
0.0523616
0.136311
0.0834037
0.0793628
0.0775233
0.109162
0.119826
0.0688577
0.12072
0.0687065
0.122969
0.113026
0.0323589
0.041171
0.029907
0.0395379
0.10845
0.122428
0.0679109
0.124646
0.111102
0.0682341
0.123267
0.0337698
0.0368231
0.0315511
0.0410286
0.116359
0.075492
0.12639
0.125343
0.0766969
0.114173
0.127003
0.0397155
0.0267273
0.0458849
0.0226959
0.0389651
0.0414502
0.0367002
0.0443919
0.119147
0.123176
0.0415479
0.127598
0.0763653
0.12839
0.123296
1.29291
0.299022
1.41062
1.44537
0.228333
2.12421
0.818973
0.165535
0.0585535
0.149234
0.115051
0.104954
0.104476
0.136167
0.133374
0.640035
0.580517
0.0669305
0.776436
0.052118
0.4491
0.788311
0.558169
0.787846
5.26995
0.367236
1.92902
7.03457
7.52034
1.0184
2.52665
0.336053
0.0510367
0.231303
0.172801
0.50059
0.314398
0.463483
0.238912
3.40985
3.45254
0.453875
2.91309
0.687135
3.14398
1.52147
0.349855
0.709932
0.238267
1.93742
0.156092
0.601934
0.562199
0.0375407
0.046517
0.038708
0.0454395
0.2192
0.649331
0.17376
0.668025
0.110847
0.286428
0.454678
0.0383363
0.0490622
0.0428088
0.0330441
1.20352
0.266575
4.12416
3.91375
0.440442
0.813754
2.74848
0.0562283
0.0396696
0.0593028
0.0177602
0.0531066
0.0543478
0.0585361
0.0414826
1.8239
1.53541
0.329181
0.779876
0.668874
1.32837
0.792901
)
;

boundaryField
{
    inlet
    {
        type            fixedValue;
        value           uniform 440.15;
    }
    outlet
    {
        type            zeroGradient;
    }
    rightSide
    {
        type            symmetryPlane;
    }
    leftSide
    {
        type            symmetryPlane;
    }
    duct
    {
        Cmu             0.09;
        kappa           0.41;
        E               9.8;
        beta1           0.075;
        type            omegaWallFunction;
        value           nonuniform List<scalar> 
216
(
0.0110578
0.0110755
0.0115069
0.0114896
0.0118962
0.0118772
0.0123332
0.0122629
0.0127373
0.0126761
0.0131541
0.0130377
0.0135529
0.0134477
0.0138704
0.0137192
0.0141886
0.014041
0.0143888
0.0142014
0.014661
0.0144699
0.0146976
0.0145316
0.0147297
0.0145752
0.014701
0.0144638
0.0148227
0.0126477
0.0200323
0.0249552
0.0271602
0.0353166
0.0332373
0.039514
0.0271242
0.0320225
0.0376713
0.0396997
0.0402803
0.0399846
0.0329286
0.0331646
0.0355998
0.033948
0.0308782
0.0302251
0.0265503
0.0282741
0.0274768
0.0282926
0.0271811
0.027265
0.0264595
0.0267257
0.0259985
0.0277063
0.0264055
0.0285141
0.0267886
0.0286131
0.0268591
0.0280585
0.0261865
0.0280897
0.0255708
0.0280089
0.025352
0.026543
0.0250346
0.0272519
0.0240125
0.0249982
0.0233724
0.0247232
0.0226785
0.0237226
0.0207474
0.0208572
0.0201567
0.0199738
0.0194059
0.0190574
0.0184446
0.0180793
0.0174706
0.0173061
0.0158818
0.0156104
0.0145418
0.0136326
0.0124419
0.0118087
0.0110289
0.00991072
0.00888675
0.00795396
0.00771982
0.0072535
0.00883838
0.00843721
0.00916136
0.00943845
0.0150048
0.0150207
0.0206755
0.0205819
0.0111356
0.0111361
0.0113739
0.0113763
0.0116412
0.011682
0.0120006
0.0120122
0.0123616
0.0123699
0.0127251
0.0127249
0.0130235
0.0130865
0.0133535
0.013326
0.0135856
0.0136243
0.0138734
0.0138443
0.0140492
0.0140479
0.0142416
0.0142882
0.0143699
0.0145074
0.0144903
0.0146333
0.0146126
0.0150561
0.0147422
0.015249
0.0148853
0.0154493
0.0150038
0.0156471
0.0152403
0.0154603
0.0154041
0.015367
0.0159527
0.0158611
0.0162956
0.0161869
0.0163574
0.0162017
0.0172182
0.0170258
0.0175538
0.0173577
0.0180007
0.0178033
0.0183573
0.0181209
0.0179037
0.0177706
0.0189274
0.0187804
0.0186167
0.0180215
0.018105
0.0186752
0.017154
0.019007
0.0176467
0.0191299
0.0178953
0.0182436
0.0175138
0.0187775
0.0173663
0.017953
0.0177793
0.0166346
0.0178797
0.0163233
0.0177327
0.0162063
0.0219337
0.021233
0.0229831
0.027068
0.022509
0.0277158
0.0214081
0.0239621
0.0213622
0.022325
0.0219872
0.0220126
0.0216222
0.0218286
0.0163885
0.0166919
0.014243
0.0139924
0.00994256
0.0103994
0.00768558
0.00825822
0.00681608
0.00761306
0.00744195
0.0103132
0.027712
0.0390326
0.0246867
0.0243008
)
;
    }
    cylinder
    {
        Cmu             0.09;
        kappa           0.41;
        E               9.8;
        beta1           0.075;
        type            omegaWallFunction;
        value           nonuniform List<scalar> 
448
(
0.167758
0.0495741
0.272664
0.270863
0.0933992
0.0365826
0.0888145
0.0996086
0.103242
0.0600298
0.100904
0.0992783
0.0820112
0.0810532
0.0962082
0.0417467
0.0976922
0.0957756
0.102591
0.0607738
0.0825964
0.0283859
0.0708842
0.0664172
0.140915
0.0904746
0.0707504
0.0716935
0.0804059
0.0335345
0.320775
0.47708
0.0766129
0.0773266
0.040238
0.0415282
0.0324186
0.0804508
0.0749519
0.0763256
0.0380766
0.0708438
0.0730675
0.040361
0.0623867
0.0676754
0.0195953
0.030385
0.114188
0.0612968
0.0492228
0.0567343
0.0254451
0.0253977
0.215481
0.0783493
0.0808065
0.0774463
0.0372963
0.0407238
0.0328624
0.0668126
0.0780916
0.0769949
0.0414792
0.0412825
0.0818716
0.0820757
0.0878084
0.0903319
0.0240848
0.0383221
0.097984
0.0694182
0.0789599
0.086237
0.0430931
0.0858278
0.0414445
0.0975879
0.104444
0.0784448
0.0771656
0.0422045
0.0418098
0.0787539
0.0813362
0.105825
0.112038
0.101482
0.107482
0.0700147
0.0678991
0.105101
0.105885
0.0996392
0.103865
0.0618117
0.0628227
0.0732832
0.0719056
0.0360939
0.0695462
0.037593
0.0814593
0.0828787
0.0409606
0.0432091
0.038708
0.077791
0.0723471
0.0794724
0.0363288
0.0630804
0.0781496
0.0379891
0.0874084
0.0841866
0.0814857
0.103921
0.0338683
0.0476194
0.11512
0.088899
0.0789375
0.0783802
0.0422009
0.0425627
0.102089
0.0985344
0.0954621
0.101832
0.0604568
0.0590181
0.110805
0.123807
0.101822
0.109258
0.0686148
0.0623879
0.0852611
0.0701273
0.0520383
0.055048
0.0245718
0.0262656
0.068972
0.0659871
0.0348303
0.0408185
0.068837
0.0679944
0.0265577
0.0342466
0.0222803
0.0891782
0.0679258
0.11213
0.188528
0.0621748
0.0696798
0.0364761
0.032049
0.0442208
0.0342678
0.0147308
0.0719816
0.070913
0.0604951
0.0596132
0.0222203
0.0327127
0.0793628
0.0775233
0.0688577
0.0687065
0.0323589
0.0337698
0.0397155
0.0389651
0.299022
0.228333
0.165535
0.104954
0.558169
0.787846
0.367236
1.0184
0.336053
0.50059
0.238267
0.156092
0.0375407
0.0383363
0.266575
0.440442
0.0562283
0.0531066
0.0225868
0.054349
0.0482299
0.0487199
0.0131017
0.0355772
0.0319102
0.0308583
0.0166892
0.0460736
0.0517501
0.0486859
0.00971718
0.036171
0.0355096
0.0307536
0.0552432
0.0529787
0.0525557
0.0574168
0.0301354
0.0557887
0.039773
0.0448873
0.0219553
0.0470284
0.0321874
0.0312483
0.0152342
0.0399969
0.0247334
0.0482285
0.0461333
0.0584733
0.0784563
0.112336
0.0319916
0.0309103
0.0239675
0.0467293
0.0331665
0.0410526
0.0529354
0.0581704
0.0277904
0.0543696
0.0321747
0.056978
0.0459681
0.0533521
0.0141711
0.0352911
0.041171
0.0368231
0.0267273
0.0414502
0.0585535
0.104476
0.0510367
0.314398
0.046517
0.0490622
0.0396696
0.0543478
0.0494363
0.0189853
0.0427526
0.0522291
0.0382624
0.0497183
0.039169
0.0526783
0.0229428
0.0103352
0.0211371
0.0473682
0.0277184
0.0396108
0.0918208
0.0547858
0.0844006
0.15799
0.0342484
0.0263828
0.0554061
0.048934
0.0232816
0.0356148
0.0669305
0.052118
0.045383
0.0135696
0.0383198
0.0469164
0.0534271
0.0410118
0.0385741
0.0469235
0.0231052
0.00904615
0.0249383
0.0471012
0.0312541
0.0395636
0.0345752
0.0386288
0.0872294
0.026898
0.0380311
0.0560509
0.041541
0.0415953
0.0542564
0.0772375
0.0570959
0.0629522
0.10666
0.0634247
0.0751929
0.0635734
0.0878888
0.0487916
0.0887102
0.0611043
0.0689713
0.0366341
0.0463886
0.0698896
0.0332223
0.0483003
0.0452796
0.0173408
0.041899
0.0491954
0.0279107
0.0350497
0.0279798
0.0369704
0.0312444
0.0151162
0.02432
0.0662533
0.0423379
0.0519773
0.0524319
0.021041
0.0344615
0.0933521
0.0404751
0.0542088
0.058851
0.0838435
0.089286
0.0825812
0.0559641
0.0820993
0.0648952
0.11359
0.13563
0.0614119
0.0591892
0.218697
0.0790614
0.0802456
0.0341369
0.0239844
0.0526655
0.0483012
0.0248146
0.035286
0.0603005
0.0613938
0.0402307
0.0189229
0.0366915
0.0703449
0.0396905
0.0494803
0.0366871
0.0281874
0.0350289
0.0393501
0.0929083
0.0459195
0.0423656
0.0797955
0.111681
0.0734788
0.136453
0.0844358
0.135007
0.0587365
0.0410933
0.109264
0.175615
0.0191904
0.0739915
0.0564575
0.0213232
0.0430191
0.0139004
0.0124514
0.0516007
0.0423702
0.0361449
0.0937961
0.0353684
0.0511906
0.0294052
0.0117604
0.0236428
0.0523616
0.0264848
0.0481577
0.075492
0.0766969
0.029907
0.0679109
0.0395379
0.0682341
0.0315511
0.0410286
0.0458849
0.0226959
0.0415479
0.0763653
0.0367002
0.0443919
0.149234
0.115051
0.133374
0.136167
0.687135
0.231303
0.172801
0.453875
0.238912
0.463483
0.038708
0.17376
0.0454395
0.110847
0.0330441
0.0428088
0.0593028
0.0177602
0.329181
0.668874
0.0414826
0.0585361
)
;
    }
}


// ************************************************************************* //
