/*--------------------------------*- C++ -*----------------------------------*\
| =========                 |                                                 |
| \\      /  F ield         | OpenFOAM: The Open Source CFD Toolbox           |
|  \\    /   O peration     | Version:  4.1                                   |
|   \\  /    A nd           | Web:      www.OpenFOAM.org                      |
|    \\/     M anipulation  |                                                 |
\*---------------------------------------------------------------------------*/
FoamFile
{
    version     2.0;
    format      ascii;
    class       volScalarField;
    location    "21";
    object      omega;
}
// * * * * * * * * * * * * * * * * * * * * * * * * * * * * * * * * * * * * * //

dimensions      [0 0 -1 0 0 0 0];

internalField   nonuniform List<scalar> 
4432
(
0.0111037
0.0114348
0.0117749
0.0120695
0.0123449
0.0126385
0.012917
0.0132016
0.0135244
0.0137637
0.0140919
0.0143029
0.014626
0.01483
0.0151196
0.0154366
0.0156747
0.0159679
0.0162448
0.0164571
0.0166453
0.017019
0.018065
0.0219058
0.0269437
0.0313151
0.0352413
0.0380902
0.0405926
0.0425041
0.0441268
0.0452234
0.0460469
0.0467365
0.0471947
0.0476036
0.0479173
0.0482422
0.0488273
0.049189
0.0494423
0.0474069
0.0460934
0.042591
0.0389186
0.0336418
0.0287253
0.0250852
0.0231298
0.0228241
0.0212254
0.0151268
0.0156747
0.0156644
0.0111104
0.0114292
0.0117838
0.0120825
0.0123674
0.0126899
0.0129489
0.0133061
0.0135437
0.0139055
0.0141109
0.0144268
0.0146515
0.0149305
0.0152217
0.0154567
0.0156675
0.0158671
0.0160429
0.0164067
0.0171775
0.0178497
0.0198316
0.0236445
0.0282542
0.0317583
0.0338992
0.0368235
0.0394501
0.0413715
0.0422119
0.0426794
0.0428567
0.0418207
0.0406038
0.04058
0.0397214
0.0399881
0.0392456
0.0394581
0.0396316
0.0381781
0.0381799
0.037008
0.0342565
0.0304204
0.0261815
0.0228518
0.0216267
0.0199027
0.0211245
0.0137698
0.00790237
0.00871588
21.8483
3.42757
1.3502
0.737435
0.467175
0.332015
0.256402
0.209634
0.177629
0.154854
0.137409
0.124385
0.113757
0.105279
0.0980397
0.0915627
0.0860378
0.0805026
0.0752216
0.0704562
0.0657947
0.0621837
0.0601524
0.0573544
0.0555262
0.0546146
0.0537425
0.0542444
0.0522403
0.0521326
0.0522043
0.0546158
0.0565435
0.0582959
0.0597705
0.060259
0.0651952
0.0587202
0.0603433
0.0663583
0.0964332
0.104577
0.123588
0.104823
0.139557
0.112525
0.10689
0.105228
0.11179
0.200886
0.174568
0.511245
0.975888
0.882479
21.8475
3.42841
1.35122
0.738166
0.467556
0.332083
0.256622
0.209574
0.177877
0.154808
0.137743
0.124269
0.113717
0.104849
0.0971939
0.0908483
0.0844579
0.0794038
0.0736643
0.0695326
0.0654863
0.0618785
0.059919
0.0574079
0.0551742
0.0549512
0.0520605
0.0516104
0.0510385
0.0505979
0.0517499
0.0498497
0.0520953
0.0493516
0.0493707
0.0497768
0.0497615
0.0504837
0.0505111
0.0533867
0.0615477
0.0532951
0.0564209
0.0793498
0.0792572
0.0789369
0.0807283
0.0838845
0.0963675
0.127539
0.169705
0.367505
0.611143
0.953856
21.8481
3.42871
1.35315
0.738235
0.467285
0.331825
0.256399
0.209367
0.177679
0.154559
0.137228
0.123687
0.112869
0.104311
0.097116
0.0913341
0.0862468
0.0815384
0.0771063
0.072773
0.068683
0.0655794
0.0627147
0.0611732
0.0569998
0.0578674
0.0590649
0.0603766
0.0607925
0.0629879
0.0704663
0.0680562
0.0859529
0.0850538
0.0841969
0.0859233
0.0948164
0.117499
0.151899
0.16467
0.143514
0.151389
0.152574
0.153664
0.151422
0.168796
0.180422
0.152431
0.155488
0.221885
0.201911
0.42479
0.497078
0.605025
21.8475
3.4293
1.35235
0.738322
0.46709
0.331624
0.256285
0.209433
0.17772
0.154697
0.137729
0.124209
0.114202
0.105319
0.0985385
0.0923094
0.0869175
0.081878
0.0769113
0.0726128
0.0678934
0.0650958
0.0617942
0.0597756
0.0573188
0.0570376
0.0556068
0.0552618
0.0558664
0.0553847
0.0554766
0.0569542
0.056602
0.0572745
0.0589812
0.0597771
0.0614722
0.066859
0.0621656
0.067764
0.0820006
0.0880804
0.107102
0.0918878
0.0955205
0.0977293
0.0964621
0.126783
0.18715
0.159855
0.205075
0.242125
0.384082
0.746366
21.8483
3.42803
1.35236
0.737432
0.466976
0.331683
0.256334
0.209412
0.178058
0.155025
0.138137
0.124427
0.114009
0.105168
0.0981755
0.0919341
0.0868981
0.0817097
0.0773419
0.0724899
0.068564
0.0661095
0.0614358
0.0603741
0.0596889
0.062887
0.0714903
0.0738241
0.0751754
0.0796435
0.0902456
0.0980546
0.111608
0.123444
0.117222
0.124363
0.130182
0.18854
0.13911
0.144988
0.154931
0.156721
0.160018
0.15861
0.185808
0.153513
0.15135
0.192261
0.1652
0.228306
0.225882
0.649739
0.635233
0.864654
21.8475
3.42627
1.35105
0.73789
0.467244
0.331952
0.256356
0.209424
0.177643
0.155284
0.138822
0.126292
0.116529
0.10798
0.101265
0.0943913
0.0892419
0.0830998
0.0787124
0.0734664
0.0690457
0.0661045
0.0613807
0.0608082
0.0614268
0.0619457
0.0645772
0.0657595
0.0676677
0.0704402
0.072899
0.0776902
0.0807782
0.0854529
0.0856951
0.105603
0.107417
0.162536
0.126251
0.147399
0.127863
0.118556
0.114273
0.164242
0.119226
0.148359
0.178316
0.141648
0.146588
0.154015
0.166604
0.288449
0.549189
0.644314
21.8489
3.42114
1.35048
0.738093
0.467033
0.331306
0.255953
0.209746
0.179248
0.15713
0.140856
0.127443
0.117243
0.108018
0.100969
0.0938953
0.0886575
0.0827004
0.0778727
0.0725236
0.0693627
0.0637956
0.0630219
0.0655643
0.0662065
0.0757493
0.0834601
0.10346
0.112572
0.118442
0.132184
0.126651
0.129201
0.136624
0.146323
0.139776
0.144723
0.169007
0.169011
0.15526
0.153699
0.15742
0.152174
0.150243
0.175524
0.145891
0.150825
0.161982
0.169225
0.197416
0.252766
0.323504
0.612204
0.554125
21.8476
3.42889
1.35541
0.73865
0.466791
0.331217
0.255986
0.209106
0.177489
0.154611
0.137583
0.1241
0.113376
0.104529
0.0970836
0.0907974
0.0853855
0.0798575
0.0759424
0.0714213
0.0677538
0.0618086
0.0617188
0.0621359
0.0652873
0.0691487
0.0733217
0.0783193
0.08408
0.0912245
0.0968883
0.102898
0.109346
0.125841
0.142604
0.116951
0.148367
0.156193
0.137777
0.160588
0.126299
0.171217
0.136366
0.137402
0.134912
0.137995
0.142467
0.151501
0.161462
0.174513
0.187392
0.249134
0.659091
0.725753
21.8487
3.4269
1.35052
0.736983
0.466593
0.331885
0.256244
0.209295
0.177324
0.154706
0.137675
0.124952
0.114612
0.106418
0.0991043
0.0926032
0.0871943
0.0808012
0.0771296
0.0706463
0.0679964
0.0631388
0.0674708
0.0675778
0.079927
0.0912356
0.111956
0.123286
0.147363
0.134005
0.139729
0.146888
0.149087
0.151956
0.168641
0.202116
0.157711
0.159493
0.165078
0.200747
0.170722
0.180876
0.201532
0.17827
0.205784
0.164954
0.158365
0.194334
0.199084
0.218647
0.268445
0.331419
0.426235
0.364711
21.8478
3.42887
1.35312
0.738027
0.467453
0.332127
0.256514
0.209424
0.177436
0.154203
0.1366
0.122856
0.1119
0.103102
0.0956839
0.0896394
0.0843023
0.0793126
0.0747258
0.071404
0.0654109
0.063339
0.065703
0.0695047
0.0757919
0.0844051
0.0911572
0.0988944
0.107342
0.117873
0.128159
0.137687
0.125842
0.130617
0.146307
0.136258
0.169625
0.139951
0.138294
0.166818
0.153754
0.174235
0.246913
0.172805
0.16881
0.195696
0.177316
0.182902
0.18829
0.223853
0.20921
0.234932
0.272265
0.420889
21.8488
3.42783
1.35091
0.737526
0.465997
0.330691
0.255637
0.208772
0.176816
0.153801
0.136606
0.123633
0.113185
0.105214
0.0976315
0.0920319
0.0858494
0.0805736
0.0761013
0.0708535
0.0639256
0.0661992
0.0735608
0.086299
0.104392
0.112267
0.123221
0.138741
0.127829
0.134589
0.152572
0.160177
0.184567
0.14925
0.163061
0.167464
0.219124
0.171486
0.19585
0.173392
0.190053
0.15375
0.154813
0.14744
0.180663
0.201589
0.157678
0.166718
0.16151
0.196671
0.252659
0.336605
0.340937
0.36172
21.8481
3.42833
1.3544
0.737735
0.466001
0.33067
0.255459
0.208687
0.176818
0.153788
0.136353
0.122962
0.112231
0.103584
0.096195
0.0899664
0.0844266
0.0791727
0.074575
0.0707228
0.0637504
0.0637795
0.0691624
0.0745436
0.0861058
0.0966762
0.10545
0.120181
0.13542
0.158515
0.133643
0.144584
0.141813
0.146135
0.147271
0.143102
0.145853
0.189939
0.136735
0.141461
0.140932
0.177659
0.147788
0.14387
0.167386
0.198911
0.17421
0.172756
0.206088
0.182652
0.187707
0.203207
0.225004
0.230429
21.8485
3.42492
1.35114
0.737435
0.466718
0.330805
0.255545
0.208389
0.17671
0.153796
0.137321
0.124169
0.114132
0.10538
0.0979365
0.0915947
0.0850329
0.0799147
0.0751449
0.0674363
0.0648979
0.0723012
0.0734807
0.0906172
0.104222
0.119793
0.125408
0.130092
0.129765
0.148572
0.143282
0.145727
0.151162
0.168024
0.216025
0.169983
0.189517
0.194781
0.181437
0.177566
0.169649
0.158276
0.148031
0.151899
0.142085
0.167217
0.186317
0.15873
0.146301
0.150039
0.217449
0.264428
0.399269
0.299931
21.8478
3.42566
1.3514
0.737963
0.467155
0.331611
0.255777
0.208565
0.176463
0.153447
0.136075
0.122836
0.111922
0.103439
0.0955665
0.0897431
0.0835224
0.0785767
0.0738646
0.0689962
0.0618433
0.0643064
0.0732957
0.0811598
0.0933496
0.106372
0.12606
0.135646
0.146524
0.147998
0.132689
0.139293
0.141115
0.141518
0.15284
0.135148
0.139725
0.141231
0.140896
0.137998
0.134876
0.15791
0.13345
0.133648
0.134465
0.137891
0.142065
0.148987
0.184214
0.158978
0.163032
0.178478
0.207216
0.235602
21.849
3.42654
1.35162
0.737259
0.466716
0.330749
0.255183
0.208071
0.17633
0.153523
0.136552
0.122901
0.112266
0.102981
0.0955508
0.0890392
0.0825328
0.0784419
0.0732629
0.0653741
0.0639756
0.0649269
0.0720753
0.09012
0.105234
0.117603
0.131724
0.154827
0.131852
0.145451
0.160649
0.16553
0.169796
0.166212
0.168629
0.174052
0.181281
0.198552
0.2274
0.213881
0.204954
0.204268
0.206297
0.162638
0.161638
0.149198
0.128672
0.147797
0.150658
0.138629
0.157519
0.227797
0.295232
0.219383
21.8476
3.42958
1.35525
0.737825
0.465779
0.331016
0.25573
0.208661
0.176485
0.153085
0.135212
0.121262
0.110005
0.101096
0.0932081
0.0874615
0.0809515
0.0770826
0.071928
0.067833
0.0611399
0.0634712
0.0739688
0.0833832
0.0975173
0.122726
0.113839
0.119647
0.130489
0.132869
0.133689
0.151217
0.140145
0.141268
0.136087
0.1342
0.135017
0.144599
0.14055
0.138807
0.151498
0.17814
0.124335
0.157188
0.135925
0.149056
0.177471
0.188613
0.195509
0.177153
0.185359
0.192134
0.330059
0.253771
21.8481
3.42758
1.35377
0.738983
0.467489
0.331355
0.255459
0.208202
0.175966
0.152396
0.134799
0.120656
0.110232
0.100976
0.094139
0.0878622
0.0817686
0.0777597
0.0724426
0.0650373
0.0685128
0.0753121
0.090068
0.0868404
0.0996548
0.1058
0.141877
0.11771
0.124109
0.147154
0.163491
0.175338
0.154361
0.167338
0.183867
0.202199
0.247788
0.248807
0.233814
0.238317
0.225315
0.225231
0.214633
0.211265
0.192432
0.176736
0.172619
0.167418
0.161571
0.137217
0.155666
0.183639
0.364703
0.278691
21.8478
3.42767
1.35529
0.739388
0.467692
0.331189
0.255568
0.208335
0.176081
0.15258
0.134732
0.120814
0.109759
0.100943
0.0930383
0.0872148
0.0806636
0.0763272
0.0711586
0.0675588
0.0623093
0.0643214
0.0711115
0.0881617
0.0948109
0.10774
0.119449
0.128811
0.141289
0.140437
0.143904
0.14349
0.134007
0.144779
0.139573
0.159106
0.161215
0.168086
0.165673
0.164761
0.158222
0.147355
0.122391
0.116891
0.12561
0.197596
0.236581
0.18487
0.193308
0.179948
0.191149
0.227544
0.339902
0.3928
21.8491
3.42347
1.34848
0.73432
0.465029
0.330771
0.255239
0.207892
0.175487
0.152123
0.135186
0.121583
0.111726
0.102176
0.0956216
0.0884336
0.0827383
0.0777728
0.0721711
0.0649997
0.0681407
0.0771973
0.0867911
0.0990825
0.115139
0.110988
0.126601
0.118562
0.145708
0.129271
0.140295
0.143825
0.158905
0.197483
0.204766
0.208638
0.208317
0.18495
0.176366
0.169136
0.163093
0.15523
0.146869
0.147206
0.158371
0.174687
0.191547
0.144454
0.121466
0.132903
0.185907
0.270666
0.389545
0.470539
21.8481
3.42706
1.35088
0.73736
0.466828
0.330906
0.255161
0.207994
0.175866
0.152316
0.134585
0.120547
0.109594
0.100546
0.092803
0.0867541
0.0802698
0.0757243
0.0717242
0.0644542
0.0633376
0.0687831
0.068729
0.0931085
0.113164
0.142245
0.154514
0.142784
0.149616
0.122203
0.12498
0.119396
0.124797
0.134425
0.15171
0.16716
0.166951
0.165118
0.172468
0.181404
0.183431
0.171135
0.136671
0.127187
0.127695
0.155725
0.167279
0.145529
0.133562
0.131177
0.189868
0.527971
0.592168
0.743632
21.8485
3.42421
1.3478
0.73655
0.465153
0.32996
0.254596
0.207519
0.175456
0.152195
0.135272
0.121545
0.111726
0.101954
0.0957146
0.0874619
0.08294
0.075729
0.0712969
0.0649758
0.0648582
0.0665697
0.0737828
0.10408
0.116027
0.122764
0.124022
0.126641
0.134164
0.122696
0.128152
0.159293
0.18132
0.174656
0.188855
0.184271
0.177765
0.166325
0.169242
0.165713
0.163383
0.160487
0.157394
0.157901
0.17524
0.148459
0.104471
0.0942181
0.0984897
0.120065
0.168733
0.310652
0.266036
0.252042
21.8475
3.42865
1.35151
0.736617
0.464958
0.330206
0.254838
0.20761
0.175458
0.151703
0.134007
0.119601
0.108728
0.0993255
0.0918404
0.0855708
0.0797796
0.074303
0.0715912
0.0644561
0.0631075
0.0712857
0.0710545
0.091008
0.145442
0.152162
0.158917
0.146038
0.118914
0.115961
0.102112
0.10172
0.13682
0.129684
0.154773
0.153408
0.156233
0.159983
0.172267
0.175153
0.180393
0.155725
0.140056
0.170638
0.161726
0.137526
0.168428
0.107531
0.10301
0.108643
0.188002
0.409697
0.488991
0.35214
21.8484
3.42332
1.34796
0.736154
0.465811
0.330466
0.254757
0.20739
0.17529
0.15207
0.135134
0.121403
0.111019
0.101425
0.0941479
0.0864882
0.0817079
0.0745786
0.070447
0.0632766
0.0674253
0.0707739
0.0878586
0.110917
0.14585
0.165045
0.153098
0.142668
0.116898
0.118026
0.146525
0.173687
0.175908
0.159702
0.160543
0.161201
0.16357
0.16352
0.171879
0.160305
0.158221
0.152979
0.153701
0.169349
0.168679
0.118765
0.107492
0.114569
0.1154
0.121986
0.152023
0.187528
0.222606
0.226315
21.8475
3.42877
1.35372
0.738848
0.467126
0.331617
0.255583
0.207959
0.17542
0.151645
0.133629
0.119325
0.108048
0.0987183
0.0911205
0.0850926
0.0794195
0.0743545
0.0712581
0.0641132
0.0620726
0.0700787
0.0711134
0.101471
0.170013
0.173511
0.172883
0.153156
0.10173
0.131241
0.123084
0.11385
0.130276
0.129312
0.132041
0.130011
0.139462
0.146955
0.147048
0.14314
0.127161
0.119901
0.0987602
0.105101
0.158718
0.136333
0.142845
0.127185
0.132259
0.102158
0.120163
0.248246
0.419201
0.239565
21.8474
3.42712
1.35355
0.738581
0.467156
0.330566
0.254842
0.207306
0.174938
0.15111
0.1331
0.118789
0.107239
0.098202
0.0899193
0.0841792
0.0783306
0.07307
0.0687996
0.060317
0.0598728
0.0625527
0.0866823
0.142461
0.163185
0.210891
0.164087
0.125292
0.109388
0.136486
0.160695
0.148278
0.14364
0.150892
0.155453
0.161266
0.173136
0.166576
0.159685
0.145626
0.134153
0.119043
0.10473
0.0892201
0.0778385
0.0960028
0.0950996
0.0925758
0.097869
0.107909
0.121727
0.149885
0.180244
0.212228
21.8473
3.42677
1.34979
0.737491
0.465683
0.330553
0.254857
0.207585
0.175115
0.151532
0.133325
0.119396
0.107829
0.0989167
0.0909973
0.0847219
0.0796162
0.0737341
0.0711648
0.063359
0.060607
0.0633497
0.0669705
0.0784816
0.190272
0.263021
0.238312
0.177369
0.125218
0.113716
0.129999
0.119724
0.125133
0.125604
0.129348
0.13689
0.143353
0.136149
0.137793
0.140029
0.137334
0.135997
0.129282
0.111274
0.0904511
0.152642
0.148226
0.149608
0.138106
0.140528
0.13637
0.294184
0.281887
0.34588
21.8474
3.42674
1.35317
0.738824
0.467117
0.33077
0.254886
0.207438
0.174923
0.151062
0.132828
0.118429
0.107
0.0974606
0.0900317
0.0832338
0.0783111
0.0717474
0.0679038
0.0597405
0.0617454
0.0682847
0.085814
0.219399
0.423014
0.170496
0.152226
0.100255
0.105646
0.139793
0.141271
0.152884
0.166799
0.162193
0.165379
0.169227
0.167401
0.149069
0.134618
0.121572
0.121489
0.108803
0.0987756
0.0907526
0.0877962
0.0848975
0.0809761
0.0786689
0.0852814
0.0877069
0.106792
0.18155
0.204716
0.405911
21.8473
3.42733
1.35093
0.737978
0.465915
0.330408
0.254712
0.207435
0.174911
0.151309
0.132984
0.11909
0.107457
0.0986009
0.0906287
0.084879
0.0794128
0.0740483
0.070955
0.0636458
0.0607141
0.0615185
0.0691157
0.137439
0.434368
0.263581
0.198135
0.116635
0.10946
0.115242
0.115524
0.140934
0.159404
0.160214
0.166437
0.163693
0.162567
0.15682
0.148241
0.140515
0.13445
0.129397
0.119442
0.104216
0.103949
0.10414
0.10717
0.10412
0.0996784
0.102607
0.13949
0.44958
0.624249
0.685957
21.8464
3.4288
1.35382
0.739856
0.466678
0.330836
0.254721
0.207168
0.174565
0.150868
0.132586
0.118182
0.106856
0.0966667
0.089906
0.0824396
0.0766707
0.0706406
0.0675161
0.060578
0.0617701
0.062485
0.103395
0.61945
0.240582
0.191178
0.123549
0.139778
0.154423
0.165509
0.17384
0.178721
0.179243
0.175758
0.166069
0.145761
0.127204
0.119894
0.118114
0.117852
0.107737
0.101104
0.0897982
0.0798169
0.0745537
0.0670486
0.06785
0.0753136
0.0770599
0.169503
0.294009
0.534334
0.621098
21.8466
3.42663
1.35268
0.73914
0.467284
0.331151
0.255075
0.207569
0.174977
0.15127
0.133053
0.119055
0.107721
0.0988189
0.0914487
0.0850605
0.0801561
0.0745648
0.0704891
0.066524
0.0591655
0.0630186
0.0915075
0.369752
0.379205
0.237581
0.198944
0.17905
0.172555
0.17868
0.191911
0.186258
0.176573
0.175724
0.168129
0.157325
0.147656
0.138518
0.133789
0.132986
0.126361
0.106971
0.0945587
0.0925826
0.0919802
0.0886268
0.082174
0.0746435
0.0928836
0.459953
0.873922
0.705027
0.527722
21.8467
3.42644
1.35043
0.738276
0.466288
0.330473
0.254434
0.206994
0.174462
0.150741
0.132462
0.118111
0.106441
0.0969169
0.0892039
0.0824373
0.0776208
0.0722343
0.0686538
0.0623619
0.0673618
0.0617803
0.0961005
0.155256
0.224194
0.219038
0.211771
0.158679
0.16554
0.175091
0.176515
0.168904
0.166582
0.156505
0.151842
0.13382
0.110534
0.122472
0.118887
0.124426
0.11
0.121412
0.099417
0.0814458
0.0677299
0.0615207
0.0553295
0.0623093
0.0650535
0.0818457
0.214118
0.279776
0.500213
0.538475
21.8468
3.42556
1.35067
0.737895
0.467058
0.33074
0.254863
0.207468
0.175203
0.151876
0.134112
0.120111
0.109046
0.0997652
0.0925129
0.0859272
0.0804615
0.0761734
0.0700811
0.0672573
0.0608812
0.0650762
0.0775455
0.147401
0.245166
0.207206
0.215062
0.197301
0.181615
0.195557
0.195696
0.189451
0.176466
0.173644
0.166185
0.157276
0.146816
0.13992
0.139927
0.130721
0.128067
0.109463
0.0969847
0.0883177
0.0823889
0.0731255
0.0665021
0.0644272
0.0649174
0.119172
0.543714
0.625813
0.709905
0.619154
21.846
3.42766
1.35016
0.737276
0.466908
0.331338
0.255271
0.207544
0.174816
0.150895
0.13261
0.118172
0.106561
0.0970226
0.0893768
0.0829521
0.0776425
0.0735206
0.0685508
0.0656102
0.0577049
0.064599
0.059853
0.104058
0.148592
0.142918
0.144487
0.16128
0.16935
0.177738
0.172747
0.164307
0.154701
0.149894
0.141319
0.123108
0.130464
0.127866
0.128675
0.132756
0.147959
0.110252
0.0793388
0.0621319
0.055162
0.0524845
0.0505212
0.0563185
0.0621387
0.0789897
0.161955
0.247913
0.365383
0.512414
21.8475
3.4162
1.34566
0.735738
0.465945
0.330635
0.254686
0.207982
0.17699
0.154913
0.138019
0.124391
0.113018
0.103276
0.0951031
0.0878992
0.0818431
0.0767698
0.0715271
0.0683835
0.0623029
0.0589553
0.0696521
0.0874325
0.122226
0.111884
0.114495
0.133193
0.153413
0.161951
0.165206
0.162226
0.16333
0.160996
0.157642
0.151096
0.144705
0.149712
0.148057
0.139628
0.11985
0.0996945
0.0883242
0.0734797
0.0642495
0.057763
0.0569263
0.057975
0.060952
0.0936462
0.242086
0.559809
0.672307
0.612679
21.8464
3.42608
1.35008
0.736728
0.46594
0.330424
0.254672
0.207318
0.174804
0.150979
0.132708
0.118395
0.106831
0.0974995
0.0897764
0.0834152
0.0780197
0.0737495
0.0693775
0.0665357
0.0607595
0.0580101
0.0802519
0.0981679
0.145504
0.168203
0.137338
0.147638
0.16539
0.16382
0.161932
0.150591
0.153612
0.148995
0.141414
0.141019
0.144148
0.151336
0.16038
0.154147
0.102247
0.0703024
0.0561123
0.0497556
0.0467513
0.0462253
0.0466475
0.0500864
0.0535658
0.0786705
0.119618
0.179183
0.303067
0.333438
21.8467
3.42296
1.34867
0.736887
0.466568
0.33123
0.255204
0.207586
0.17508
0.151727
0.134054
0.120574
0.109439
0.100689
0.0928267
0.0867507
0.0808356
0.0762691
0.0718639
0.06756
0.064902
0.057059
0.0630277
0.0750159
0.0879705
0.11147
0.119487
0.123169
0.137583
0.146099
0.150471
0.151588
0.153362
0.154989
0.151622
0.151201
0.144979
0.144916
0.137288
0.11809
0.0971924
0.0792753
0.0646446
0.0546739
0.0513162
0.0472067
0.0505775
0.0546371
0.0547934
0.0904976
0.09774
0.29985
0.679733
0.619064
21.8456
3.42627
1.35122
0.738259
0.467184
0.331165
0.254937
0.207326
0.174679
0.150904
0.132556
0.118289
0.106587
0.097365
0.0894992
0.0832541
0.0780106
0.0731912
0.0704233
0.0657304
0.0632865
0.0555466
0.0614618
0.0797778
0.100949
0.136524
0.163127
0.164799
0.169601
0.161294
0.157364
0.151483
0.154612
0.150781
0.146431
0.142394
0.136956
0.14637
0.121468
0.0852163
0.0631674
0.0533495
0.0476302
0.0463712
0.0459152
0.0444564
0.0455209
0.0532826
0.0527901
0.0788193
0.103881
0.144675
0.187465
0.248576
21.8455
3.42612
1.35069
0.738421
0.467054
0.331109
0.255177
0.207658
0.175064
0.151251
0.13294
0.118563
0.106879
0.0974903
0.0897503
0.083416
0.0782658
0.0738616
0.0701201
0.0674432
0.062366
0.0581112
0.0579852
0.0630373
0.0695191
0.0823883
0.0953032
0.118281
0.128301
0.132852
0.127259
0.130269
0.140918
0.14281
0.140358
0.136107
0.128565
0.115967
0.0983372
0.0798693
0.0655676
0.0563595
0.0509925
0.0487221
0.0478524
0.0463367
0.0477126
0.0564481
0.0545526
0.089231
0.0511369
0.168951
0.339433
0.409166
21.8458
3.42492
1.34957
0.737662
0.467103
0.33125
0.255094
0.207475
0.174875
0.151099
0.132876
0.118663
0.10716
0.0979439
0.090235
0.0839451
0.078579
0.0742271
0.0699562
0.068266
0.0603462
0.0568764
0.0562938
0.0639615
0.0683407
0.0810169
0.109612
0.130691
0.167534
0.158103
0.161241
0.160481
0.157842
0.150412
0.14247
0.128741
0.106545
0.0841479
0.0651466
0.054601
0.0481601
0.0453194
0.0437995
0.0434353
0.0427347
0.042959
0.0433251
0.0545996
0.0549347
0.0750194
0.0607602
0.153623
0.343229
0.44395
21.8455
3.42504
1.34993
0.737435
0.467014
0.331227
0.255152
0.207621
0.175073
0.151274
0.133072
0.118875
0.107402
0.0982092
0.0905239
0.0841592
0.0788424
0.074131
0.070625
0.0668264
0.0648672
0.0614307
0.0604717
0.0558385
0.0582552
0.061956
0.066557
0.0847743
0.0932349
0.0867018
0.0970927
0.0879249
0.106163
0.099614
0.0928839
0.0868645
0.0790273
0.070434
0.0621787
0.0558082
0.0513551
0.0486938
0.0469672
0.0462623
0.0463118
0.0451762
0.0449592
0.0533352
0.0458424
0.101451
0.0752571
0.579559
0.720324
0.607957
21.8451
3.42667
1.35042
0.737669
0.466995
0.331229
0.255073
0.20752
0.174939
0.151127
0.132856
0.118502
0.106911
0.0975945
0.089875
0.0836106
0.0783848
0.0739628
0.0704598
0.0668378
0.0651661
0.0592758
0.0557229
0.0576064
0.0588114
0.0639436
0.0667941
0.0832198
0.0898078
0.0895667
0.114157
0.106223
0.095856
0.087735
0.0794575
0.0689249
0.0598637
0.0532272
0.0487867
0.0465013
0.04484
0.0432884
0.0430672
0.0430834
0.0417373
0.0439068
0.0439418
0.0500171
0.0497833
0.0629225
0.0868573
0.155327
0.233028
0.293472
21.845
3.42664
1.35079
0.738218
0.467082
0.331299
0.255256
0.207688
0.175161
0.151339
0.133224
0.118972
0.107607
0.0984042
0.0907895
0.0844943
0.0791713
0.0745837
0.0708745
0.0673309
0.0648951
0.0622084
0.0606031
0.0581684
0.0592048
0.0558271
0.057377
0.060767
0.0636532
0.063227
0.070066
0.0671645
0.0650001
0.0631779
0.0606365
0.057977
0.0551724
0.0526132
0.0502611
0.0484075
0.047012
0.0461792
0.0457005
0.0442493
0.0437778
0.0436152
0.0440101
0.0469198
0.0468004
0.0684634
0.110179
0.227931
0.562104
0.613071
21.845
3.42623
1.35139
0.738737
0.467632
0.33158
0.255325
0.207724
0.17517
0.151357
0.133108
0.118659
0.107012
0.0974804
0.0896756
0.0832152
0.0779225
0.0735226
0.0698617
0.0667744
0.0641365
0.0616258
0.0596682
0.0578355
0.0584787
0.0552098
0.0559829
0.0581273
0.0606895
0.0605676
0.0628211
0.0617061
0.0594052
0.0563118
0.0532437
0.0499617
0.0475981
0.0458018
0.0449379
0.0445361
0.0439481
0.0435466
0.0429775
0.0420153
0.0405145
0.0412266
0.0412485
0.0446014
0.0464877
0.0591205
0.102687
0.165318
0.268638
0.335636
21.845
3.42634
1.34999
0.738096
0.467485
0.331626
0.255434
0.207815
0.175273
0.151444
0.133209
0.118834
0.107218
0.0979293
0.0900692
0.0839762
0.0784911
0.0743992
0.0704428
0.0674282
0.0646143
0.0623118
0.0603334
0.0586901
0.0576859
0.056802
0.0561511
0.0558023
0.0555207
0.0550798
0.0548569
0.0543204
0.0534542
0.0525454
0.0514407
0.0503012
0.0490815
0.0479878
0.0468713
0.0459837
0.0452496
0.0440921
0.0425953
0.0426956
0.0404798
0.0415196
0.0442649
0.0512578
0.044105
0.0817677
0.151964
0.2488
0.269773
0.307669
21.8448
3.42532
1.35015
0.738023
0.467338
0.331411
0.255329
0.207737
0.175232
0.151359
0.133201
0.118706
0.10722
0.0976959
0.0900319
0.083612
0.0783886
0.0740321
0.0704027
0.0673843
0.0647209
0.0622924
0.0603452
0.0583293
0.0570694
0.0558182
0.0550948
0.0544698
0.0542114
0.0535395
0.0529213
0.0518086
0.0505571
0.0490931
0.0477108
0.0464704
0.0454234
0.0446067
0.0439088
0.0432623
0.0424728
0.0418574
0.0409737
0.0395016
0.0389975
0.0393209
0.0386654
0.0412319
0.0493451
0.0596392
0.143296
0.282428
0.294094
0.530198
21.8446
3.4269
1.3508
0.738357
0.467551
0.3316
0.255515
0.207966
0.175438
0.151607
0.133348
0.118896
0.107265
0.0978291
0.0900717
0.0837609
0.0786065
0.0741587
0.0706559
0.0675015
0.0647805
0.0625887
0.060272
0.0586577
0.0571847
0.0558934
0.0547944
0.053858
0.0528533
0.0519758
0.0509379
0.0500546
0.0490699
0.0481189
0.0472076
0.0462709
0.0454204
0.0445565
0.0437112
0.0429941
0.042109
0.0415136
0.0405586
0.0402529
0.0387686
0.0391516
0.0382603
0.0410414
0.0410253
0.120242
0.244503
0.457644
0.493433
0.558696
21.8448
3.42593
1.35061
0.73839
0.467449
0.331537
0.25543
0.207874
0.17538
0.151549
0.133346
0.118882
0.10731
0.0978154
0.0901335
0.083762
0.0785894
0.0742874
0.070733
0.0676279
0.065043
0.0626289
0.0604627
0.0586053
0.0569235
0.0555338
0.0541783
0.0531575
0.0520415
0.0511697
0.0500738
0.0491362
0.0479681
0.0470298
0.0458988
0.0451004
0.0440864
0.0434507
0.0425656
0.0420757
0.041275
0.0406895
0.0396737
0.0391808
0.0374519
0.0371754
0.0360927
0.0387264
0.0489342
0.0723515
0.161817
0.234474
0.359736
0.473247
21.8447
3.4257
1.35005
0.73831
0.467526
0.331679
0.255573
0.208029
0.175521
0.151724
0.133472
0.119012
0.107354
0.0978702
0.0901106
0.0837764
0.0786142
0.07424
0.070685
0.0676198
0.0648894
0.0626115
0.0604731
0.0586566
0.0570389
0.0555348
0.0541222
0.0529001
0.0516585
0.0505665
0.049412
0.048354
0.0473018
0.0463023
0.0453739
0.0445133
0.0437226
0.0429617
0.0422891
0.0416462
0.0409776
0.0404186
0.03987
0.0384722
0.0379901
0.0379794
0.0369642
0.0435982
0.0480675
0.114277
0.283732
0.418498
0.444645
0.493815
21.8448
3.42527
1.34987
0.738063
0.467393
0.331526
0.25544
0.207897
0.175431
0.151651
0.133476
0.119041
0.107459
0.0979568
0.0902521
0.0838618
0.07868
0.0743551
0.0707741
0.0676844
0.065064
0.0626417
0.060605
0.0585494
0.0568458
0.055235
0.0537428
0.0523441
0.0510526
0.0497838
0.0486216
0.0474439
0.0463644
0.0452312
0.0442923
0.0432553
0.0425006
0.0416605
0.0410266
0.0403912
0.0396891
0.0390564
0.0379102
0.0372308
0.0362126
0.037539
0.037473
0.0434168
0.0724311
0.0906868
0.163553
0.265428
0.32221
0.326759
21.8447
3.4258
1.35011
0.738261
0.467558
0.33174
0.255627
0.208111
0.175584
0.151819
0.133547
0.119119
0.107438
0.0979382
0.0901605
0.0837533
0.0785394
0.0741463
0.0705513
0.0674717
0.0647945
0.0624964
0.060364
0.0585069
0.0566946
0.0551167
0.053621
0.0523352
0.0509879
0.0498524
0.0486425
0.0475905
0.0464681
0.0455055
0.0444666
0.0436889
0.0427425
0.042081
0.0412749
0.040594
0.0399588
0.0392872
0.0381412
0.037268
0.0364948
0.039412
0.0365333
0.0602317
0.0686154
0.128548
0.178048
0.299174
0.324892
0.401702
21.8448
3.42587
1.35
0.73813
0.46745
0.331594
0.255521
0.207982
0.175506
0.151729
0.133539
0.119109
0.10747
0.0978811
0.0900619
0.0835595
0.0783211
0.0739482
0.0704381
0.0674665
0.0649491
0.0625963
0.0605576
0.0585796
0.0568228
0.0551472
0.0536318
0.0521066
0.050739
0.0492834
0.0480302
0.0466942
0.0455599
0.0443592
0.0433337
0.0423075
0.0414173
0.0405738
0.0397748
0.0391247
0.0381047
0.0375047
0.0363404
0.0369843
0.0378158
0.0409645
0.0417212
0.0588845
0.127849
0.144921
0.318213
0.511878
0.669336
0.494051
21.8448
3.42562
1.35005
0.738248
0.467591
0.331757
0.255667
0.208162
0.175665
0.151897
0.133681
0.119267
0.107656
0.0981772
0.0904301
0.0840631
0.0788406
0.0744972
0.0708796
0.0677731
0.0651117
0.0627026
0.0606115
0.0586977
0.0568512
0.0552093
0.0535973
0.0521939
0.050681
0.0494058
0.048066
0.0468886
0.0457077
0.0445845
0.0435552
0.0425027
0.0416582
0.040699
0.0399985
0.039204
0.0383797
0.0376742
0.0367662
0.0373171
0.0360536
0.0498996
0.0473748
0.0993118
0.14673
0.188652
0.449014
0.511388
0.523882
0.411118
21.8447
3.42549
1.34969
0.737996
0.467409
0.331605
0.25554
0.208042
0.175565
0.151835
0.133661
0.119304
0.107737
0.098276
0.0905267
0.0841018
0.0788196
0.0744001
0.0707283
0.0675819
0.0648581
0.0624232
0.0602704
0.0583102
0.0564871
0.054832
0.0531844
0.0516595
0.0501363
0.0487046
0.0473308
0.0459964
0.0447875
0.0435699
0.0425198
0.0414928
0.0405426
0.0396804
0.0389303
0.0376361
0.0370299
0.0368538
0.0371444
0.040269
0.0440381
0.0545889
0.0618722
0.0749661
0.17185
0.210199
0.405243
0.535178
0.651037
0.784019
21.8446
3.42591
1.34974
0.738014
0.467499
0.33174
0.25569
0.208205
0.175722
0.151979
0.133788
0.119409
0.107835
0.0983748
0.0906407
0.0842475
0.0790002
0.074612
0.0709618
0.0678357
0.0651167
0.0627502
0.060604
0.0586949
0.0568648
0.0551918
0.0535314
0.0519839
0.0504523
0.049009
0.0476246
0.0463119
0.0450768
0.0438878
0.0428309
0.0417398
0.0408726
0.0398741
0.039135
0.0383893
0.0375028
0.037574
0.0380739
0.0400715
0.0420451
0.0822565
0.0776726
0.180332
0.176565
0.230373
0.6127
0.601176
0.663213
0.768022
21.8451
3.42594
1.35094
0.738488
0.46749
0.331584
0.255441
0.207924
0.175598
0.152322
0.134808
0.121173
0.110193
0.101157
0.0935657
0.0871613
0.0816759
0.0770089
0.0729308
0.0694333
0.066285
0.0635937
0.0611374
0.0590111
0.0570768
0.0552695
0.0536396
0.0520051
0.0505926
0.0490773
0.0478651
0.0464348
0.045443
0.0441506
0.0428776
0.0414177
0.0400633
0.0388317
0.038076
0.0373447
0.0378202
0.0395815
0.0420849
0.0479698
0.0569701
0.0738178
0.065183
0.0880045
0.241386
0.209703
0.470163
0.727454
1.00883
1.08036
21.8457
3.42594
1.34917
0.737461
0.467217
0.331623
0.255616
0.20817
0.175715
0.152037
0.13391
0.119678
0.108249
0.0990268
0.091455
0.0852426
0.0800346
0.0756612
0.0719329
0.0686769
0.0658919
0.0633527
0.0612055
0.0591667
0.0573885
0.0556445
0.0540222
0.0524888
0.0509432
0.049556
0.04813
0.046795
0.0456028
0.0442972
0.0428831
0.0413286
0.0399146
0.0385474
0.0377399
0.0370836
0.0374145
0.0401575
0.0420711
0.0451019
0.0601956
0.120199
0.100402
0.152261
0.157192
0.154391
0.285716
0.55178
0.725713
0.687859
0.011077
0.0114582
0.0117805
0.0121525
0.0124973
0.0128378
0.0131624
0.0134406
0.013723
0.01396
0.0142274
0.0144461
0.0147119
0.0149074
0.0151628
0.0153198
0.0155489
0.0156657
0.0158416
0.0159279
0.0160604
0.0161596
0.0162617
0.016437
0.0165634
0.0168252
0.0170428
0.01746
0.0178827
0.0184456
0.0189574
0.0196802
0.0204058
0.021202
0.0218934
0.022516
0.0231553
0.0236835
0.0240594
0.0247283
0.0246674
0.024659
0.0246216
0.0233383
0.022327
0.0230401
0.0280846
0.0273818
0.0166039
0.0252994
0.0241117
0.0236385
0.00889145
0.0106062
0.0111005
0.0114374
0.0117991
0.0121565
0.0125009
0.0128455
0.0131499
0.0134567
0.0136991
0.0139916
0.0142042
0.0144835
0.0147078
0.01494
0.0151725
0.0153479
0.0155516
0.0157077
0.0158583
0.0160211
0.0161529
0.0163855
0.0165213
0.0168631
0.017044
0.0174299
0.0176379
0.0180622
0.0183155
0.0188153
0.0191836
0.0197899
0.0204374
0.0211062
0.0219005
0.0225682
0.0232429
0.0239089
0.0245584
0.0250958
0.0251027
0.0251055
0.0245239
0.0237902
0.0229837
0.0299251
0.0369115
0.0317543
0.028564
0.0262437
0.023294
0.0236023
0.0193186
0.0260283
0.340408
0.201422
0.363821
0.431858
0.399688
0.248364
0.414655
0.268077
0.25727
0.354677
0.425076
0.0904451
0.265494
0.387937
0.115134
0.297856
0.347075
0.678404
0.395746
0.56801
0.488912
0.362218
0.383653
0.346323
0.402929
0.292623
0.398844
0.293964
0.260847
0.472298
0.393317
0.118055
0.168497
0.24392
0.0860819
0.197918
0.452312
0.459004
0.370619
0.398973
0.179459
0.426528
0.153234
0.123777
0.184099
0.174689
0.189166
0.165418
0.242518
0.219832
0.19224
0.225839
0.263005
0.311626
0.264904
0.278184
0.16218
0.0764843
0.165086
0.109038
0.250502
0.0934977
0.229535
0.204662
0.232414
0.285298
0.289092
0.279582
0.332303
0.424926
0.192741
0.0851556
0.175957
0.0992087
0.311716
0.0956225
0.227067
0.292669
0.460927
0.394163
0.447141
0.289987
0.161237
0.191853
0.178265
0.189633
0.159189
0.220864
0.193056
0.0876987
0.0679766
0.0782295
0.0807497
0.104535
0.0730685
0.0804696
0.38601
0.430573
0.500135
0.484114
0.299232
0.280363
0.479386
0.404922
0.299722
0.304576
0.435886
0.287447
0.434769
0.110426
0.287306
0.078533
0.293511
0.101017
0.209326
0.872086
0.629961
0.532939
0.698402
0.938417
0.399865
0.391042
0.206096
0.294588
0.255957
0.273263
0.232444
0.316571
0.295929
0.101701
0.0775692
0.0774291
0.0862384
0.112611
0.0827703
0.0769259
0.275902
0.239094
0.352085
0.282393
0.23427
0.922705
1.06731
0.35551
0.411953
0.283758
0.399409
0.380318
0.425648
0.324913
0.216492
0.291211
0.388084
0.105049
0.143237
0.214976
0.269859
0.245072
0.419943
0.363241
0.167043
0.174914
0.273887
0.276219
0.197377
0.104246
0.160597
0.133536
0.165978
0.105952
0.128731
0.30634
0.155768
0.177083
0.250183
0.1987
0.130183
0.108203
0.624388
0.351843
0.296046
0.29144
0.884235
0.783127
0.351978
0.373517
0.387633
0.837845
0.852012
0.331663
0.498701
0.390489
0.909421
0.16661
0.137595
0.819429
0.34446
0.236712
0.3989
0.608196
0.168176
0.186502
0.278319
0.419996
0.406687
0.434878
0.286959
0.256312
0.186743
0.262978
0.26613
0.285155
0.271104
0.203825
0.240553
0.224104
0.259486
0.291676
0.317621
0.292375
0.250645
0.423777
0.40853
0.406798
0.401114
0.770888
0.434013
0.34567
0.232074
0.359853
0.238993
0.319855
0.342092
0.239769
0.694124
0.296713
0.21389
0.188059
0.302948
0.123399
0.122856
0.122341
0.260348
0.239279
0.119376
0.526416
0.47063
0.64796
0.557653
1.74292
0.228998
0.23241
0.307046
0.300975
0.389136
0.279675
0.35754
0.262857
1.38402
0.519742
0.748451
0.356053
0.380259
1.5687
0.878937
0.560112
1.36423
0.851467
0.451643
0.62202
0.372687
0.946681
0.482832
0.906303
0.520819
0.578083
0.659946
0.817771
1.13021
0.728061
0.394101
0.448258
0.66044
0.584996
0.291695
0.272683
0.332939
0.628172
0.400402
0.792031
0.479714
0.342764
0.447612
0.407902
0.703878
0.445554
0.395172
0.368146
0.409375
0.666088
0.535762
0.731133
0.582562
0.878325
0.500467
0.145802
0.171332
0.241507
0.14623
0.132553
0.169202
0.229405
0.14751
0.0791649
0.229671
0.279475
0.215651
0.257645
0.234951
0.201987
0.204451
0.219486
0.230866
0.187398
0.69965
0.481336
0.50506
1.07722
0.579066
0.97635
0.802383
0.745228
0.426412
0.606074
0.655224
0.580867
0.604509
0.380295
0.215866
0.709639
0.349097
0.630403
0.189094
0.223879
0.332481
0.555136
0.454066
0.246605
0.225294
0.267725
0.249087
0.332288
0.363717
0.39434
0.333641
0.121714
0.188225
0.275432
0.43847
0.173913
0.526021
0.252546
0.3266
0.278393
0.372878
0.326901
0.445769
0.243245
0.478796
0.256863
0.206125
0.415483
0.200706
0.272228
0.249971
0.271453
0.331775
0.244853
0.391219
0.226371
0.25305
0.322612
0.0884551
0.110445
0.0934654
0.230983
0.0980223
0.193934
0.332385
0.373727
0.27729
0.288841
0.370065
0.276375
0.256817
0.516073
0.452307
0.669199
0.797821
0.488782
0.362537
0.933217
0.5934
0.380878
0.361199
0.303853
0.596468
0.316678
0.538555
0.82767
0.430879
0.387407
0.412014
0.470144
0.426987
0.550854
0.53011
0.279373
0.317008
0.271339
0.319164
0.300707
0.450685
0.529926
0.453873
0.390129
0.519045
0.407291
0.614659
0.400426
0.279453
0.214213
0.27509
0.123994
0.331053
0.141746
0.200495
0.237992
0.105348
0.0942813
0.128411
0.135566
0.141201
0.216903
0.546924
0.510867
0.439655
0.368279
0.569638
0.602555
0.322132
0.480204
0.464805
0.454029
0.358404
0.536716
0.414547
0.462479
0.671242
0.35893
0.218932
0.291893
0.351695
0.679362
0.233216
0.143209
0.0392466
0.149279
0.0642805
0.127626
0.152026
0.148309
0.134509
0.634478
0.323948
0.285727
0.128384
0.336534
0.232958
0.632112
0.535608
0.584769
0.346821
0.224442
0.433735
0.400688
0.236182
0.104421
0.109445
0.125294
0.104299
0.4832
0.322192
0.364413
0.227907
0.458428
0.361116
0.235213
0.0929997
0.108716
0.106447
0.0930521
0.778902
0.946764
0.830073
0.699513
0.844579
0.867542
0.724287
0.512908
0.252257
0.498671
0.147367
0.485636
0.345765
0.386846
0.459543
0.940241
1.00946
0.931466
0.845379
0.86939
0.785381
0.929673
0.407311
0.461957
0.184924
0.136504
0.26923
0.302973
0.143343
0.174312
0.307827
0.0790924
0.115415
0.114818
0.0878527
0.072005
0.0932627
0.102775
0.0682362
0.190626
0.278652
0.154598
0.373506
0.174781
0.144049
0.355861
0.781814
0.904868
0.314211
0.426025
0.132537
0.561192
0.43351
0.321169
0.122738
0.0695338
0.0600469
0.120348
0.037224
0.0863947
0.133362
0.135929
0.0870741
0.287321
0.755085
0.48951
0.0517185
0.448506
0.12127
0.694145
0.443025
0.582398
0.135262
0.747835
0.376376
0.676588
0.140396
0.0809126
0.119553
0.119768
0.0831776
0.0831944
0.122083
0.0838093
0.128501
0.356975
0.929795
0.586094
0.153772
0.595567
0.150925
0.373452
0.339111
0.420649
0.171552
1.06047
0.508238
0.180719
0.340761
0.0816436
0.142345
0.398809
0.0705885
0.0930775
0.377783
0.221889
0.150639
0.353656
1.13863
0.359815
0.108715
0.515304
0.168597
0.478489
0.163873
0.179544
0.341082
0.499854
0.657367
0.163021
0.507551
0.263742
0.180156
0.0889309
0.117395
0.101382
0.0973165
0.4357
0.548131
0.542225
0.18271
0.592209
0.184822
0.531468
0.0804719
0.289778
0.0365641
0.111476
0.176922
0.189483
0.672704
0.341673
0.199383
0.248803
0.693813
0.337053
0.196078
0.122261
0.124946
0.128312
0.131216
0.120016
0.137688
0.129257
0.138329
0.466709
0.256213
0.345297
0.20675
0.453209
0.329787
0.196024
0.278713
0.249483
0.212332
0.2563
0.222153
0.280932
0.251176
0.227147
0.246761
0.11881
0.0961006
0.144412
0.0799865
0.119266
0.145231
0.118641
0.144345
0.203571
0.267915
0.262348
0.107515
0.264601
0.234976
0.20878
0.225719
0.216888
0.224208
0.245967
0.273948
0.225595
0.277118
0.208323
0.224297
0.119347
0.151744
0.120266
0.141838
0.235728
0.272232
0.261522
0.215309
0.26939
0.215734
0.222458
0.114767
0.137009
0.113798
0.136948
0.447089
0.456166
0.469039
0.196003
0.481169
0.4579
0.184126
0.0760425
0.121116
0.112354
0.0800551
0.459567
0.520433
0.582811
0.17079
0.564787
0.426683
0.175731
0.0868976
0.117725
0.11389
0.0981603
0.359157
0.400295
0.209661
0.377157
0.394862
0.349815
0.222035
0.13389
0.0666058
0.156928
0.0480553
0.148475
0.133141
0.11991
0.169514
0.245526
0.247441
0.221039
0.103742
0.219176
0.177944
0.18639
0.464334
0.455506
0.357224
0.13144
0.477124
0.127002
0.334194
0.112942
0.125501
0.130358
0.101874
0.629332
0.622352
0.576872
0.202045
0.420009
0.703296
0.18696
0.0950592
0.113118
0.114936
0.108781
0.207857
0.195501
0.153513
0.295101
0.158865
0.292583
0.237183
0.202807
0.160074
0.0352098
0.0389417
0.0446045
0.0263028
0.0557899
0.0969123
0.0741093
0.0803455
0.20146
0.232453
0.177874
0.103602
0.20536
0.145626
0.179071
0.237002
0.182812
0.26235
0.483268
0.20076
0.536525
0.247112
0.529294
0.187892
0.105214
0.101965
0.161515
0.0584405
0.121255
0.124018
0.0985049
0.165751
0.787385
0.922458
1.52105
0.349481
0.596049
1.3
1.03222
0.234784
0.227003
0.254632
0.297786
0.377386
0.215892
0.351276
0.2108
0.315804
0.129778
0.155734
0.125736
0.170746
0.241403
0.271929
0.309359
0.216226
0.258174
0.310649
0.205329
0.143849
0.221554
0.144147
0.192394
0.318266
1.18348
0.474265
0.538036
0.25639
0.496557
0.501948
0.395343
0.269763
0.610601
0.410604
0.510873
0.377638
0.219999
0.22169
0.148287
0.333359
0.887584
0.955612
1.34704
1.56888
0.676582
1.26451
1.24076
0.705687
0.67101
1.00196
1.08153
1.46402
1.4011
1.17684
0.880358
1.00115
0.170862
0.113078
0.094427
0.155001
0.387893
0.366938
0.429758
0.266959
0.693009
0.966441
0.205304
0.339006
0.18342
0.714566
0.599652
0.66914
0.603786
0.459084
0.910451
0.802033
0.72912
0.770603
0.672692
0.534273
0.324262
0.294822
0.382298
0.227605
0.392707
0.44666
0.372088
0.405816
0.462263
0.73517
0.460132
0.731238
0.77369
0.611573
0.652408
0.898197
1.11378
1.03576
1.10208
0.82458
1.05354
0.891211
0.269376
0.194394
0.301725
0.116907
0.439856
0.420593
0.401935
0.355585
0.504938
0.707629
0.263368
0.414939
0.350716
0.586065
0.324371
0.701817
0.314786
0.652584
0.618047
0.344952
0.614822
0.677638
0.151507
0.122382
0.181242
0.111237
0.150564
0.183775
0.189574
0.150406
0.659505
0.683221
0.325772
0.41605
0.36277
0.596497
0.883657
0.411041
0.361996
0.591793
0.373287
0.606191
0.484953
0.576785
0.384026
0.559368
0.143029
0.193184
0.191475
0.1468
0.146191
0.189929
0.192397
0.143736
0.518973
0.371931
0.350414
0.651003
0.374123
0.59679
0.432765
0.471635
0.379299
0.513728
0.493233
0.390705
0.52938
0.448988
0.2747
0.251203
0.314681
0.209926
0.269718
0.345323
0.287858
0.24766
0.519629
0.592361
0.374639
0.433676
0.448934
0.552228
0.557193
0.552402
0.392189
0.473592
0.604051
0.45978
0.405126
0.490109
0.367903
0.452472
0.437493
0.409171
0.375456
0.367318
0.407406
0.247961
0.644203
0.827845
1.03645
0.702786
0.890832
0.649119
0.450846
0.147918
0.147745
0.125748
0.130805
0.249355
0.249413
0.124432
0.135553
0.246841
0.0391393
0.0369213
0.0476753
0.0266946
0.0518188
0.0745331
0.0612389
0.0757906
0.121342
0.254761
0.0716943
0.218661
0.121425
0.230832
0.206761
0.162201
0.148562
0.231846
0.237777
0.114548
0.311858
0.123138
0.308709
0.223617
0.0629202
0.0978922
0.0763771
0.114156
0.226307
0.24276
0.12927
0.318088
0.23136
0.116044
0.320979
0.0748756
0.223314
0.0837129
0.188576
0.230352
0.125291
0.287628
0.211553
0.134172
0.220297
0.282217
0.0794079
0.0597169
0.129165
0.0368161
0.0644915
0.208648
0.0814504
0.118828
0.232048
0.205347
0.0783811
0.288729
0.131264
0.297602
0.231393
0.393761
0.884405
0.835289
0.808275
0.517896
0.558293
0.650983
0.172159
0.206855
0.216917
0.168458
0.180382
0.231364
0.228956
0.171613
0.403064
0.853314
0.302678
0.706347
0.419319
0.452427
0.682487
1.05308
0.820004
0.802599
0.85625
0.830132
0.803583
0.655427
0.867074
0.662441
0.491971
0.471705
0.450663
0.442142
0.432368
0.24122
0.343263
0.201235
0.735482
0.638295
0.619742
0.576426
0.856115
0.550261
0.675788
0.237491
0.59929
0.750489
0.441347
0.558198
0.478618
0.2622
0.389148
0.362959
0.38659
0.370714
0.398352
0.666648
0.830443
0.453189
0.798356
0.411566
0.496488
0.209387
0.265653
0.232848
0.224206
0.271608
0.769456
0.397734
0.598971
0.745727
0.280561
0.392208
0.115135
0.0824866
0.195553
0.0914857
0.203151
0.261378
0.244718
0.220115
0.183722
0.599278
0.634021
0.329276
0.686645
0.31034
0.291303
)
;

boundaryField
{
    inlet
    {
        type            fixedValue;
        value           uniform 440.15;
    }
    outlet
    {
        type            zeroGradient;
    }
    rightSide
    {
        type            symmetryPlane;
    }
    leftSide
    {
        type            symmetryPlane;
    }
    duct
    {
        Cmu             0.09;
        kappa           0.41;
        E               9.8;
        beta1           0.075;
        type            omegaWallFunction;
        value           nonuniform List<scalar> 
216
(
0.0111037
0.0111104
0.0114348
0.0114292
0.0117749
0.0117838
0.0120695
0.0120825
0.0123449
0.0123674
0.0126385
0.0126899
0.012917
0.0129489
0.0132016
0.0133061
0.0135244
0.0135437
0.0137637
0.0139055
0.0140919
0.0141109
0.0143029
0.0144268
0.014626
0.0146515
0.01483
0.0149305
0.0151196
0.0152217
0.0154366
0.0154567
0.0156747
0.0156675
0.0159679
0.0158671
0.0162448
0.0160429
0.0164571
0.0164067
0.0166453
0.0171775
0.017019
0.0178497
0.018065
0.0198316
0.0219058
0.0236445
0.0269437
0.0282542
0.0313151
0.0317583
0.0352413
0.0338992
0.0380902
0.0368235
0.0405926
0.0394501
0.0425041
0.0413715
0.0441268
0.0422119
0.0452234
0.0426794
0.0460469
0.0428567
0.0467365
0.0418207
0.0471947
0.0406038
0.0476036
0.04058
0.0479173
0.0397214
0.0482422
0.0399881
0.0488273
0.0392456
0.049189
0.0394581
0.0494423
0.0396316
0.0474069
0.0381781
0.0460934
0.0381799
0.042591
0.037008
0.0389186
0.0342565
0.0336418
0.0304204
0.0287253
0.0261815
0.0250852
0.0228518
0.0231298
0.0216267
0.0228241
0.0199027
0.0212254
0.0211245
0.0151268
0.0137698
0.0156747
0.00790237
0.0156644
0.00871588
0.011077
0.0111005
0.0114582
0.0114374
0.0117805
0.0117991
0.0121525
0.0121565
0.0124973
0.0125009
0.0128378
0.0128455
0.0131624
0.0131499
0.0134406
0.0134567
0.013723
0.0136991
0.01396
0.0139916
0.0142274
0.0142042
0.0144461
0.0144835
0.0147119
0.0147078
0.0149074
0.01494
0.0151628
0.0151725
0.0153198
0.0153479
0.0155489
0.0155516
0.0156657
0.0157077
0.0158416
0.0158583
0.0159279
0.0160211
0.0160604
0.0161529
0.0161596
0.0163855
0.0162617
0.0165213
0.016437
0.0168631
0.0165634
0.017044
0.0168252
0.0174299
0.0170428
0.0176379
0.01746
0.0180622
0.0178827
0.0183155
0.0184456
0.0188153
0.0189574
0.0191836
0.0196802
0.0197899
0.0204058
0.0204374
0.021202
0.0211062
0.0218934
0.0219005
0.022516
0.0225682
0.0231553
0.0232429
0.0236835
0.0239089
0.0240594
0.0245584
0.0247283
0.0250958
0.0246674
0.0251027
0.024659
0.0251055
0.0246216
0.0245239
0.0233383
0.0237902
0.022327
0.0229837
0.0230401
0.0299251
0.0280846
0.0369115
0.0273818
0.0317543
0.0166039
0.028564
0.0252994
0.0262437
0.0241117
0.023294
0.0236385
0.0236023
0.00889145
0.0193186
0.0106062
0.0260283
)
;
    }
    cylinder
    {
        Cmu             0.09;
        kappa           0.41;
        E               9.8;
        beta1           0.075;
        type            omegaWallFunction;
        value           nonuniform List<scalar> 
448
(
0.399865
0.391042
0.922705
1.06731
0.16661
0.137595
0.168176
0.186502
0.256312
0.186743
0.240553
0.224104
0.21389
0.188059
0.239279
0.119376
0.228998
0.23241
0.262857
1.38402
0.878937
0.560112
0.946681
0.482832
0.400402
0.792031
0.145802
0.171332
0.14751
0.0791649
0.97635
0.802383
0.218932
0.233216
0.143209
0.127626
0.128384
0.232958
0.224442
0.236182
0.104421
0.227907
0.235213
0.0929997
0.946764
0.844579
0.512908
0.485636
0.407311
0.461957
0.136504
0.143343
0.0790924
0.072005
0.781814
0.904868
0.132537
0.122738
0.0695338
0.0863947
0.0517185
0.12127
0.135262
0.140396
0.0809126
0.0831944
0.153772
0.150925
0.171552
0.180719
0.0816436
0.0930775
0.163873
0.179544
0.163021
0.180156
0.0889309
0.18271
0.0804719
0.176922
0.189483
0.199383
0.196078
0.122261
0.120016
0.20675
0.196024
0.278713
0.249483
0.222153
0.227147
0.11881
0.119266
0.225719
0.216888
0.225595
0.224297
0.119347
0.114767
0.196003
0.184126
0.0760425
0.17079
0.0868976
0.209661
0.222035
0.13389
0.148475
0.103742
0.177944
0.13144
0.127002
0.112942
0.202045
0.18696
0.0950592
0.207857
0.195501
0.158865
0.160074
0.0352098
0.0557899
0.237002
0.182812
0.20076
0.187892
0.105214
0.121255
0.234784
0.227003
0.215892
0.2108
0.129778
0.143849
0.318266
1.18348
0.25639
0.269763
0.610601
0.219999
0.705687
0.67101
1.08153
0.880358
0.170862
0.387893
0.66914
0.603786
0.324262
0.392707
1.11378
0.82458
0.269376
0.439856
0.314786
0.151507
0.150564
0.411041
0.361996
0.143029
0.146191
0.379299
0.2747
0.269718
0.367903
0.375456
0.147918
0.147745
0.130805
0.135553
0.0391393
0.0518188
0.162201
0.148562
0.114548
0.123138
0.0629202
0.0748756
0.0794079
0.0644915
0.884405
0.517896
0.172159
0.180382
1.05308
0.820004
0.85625
0.867074
0.491971
0.432368
0.750489
0.558198
0.389148
0.209387
0.769456
0.745727
0.115135
0.203151
0.0392466
0.152026
0.109445
0.108716
0.252257
0.345765
0.115415
0.0932627
0.0600469
0.133362
0.119553
0.122083
0.142345
0.377783
0.117395
0.289778
0.124946
0.137688
0.0961006
0.145231
0.151744
0.137009
0.121116
0.117725
0.0666058
0.133141
0.125501
0.113118
0.0389417
0.0969123
0.101965
0.124018
0.155734
0.221554
0.410604
0.22169
0.113078
0.366938
0.294822
0.44666
0.194394
0.420593
0.122382
0.183775
0.193184
0.189929
0.251203
0.345323
0.452472
0.367318
0.0369213
0.0745331
0.0978922
0.223314
0.0597169
0.208648
0.206855
0.231364
0.471705
0.24122
0.362959
0.265653
0.0824866
0.261378
0.149279
0.0642805
0.134509
0.148309
0.125294
0.104299
0.0930521
0.106447
0.498671
0.147367
0.931466
0.86939
0.459543
0.386846
0.344952
0.390705
0.325772
0.36277
0.114818
0.0878527
0.154598
0.144049
0.0682362
0.102775
0.302678
0.419319
0.120348
0.037224
0.0870741
0.135929
0.119768
0.0831776
0.0838093
0.128501
0.398809
0.0705885
0.108715
0.168597
0.150639
0.221889
0.101382
0.0973165
0.184822
0.0365641
0.111476
0.131216
0.128312
0.129257
0.138329
0.144412
0.0799865
0.107515
0.234976
0.118641
0.144345
0.120266
0.215309
0.141838
0.215734
0.113798
0.136948
0.0800551
0.112354
0.175731
0.0981603
0.11389
0.156928
0.0480553
0.11991
0.169514
0.101874
0.130358
0.108781
0.114936
0.0446045
0.0263028
0.103602
0.145626
0.0741093
0.0803455
0.161515
0.0584405
0.349481
1.3
0.0985049
0.165751
0.125736
0.216226
0.170746
0.205329
0.144147
0.192394
1.56888
1.26451
0.510873
0.377638
0.148287
0.333359
0.910451
0.770603
0.155001
0.094427
0.205304
0.714566
0.429758
0.266959
0.263368
0.350716
0.382298
0.227605
0.460132
0.77369
0.372088
0.405816
0.301725
0.116907
0.401935
0.355585
0.181242
0.111237
0.150406
0.189574
0.373287
0.392189
0.384026
0.45978
1.03645
0.191475
0.1468
0.350414
0.374123
0.143736
0.192397
0.314681
0.209926
0.374639
0.448934
0.24766
0.287858
0.437493
0.409171
0.890832
0.247961
0.407406
0.0476753
0.0266946
0.0716943
0.121425
0.0612389
0.0757906
0.125291
0.134172
0.0763771
0.12927
0.114156
0.116044
0.0837129
0.188576
0.129165
0.0368161
0.0783811
0.131264
0.0814504
0.118828
0.216917
0.168458
0.171613
0.228956
0.856115
0.450663
0.442142
0.619742
0.201235
0.343263
0.38659
0.830443
0.370714
0.798356
0.224206
0.232848
0.195553
0.0914857
0.634021
0.686645
0.220115
0.244718
)
;
    }
}


// ************************************************************************* //
