/*--------------------------------*- C++ -*----------------------------------*\
| =========                 |                                                 |
| \\      /  F ield         | OpenFOAM: The Open Source CFD Toolbox           |
|  \\    /   O peration     | Version:  4.1                                   |
|   \\  /    A nd           | Web:      www.OpenFOAM.org                      |
|    \\/     M anipulation  |                                                 |
\*---------------------------------------------------------------------------*/
FoamFile
{
    version     2.0;
    format      ascii;
    class       volScalarField;
    location    "11";
    object      p;
}
// * * * * * * * * * * * * * * * * * * * * * * * * * * * * * * * * * * * * * //

dimensions      [0 2 -2 0 0 0 0];

internalField   nonuniform List<scalar> 
4432
(
6.29388e+07
6.76345e+09
2.20537e+10
5.69193e+10
1.01447e+10
-2.0435e+10
-8.88499e+09
-6.41868e+09
-8.44332e+09
-1.12169e+10
-1.3301e+10
-1.49467e+10
-1.60225e+10
-1.64259e+10
-1.62644e+10
-1.55609e+10
-1.42348e+10
-1.32726e+10
-1.28933e+10
-1.27783e+10
-1.27154e+10
-1.26413e+10
-1.25531e+10
-1.24553e+10
-1.235e+10
-1.22379e+10
-1.21194e+10
-1.19936e+10
-1.1859e+10
-1.17145e+10
-1.15589e+10
-1.13908e+10
-1.12118e+10
-1.10191e+10
-1.08078e+10
-1.05856e+10
-1.03597e+10
-1.01317e+10
-9.90645e+09
-9.68653e+09
-9.4746e+09
-9.26985e+09
-9.0591e+09
-8.8231e+09
-8.55613e+09
-8.26409e+09
-7.89182e+09
-7.42002e+09
-6.91777e+09
-6.4821e+09
-6.13068e+09
-5.86523e+09
-5.91509e+09
-5.29127e+09
-1.18818e+09
7.02964e+09
1.13837e+10
1.81991e+10
7.64324e+09
-1.97203e+10
-1.49563e+10
-1.09592e+10
-1.10581e+10
-1.2559e+10
-1.4062e+10
-1.53516e+10
-1.62549e+10
-1.66193e+10
-1.64331e+10
-1.55717e+10
-1.41617e+10
-1.32341e+10
-1.29036e+10
-1.27909e+10
-1.27224e+10
-1.26427e+10
-1.25528e+10
-1.24543e+10
-1.23484e+10
-1.22359e+10
-1.21169e+10
-1.19905e+10
-1.18554e+10
-1.17102e+10
-1.15537e+10
-1.1385e+10
-1.12047e+10
-1.10117e+10
-1.08033e+10
-1.05819e+10
-1.03523e+10
-1.01212e+10
-9.89448e+09
-9.67335e+09
-9.45951e+09
-9.2527e+09
-9.03988e+09
-8.80235e+09
-8.53171e+09
-8.2277e+09
-7.85612e+09
-7.3915e+09
-6.89687e+09
-6.47424e+09
-6.12102e+09
-5.92846e+09
-5.86264e+09
-4.53558e+09
-2.49649e+10
-2.3945e+10
-2.61908e+10
-4.44594e+10
-3.16452e+10
-3.97932e+10
-3.88103e+10
-2.66391e+10
-2.02033e+10
-1.77315e+10
-1.70924e+10
-1.71685e+10
-1.73077e+10
-1.71883e+10
-1.68034e+10
-1.62385e+10
-1.50451e+10
-1.37299e+10
-1.31064e+10
-1.28618e+10
-1.27606e+10
-1.26751e+10
-1.2583e+10
-1.24838e+10
-1.23783e+10
-1.22673e+10
-1.2151e+10
-1.20288e+10
-1.18989e+10
-1.17603e+10
-1.16117e+10
-1.14511e+10
-1.12814e+10
-1.1103e+10
-1.08984e+10
-1.06736e+10
-1.04498e+10
-1.02304e+10
-1.00154e+10
-9.80089e+09
-9.58628e+09
-9.37551e+09
-9.16666e+09
-8.93807e+09
-8.66785e+09
-8.41164e+09
-8.10189e+09
-7.59031e+09
-7.08705e+09
-6.68523e+09
-6.26105e+09
-5.89846e+09
-5.48059e+09
-3.44231e+09
-2.47752e+10
-2.4252e+10
-2.34643e+10
-2.86886e+10
-3.29529e+10
-4.12391e+10
-3.98062e+10
-2.70706e+10
-2.07447e+10
-1.8234e+10
-1.74291e+10
-1.73328e+10
-1.73786e+10
-1.72766e+10
-1.69709e+10
-1.63258e+10
-1.4939e+10
-1.36245e+10
-1.30835e+10
-1.28648e+10
-1.2765e+10
-1.26764e+10
-1.2583e+10
-1.24831e+10
-1.23772e+10
-1.22659e+10
-1.21492e+10
-1.20265e+10
-1.18962e+10
-1.17567e+10
-1.16068e+10
-1.1445e+10
-1.12727e+10
-1.10896e+10
-1.08886e+10
-1.06708e+10
-1.04423e+10
-1.02149e+10
-9.99985e+09
-9.78723e+09
-9.57221e+09
-9.35964e+09
-9.14569e+09
-8.91029e+09
-8.63549e+09
-8.34873e+09
-8.00335e+09
-7.5201e+09
-7.02127e+09
-6.58707e+09
-6.17504e+09
-5.86805e+09
-5.50865e+09
-3.41077e+09
-3.92874e+10
-3.84018e+10
-3.48639e+10
-5.64204e+10
-4.43532e+10
-4.39702e+10
-4.22107e+10
-3.49623e+10
-2.73865e+10
-2.23094e+10
-1.96038e+10
-1.85258e+10
-1.80041e+10
-1.75293e+10
-1.71322e+10
-1.66138e+10
-1.53707e+10
-1.40033e+10
-1.3315e+10
-1.30122e+10
-1.28595e+10
-1.27431e+10
-1.26342e+10
-1.25264e+10
-1.24172e+10
-1.23059e+10
-1.21917e+10
-1.20739e+10
-1.19504e+10
-1.1819e+10
-1.16796e+10
-1.15289e+10
-1.13665e+10
-1.12053e+10
-1.10041e+10
-1.07659e+10
-1.05714e+10
-1.0375e+10
-1.01725e+10
-9.95338e+09
-9.72862e+09
-9.5169e+09
-9.31583e+09
-9.09724e+09
-8.8503e+09
-8.58033e+09
-8.23971e+09
-7.81615e+09
-7.41249e+09
-7.0339e+09
-6.6295e+09
-6.20792e+09
-5.64931e+09
-3.59374e+09
-3.62348e+10
-3.814e+10
-3.56556e+10
-3.72876e+10
-4.47271e+10
-4.70391e+10
-4.36402e+10
-3.48346e+10
-2.77396e+10
-2.28689e+10
-2.00617e+10
-1.87453e+10
-1.81251e+10
-1.76963e+10
-1.72555e+10
-1.66251e+10
-1.52279e+10
-1.39044e+10
-1.32853e+10
-1.3008e+10
-1.28606e+10
-1.27437e+10
-1.26344e+10
-1.2526e+10
-1.24163e+10
-1.23045e+10
-1.21896e+10
-1.20708e+10
-1.19463e+10
-1.1814e+10
-1.16726e+10
-1.15191e+10
-1.13524e+10
-1.11784e+10
-1.09848e+10
-1.07809e+10
-1.05809e+10
-1.03804e+10
-1.01738e+10
-9.94861e+09
-9.71784e+09
-9.50418e+09
-9.30041e+09
-9.08013e+09
-8.82373e+09
-8.53912e+09
-8.20639e+09
-7.79402e+09
-7.37323e+09
-6.9979e+09
-6.61677e+09
-6.17136e+09
-5.53489e+09
-3.38965e+09
-4.06368e+10
-4.40216e+10
-4.28884e+10
-4.23356e+10
-4.66367e+10
-4.48907e+10
-4.24637e+10
-3.71209e+10
-3.06611e+10
-2.52265e+10
-2.14388e+10
-1.95344e+10
-1.859e+10
-1.79414e+10
-1.7404e+10
-1.66437e+10
-1.53763e+10
-1.41898e+10
-1.35244e+10
-1.31804e+10
-1.29772e+10
-1.28247e+10
-1.26943e+10
-1.25745e+10
-1.24599e+10
-1.23476e+10
-1.22346e+10
-1.21188e+10
-1.19964e+10
-1.18635e+10
-1.1726e+10
-1.15783e+10
-1.14001e+10
-1.13233e+10
-1.13055e+10
-1.09597e+10
-1.06501e+10
-1.04581e+10
-1.02599e+10
-1.00583e+10
-9.84567e+09
-9.64605e+09
-9.45967e+09
-9.24045e+09
-8.98829e+09
-8.72428e+09
-8.39961e+09
-8.02834e+09
-7.66381e+09
-7.30622e+09
-6.92729e+09
-6.54104e+09
-6.02795e+09
-4.06209e+09
-3.7174e+10
-3.83175e+10
-3.99133e+10
-4.25298e+10
-4.88643e+10
-4.71649e+10
-4.23793e+10
-3.61169e+10
-3.05096e+10
-2.54747e+10
-2.18171e+10
-1.98093e+10
-1.87478e+10
-1.80734e+10
-1.74745e+10
-1.66112e+10
-1.52699e+10
-1.41242e+10
-1.35044e+10
-1.31792e+10
-1.29802e+10
-1.2828e+10
-1.26972e+10
-1.25769e+10
-1.24616e+10
-1.23484e+10
-1.22349e+10
-1.21193e+10
-1.1999e+10
-1.18709e+10
-1.17333e+10
-1.15849e+10
-1.14278e+10
-1.12797e+10
-1.111e+10
-1.09171e+10
-1.06989e+10
-1.04604e+10
-1.02572e+10
-1.00557e+10
-9.84084e+09
-9.63796e+09
-9.45131e+09
-9.2386e+09
-8.97994e+09
-8.71202e+09
-8.39924e+09
-8.02988e+09
-7.65757e+09
-7.29918e+09
-6.90894e+09
-6.48085e+09
-5.91097e+09
-3.89219e+09
-3.94733e+10
-4.23978e+10
-4.3333e+10
-4.17569e+10
-4.56137e+10
-4.28463e+10
-4.03301e+10
-3.64206e+10
-3.17001e+10
-2.70478e+10
-2.29049e+10
-2.01989e+10
-1.89963e+10
-1.82223e+10
-1.75128e+10
-1.65377e+10
-1.53454e+10
-1.4341e+10
-1.37201e+10
-1.33476e+10
-1.31008e+10
-1.29149e+10
-1.2763e+10
-1.26299e+10
-1.25074e+10
-1.23901e+10
-1.22726e+10
-1.21542e+10
-1.20349e+10
-1.19017e+10
-1.17594e+10
-1.1614e+10
-1.14637e+10
-1.1351e+10
-1.12231e+10
-1.09806e+10
-1.07333e+10
-1.0531e+10
-1.03312e+10
-1.01318e+10
-9.93346e+09
-9.73331e+09
-9.52681e+09
-9.30218e+09
-9.05993e+09
-8.80844e+09
-8.52612e+09
-8.20373e+09
-7.86211e+09
-7.51584e+09
-7.16278e+09
-6.85712e+09
-6.43714e+09
-4.5032e+09
-3.74062e+10
-3.83081e+10
-4.04024e+10
-4.18981e+10
-4.61147e+10
-4.33612e+10
-3.98516e+10
-3.53615e+10
-3.1078e+10
-2.68031e+10
-2.29966e+10
-2.0503e+10
-1.9154e+10
-1.82742e+10
-1.74821e+10
-1.64737e+10
-1.52742e+10
-1.43044e+10
-1.37124e+10
-1.33522e+10
-1.31081e+10
-1.29222e+10
-1.27689e+10
-1.26344e+10
-1.25107e+10
-1.23929e+10
-1.22768e+10
-1.21595e+10
-1.2038e+10
-1.19109e+10
-1.17842e+10
-1.16485e+10
-1.14835e+10
-1.13177e+10
-1.11462e+10
-1.09481e+10
-1.07426e+10
-1.0536e+10
-1.03336e+10
-1.01304e+10
-9.93276e+09
-9.73486e+09
-9.52713e+09
-9.3054e+09
-9.06482e+09
-8.80757e+09
-8.52262e+09
-8.19774e+09
-7.85121e+09
-7.49836e+09
-7.13226e+09
-6.79648e+09
-6.34622e+09
-4.38041e+09
-3.92185e+10
-4.06815e+10
-4.11615e+10
-4.09708e+10
-4.25755e+10
-4.07525e+10
-3.83989e+10
-3.52612e+10
-3.15182e+10
-2.761e+10
-2.38224e+10
-2.08415e+10
-1.93146e+10
-1.84049e+10
-1.75028e+10
-1.64313e+10
-1.5363e+10
-1.45017e+10
-1.3917e+10
-1.35228e+10
-1.32395e+10
-1.3022e+10
-1.2844e+10
-1.26895e+10
-1.25496e+10
-1.24214e+10
-1.22958e+10
-1.21587e+10
-1.2021e+10
-1.18904e+10
-1.17631e+10
-1.16359e+10
-1.1498e+10
-1.13472e+10
-1.11562e+10
-1.09442e+10
-1.07507e+10
-1.05675e+10
-1.03785e+10
-1.01867e+10
-9.99182e+09
-9.7923e+09
-9.58548e+09
-9.36728e+09
-9.14007e+09
-8.8995e+09
-8.6305e+09
-8.32877e+09
-8.00536e+09
-7.67215e+09
-7.34645e+09
-7.12581e+09
-6.84032e+09
-4.93352e+09
-3.85369e+10
-3.87272e+10
-3.97071e+10
-4.0321e+10
-4.38659e+10
-4.22104e+10
-3.88486e+10
-3.50064e+10
-3.11074e+10
-2.72174e+10
-2.36246e+10
-2.09333e+10
-1.93752e+10
-1.83749e+10
-1.74266e+10
-1.63617e+10
-1.53115e+10
-1.44801e+10
-1.39172e+10
-1.35322e+10
-1.32512e+10
-1.30328e+10
-1.28537e+10
-1.26989e+10
-1.25591e+10
-1.24286e+10
-1.23008e+10
-1.21707e+10
-1.20395e+10
-1.1904e+10
-1.17689e+10
-1.16323e+10
-1.1474e+10
-1.13075e+10
-1.11337e+10
-1.09445e+10
-1.07592e+10
-1.05747e+10
-1.03832e+10
-1.01889e+10
-9.99591e+09
-9.79669e+09
-9.59012e+09
-9.37249e+09
-9.14275e+09
-8.89727e+09
-8.62703e+09
-8.32209e+09
-7.99179e+09
-7.65177e+09
-7.3194e+09
-7.0774e+09
-6.761e+09
-4.85557e+09
-3.84939e+10
-3.93442e+10
-3.89476e+10
-3.91806e+10
-3.91396e+10
-3.84965e+10
-3.69442e+10
-3.43792e+10
-3.11657e+10
-2.76569e+10
-2.39255e+10
-2.10904e+10
-1.95458e+10
-1.84944e+10
-1.74434e+10
-1.6388e+10
-1.54428e+10
-1.46852e+10
-1.41286e+10
-1.37185e+10
-1.34035e+10
-1.31514e+10
-1.294e+10
-1.27562e+10
-1.25924e+10
-1.24408e+10
-1.22905e+10
-1.21422e+10
-1.20014e+10
-1.18628e+10
-1.17238e+10
-1.15855e+10
-1.14476e+10
-1.12976e+10
-1.11197e+10
-1.09351e+10
-1.07565e+10
-1.05787e+10
-1.03998e+10
-1.02175e+10
-1.00285e+10
-9.83426e+09
-9.63622e+09
-9.43393e+09
-9.2208e+09
-8.98896e+09
-8.7316e+09
-8.44394e+09
-8.12736e+09
-7.78628e+09
-7.42735e+09
-7.20036e+09
-7.14569e+09
-6.19906e+09
-3.84568e+10
-3.82674e+10
-3.88514e+10
-3.84339e+10
-3.96426e+10
-3.96353e+10
-3.78563e+10
-3.46248e+10
-3.10329e+10
-2.7247e+10
-2.37303e+10
-2.11576e+10
-1.95834e+10
-1.84529e+10
-1.73844e+10
-1.63371e+10
-1.54089e+10
-1.46709e+10
-1.41279e+10
-1.37238e+10
-1.34111e+10
-1.31591e+10
-1.29486e+10
-1.27662e+10
-1.2601e+10
-1.24466e+10
-1.23e+10
-1.21571e+10
-1.20166e+10
-1.18747e+10
-1.17273e+10
-1.1578e+10
-1.14352e+10
-1.12862e+10
-1.11182e+10
-1.09422e+10
-1.0766e+10
-1.0586e+10
-1.0404e+10
-1.02207e+10
-1.00324e+10
-9.8377e+09
-9.63801e+09
-9.43318e+09
-9.21928e+09
-8.98567e+09
-8.72675e+09
-8.43803e+09
-8.1198e+09
-7.77796e+09
-7.42026e+09
-7.17544e+09
-7.03866e+09
-5.86956e+09
-3.74836e+10
-3.7621e+10
-3.69283e+10
-3.6323e+10
-3.52483e+10
-3.44029e+10
-3.38808e+10
-3.24155e+10
-3.00215e+10
-2.69555e+10
-2.35081e+10
-2.10412e+10
-1.9544e+10
-1.84012e+10
-1.73466e+10
-1.6378e+10
-1.55436e+10
-1.48639e+10
-1.43332e+10
-1.39149e+10
-1.35756e+10
-1.32901e+10
-1.30461e+10
-1.28332e+10
-1.26404e+10
-1.24633e+10
-1.22971e+10
-1.21395e+10
-1.19903e+10
-1.18346e+10
-1.16839e+10
-1.15585e+10
-1.14118e+10
-1.12481e+10
-1.10829e+10
-1.0926e+10
-1.0771e+10
-1.06059e+10
-1.0432e+10
-1.02521e+10
-1.00678e+10
-9.88208e+09
-9.69352e+09
-9.4968e+09
-9.28693e+09
-9.05877e+09
-8.80477e+09
-8.51793e+09
-8.19437e+09
-7.83331e+09
-7.44213e+09
-7.07786e+09
-6.60942e+09
-4.79834e+09
-3.74052e+10
-3.6855e+10
-3.67232e+10
-3.54432e+10
-3.43621e+10
-3.43593e+10
-3.44044e+10
-3.25733e+10
-2.97251e+10
-2.64378e+10
-2.33546e+10
-2.11005e+10
-1.95788e+10
-1.8389e+10
-1.7318e+10
-1.63519e+10
-1.55262e+10
-1.48558e+10
-1.43301e+10
-1.39139e+10
-1.35751e+10
-1.32898e+10
-1.30443e+10
-1.28293e+10
-1.26345e+10
-1.24566e+10
-1.22929e+10
-1.21355e+10
-1.19885e+10
-1.18432e+10
-1.16873e+10
-1.1544e+10
-1.14033e+10
-1.12514e+10
-1.1092e+10
-1.09371e+10
-1.0781e+10
-1.06119e+10
-1.04343e+10
-1.0253e+10
-1.00672e+10
-9.88114e+09
-9.69249e+09
-9.49545e+09
-9.28533e+09
-9.05621e+09
-8.80123e+09
-8.51361e+09
-8.18967e+09
-7.82866e+09
-7.43595e+09
-7.0603e+09
-6.56555e+09
-4.7535e+09
-3.58933e+10
-3.5449e+10
-3.47272e+10
-3.33564e+10
-3.17445e+10
-3.00939e+10
-2.96602e+10
-2.91088e+10
-2.75417e+10
-2.49942e+10
-2.24096e+10
-2.05514e+10
-1.9236e+10
-1.8163e+10
-1.72107e+10
-1.63631e+10
-1.56302e+10
-1.5016e+10
-1.45116e+10
-1.40925e+10
-1.37353e+10
-1.34222e+10
-1.31446e+10
-1.28962e+10
-1.26731e+10
-1.24754e+10
-1.22962e+10
-1.21255e+10
-1.19699e+10
-1.18177e+10
-1.16533e+10
-1.15122e+10
-1.13782e+10
-1.12343e+10
-1.10918e+10
-1.09459e+10
-1.07915e+10
-1.06295e+10
-1.04629e+10
-1.02913e+10
-1.01137e+10
-9.93166e+09
-9.74534e+09
-9.55093e+09
-9.34269e+09
-9.11398e+09
-8.8561e+09
-8.55997e+09
-8.21842e+09
-7.82587e+09
-7.38154e+09
-6.90067e+09
-6.24527e+09
-4.27691e+09
-3.55777e+10
-3.49713e+10
-3.44283e+10
-3.28016e+10
-3.05021e+10
-2.95399e+10
-2.97499e+10
-2.88673e+10
-2.69063e+10
-2.4533e+10
-2.23293e+10
-2.06058e+10
-1.92697e+10
-1.81685e+10
-1.72019e+10
-1.63515e+10
-1.56203e+10
-1.50077e+10
-1.45031e+10
-1.40836e+10
-1.3726e+10
-1.34121e+10
-1.31323e+10
-1.2883e+10
-1.26599e+10
-1.24611e+10
-1.22797e+10
-1.21068e+10
-1.19561e+10
-1.18196e+10
-1.16568e+10
-1.15111e+10
-1.1374e+10
-1.12328e+10
-1.10974e+10
-1.09538e+10
-1.07975e+10
-1.06332e+10
-1.04641e+10
-1.02914e+10
-1.01141e+10
-9.93249e+09
-9.74566e+09
-9.55053e+09
-9.34186e+09
-9.1123e+09
-8.85327e+09
-8.556e+09
-8.214e+09
-7.8215e+09
-7.37527e+09
-6.88125e+09
-6.18858e+09
-4.06707e+09
-3.35703e+10
-3.32856e+10
-3.23108e+10
-3.09562e+10
-2.94536e+10
-2.70817e+10
-2.579e+10
-2.5321e+10
-2.42202e+10
-2.24868e+10
-2.10201e+10
-1.98057e+10
-1.87607e+10
-1.7852e+10
-1.70437e+10
-1.63195e+10
-1.56785e+10
-1.51232e+10
-1.46476e+10
-1.42359e+10
-1.38689e+10
-1.35339e+10
-1.32214e+10
-1.2935e+10
-1.26851e+10
-1.24683e+10
-1.22739e+10
-1.20921e+10
-1.19244e+10
-1.17741e+10
-1.16357e+10
-1.1506e+10
-1.13763e+10
-1.1242e+10
-1.11067e+10
-1.0965e+10
-1.08147e+10
-1.06591e+10
-1.04992e+10
-1.03337e+10
-1.01612e+10
-9.98299e+09
-9.79904e+09
-9.60625e+09
-9.39852e+09
-9.16793e+09
-8.90526e+09
-8.60076e+09
-8.24554e+09
-7.82947e+09
-7.34525e+09
-6.80715e+09
-6.10726e+09
-4.12032e+09
-3.34144e+10
-3.32537e+10
-3.26312e+10
-3.12733e+10
-2.89525e+10
-2.69244e+10
-2.54161e+10
-2.46521e+10
-2.36783e+10
-2.23757e+10
-2.1055e+10
-1.98501e+10
-1.87828e+10
-1.78602e+10
-1.70423e+10
-1.63145e+10
-1.56726e+10
-1.51153e+10
-1.46372e+10
-1.42233e+10
-1.38558e+10
-1.35201e+10
-1.32078e+10
-1.29233e+10
-1.26736e+10
-1.24555e+10
-1.22593e+10
-1.20771e+10
-1.192e+10
-1.17813e+10
-1.16355e+10
-1.14994e+10
-1.13702e+10
-1.12376e+10
-1.11084e+10
-1.0972e+10
-1.08226e+10
-1.06654e+10
-1.05035e+10
-1.03363e+10
-1.01634e+10
-9.9855e+09
-9.80191e+09
-9.60894e+09
-9.4005e+09
-9.16883e+09
-8.90467e+09
-8.59818e+09
-8.24201e+09
-7.82802e+09
-7.345e+09
-6.79681e+09
-6.05531e+09
-3.8448e+09
-3.07844e+10
-3.08759e+10
-2.99254e+10
-2.93986e+10
-2.78236e+10
-2.51673e+10
-2.32521e+10
-2.22227e+10
-2.14274e+10
-2.06685e+10
-1.98726e+10
-1.90465e+10
-1.82516e+10
-1.75227e+10
-1.68568e+10
-1.62454e+10
-1.56862e+10
-1.51843e+10
-1.47411e+10
-1.43449e+10
-1.39797e+10
-1.36311e+10
-1.32854e+10
-1.29595e+10
-1.26809e+10
-1.24463e+10
-1.22438e+10
-1.20612e+10
-1.18969e+10
-1.17603e+10
-1.16396e+10
-1.15159e+10
-1.13859e+10
-1.12549e+10
-1.11252e+10
-1.09904e+10
-1.08464e+10
-1.06962e+10
-1.05413e+10
-1.03801e+10
-1.0212e+10
-1.00375e+10
-9.85642e+09
-9.6663e+09
-9.46126e+09
-9.23267e+09
-8.97114e+09
-8.66595e+09
-8.30504e+09
-7.87796e+09
-7.38441e+09
-6.85706e+09
-6.18922e+09
-4.24954e+09
-3.08666e+10
-3.12966e+10
-3.08726e+10
-2.97519e+10
-2.76654e+10
-2.4711e+10
-2.25186e+10
-2.19381e+10
-2.14288e+10
-2.07016e+10
-1.98929e+10
-1.90666e+10
-1.82649e+10
-1.75293e+10
-1.68582e+10
-1.62443e+10
-1.56848e+10
-1.51814e+10
-1.47348e+10
-1.43353e+10
-1.39689e+10
-1.36198e+10
-1.32747e+10
-1.29506e+10
-1.2673e+10
-1.24395e+10
-1.22368e+10
-1.20559e+10
-1.18983e+10
-1.17626e+10
-1.16357e+10
-1.15082e+10
-1.13808e+10
-1.12531e+10
-1.11274e+10
-1.09958e+10
-1.08527e+10
-1.07016e+10
-1.05454e+10
-1.03834e+10
-1.02153e+10
-1.00413e+10
-9.86095e+09
-9.67095e+09
-9.46475e+09
-9.23491e+09
-8.97308e+09
-8.66837e+09
-8.30927e+09
-7.88497e+09
-7.39404e+09
-6.88449e+09
-6.26357e+09
-4.4968e+09
-2.77249e+10
-2.81065e+10
-2.78046e+10
-2.73451e+10
-2.54871e+10
-2.33105e+10
-2.1715e+10
-2.07176e+10
-2.00753e+10
-1.95247e+10
-1.89608e+10
-1.838e+10
-1.77878e+10
-1.7211e+10
-1.66654e+10
-1.61493e+10
-1.56635e+10
-1.52119e+10
-1.48025e+10
-1.44299e+10
-1.40801e+10
-1.37318e+10
-1.3358e+10
-1.29799e+10
-1.26658e+10
-1.24217e+10
-1.22268e+10
-1.20571e+10
-1.19011e+10
-1.17681e+10
-1.16511e+10
-1.15321e+10
-1.14065e+10
-1.12787e+10
-1.11502e+10
-1.10181e+10
-1.08794e+10
-1.07347e+10
-1.05846e+10
-1.04278e+10
-1.02639e+10
-1.0093e+10
-9.91489e+09
-9.72757e+09
-9.52572e+09
-9.30017e+09
-9.04042e+09
-8.73448e+09
-8.3706e+09
-7.94145e+09
-7.45079e+09
-6.94397e+09
-6.31841e+09
-4.47242e+09
-2.79149e+10
-2.87166e+10
-2.84286e+10
-2.71266e+10
-2.48819e+10
-2.25904e+10
-2.13692e+10
-2.07204e+10
-2.01484e+10
-1.95742e+10
-1.8985e+10
-1.83915e+10
-1.7795e+10
-1.72152e+10
-1.6667e+10
-1.61498e+10
-1.56651e+10
-1.52145e+10
-1.48029e+10
-1.44269e+10
-1.40749e+10
-1.37251e+10
-1.33486e+10
-1.29672e+10
-1.26549e+10
-1.24139e+10
-1.22204e+10
-1.20535e+10
-1.19041e+10
-1.17706e+10
-1.16478e+10
-1.15266e+10
-1.14023e+10
-1.12765e+10
-1.11502e+10
-1.10201e+10
-1.08822e+10
-1.07373e+10
-1.05867e+10
-1.04295e+10
-1.02655e+10
-1.00949e+10
-9.91759e+09
-9.73061e+09
-9.52723e+09
-9.30031e+09
-9.04073e+09
-8.73533e+09
-8.37272e+09
-7.94614e+09
-7.45869e+09
-6.97567e+09
-6.42134e+09
-4.82164e+09
-2.45442e+10
-2.49735e+10
-2.52267e+10
-2.44106e+10
-2.27788e+10
-2.14628e+10
-2.05578e+10
-1.98773e+10
-1.93218e+10
-1.88341e+10
-1.83597e+10
-1.78872e+10
-1.74115e+10
-1.69391e+10
-1.64823e+10
-1.60397e+10
-1.56142e+10
-1.52103e+10
-1.48363e+10
-1.44964e+10
-1.41785e+10
-1.3855e+10
-1.34718e+10
-1.3002e+10
-1.26317e+10
-1.23832e+10
-1.22101e+10
-1.20622e+10
-1.19206e+10
-1.17886e+10
-1.16691e+10
-1.1552e+10
-1.14311e+10
-1.13062e+10
-1.11791e+10
-1.10499e+10
-1.09161e+10
-1.07765e+10
-1.0631e+10
-1.04781e+10
-1.03171e+10
-1.0148e+10
-9.97096e+09
-9.78527e+09
-9.58618e+09
-9.36364e+09
-9.10516e+09
-8.79837e+09
-8.43415e+09
-8.00694e+09
-7.5194e+09
-7.00608e+09
-6.35e+09
-4.38344e+09
-2.45668e+10
-2.53288e+10
-2.49907e+10
-2.37884e+10
-2.21892e+10
-2.11079e+10
-2.04332e+10
-1.9859e+10
-1.93411e+10
-1.88491e+10
-1.83659e+10
-1.78869e+10
-1.74095e+10
-1.69375e+10
-1.64813e+10
-1.60407e+10
-1.56193e+10
-1.52188e+10
-1.48432e+10
-1.44975e+10
-1.41746e+10
-1.38496e+10
-1.34658e+10
-1.29923e+10
-1.26206e+10
-1.23773e+10
-1.22068e+10
-1.20614e+10
-1.19241e+10
-1.17906e+10
-1.1666e+10
-1.15471e+10
-1.14265e+10
-1.13019e+10
-1.11754e+10
-1.10479e+10
-1.09154e+10
-1.07761e+10
-1.06303e+10
-1.04773e+10
-1.03163e+10
-1.01472e+10
-9.97112e+09
-9.78556e+09
-9.58403e+09
-9.35892e+09
-9.09918e+09
-8.79142e+09
-8.42712e+09
-8.00183e+09
-7.51703e+09
-7.01123e+09
-6.37664e+09
-4.52036e+09
-2.15213e+10
-2.18292e+10
-2.21881e+10
-2.14877e+10
-2.06932e+10
-2.01181e+10
-1.9646e+10
-1.91874e+10
-1.87502e+10
-1.83302e+10
-1.79182e+10
-1.75148e+10
-1.71138e+10
-1.67133e+10
-1.63238e+10
-1.59425e+10
-1.55694e+10
-1.52078e+10
-1.48606e+10
-1.4546e+10
-1.42722e+10
-1.40168e+10
-1.37125e+10
-1.31896e+10
-1.26272e+10
-1.22977e+10
-1.2192e+10
-1.20687e+10
-1.19393e+10
-1.18092e+10
-1.16902e+10
-1.15741e+10
-1.14562e+10
-1.13347e+10
-1.12111e+10
-1.10853e+10
-1.09553e+10
-1.08194e+10
-1.06767e+10
-1.05255e+10
-1.03653e+10
-1.01971e+10
-1.00224e+10
-9.84039e+09
-9.64447e+09
-9.42383e+09
-9.16682e+09
-8.86124e+09
-8.49965e+09
-8.0793e+09
-7.603e+09
-7.11908e+09
-6.50626e+09
-4.59567e+09
-2.13304e+10
-2.19088e+10
-2.17373e+10
-2.10354e+10
-2.03844e+10
-1.99811e+10
-1.95915e+10
-1.91747e+10
-1.87531e+10
-1.83341e+10
-1.79206e+10
-1.7514e+10
-1.7111e+10
-1.67099e+10
-1.63193e+10
-1.59375e+10
-1.55669e+10
-1.52126e+10
-1.48734e+10
-1.45596e+10
-1.42816e+10
-1.40168e+10
-1.37069e+10
-1.31947e+10
-1.26171e+10
-1.22917e+10
-1.21908e+10
-1.20691e+10
-1.19431e+10
-1.1811e+10
-1.16888e+10
-1.15707e+10
-1.14513e+10
-1.13287e+10
-1.1206e+10
-1.10829e+10
-1.09546e+10
-1.0819e+10
-1.06759e+10
-1.05241e+10
-1.03633e+10
-1.01948e+10
-1.00204e+10
-9.83725e+09
-9.63773e+09
-9.41332e+09
-9.15335e+09
-8.8461e+09
-8.48377e+09
-8.06384e+09
-7.58729e+09
-7.08161e+09
-6.41622e+09
-4.36908e+09
-1.94937e+10
-1.96921e+10
-1.98811e+10
-1.96128e+10
-1.93898e+10
-1.91936e+10
-1.8939e+10
-1.86284e+10
-1.82868e+10
-1.79302e+10
-1.75692e+10
-1.72126e+10
-1.68619e+10
-1.65147e+10
-1.61759e+10
-1.5842e+10
-1.55098e+10
-1.51873e+10
-1.4874e+10
-1.45784e+10
-1.43339e+10
-1.41403e+10
-1.39794e+10
-1.36518e+10
-1.2555e+10
-1.22065e+10
-1.21664e+10
-1.20803e+10
-1.19571e+10
-1.18311e+10
-1.17134e+10
-1.15969e+10
-1.14802e+10
-1.13629e+10
-1.1244e+10
-1.11214e+10
-1.09929e+10
-1.08578e+10
-1.07153e+10
-1.05641e+10
-1.04051e+10
-1.02398e+10
-1.00691e+10
-9.88948e+09
-9.69438e+09
-9.47579e+09
-9.22133e+09
-8.91742e+09
-8.55856e+09
-8.1456e+09
-7.68381e+09
-7.25822e+09
-6.78385e+09
-5.14532e+09
-1.94673e+10
-1.96499e+10
-1.96616e+10
-1.94476e+10
-1.92905e+10
-1.91491e+10
-1.89149e+10
-1.86179e+10
-1.8285e+10
-1.7933e+10
-1.75739e+10
-1.72165e+10
-1.68633e+10
-1.65134e+10
-1.61716e+10
-1.58348e+10
-1.55016e+10
-1.51829e+10
-1.48777e+10
-1.45901e+10
-1.43481e+10
-1.41455e+10
-1.3959e+10
-1.36592e+10
-1.25227e+10
-1.21948e+10
-1.21673e+10
-1.20835e+10
-1.19605e+10
-1.18331e+10
-1.1714e+10
-1.15952e+10
-1.14768e+10
-1.13601e+10
-1.12433e+10
-1.11218e+10
-1.09931e+10
-1.08573e+10
-1.07139e+10
-1.05621e+10
-1.04026e+10
-1.02373e+10
-1.0067e+10
-9.88679e+09
-9.68932e+09
-9.46566e+09
-9.20587e+09
-8.90023e+09
-8.54136e+09
-8.12902e+09
-7.66701e+09
-7.19532e+09
-6.57474e+09
-4.55555e+09
-1.88409e+10
-1.87874e+10
-1.87411e+10
-1.86924e+10
-1.86495e+10
-1.8556e+10
-1.83878e+10
-1.8169e+10
-1.79049e+10
-1.76051e+10
-1.7287e+10
-1.69678e+10
-1.66536e+10
-1.63455e+10
-1.60455e+10
-1.5746e+10
-1.54429e+10
-1.5147e+10
-1.48596e+10
-1.45782e+10
-1.43324e+10
-1.41467e+10
-1.40277e+10
-1.39632e+10
-1.22013e+10
-1.22042e+10
-1.21145e+10
-1.19858e+10
-1.1859e+10
-1.17384e+10
-1.162e+10
-1.15047e+10
-1.13905e+10
-1.12736e+10
-1.11515e+10
-1.1023e+10
-1.08873e+10
-1.07438e+10
-1.05928e+10
-1.04359e+10
-1.0274e+10
-1.0105e+10
-9.92413e+09
-9.72783e+09
-9.51131e+09
-9.25807e+09
-8.9534e+09
-8.59453e+09
-8.18341e+09
-7.72856e+09
-7.32651e+09
-6.90016e+09
-5.33324e+09
-1.89977e+10
-1.87276e+10
-1.86897e+10
-1.86481e+10
-1.86214e+10
-1.85428e+10
-1.83809e+10
-1.8164e+10
-1.79011e+10
-1.76066e+10
-1.72938e+10
-1.69755e+10
-1.66576e+10
-1.63416e+10
-1.60327e+10
-1.57294e+10
-1.54268e+10
-1.51344e+10
-1.48546e+10
-1.4585e+10
-1.4349e+10
-1.41562e+10
-1.40295e+10
-1.39924e+10
-1.22012e+10
-1.21983e+10
-1.21139e+10
-1.19851e+10
-1.18596e+10
-1.17411e+10
-1.1623e+10
-1.1508e+10
-1.13931e+10
-1.12749e+10
-1.11518e+10
-1.10222e+10
-1.08855e+10
-1.07414e+10
-1.05904e+10
-1.04341e+10
-1.02732e+10
-1.01051e+10
-9.92394e+09
-9.72636e+09
-9.50473e+09
-9.24577e+09
-8.93976e+09
-8.58e+09
-8.16899e+09
-7.71425e+09
-7.26256e+09
-6.67805e+09
-4.74007e+09
-1.8507e+10
-1.82756e+10
-1.81991e+10
-1.81796e+10
-1.81451e+10
-1.80677e+10
-1.79424e+10
-1.77745e+10
-1.75664e+10
-1.73236e+10
-1.70559e+10
-1.67765e+10
-1.64924e+10
-1.62074e+10
-1.59284e+10
-1.56551e+10
-1.53788e+10
-1.51007e+10
-1.48242e+10
-1.45468e+10
-1.42919e+10
-1.41001e+10
-1.39238e+10
-1.37437e+10
-1.31511e+10
-1.25288e+10
-1.23296e+10
-1.21743e+10
-1.20276e+10
-1.18916e+10
-1.17657e+10
-1.16457e+10
-1.15301e+10
-1.14157e+10
-1.12982e+10
-1.11751e+10
-1.10453e+10
-1.09083e+10
-1.07643e+10
-1.06146e+10
-1.04604e+10
-1.03005e+10
-1.01306e+10
-9.94699e+09
-9.7499e+09
-9.53473e+09
-9.28059e+09
-8.97145e+09
-8.60563e+09
-8.18635e+09
-7.72217e+09
-7.29147e+09
-6.81413e+09
-5.23235e+09
-1.85231e+10
-1.82364e+10
-1.81803e+10
-1.81636e+10
-1.81364e+10
-1.8065e+10
-1.79441e+10
-1.77769e+10
-1.75664e+10
-1.73225e+10
-1.70558e+10
-1.67773e+10
-1.64939e+10
-1.62077e+10
-1.59225e+10
-1.56407e+10
-1.53579e+10
-1.50802e+10
-1.48149e+10
-1.45542e+10
-1.43125e+10
-1.41198e+10
-1.39318e+10
-1.37244e+10
-1.31339e+10
-1.25199e+10
-1.23211e+10
-1.21717e+10
-1.20245e+10
-1.18916e+10
-1.17717e+10
-1.16522e+10
-1.15341e+10
-1.14172e+10
-1.12979e+10
-1.11736e+10
-1.10428e+10
-1.09052e+10
-1.07612e+10
-1.06124e+10
-1.04594e+10
-1.03004e+10
-1.01303e+10
-9.94585e+09
-9.74743e+09
-9.52836e+09
-9.27038e+09
-8.96088e+09
-8.59382e+09
-8.17332e+09
-7.70886e+09
-7.2386e+09
-6.63402e+09
-4.74616e+09
-1.79603e+10
-1.78087e+10
-1.77745e+10
-1.77564e+10
-1.77226e+10
-1.76618e+10
-1.7566e+10
-1.74304e+10
-1.7259e+10
-1.70572e+10
-1.6831e+10
-1.65884e+10
-1.63375e+10
-1.60828e+10
-1.58285e+10
-1.55762e+10
-1.53176e+10
-1.50497e+10
-1.47784e+10
-1.4508e+10
-1.42484e+10
-1.40161e+10
-1.37785e+10
-1.34292e+10
-1.30341e+10
-1.26838e+10
-1.24404e+10
-1.22432e+10
-1.20746e+10
-1.1928e+10
-1.17968e+10
-1.16738e+10
-1.15556e+10
-1.14386e+10
-1.13188e+10
-1.11936e+10
-1.10619e+10
-1.0924e+10
-1.07807e+10
-1.06334e+10
-1.04817e+10
-1.03224e+10
-1.01508e+10
-9.9645e+09
-9.76582e+09
-9.55104e+09
-9.2959e+09
-8.98104e+09
-8.60379e+09
-8.16809e+09
-7.68269e+09
-7.20166e+09
-6.63571e+09
-4.97107e+09
-1.79206e+10
-1.77986e+10
-1.77655e+10
-1.775e+10
-1.77184e+10
-1.76597e+10
-1.75674e+10
-1.74346e+10
-1.72632e+10
-1.70598e+10
-1.68324e+10
-1.65895e+10
-1.63384e+10
-1.6083e+10
-1.58243e+10
-1.55625e+10
-1.52969e+10
-1.50308e+10
-1.47713e+10
-1.45171e+10
-1.42695e+10
-1.40394e+10
-1.37894e+10
-1.34332e+10
-1.30312e+10
-1.26773e+10
-1.24394e+10
-1.22475e+10
-1.20767e+10
-1.1929e+10
-1.18007e+10
-1.16769e+10
-1.15559e+10
-1.1437e+10
-1.13159e+10
-1.11898e+10
-1.10575e+10
-1.09195e+10
-1.0777e+10
-1.06309e+10
-1.04798e+10
-1.03203e+10
-1.01483e+10
-9.96158e+09
-9.76137e+09
-9.54377e+09
-9.28654e+09
-8.97221e+09
-8.5939e+09
-8.15503e+09
-7.66772e+09
-7.15473e+09
-6.49394e+09
-4.5773e+09
-1.74462e+10
-1.73864e+10
-1.73717e+10
-1.73668e+10
-1.7352e+10
-1.73116e+10
-1.72386e+10
-1.71305e+10
-1.69879e+10
-1.68157e+10
-1.66199e+10
-1.64057e+10
-1.618e+10
-1.59506e+10
-1.572e+10
-1.54848e+10
-1.524e+10
-1.49837e+10
-1.47215e+10
-1.44605e+10
-1.42033e+10
-1.39488e+10
-1.36801e+10
-1.33707e+10
-1.30482e+10
-1.27557e+10
-1.25124e+10
-1.23023e+10
-1.2122e+10
-1.19674e+10
-1.18294e+10
-1.17015e+10
-1.15795e+10
-1.14593e+10
-1.13367e+10
-1.1209e+10
-1.10759e+10
-1.09382e+10
-1.07971e+10
-1.06526e+10
-1.05027e+10
-1.03435e+10
-1.01702e+10
-9.98134e+09
-9.78005e+09
-9.56458e+09
-9.31038e+09
-8.99365e+09
-8.60581e+09
-8.15259e+09
-7.64245e+09
-7.11038e+09
-6.46255e+09
-4.70162e+09
-1.7452e+10
-1.73883e+10
-1.73713e+10
-1.73648e+10
-1.7349e+10
-1.73097e+10
-1.72395e+10
-1.71345e+10
-1.69932e+10
-1.68204e+10
-1.66238e+10
-1.64095e+10
-1.61841e+10
-1.59537e+10
-1.57191e+10
-1.54764e+10
-1.52253e+10
-1.49705e+10
-1.47162e+10
-1.44644e+10
-1.42134e+10
-1.39588e+10
-1.36863e+10
-1.33731e+10
-1.30485e+10
-1.27579e+10
-1.25222e+10
-1.23158e+10
-1.21292e+10
-1.19692e+10
-1.18296e+10
-1.16999e+10
-1.15762e+10
-1.14548e+10
-1.13314e+10
-1.12032e+10
-1.107e+10
-1.09328e+10
-1.07926e+10
-1.06489e+10
-1.04986e+10
-1.03382e+10
-1.01644e+10
-9.97549e+09
-9.77334e+09
-9.55616e+09
-9.30137e+09
-8.9856e+09
-8.59454e+09
-8.13597e+09
-7.62228e+09
-7.06073e+09
-6.33732e+09
-4.3321e+09
-1.70968e+10
-1.70403e+10
-1.70382e+10
-1.70444e+10
-1.70397e+10
-1.70119e+10
-1.69559e+10
-1.68687e+10
-1.67493e+10
-1.66016e+10
-1.64312e+10
-1.62418e+10
-1.6038e+10
-1.58293e+10
-1.56197e+10
-1.5401e+10
-1.51684e+10
-1.49224e+10
-1.46677e+10
-1.44122e+10
-1.4158e+10
-1.39026e+10
-1.36352e+10
-1.33485e+10
-1.30604e+10
-1.27957e+10
-1.25611e+10
-1.23495e+10
-1.21644e+10
-1.20053e+10
-1.18617e+10
-1.17285e+10
-1.16028e+10
-1.14793e+10
-1.13537e+10
-1.1224e+10
-1.10903e+10
-1.09539e+10
-1.08155e+10
-1.06737e+10
-1.0525e+10
-1.0365e+10
-1.019e+10
-9.99925e+09
-9.79692e+09
-9.58404e+09
-9.33577e+09
-9.02139e+09
-8.62654e+09
-8.16221e+09
-7.63649e+09
-7.06947e+09
-6.36691e+09
-4.50078e+09
-1.70971e+10
-1.70424e+10
-1.70384e+10
-1.70426e+10
-1.70367e+10
-1.70093e+10
-1.6956e+10
-1.68726e+10
-1.67557e+10
-1.66081e+10
-1.64363e+10
-1.62454e+10
-1.60411e+10
-1.58304e+10
-1.56153e+10
-1.53902e+10
-1.51531e+10
-1.49094e+10
-1.46634e+10
-1.44155e+10
-1.41636e+10
-1.39056e+10
-1.36332e+10
-1.33444e+10
-1.30573e+10
-1.27985e+10
-1.25739e+10
-1.2366e+10
-1.21736e+10
-1.20077e+10
-1.18604e+10
-1.17245e+10
-1.15972e+10
-1.1473e+10
-1.13471e+10
-1.12173e+10
-1.10839e+10
-1.09483e+10
-1.08105e+10
-1.06686e+10
-1.05189e+10
-1.03574e+10
-1.01817e+10
-9.99071e+09
-9.78749e+09
-9.57284e+09
-9.32476e+09
-9.012e+09
-8.61079e+09
-8.13873e+09
-7.60781e+09
-7.00779e+09
-6.23072e+09
-4.11179e+09
-1.68174e+10
-1.67725e+10
-1.67722e+10
-1.67782e+10
-1.67772e+10
-1.6758e+10
-1.67149e+10
-1.66443e+10
-1.65443e+10
-1.64168e+10
-1.62656e+10
-1.6094e+10
-1.59063e+10
-1.57111e+10
-1.55141e+10
-1.53107e+10
-1.50944e+10
-1.48633e+10
-1.46232e+10
-1.4379e+10
-1.41289e+10
-1.38719e+10
-1.36076e+10
-1.33376e+10
-1.30719e+10
-1.28241e+10
-1.25984e+10
-1.23903e+10
-1.22029e+10
-1.20395e+10
-1.18924e+10
-1.17553e+10
-1.16258e+10
-1.14989e+10
-1.13704e+10
-1.1239e+10
-1.11052e+10
-1.09703e+10
-1.08343e+10
-1.06956e+10
-1.05492e+10
-1.03891e+10
-1.02133e+10
-1.00226e+10
-9.82253e+09
-9.61498e+09
-9.37554e+09
-9.06809e+09
-8.66973e+09
-8.20138e+09
-7.67935e+09
-7.11923e+09
-6.42681e+09
-4.57455e+09
-1.68182e+10
-1.67737e+10
-1.67722e+10
-1.6777e+10
-1.67747e+10
-1.67551e+10
-1.67134e+10
-1.66457e+10
-1.65482e+10
-1.64217e+10
-1.62707e+10
-1.60994e+10
-1.5912e+10
-1.57155e+10
-1.55133e+10
-1.53032e+10
-1.50825e+10
-1.48515e+10
-1.46142e+10
-1.43734e+10
-1.41267e+10
-1.38702e+10
-1.36049e+10
-1.33334e+10
-1.30684e+10
-1.28268e+10
-1.26104e+10
-1.24059e+10
-1.22126e+10
-1.20427e+10
-1.18913e+10
-1.17507e+10
-1.16194e+10
-1.14921e+10
-1.13637e+10
-1.12329e+10
-1.11e+10
-1.09659e+10
-1.08298e+10
-1.06892e+10
-1.05403e+10
-1.03786e+10
-1.02013e+10
-1.00089e+10
-9.80653e+09
-9.59781e+09
-9.3568e+09
-9.04989e+09
-8.64844e+09
-8.1753e+09
-7.64431e+09
-7.03727e+09
-6.22874e+09
-4.00128e+09
-1.65832e+10
-1.65474e+10
-1.65506e+10
-1.6558e+10
-1.65597e+10
-1.65459e+10
-1.65113e+10
-1.64526e+10
-1.63676e+10
-1.62569e+10
-1.61227e+10
-1.59677e+10
-1.5795e+10
-1.56124e+10
-1.54266e+10
-1.52354e+10
-1.50297e+10
-1.48069e+10
-1.45741e+10
-1.43352e+10
-1.40899e+10
-1.38401e+10
-1.3587e+10
-1.33315e+10
-1.30819e+10
-1.28469e+10
-1.26293e+10
-1.24263e+10
-1.22383e+10
-1.20708e+10
-1.19211e+10
-1.17812e+10
-1.16478e+10
-1.15175e+10
-1.13862e+10
-1.12532e+10
-1.11194e+10
-1.09857e+10
-1.08522e+10
-1.07161e+10
-1.05715e+10
-1.04136e+10
-1.02406e+10
-1.00527e+10
-9.85834e+09
-9.65465e+09
-9.41573e+09
-9.10668e+09
-8.70927e+09
-8.24541e+09
-7.74505e+09
-7.21874e+09
-6.59821e+09
-4.94009e+09
-1.65827e+10
-1.65475e+10
-1.65501e+10
-1.65568e+10
-1.65574e+10
-1.65428e+10
-1.65086e+10
-1.64516e+10
-1.63687e+10
-1.62587e+10
-1.61248e+10
-1.59707e+10
-1.57998e+10
-1.56164e+10
-1.5425e+10
-1.52254e+10
-1.50155e+10
-1.47944e+10
-1.45647e+10
-1.43303e+10
-1.40892e+10
-1.38404e+10
-1.35856e+10
-1.33297e+10
-1.30814e+10
-1.28501e+10
-1.26389e+10
-1.24397e+10
-1.22483e+10
-1.20752e+10
-1.19211e+10
-1.17773e+10
-1.16416e+10
-1.15109e+10
-1.13801e+10
-1.12484e+10
-1.11159e+10
-1.09831e+10
-1.08484e+10
-1.07088e+10
-1.05607e+10
-1.04006e+10
-1.02241e+10
-1.00325e+10
-9.83545e+09
-9.63375e+09
-9.39679e+09
-9.09103e+09
-8.69404e+09
-8.23034e+09
-7.71355e+09
-7.13153e+09
-6.35734e+09
-4.17188e+09
-1.63874e+10
-1.63601e+10
-1.63671e+10
-1.63767e+10
-1.63806e+10
-1.63709e+10
-1.63424e+10
-1.62921e+10
-1.62182e+10
-1.61203e+10
-1.6e+10
-1.58594e+10
-1.57013e+10
-1.55302e+10
-1.53519e+10
-1.51657e+10
-1.49652e+10
-1.475e+10
-1.45252e+10
-1.42934e+10
-1.40568e+10
-1.38158e+10
-1.35718e+10
-1.33286e+10
-1.30915e+10
-1.28663e+10
-1.26558e+10
-1.24577e+10
-1.22706e+10
-1.21002e+10
-1.19481e+10
-1.18059e+10
-1.16692e+10
-1.15356e+10
-1.14018e+10
-1.12673e+10
-1.1133e+10
-1.09996e+10
-1.08674e+10
-1.07326e+10
-1.05897e+10
-1.04363e+10
-1.02689e+10
-1.00846e+10
-9.89038e+09
-9.6857e+09
-9.44675e+09
-9.12971e+09
-8.73847e+09
-8.28476e+09
-7.79591e+09
-7.29733e+09
-6.73103e+09
-5.22364e+09
-1.63864e+10
-1.63591e+10
-1.63657e+10
-1.63747e+10
-1.63779e+10
-1.63673e+10
-1.63383e+10
-1.62887e+10
-1.6216e+10
-1.61185e+10
-1.59977e+10
-1.58573e+10
-1.57004e+10
-1.55297e+10
-1.53474e+10
-1.51554e+10
-1.49533e+10
-1.47405e+10
-1.45181e+10
-1.42898e+10
-1.40564e+10
-1.38156e+10
-1.35711e+10
-1.3328e+10
-1.30918e+10
-1.28681e+10
-1.26607e+10
-1.24677e+10
-1.2281e+10
-1.21049e+10
-1.19482e+10
-1.18024e+10
-1.16633e+10
-1.1529e+10
-1.1396e+10
-1.12633e+10
-1.11311e+10
-1.09992e+10
-1.08655e+10
-1.07269e+10
-1.0581e+10
-1.04251e+10
-1.02523e+10
-1.00636e+10
-9.87028e+09
-9.6716e+09
-9.43478e+09
-9.12289e+09
-8.72965e+09
-8.27417e+09
-7.76843e+09
-7.21998e+09
-6.52724e+09
-4.56991e+09
-1.62249e+10
-1.62044e+10
-1.62151e+10
-1.6227e+10
-1.62332e+10
-1.62266e+10
-1.62027e+10
-1.61586e+10
-1.60926e+10
-1.60041e+10
-1.58938e+10
-1.57637e+10
-1.56159e+10
-1.54539e+10
-1.52825e+10
-1.51012e+10
-1.49059e+10
-1.46987e+10
-1.44823e+10
-1.42581e+10
-1.40288e+10
-1.37962e+10
-1.35617e+10
-1.33285e+10
-1.31017e+10
-1.28848e+10
-1.26794e+10
-1.2485e+10
-1.22998e+10
-1.21273e+10
-1.19719e+10
-1.18278e+10
-1.16886e+10
-1.15518e+10
-1.14157e+10
-1.12796e+10
-1.11451e+10
-1.10137e+10
-1.08841e+10
-1.07507e+10
-1.06083e+10
-1.0456e+10
-1.02924e+10
-1.01073e+10
-9.8994e+09
-9.69294e+09
-9.46848e+09
-9.14736e+09
-8.7597e+09
-8.31925e+09
-7.82794e+09
-7.32949e+09
-6.69487e+09
-4.75673e+09
-1.62221e+10
-1.62018e+10
-1.62123e+10
-1.6224e+10
-1.62298e+10
-1.62225e+10
-1.61979e+10
-1.61536e+10
-1.60881e+10
-1.6e+10
-1.58893e+10
-1.57588e+10
-1.56121e+10
-1.54515e+10
-1.52789e+10
-1.50951e+10
-1.48998e+10
-1.46939e+10
-1.44781e+10
-1.42549e+10
-1.40274e+10
-1.37964e+10
-1.35619e+10
-1.33284e+10
-1.31011e+10
-1.28833e+10
-1.26781e+10
-1.24876e+10
-1.23068e+10
-1.21327e+10
-1.19722e+10
-1.18239e+10
-1.1682e+10
-1.15446e+10
-1.14098e+10
-1.12761e+10
-1.11438e+10
-1.10125e+10
-1.08798e+10
-1.07424e+10
-1.05983e+10
-1.04477e+10
-1.02857e+10
-1.01052e+10
-9.90955e+09
-9.70127e+09
-9.45746e+09
-9.13035e+09
-8.73759e+09
-8.28951e+09
-7.77878e+09
-7.23257e+09
-6.55662e+09
-4.64533e+09
-1.60878e+10
-1.60735e+10
-1.60878e+10
-1.61024e+10
-1.61108e+10
-1.6107e+10
-1.60866e+10
-1.60471e+10
-1.5987e+10
-1.59056e+10
-1.5803e+10
-1.56805e+10
-1.55403e+10
-1.53855e+10
-1.52205e+10
-1.50443e+10
-1.48545e+10
-1.46543e+10
-1.44457e+10
-1.42292e+10
-1.40066e+10
-1.37811e+10
-1.3555e+10
-1.33315e+10
-1.31135e+10
-1.29031e+10
-1.27017e+10
-1.25093e+10
-1.23252e+10
-1.2151e+10
-1.19912e+10
-1.18442e+10
-1.17028e+10
-1.1563e+10
-1.14238e+10
-1.1286e+10
-1.11513e+10
-1.10209e+10
-1.08915e+10
-1.07561e+10
-1.06114e+10
-1.04588e+10
-1.02969e+10
-1.01056e+10
-9.88459e+09
-9.6927e+09
-9.48318e+09
-9.11025e+09
-8.68731e+09
-8.2539e+09
-7.78249e+09
-7.37545e+09
-6.91276e+09
-5.57375e+09
-1.60844e+10
-1.60698e+10
-1.60841e+10
-1.60988e+10
-1.61071e+10
-1.61029e+10
-1.60822e+10
-1.60423e+10
-1.59822e+10
-1.59011e+10
-1.57985e+10
-1.56757e+10
-1.55359e+10
-1.53827e+10
-1.52181e+10
-1.50415e+10
-1.48524e+10
-1.46531e+10
-1.44448e+10
-1.42279e+10
-1.40058e+10
-1.37814e+10
-1.35561e+10
-1.33321e+10
-1.31129e+10
-1.29012e+10
-1.26984e+10
-1.25066e+10
-1.23267e+10
-1.21551e+10
-1.19922e+10
-1.18416e+10
-1.16978e+10
-1.15574e+10
-1.14198e+10
-1.12844e+10
-1.11511e+10
-1.10193e+10
-1.08861e+10
-1.07476e+10
-1.06038e+10
-1.04579e+10
-1.03071e+10
-1.01354e+10
-9.93942e+09
-9.72645e+09
-9.47213e+09
-9.11224e+09
-8.69779e+09
-8.24703e+09
-7.73307e+09
-7.19161e+09
-6.53266e+09
-4.64776e+09
-1.59729e+10
-1.59632e+10
-1.5981e+10
-1.59985e+10
-1.60094e+10
-1.60081e+10
-1.59908e+10
-1.5955e+10
-1.58994e+10
-1.58234e+10
-1.57271e+10
-1.56111e+10
-1.54771e+10
-1.53282e+10
-1.51682e+10
-1.49968e+10
-1.48126e+10
-1.46179e+10
-1.44152e+10
-1.42049e+10
-1.39883e+10
-1.37689e+10
-1.35501e+10
-1.33343e+10
-1.31237e+10
-1.29194e+10
-1.27221e+10
-1.2532e+10
-1.23486e+10
-1.2173e+10
-1.20084e+10
-1.18572e+10
-1.17132e+10
-1.15702e+10
-1.14274e+10
-1.1286e+10
-1.11477e+10
-1.10142e+10
-1.08808e+10
-1.07397e+10
-1.05892e+10
-1.04364e+10
-1.02836e+10
-1.01179e+10
-9.91307e+09
-9.67093e+09
-9.4587e+09
-9.07786e+09
-8.66077e+09
-8.22595e+09
-7.70288e+09
-7.24127e+09
-6.68879e+09
-5.01727e+09
-1.59683e+10
-1.59584e+10
-1.59764e+10
-1.59942e+10
-1.60054e+10
-1.60042e+10
-1.59869e+10
-1.5951e+10
-1.58953e+10
-1.58195e+10
-1.57235e+10
-1.56076e+10
-1.54736e+10
-1.53254e+10
-1.51657e+10
-1.49944e+10
-1.48113e+10
-1.46179e+10
-1.44157e+10
-1.4205e+10
-1.39881e+10
-1.37698e+10
-1.35518e+10
-1.33361e+10
-1.31248e+10
-1.29195e+10
-1.2721e+10
-1.25295e+10
-1.23476e+10
-1.21769e+10
-1.20131e+10
-1.18586e+10
-1.17116e+10
-1.15679e+10
-1.14276e+10
-1.12894e+10
-1.1153e+10
-1.10175e+10
-1.08788e+10
-1.07347e+10
-1.05875e+10
-1.04414e+10
-1.0297e+10
-1.01435e+10
-9.96182e+09
-9.74719e+09
-9.49366e+09
-9.09809e+09
-8.67056e+09
-8.21708e+09
-7.671e+09
-7.1049e+09
-6.43244e+09
-4.50012e+09
-1.58763e+10
-1.587e+10
-1.58911e+10
-1.59118e+10
-1.59256e+10
-1.5927e+10
-1.59124e+10
-1.58797e+10
-1.58276e+10
-1.57557e+10
-1.56642e+10
-1.55538e+10
-1.54254e+10
-1.52816e+10
-1.51255e+10
-1.49577e+10
-1.47779e+10
-1.45877e+10
-1.43894e+10
-1.4184e+10
-1.39726e+10
-1.37584e+10
-1.3545e+10
-1.33353e+10
-1.31308e+10
-1.29319e+10
-1.27388e+10
-1.25512e+10
-1.23694e+10
-1.21935e+10
-1.20258e+10
-1.18701e+10
-1.17221e+10
-1.15754e+10
-1.14278e+10
-1.12804e+10
-1.11366e+10
-1.09978e+10
-1.08559e+10
-1.07035e+10
-1.05455e+10
-1.03915e+10
-1.02646e+10
-1.01501e+10
-9.97228e+09
-9.75275e+09
-9.55285e+09
-9.04367e+09
-8.53884e+09
-8.12141e+09
-7.55923e+09
-6.96074e+09
-6.25147e+09
-4.2895e+09
-1.58713e+10
-1.58645e+10
-1.58858e+10
-1.5907e+10
-1.59213e+10
-1.59232e+10
-1.59091e+10
-1.58767e+10
-1.58247e+10
-1.57529e+10
-1.56616e+10
-1.55514e+10
-1.54233e+10
-1.52797e+10
-1.51232e+10
-1.49553e+10
-1.47766e+10
-1.4588e+10
-1.43908e+10
-1.41853e+10
-1.39736e+10
-1.37597e+10
-1.35472e+10
-1.33379e+10
-1.31332e+10
-1.2934e+10
-1.27408e+10
-1.25525e+10
-1.23703e+10
-1.21977e+10
-1.20343e+10
-1.18793e+10
-1.17275e+10
-1.15779e+10
-1.14333e+10
-1.12913e+10
-1.11503e+10
-1.10074e+10
-1.08586e+10
-1.07051e+10
-1.0553e+10
-1.04039e+10
-1.02617e+10
-1.01326e+10
-9.99552e+09
-9.78607e+09
-9.52346e+09
-9.04703e+09
-8.61519e+09
-8.16241e+09
-7.57343e+09
-6.94663e+09
-6.25783e+09
-4.58448e+09
-1.57974e+10
-1.57925e+10
-1.58159e+10
-1.58399e+10
-1.58572e+10
-1.58619e+10
-1.58504e+10
-1.58205e+10
-1.57713e+10
-1.57024e+10
-1.56142e+10
-1.55075e+10
-1.53834e+10
-1.52438e+10
-1.50912e+10
-1.49264e+10
-1.47496e+10
-1.45629e+10
-1.43681e+10
-1.41662e+10
-1.39587e+10
-1.37486e+10
-1.35394e+10
-1.33341e+10
-1.3134e+10
-1.29394e+10
-1.275e+10
-1.25651e+10
-1.23845e+10
-1.22091e+10
-1.20408e+10
-1.18823e+10
-1.17306e+10
-1.15795e+10
-1.14266e+10
-1.12756e+10
-1.11282e+10
-1.09811e+10
-1.08282e+10
-1.06659e+10
-1.05017e+10
-1.03385e+10
-1.02173e+10
-1.01468e+10
-1.00895e+10
-1.01351e+10
-9.78933e+09
-8.94348e+09
-8.4675e+09
-8.04792e+09
-7.42484e+09
-6.71169e+09
-5.82845e+09
-3.68927e+09
-1.57921e+10
-1.57864e+10
-1.58099e+10
-1.58344e+10
-1.58523e+10
-1.58578e+10
-1.58472e+10
-1.58181e+10
-1.57695e+10
-1.57009e+10
-1.56129e+10
-1.55064e+10
-1.53827e+10
-1.52435e+10
-1.50905e+10
-1.49253e+10
-1.47491e+10
-1.45637e+10
-1.437e+10
-1.41688e+10
-1.39616e+10
-1.37518e+10
-1.35431e+10
-1.33383e+10
-1.31383e+10
-1.29435e+10
-1.27541e+10
-1.25695e+10
-1.23895e+10
-1.22165e+10
-1.20543e+10
-1.19006e+10
-1.17476e+10
-1.15921e+10
-1.14374e+10
-1.12898e+10
-1.1146e+10
-1.09986e+10
-1.08448e+10
-1.06882e+10
-1.05326e+10
-1.03759e+10
-1.02163e+10
-1.00713e+10
-1.00197e+10
-9.94303e+09
-9.71985e+09
-9.12249e+09
-8.63205e+09
-8.11887e+09
-7.46077e+09
-6.73363e+09
-5.81752e+09
-3.42967e+09
-1.57375e+10
-1.5732e+10
-1.57549e+10
-1.57807e+10
-1.58011e+10
-1.58098e+10
-1.58024e+10
-1.57764e+10
-1.57307e+10
-1.5665e+10
-1.55797e+10
-1.54758e+10
-1.53545e+10
-1.52179e+10
-1.5068e+10
-1.49058e+10
-1.4732e+10
-1.45483e+10
-1.43561e+10
-1.41568e+10
-1.39523e+10
-1.37458e+10
-1.35403e+10
-1.33384e+10
-1.31416e+10
-1.29499e+10
-1.27631e+10
-1.25807e+10
-1.24024e+10
-1.2228e+10
-1.20592e+10
-1.19014e+10
-1.17528e+10
-1.16046e+10
-1.14531e+10
-1.13025e+10
-1.1157e+10
-1.10083e+10
-1.08519e+10
-1.06968e+10
-1.05467e+10
-1.04038e+10
-1.02823e+10
-1.01597e+10
-9.98931e+09
-1.02349e+10
-1.0346e+10
-9.18985e+09
-8.59653e+09
-8.0779e+09
-7.36043e+09
-6.49251e+09
-5.39622e+09
-2.97034e+09
-1.57336e+10
-1.57273e+10
-1.57501e+10
-1.57757e+10
-1.57963e+10
-1.58054e+10
-1.57987e+10
-1.57737e+10
-1.57289e+10
-1.56641e+10
-1.55795e+10
-1.54762e+10
-1.53558e+10
-1.52199e+10
-1.50703e+10
-1.49081e+10
-1.47346e+10
-1.45516e+10
-1.43604e+10
-1.41621e+10
-1.39588e+10
-1.3753e+10
-1.35482e+10
-1.33469e+10
-1.31505e+10
-1.29591e+10
-1.27726e+10
-1.2591e+10
-1.24143e+10
-1.22423e+10
-1.20761e+10
-1.19199e+10
-1.17728e+10
-1.16246e+10
-1.14725e+10
-1.13231e+10
-1.1182e+10
-1.10407e+10
-1.0891e+10
-1.07375e+10
-1.05876e+10
-1.04442e+10
-1.03004e+10
-1.01722e+10
-1.00757e+10
-1.00048e+10
-9.88895e+09
-9.33621e+09
-8.80019e+09
-8.19771e+09
-7.42821e+09
-6.54805e+09
-5.1983e+09
-2.24129e+09
-1.57062e+10
-1.57009e+10
-1.57185e+10
-1.57412e+10
-1.57606e+10
-1.57699e+10
-1.57644e+10
-1.57413e+10
-1.5699e+10
-1.56371e+10
-1.55559e+10
-1.54563e+10
-1.53394e+10
-1.52067e+10
-1.50598e+10
-1.48999e+10
-1.47284e+10
-1.45469e+10
-1.43568e+10
-1.41596e+10
-1.39577e+10
-1.37541e+10
-1.35516e+10
-1.33524e+10
-1.3158e+10
-1.29687e+10
-1.27841e+10
-1.26045e+10
-1.24297e+10
-1.22594e+10
-1.20945e+10
-1.19403e+10
-1.17991e+10
-1.16597e+10
-1.1516e+10
-1.13698e+10
-1.12259e+10
-1.10818e+10
-1.09323e+10
-1.07922e+10
-1.06696e+10
-1.05348e+10
-1.03848e+10
-1.02022e+10
-9.91412e+09
-9.5659e+09
-9.61288e+09
-9.30165e+09
-8.75949e+09
-8.13563e+09
-7.36668e+09
-6.39972e+09
-5.0106e+09
-2.07327e+09
-1.57046e+10
-1.56997e+10
-1.57177e+10
-1.57405e+10
-1.57598e+10
-1.57692e+10
-1.57639e+10
-1.5741e+10
-1.56991e+10
-1.56375e+10
-1.55567e+10
-1.54572e+10
-1.53404e+10
-1.52079e+10
-1.50613e+10
-1.49019e+10
-1.47311e+10
-1.45503e+10
-1.43608e+10
-1.41645e+10
-1.39636e+10
-1.37609e+10
-1.35591e+10
-1.33603e+10
-1.3166e+10
-1.29767e+10
-1.27925e+10
-1.2614e+10
-1.2442e+10
-1.22757e+10
-1.2113e+10
-1.19566e+10
-1.18094e+10
-1.16649e+10
-1.15185e+10
-1.13724e+10
-1.12335e+10
-1.10991e+10
-1.09605e+10
-1.0822e+10
-1.06865e+10
-1.05427e+10
-1.03857e+10
-1.02036e+10
-9.9758e+09
-9.82838e+09
-9.68994e+09
-9.32649e+09
-8.8436e+09
-8.22204e+09
-7.45639e+09
-6.5349e+09
-5.67753e+09
-2.788e+09
-1.28072e+10
-1.368e+10
-1.27923e+10
-1.4012e+10
-1.40083e+10
-1.22542e+10
-1.25204e+10
-1.22449e+10
-1.20617e+10
-1.20452e+10
-1.28113e+10
-1.37364e+10
-1.25469e+10
-1.39918e+10
-1.40058e+10
-1.22361e+10
-1.23534e+10
-1.222e+10
-1.20312e+10
-1.20098e+10
-1.39968e+10
-1.38813e+10
-1.35874e+10
-1.38836e+10
-1.35379e+10
-1.21093e+10
-1.20916e+10
-1.33397e+10
-1.25722e+10
-1.33161e+10
-1.25636e+10
-1.39974e+10
-1.38696e+10
-1.35298e+10
-1.38783e+10
-1.35093e+10
-1.20775e+10
-1.20632e+10
-1.33007e+10
-1.25534e+10
-1.32691e+10
-1.25515e+10
-1.28947e+10
-1.31957e+10
-1.28979e+10
-1.33134e+10
-1.28947e+10
-1.33234e+10
-1.28972e+10
-1.24714e+10
-1.26255e+10
-1.24705e+10
-1.25697e+10
-1.23918e+10
-1.25611e+10
-1.23884e+10
-1.28959e+10
-1.32056e+10
-1.2885e+10
-1.33295e+10
-1.28963e+10
-1.33641e+10
-1.28813e+10
-1.24628e+10
-1.2606e+10
-1.24564e+10
-1.25504e+10
-1.23747e+10
-1.25048e+10
-1.23613e+10
-1.39148e+10
-1.39803e+10
-1.39116e+10
-1.40497e+10
-1.4024e+10
-1.40519e+10
-1.40198e+10
-1.21274e+10
-1.24017e+10
-1.25498e+10
-1.23864e+10
-1.21544e+10
-1.22053e+10
-1.2202e+10
-1.22058e+10
-1.2158e+10
-1.21864e+10
-1.21528e+10
-1.21877e+10
-1.38906e+10
-1.396e+10
-1.39037e+10
-1.40355e+10
-1.39974e+10
-1.40311e+10
-1.39873e+10
-1.2079e+10
-1.23652e+10
-1.24899e+10
-1.23362e+10
-1.21063e+10
-1.22025e+10
-1.21916e+10
-1.22019e+10
-1.21492e+10
-1.21848e+10
-1.2149e+10
-1.21845e+10
-1.40004e+10
-1.40369e+10
-1.40018e+10
-1.39996e+10
-1.39556e+10
-1.40093e+10
-1.39643e+10
-1.38835e+10
-1.39601e+10
-1.39475e+10
-1.39452e+10
-1.38939e+10
-1.26061e+10
-1.26092e+10
-1.22141e+10
-1.21965e+10
-1.22162e+10
-1.23489e+10
-1.23029e+10
-1.23467e+10
-1.23041e+10
-1.3998e+10
-1.40364e+10
-1.39927e+10
-1.40103e+10
-1.3966e+10
-1.40208e+10
-1.39757e+10
-1.38488e+10
-1.39986e+10
-1.39748e+10
-1.38645e+10
-1.39822e+10
-1.25514e+10
-1.25478e+10
-1.22144e+10
-1.22042e+10
-1.22148e+10
-1.23484e+10
-1.22993e+10
-1.23519e+10
-1.22999e+10
-1.34949e+10
-1.37486e+10
-1.34931e+10
-1.36233e+10
-1.34002e+10
-1.36265e+10
-1.34072e+10
-1.28065e+10
-1.31559e+10
-1.28078e+10
-1.31127e+10
-1.28749e+10
-1.31206e+10
-1.28781e+10
-1.34657e+10
-1.3726e+10
-1.34639e+10
-1.36242e+10
-1.34e+10
-1.36182e+10
-1.33963e+10
-1.27977e+10
-1.31301e+10
-1.27943e+10
-1.31089e+10
-1.28674e+10
-1.31065e+10
-1.28646e+10
-1.35107e+10
-1.30857e+10
-1.2817e+10
-1.31115e+10
-1.35444e+10
-1.35701e+10
-1.28006e+10
-1.31043e+10
-1.31278e+10
-1.35286e+10
-1.3849e+10
-1.40051e+10
-1.40046e+10
-1.40027e+10
-1.3821e+10
-1.37163e+10
-1.35756e+10
-1.38628e+10
-1.39773e+10
-1.39959e+10
-1.39925e+10
-1.38982e+10
-1.37964e+10
-1.38822e+10
-1.21146e+10
-1.25307e+10
-1.23681e+10
-1.23733e+10
-1.21083e+10
-1.20251e+10
-1.20477e+10
-1.20298e+10
-1.20834e+10
-1.20454e+10
-1.20708e+10
-1.20449e+10
-1.20128e+10
-1.2005e+10
-1.20223e+10
-1.20665e+10
-1.20433e+10
-1.20672e+10
-1.20133e+10
-1.36319e+10
-1.31197e+10
-1.27782e+10
-1.31206e+10
-1.35762e+10
-1.36059e+10
-1.26602e+10
-1.30006e+10
-1.30559e+10
-1.35948e+10
-1.39237e+10
-1.39653e+10
-1.39824e+10
-1.39079e+10
-1.39575e+10
-1.38703e+10
-1.38422e+10
-1.39305e+10
-1.39669e+10
-1.40139e+10
-1.39593e+10
-1.39099e+10
-1.38826e+10
-1.3992e+10
-1.206e+10
-1.24099e+10
-1.22795e+10
-1.22898e+10
-1.20702e+10
-1.19879e+10
-1.20042e+10
-1.19937e+10
-1.20565e+10
-1.20088e+10
-1.20099e+10
-1.20431e+10
-1.19735e+10
-1.19888e+10
-1.19777e+10
-1.20389e+10
-1.19903e+10
-1.20285e+10
-1.19865e+10
-1.39514e+10
-1.38989e+10
-1.38831e+10
-1.39656e+10
-1.39786e+10
-1.39552e+10
-1.38195e+10
-1.39114e+10
-1.39317e+10
-1.38804e+10
-1.37195e+10
-1.35913e+10
-1.37321e+10
-1.388e+10
-1.38658e+10
-1.35723e+10
-1.3674e+10
-1.38023e+10
-1.37164e+10
-1.24309e+10
-1.20967e+10
-1.22226e+10
-1.22208e+10
-1.24255e+10
-1.25835e+10
-1.25568e+10
-1.24208e+10
-1.2093e+10
-1.22063e+10
-1.22125e+10
-1.23946e+10
-1.27915e+10
-1.30777e+10
-1.33578e+10
-1.30814e+10
-1.2779e+10
-1.27663e+10
-1.33394e+10
-1.30565e+10
-1.27374e+10
-1.30694e+10
-1.3828e+10
-1.38746e+10
-1.373e+10
-1.40289e+10
-1.3991e+10
-1.39855e+10
-1.38705e+10
-1.40569e+10
-1.3841e+10
-1.37868e+10
-1.36705e+10
-1.35328e+10
-1.37993e+10
-1.36743e+10
-1.37525e+10
-1.35243e+10
-1.36515e+10
-1.36559e+10
-1.37767e+10
-1.23737e+10
-1.20571e+10
-1.22007e+10
-1.23865e+10
-1.21937e+10
-1.2544e+10
-1.25601e+10
-1.23756e+10
-1.20423e+10
-1.21965e+10
-1.21878e+10
-1.23735e+10
-1.27273e+10
-1.30333e+10
-1.32952e+10
-1.27293e+10
-1.30223e+10
-1.27222e+10
-1.32951e+10
-1.30161e+10
-1.30193e+10
-1.26907e+10
-1.37133e+10
-1.34652e+10
-1.36686e+10
-1.38696e+10
-1.34649e+10
-1.38789e+10
-1.37139e+10
-1.37435e+10
-1.34642e+10
-1.36755e+10
-1.38486e+10
-1.34866e+10
-1.37206e+10
-1.38631e+10
-1.37304e+10
-1.36823e+10
-1.347e+10
-1.3864e+10
-1.3492e+10
-1.38822e+10
-1.37192e+10
-1.2146e+10
-1.22809e+10
-1.22494e+10
-1.21693e+10
-1.22723e+10
-1.21599e+10
-1.21556e+10
-1.21359e+10
-1.22447e+10
-1.22623e+10
-1.21538e+10
-1.22645e+10
-1.21541e+10
-1.21305e+10
-1.37583e+10
-1.37166e+10
-1.36344e+10
-1.38743e+10
-1.35329e+10
-1.38673e+10
-1.38373e+10
-1.2107e+10
-1.22534e+10
-1.22274e+10
-1.21443e+10
-1.22373e+10
-1.21226e+10
-1.21329e+10
-1.20857e+10
-1.22171e+10
-1.22207e+10
-1.2126e+10
-1.22199e+10
-1.21198e+10
-1.20861e+10
-1.38897e+10
-1.39422e+10
-1.3826e+10
-1.38831e+10
-1.39377e+10
-1.38332e+10
-1.39018e+10
-1.38834e+10
-1.39449e+10
-1.3888e+10
-1.38119e+10
-1.39422e+10
-1.38694e+10
-1.38313e+10
-1.25888e+10
-1.24207e+10
-1.2742e+10
-1.25736e+10
-1.24212e+10
-1.27479e+10
-1.25813e+10
-1.25751e+10
-1.24026e+10
-1.2568e+10
-1.27297e+10
-1.24126e+10
-1.25548e+10
-1.27399e+10
-1.38301e+10
-1.39371e+10
-1.37939e+10
-1.38683e+10
-1.38589e+10
-1.39416e+10
-1.37827e+10
-1.3806e+10
-1.39567e+10
-1.38799e+10
-1.38045e+10
-1.39534e+10
-1.37889e+10
-1.3893e+10
-1.25339e+10
-1.23955e+10
-1.27165e+10
-1.25513e+10
-1.25408e+10
-1.23934e+10
-1.27095e+10
-1.25294e+10
-1.2392e+10
-1.25513e+10
-1.27051e+10
-1.23891e+10
-1.27067e+10
-1.25211e+10
-1.2309e+10
-1.22178e+10
-1.21928e+10
-1.21324e+10
-1.22236e+10
-1.22997e+10
-1.22056e+10
-1.24463e+10
-1.25844e+10
-1.25846e+10
-1.2454e+10
-1.24609e+10
-1.25989e+10
-1.26025e+10
-1.2456e+10
-1.23088e+10
-1.21359e+10
-1.22408e+10
-1.22159e+10
-1.22301e+10
-1.22018e+10
-1.23141e+10
-1.22511e+10
-1.2163e+10
-1.20875e+10
-1.21365e+10
-1.21736e+10
-1.22335e+10
-1.21537e+10
-1.2412e+10
-1.25586e+10
-1.24161e+10
-1.25558e+10
-1.22662e+10
-1.20992e+10
-1.2197e+10
-1.2166e+10
-1.22711e+10
-1.21897e+10
-1.21587e+10
-1.23973e+10
-1.25171e+10
-1.25467e+10
-1.23779e+10
-1.39013e+10
-1.39018e+10
-1.39012e+10
-1.38848e+10
-1.39466e+10
-1.39025e+10
-1.3905e+10
-1.38968e+10
-1.39263e+10
-1.39267e+10
-1.39015e+10
-1.38986e+10
-1.39358e+10
-1.39247e+10
-1.39066e+10
-1.38912e+10
-1.38884e+10
-1.38981e+10
-1.39047e+10
-1.3905e+10
-1.39017e+10
-1.38884e+10
-1.26191e+10
-1.26214e+10
-1.39807e+10
-1.39945e+10
-1.38277e+10
-1.3909e+10
-1.40387e+10
-1.39879e+10
-1.39059e+10
-1.39583e+10
-1.39503e+10
-1.39599e+10
-1.39551e+10
-1.39587e+10
-1.39518e+10
-1.39541e+10
-1.39664e+10
-1.39707e+10
-1.38644e+10
-1.40132e+10
-1.39142e+10
-1.39742e+10
-1.39986e+10
-1.39151e+10
-1.25952e+10
-1.25634e+10
-1.318e+10
-1.33742e+10
-1.33491e+10
-1.35472e+10
-1.33843e+10
-1.31848e+10
-1.33306e+10
-1.2961e+10
-1.27907e+10
-1.28001e+10
-1.29255e+10
-1.29598e+10
-1.28166e+10
-1.28079e+10
-1.29717e+10
-1.31819e+10
-1.35329e+10
-1.34011e+10
-1.33013e+10
-1.33976e+10
-1.33146e+10
-1.31259e+10
-1.31364e+10
-1.33985e+10
-1.33678e+10
-1.359e+10
-1.31595e+10
-1.34051e+10
-1.33601e+10
-1.28879e+10
-1.2761e+10
-1.27395e+10
-1.29229e+10
-1.29075e+10
-1.28873e+10
-1.29614e+10
-1.27752e+10
-1.31318e+10
-1.35272e+10
-1.33461e+10
-1.33266e+10
-1.33431e+10
-1.33623e+10
-1.31458e+10
-1.39794e+10
-1.39464e+10
-1.4015e+10
-1.38395e+10
-1.39375e+10
-1.3944e+10
-1.40034e+10
-1.39813e+10
-1.39717e+10
-1.39734e+10
-1.39822e+10
-1.39984e+10
-1.39933e+10
-1.39788e+10
-1.40154e+10
-1.39491e+10
-1.37862e+10
-1.39299e+10
-1.40113e+10
-1.39269e+10
-1.42982e+10
-1.39895e+10
-1.3678e+10
-1.35168e+10
-1.39965e+10
-1.39346e+10
-1.38661e+10
-1.39874e+10
-1.39382e+10
-1.40002e+10
-1.39947e+10
-1.40094e+10
-1.39799e+10
-1.40183e+10
-1.39795e+10
-1.40036e+10
-1.38849e+10
-1.39279e+10
-1.40383e+10
-1.39359e+10
-1.40599e+10
-1.40071e+10
-1.40096e+10
-1.39829e+10
-1.40077e+10
-1.39863e+10
-1.38393e+10
-1.39098e+10
-1.22801e+10
-1.22053e+10
-1.21749e+10
-1.21079e+10
-1.22851e+10
-1.22018e+10
-1.21735e+10
-1.24162e+10
-1.2553e+10
-1.2417e+10
-1.25472e+10
-1.24276e+10
-1.2586e+10
-1.24384e+10
-1.25713e+10
-1.22758e+10
-1.21074e+10
-1.21996e+10
-1.21667e+10
-1.22737e+10
-1.21999e+10
-1.21661e+10
-1.20295e+10
-1.20275e+10
-1.19876e+10
-1.20431e+10
-1.19703e+10
-1.20294e+10
-1.20434e+10
-1.19671e+10
-1.1988e+10
-1.19505e+10
-1.19582e+10
-1.19331e+10
-1.19667e+10
-1.19496e+10
-1.19396e+10
-1.19549e+10
-1.19289e+10
-1.19864e+10
-1.20271e+10
-1.20559e+10
-1.19822e+10
-1.20455e+10
-1.19686e+10
-1.20001e+10
-1.20082e+10
-1.20059e+10
-1.19839e+10
-1.20378e+10
-1.20171e+10
-1.1967e+10
-1.20351e+10
-1.1985e+10
-1.19635e+10
-1.19422e+10
-1.19202e+10
-1.19402e+10
-1.19208e+10
-1.19791e+10
-1.20118e+10
-1.20303e+10
-1.19566e+10
-1.20306e+10
-1.19633e+10
-1.19755e+10
-1.19464e+10
-1.19338e+10
-1.19501e+10
-1.19275e+10
-1.32386e+10
-1.3434e+10
-1.36159e+10
-1.34242e+10
-1.34292e+10
-1.32127e+10
-1.34502e+10
-1.29961e+10
-1.27905e+10
-1.28005e+10
-1.297e+10
-1.32295e+10
-1.35847e+10
-1.33953e+10
-1.33675e+10
-1.34078e+10
-1.31992e+10
-1.34193e+10
-1.29926e+10
-1.27468e+10
-1.2795e+10
-1.2938e+10
-1.30189e+10
-1.33912e+10
-1.33562e+10
-1.36049e+10
-1.3109e+10
-1.33882e+10
-1.3345e+10
-1.23237e+10
-1.23989e+10
-1.23869e+10
-1.23312e+10
-1.25953e+10
-1.26216e+10
-1.27857e+10
-1.24911e+10
-1.28104e+10
-1.35843e+10
-1.35401e+10
-1.32537e+10
-1.34028e+10
-1.34165e+10
-1.29385e+10
-1.40114e+10
-1.39148e+10
-1.39467e+10
-1.40303e+10
-1.39361e+10
-1.40373e+10
-1.40157e+10
-1.40233e+10
-1.39892e+10
-1.39966e+10
-1.4024e+10
-1.40205e+10
-1.39096e+10
-1.39365e+10
-1.40353e+10
-1.39373e+10
-1.40213e+10
-1.40481e+10
-1.40147e+10
-1.39854e+10
-1.3985e+10
-1.40105e+10
-1.38443e+10
-1.38291e+10
-1.3992e+10
-1.39386e+10
-1.40046e+10
-1.39022e+10
-1.393e+10
-1.39917e+10
-1.39988e+10
-1.40195e+10
-1.40039e+10
-1.39913e+10
-1.40013e+10
-1.40123e+10
-1.39634e+10
-1.40087e+10
-1.39245e+10
-1.40133e+10
-1.39449e+10
-1.39082e+10
-1.40321e+10
-1.39371e+10
-1.42251e+10
-1.39814e+10
-1.39209e+10
-1.39577e+10
-1.21865e+10
-1.2139e+10
-1.21144e+10
-1.20527e+10
-1.22024e+10
-1.21319e+10
-1.21073e+10
-1.22557e+10
-1.23196e+10
-1.23264e+10
-1.2259e+10
-1.22929e+10
-1.24429e+10
-1.23279e+10
-1.23844e+10
-1.21727e+10
-1.20512e+10
-1.21384e+10
-1.21095e+10
-1.21276e+10
-1.20962e+10
-1.21802e+10
-1.19981e+10
-1.2001e+10
-1.19588e+10
-1.19985e+10
-1.20064e+10
-1.19324e+10
-1.20111e+10
-1.19403e+10
-1.1949e+10
-1.19262e+10
-1.19092e+10
-1.19325e+10
-1.18962e+10
-1.19655e+10
-1.20039e+10
-1.20246e+10
-1.19508e+10
-1.1969e+10
-1.20194e+10
-1.19467e+10
-1.19134e+10
-1.18706e+10
-1.19043e+10
-1.18794e+10
-1.1969e+10
-1.19701e+10
-1.19297e+10
-1.19916e+10
-1.19183e+10
-1.19704e+10
-1.19874e+10
-1.19341e+10
-1.19146e+10
-1.18832e+10
-1.18706e+10
-1.1838e+10
-1.18998e+10
-1.18718e+10
-1.18426e+10
-1.18848e+10
-1.18184e+10
-1.19301e+10
-1.19691e+10
-1.19974e+10
-1.19307e+10
-1.19871e+10
-1.19187e+10
-1.1944e+10
-1.39505e+10
-1.39104e+10
-1.39298e+10
-1.39411e+10
-1.39e+10
-1.3859e+10
-1.39065e+10
-1.39493e+10
-1.39146e+10
-1.3915e+10
-1.39276e+10
-1.39303e+10
-1.39217e+10
-1.39075e+10
-1.39326e+10
-1.39048e+10
-1.3926e+10
-1.39646e+10
-1.37772e+10
-1.40077e+10
-1.39146e+10
-1.3971e+10
-1.39785e+10
-1.39242e+10
-1.39302e+10
-1.40648e+10
-1.38079e+10
-1.38702e+10
-1.38302e+10
-1.3875e+10
-1.38874e+10
-1.38342e+10
-1.38127e+10
-1.37661e+10
-1.36736e+10
-1.36881e+10
-1.37453e+10
-1.37698e+10
-1.36944e+10
-1.37764e+10
-1.3694e+10
-1.37967e+10
-1.38721e+10
-1.38788e+10
-1.38226e+10
-1.39008e+10
-1.3821e+10
-1.37892e+10
-1.37843e+10
-1.38611e+10
-1.38629e+10
-1.38246e+10
-1.38896e+10
-1.38009e+10
-1.38204e+10
-1.3669e+10
-1.35859e+10
-1.35868e+10
-1.36654e+10
-1.37094e+10
-1.36652e+10
-1.37521e+10
-1.36217e+10
-1.37469e+10
-1.38302e+10
-1.38523e+10
-1.37561e+10
-1.38951e+10
-1.37728e+10
-1.37221e+10
-1.21706e+10
-1.22279e+10
-1.23396e+10
-1.24336e+10
-1.22324e+10
-1.21665e+10
-1.23399e+10
-1.2055e+10
-1.20044e+10
-1.19847e+10
-1.20673e+10
-1.20425e+10
-1.19774e+10
-1.19734e+10
-1.20451e+10
-1.21761e+10
-1.24284e+10
-1.22495e+10
-1.23364e+10
-1.22495e+10
-1.23373e+10
-1.21874e+10
-1.25817e+10
-1.257e+10
-1.2163e+10
-1.22199e+10
-1.23307e+10
-1.2411e+10
-1.21616e+10
-1.22166e+10
-1.23242e+10
-1.20389e+10
-1.19568e+10
-1.19652e+10
-1.20288e+10
-1.20416e+10
-1.19745e+10
-1.19723e+10
-1.20417e+10
-1.2162e+10
-1.24004e+10
-1.22049e+10
-1.23093e+10
-1.22264e+10
-1.23149e+10
-1.21491e+10
-1.31579e+10
-1.30689e+10
-1.28979e+10
-1.27898e+10
-1.30611e+10
-1.28963e+10
-1.31572e+10
-1.33657e+10
-1.35014e+10
-1.3522e+10
-1.33517e+10
-1.33999e+10
-1.35405e+10
-1.35448e+10
-1.33946e+10
-1.31445e+10
-1.27836e+10
-1.3027e+10
-1.28878e+10
-1.30477e+10
-1.28896e+10
-1.31157e+10
-1.31178e+10
-1.30297e+10
-1.27593e+10
-1.28798e+10
-1.30201e+10
-1.31279e+10
-1.2874e+10
-1.33205e+10
-1.34447e+10
-1.34522e+10
-1.33136e+10
-1.33429e+10
-1.35099e+10
-1.34764e+10
-1.33631e+10
-1.31036e+10
-1.27426e+10
-1.29974e+10
-1.28536e+10
-1.29989e+10
-1.28584e+10
-1.30919e+10
-1.38609e+10
-1.3888e+10
-1.41152e+10
-1.40951e+10
-1.39055e+10
-1.26598e+10
-1.40509e+10
-1.41599e+10
-1.37678e+10
-1.3905e+10
-1.39689e+10
-1.39221e+10
-1.39591e+10
-1.38021e+10
-1.3894e+10
-1.39083e+10
-1.3771e+10
-1.41082e+10
-1.36722e+10
-1.39803e+10
-1.39549e+10
-1.3729e+10
-1.39436e+10
-1.39762e+10
-1.57568e+10
-1.3837e+10
-1.37397e+10
-1.37942e+10
-1.37858e+10
-1.37647e+10
-1.38013e+10
-1.37637e+10
-1.37448e+10
-1.36738e+10
-1.35885e+10
-1.36676e+10
-1.36045e+10
-1.37284e+10
-1.38077e+10
-1.3818e+10
-1.37663e+10
-1.37267e+10
-1.38045e+10
-1.37667e+10
-1.37005e+10
-1.36397e+10
-1.37122e+10
-1.36303e+10
-1.37038e+10
-1.38461e+10
-1.37472e+10
-1.3709e+10
-1.37452e+10
-1.37457e+10
-1.37246e+10
-1.36572e+10
-1.35775e+10
-1.35983e+10
-1.36341e+10
-1.36698e+10
-1.36087e+10
-1.36912e+10
-1.36148e+10
-1.36884e+10
-1.37433e+10
-1.3735e+10
-1.37591e+10
-1.37377e+10
-1.37407e+10
-1.36788e+10
-1.21136e+10
-1.21285e+10
-1.23888e+10
-1.22952e+10
-1.21537e+10
-1.21024e+10
-1.2297e+10
-1.19937e+10
-1.19388e+10
-1.19227e+10
-1.20074e+10
-1.19674e+10
-1.18834e+10
-1.18983e+10
-1.19551e+10
-1.21261e+10
-1.23852e+10
-1.21814e+10
-1.23034e+10
-1.21739e+10
-1.21337e+10
-1.23007e+10
-1.26133e+10
-1.26027e+10
-1.20873e+10
-1.21154e+10
-1.22928e+10
-1.24082e+10
-1.20889e+10
-1.21522e+10
-1.23061e+10
-1.18965e+10
-1.18864e+10
-1.18506e+10
-1.19373e+10
-1.18904e+10
-1.18539e+10
-1.18308e+10
-1.19262e+10
-1.21097e+10
-1.2396e+10
-1.22051e+10
-1.23018e+10
-1.22045e+10
-1.23097e+10
-1.21375e+10
-1.31021e+10
-1.27288e+10
-1.30471e+10
-1.28283e+10
-1.30453e+10
-1.28259e+10
-1.31029e+10
-1.332e+10
-1.34464e+10
-1.33068e+10
-1.34602e+10
-1.30879e+10
-1.27254e+10
-1.29881e+10
-1.28383e+10
-1.30062e+10
-1.30776e+10
-1.28288e+10
-1.33417e+10
-1.34903e+10
-1.3481e+10
-1.33456e+10
-1.3105e+10
-1.30138e+10
-1.28233e+10
-1.27215e+10
-1.30494e+10
-1.30878e+10
-1.28168e+10
-1.33086e+10
-1.34253e+10
-1.34521e+10
-1.32841e+10
-1.3345e+10
-1.34692e+10
-1.3478e+10
-1.33279e+10
-1.30887e+10
-1.27073e+10
-1.29754e+10
-1.28083e+10
-1.30287e+10
-1.28086e+10
-1.305e+10
)
;

boundaryField
{
    inlet
    {
        type            zeroGradient;
    }
    outlet
    {
        type            fixedValue;
        value           uniform 101325;
    }
    rightSide
    {
        type            symmetryPlane;
    }
    leftSide
    {
        type            symmetryPlane;
    }
    duct
    {
        type            zeroGradient;
    }
    cylinder
    {
        type            zeroGradient;
    }
}


// ************************************************************************* //
