/*--------------------------------*- C++ -*----------------------------------*\
| =========                 |                                                 |
| \\      /  F ield         | OpenFOAM: The Open Source CFD Toolbox           |
|  \\    /   O peration     | Version:  4.1                                   |
|   \\  /    A nd           | Web:      www.OpenFOAM.org                      |
|    \\/     M anipulation  |                                                 |
\*---------------------------------------------------------------------------*/
FoamFile
{
    version     2.0;
    format      ascii;
    class       volScalarField;
    location    "32";
    object      omega;
}
// * * * * * * * * * * * * * * * * * * * * * * * * * * * * * * * * * * * * * //

dimensions      [0 0 -1 0 0 0 0];

internalField   nonuniform List<scalar> 
4432
(
0.0111147
0.0114259
0.0118301
0.0121318
0.0125124
0.0128273
0.0131723
0.0135003
0.0138064
0.0141228
0.0143973
0.0146805
0.0149356
0.0151937
0.0154329
0.0156712
0.0159089
0.016129
0.0163569
0.016555
0.016748
0.0169189
0.0171222
0.0173142
0.0175056
0.0177072
0.0179027
0.0181693
0.0185165
0.0191038
0.0206021
0.022662
0.0251609
0.0274929
0.0301012
0.0318836
0.0339815
0.0360088
0.0358255
0.0364957
0.0357044
0.0352631
0.035918
0.0362406
0.0365292
0.0353964
0.0359402
0.0342338
0.0334626
0.0341162
0.0385889
0.0647161
0.0628351
0.0585532
0.0110581
0.0114794
0.0117799
0.012167
0.0124865
0.0128381
0.0131725
0.013497
0.0138192
0.0141227
0.0144127
0.0146964
0.0149583
0.0152276
0.0154669
0.015734
0.0159464
0.0162123
0.0164078
0.0166472
0.016842
0.0170444
0.0172535
0.0174344
0.0175972
0.017824
0.0180742
0.0183567
0.0188157
0.0197433
0.0214662
0.0233052
0.0256293
0.027811
0.0302768
0.0321741
0.0340856
0.035939
0.0358455
0.0363217
0.0356975
0.0353321
0.0358859
0.035312
0.0349266
0.0350276
0.0351724
0.0346617
0.0342532
0.033327
0.0360551
0.0430408
0.0499157
0.0661379
21.7746
3.3711
1.21143
0.652528
0.431898
0.318858
0.25108
0.206329
0.174744
0.15142
0.133441
0.119306
0.107731
0.0982975
0.090173
0.0834466
0.0773663
0.0723856
0.0676876
0.0639333
0.0603903
0.0574636
0.0546937
0.0525065
0.0503201
0.048649
0.046948
0.0455968
0.0441755
0.0429723
0.0418207
0.0405932
0.0396045
0.0383684
0.0375105
0.0362889
0.0353716
0.034194
0.0334847
0.03221
0.0314578
0.0308724
0.0308496
0.0299307
0.0297175
0.0299562
0.0289675
0.0292305
0.029833
0.0306675
0.0328898
0.141822
0.444636
0.491963
21.7744
3.37123
1.21131
0.652452
0.431891
0.318881
0.251117
0.206363
0.174794
0.151445
0.13351
0.119316
0.107828
0.0982953
0.0903072
0.0834555
0.0775566
0.0724075
0.0678566
0.0639744
0.0605751
0.0575854
0.0549959
0.0526867
0.050703
0.0488557
0.0472624
0.0457513
0.0444162
0.0431548
0.0419089
0.040747
0.0395886
0.0385297
0.0375037
0.0365395
0.0356173
0.0347924
0.034005
0.0331861
0.0324532
0.0317042
0.0311445
0.0299967
0.0293148
0.0286514
0.0285186
0.0291693
0.03032
0.0344816
0.0333627
0.0521277
0.175078
0.190466
21.7796
3.37399
1.21541
0.655076
0.433185
0.319564
0.251565
0.206753
0.17512
0.151803
0.133783
0.119695
0.108085
0.0987504
0.0906297
0.0840452
0.0780784
0.0732323
0.0687501
0.0650264
0.0615642
0.0585588
0.0558548
0.0534285
0.051365
0.0494081
0.0478842
0.0462667
0.0450386
0.0435929
0.0425361
0.0412023
0.0401226
0.0390272
0.0379178
0.0367441
0.0356331
0.0346853
0.0335784
0.032676
0.0318246
0.0311381
0.0305427
0.0290997
0.0285126
0.0281242
0.027724
0.0269808
0.0273552
0.0272963
0.0278142
0.0566167
0.0559482
0.117878
21.7795
3.37417
1.21537
0.655051
0.433202
0.319593
0.251613
0.206786
0.175184
0.151831
0.133872
0.119713
0.108205
0.09876
0.0907779
0.0840756
0.0782449
0.0733143
0.0689115
0.0651576
0.061745
0.0588124
0.056114
0.0538851
0.0516985
0.0499669
0.0482692
0.0467259
0.0454564
0.0438892
0.0428363
0.0413604
0.0402298
0.03898
0.037742
0.0365731
0.0354927
0.0346811
0.0331555
0.0319488
0.0311834
0.0301714
0.0294994
0.0281676
0.0277014
0.0271593
0.0268051
0.0264851
0.0265972
0.027407
0.0269404
0.0334622
0.0511224
0.0785597
21.7804
3.37438
1.21609
0.655506
0.433377
0.319628
0.251613
0.206749
0.175172
0.151772
0.133865
0.11963
0.108215
0.098651
0.0908261
0.0839368
0.0783306
0.0731516
0.0690022
0.0650238
0.0618683
0.0587129
0.0563281
0.0537077
0.0519478
0.0497088
0.048393
0.0464988
0.045314
0.0436734
0.0423251
0.0410649
0.0393613
0.0383738
0.0367586
0.0354136
0.0341857
0.0329728
0.0320967
0.0309967
0.0306616
0.0290175
0.0285407
0.0292754
0.0277402
0.0275521
0.0273533
0.0282451
0.0277471
0.0280611
0.027386
0.0593433
0.125359
0.375231
21.7803
3.37446
1.21606
0.655506
0.433403
0.319659
0.251657
0.206782
0.175227
0.15181
0.133932
0.11968
0.108288
0.0987238
0.0908903
0.0840539
0.0783726
0.0733235
0.0690171
0.0652358
0.0618895
0.0589793
0.0564112
0.0540672
0.0521085
0.050228
0.048485
0.0472216
0.0454195
0.044127
0.0426412
0.0409271
0.039541
0.038136
0.0368718
0.0355851
0.0344807
0.0335289
0.0326453
0.0315421
0.0312247
0.0296672
0.0295184
0.0281773
0.0289643
0.0276156
0.0274824
0.028155
0.0277453
0.0276791
0.0282932
0.033352
0.131908
0.153066
21.781
3.37451
1.21672
0.655929
0.433553
0.319682
0.251631
0.206748
0.175172
0.151783
0.133851
0.119681
0.10817
0.0987598
0.0907561
0.0840952
0.0782716
0.0733006
0.0690173
0.0651801
0.0619765
0.0589966
0.0564816
0.0540613
0.0521994
0.0500404
0.0484688
0.046729
0.0445914
0.0426257
0.0409487
0.0396116
0.0384342
0.0370152
0.0358327
0.0347725
0.0336471
0.0327885
0.0319862
0.0309468
0.0303135
0.0296169
0.02872
0.0284095
0.0278387
0.0281311
0.0269266
0.0278831
0.0265632
0.0267151
0.0278953
0.0324315
0.105696
0.172042
21.7809
3.3749
1.21664
0.655847
0.433544
0.31971
0.251668
0.206789
0.175228
0.151816
0.133942
0.119692
0.10831
0.0987456
0.0909302
0.0840785
0.0784232
0.0733181
0.0690546
0.0651951
0.0618628
0.0588757
0.056279
0.0537706
0.0519092
0.0497407
0.048129
0.0460441
0.0445482
0.0426475
0.041327
0.0396134
0.0386689
0.0366059
0.0353334
0.0340792
0.0330248
0.0319439
0.0314298
0.0300547
0.0297677
0.0283231
0.0291231
0.0274548
0.0282511
0.0271359
0.0272569
0.0279238
0.0287345
0.0276531
0.0284339
0.0345821
0.0576159
0.0541198
21.7822
3.37536
1.21765
0.656475
0.433793
0.319765
0.25168
0.206744
0.175224
0.151751
0.133936
0.119629
0.108286
0.0987134
0.0908719
0.0840909
0.0783167
0.0733693
0.0689179
0.0653304
0.0617624
0.0591868
0.0561861
0.0542512
0.0517116
0.0503002
0.0479825
0.0466411
0.0444705
0.043118
0.041108
0.0395943
0.0380903
0.036244
0.0352163
0.0337158
0.032839
0.0314661
0.0308826
0.0299927
0.0296678
0.028507
0.0282898
0.0279651
0.0277174
0.0279261
0.0268407
0.0269988
0.0270078
0.0292747
0.0293298
0.0329693
0.0511187
0.0739967
21.782
3.37555
1.21761
0.656443
0.433796
0.319809
0.251698
0.206819
0.175233
0.15185
0.13395
0.119735
0.108328
0.0987943
0.0909682
0.0841199
0.0784927
0.0733146
0.0691639
0.0651168
0.061977
0.0587351
0.0563717
0.05357
0.0519074
0.0494559
0.0479626
0.0456474
0.0441885
0.0421409
0.0402373
0.0386683
0.0376335
0.0362292
0.0349016
0.0340807
0.0328025
0.0317345
0.0307187
0.0304754
0.0287949
0.0283584
0.0284317
0.0271655
0.0270144
0.0266729
0.0277489
0.0263868
0.0285624
0.0274482
0.0280229
0.0349899
0.0364546
0.039974
21.783
3.37577
1.21826
0.656852
0.433942
0.319844
0.25167
0.206803
0.175176
0.151829
0.133881
0.119706
0.10826
0.098756
0.0909048
0.0840811
0.0784029
0.0732806
0.0690261
0.065118
0.0618873
0.0588909
0.056358
0.0539092
0.051939
0.0498236
0.0481282
0.046258
0.0443663
0.0428976
0.0410307
0.0394746
0.0380864
0.036458
0.03515
0.0340602
0.0321737
0.0316695
0.0310588
0.0322643
0.0303073
0.0316133
0.0320063
0.0321376
0.0317115
0.0317503
0.0305479
0.0310721
0.0307659
0.0321762
0.0333838
0.0346078
0.050622
0.0487891
21.7828
3.37597
1.2183
0.656876
0.433979
0.31988
0.251721
0.20684
0.175238
0.151877
0.133951
0.119773
0.108326
0.0988437
0.0909617
0.0841725
0.0784756
0.0733622
0.0691198
0.0651926
0.0618827
0.0589572
0.0561312
0.0540147
0.0515614
0.0498463
0.0475874
0.04595
0.0441553
0.0424996
0.0407944
0.0393107
0.0375995
0.0364549
0.0349202
0.0336674
0.0327372
0.0316069
0.0310372
0.0310993
0.0295064
0.0291905
0.0288778
0.0287472
0.0288894
0.0292824
0.0281631
0.0291641
0.0295411
0.0312279
0.03041
0.0314759
0.0394422
0.0414313
21.7843
3.37652
1.2196
0.657697
0.434303
0.319976
0.251716
0.20683
0.17518
0.151869
0.133861
0.119787
0.108204
0.0988838
0.0908224
0.0842242
0.0783332
0.0734094
0.0689788
0.0652184
0.061919
0.0588996
0.0565054
0.0539402
0.0519641
0.0500318
0.047995
0.0461494
0.044204
0.0423358
0.0408182
0.0389584
0.0379516
0.0360674
0.0349141
0.0340047
0.0331219
0.0329432
0.031138
0.0309498
0.0307584
0.030501
0.0304962
0.0306007
0.0305599
0.0308427
0.0331054
0.0321433
0.0330135
0.0361165
0.0353843
0.0361391
0.0400397
0.0412435
21.7841
3.37663
1.21951
0.657641
0.434301
0.320004
0.251756
0.206874
0.175241
0.151911
0.133952
0.119821
0.10832
0.0989175
0.0909245
0.0842914
0.0783877
0.0735059
0.0690284
0.0652407
0.0619302
0.058829
0.0563121
0.0538531
0.0516168
0.0498112
0.0475592
0.0458238
0.0433971
0.0420778
0.0399182
0.0384641
0.0366791
0.0352787
0.0342375
0.0332798
0.032471
0.0322069
0.0309395
0.0314876
0.0296914
0.0296225
0.0291747
0.0290367
0.0289556
0.0289066
0.0293491
0.0296986
0.0301796
0.0307583
0.0313394
0.0320561
0.0379388
0.0387603
21.785
3.37697
1.22022
0.658067
0.434458
0.32003
0.251737
0.206836
0.175187
0.151875
0.133863
0.119798
0.108189
0.0989034
0.0907781
0.0842455
0.0782708
0.0734064
0.0688928
0.0651841
0.0617646
0.0588621
0.0562679
0.0538695
0.0518061
0.0497968
0.0478919
0.0461305
0.044312
0.0425183
0.0412626
0.0388344
0.0380931
0.0356639
0.0349295
0.035557
0.0334049
0.0330168
0.032516
0.0327085
0.0326145
0.0331874
0.0334627
0.0335985
0.0339744
0.0344747
0.0375241
0.037391
0.0383781
0.0378702
0.0377795
0.0377817
0.0378885
0.0388238
21.7849
3.37719
1.2202
0.658045
0.434465
0.320075
0.25176
0.206912
0.175209
0.151973
0.133896
0.119905
0.108243
0.099004
0.090842
0.0843531
0.0783062
0.0735456
0.0688869
0.0653089
0.061661
0.0589182
0.055971
0.0538557
0.0514555
0.0495391
0.0475553
0.0459151
0.043688
0.0423741
0.0403672
0.0386548
0.0369293
0.0357359
0.0335328
0.0326554
0.0324165
0.0313128
0.03155
0.0313082
0.030875
0.031282
0.0298134
0.0310995
0.0325649
0.0312206
0.0315123
0.0317774
0.0317122
0.0321548
0.0326137
0.0333896
0.0345022
0.0358897
21.7864
3.37781
1.2215
0.65885
0.434791
0.320147
0.25178
0.206846
0.1752
0.15187
0.133879
0.119775
0.108218
0.0988408
0.0908327
0.0841231
0.0783368
0.0732377
0.068917
0.0650271
0.0616867
0.0587873
0.0561707
0.0539307
0.0518224
0.0497905
0.0478117
0.0460097
0.0434198
0.0415594
0.0405709
0.037435
0.0366324
0.0363312
0.036548
0.0339781
0.0335116
0.0329855
0.0332515
0.0332634
0.0338761
0.0341703
0.0382565
0.0382149
0.0385504
0.0397627
0.0416118
0.0449792
0.0442785
0.0445728
0.0441222
0.0446962
0.0450834
0.0467652
21.7861
3.37793
1.22144
0.658817
0.434791
0.320191
0.2518
0.206926
0.175219
0.15198
0.133899
0.11991
0.108241
0.098992
0.0908477
0.0842979
0.0783314
0.0734352
0.0689343
0.0651716
0.0616976
0.058819
0.0560168
0.0538316
0.0514092
0.0495698
0.0474577
0.0457977
0.0436436
0.0418378
0.0403452
0.037889
0.0366873
0.0354396
0.0349627
0.034344
0.0343164
0.0335248
0.0340872
0.0321129
0.0325378
0.0322982
0.0353707
0.0328644
0.0327382
0.0329376
0.0347434
0.0335475
0.0343915
0.0350154
0.0354381
0.038375
0.0441862
0.0468541
21.787
3.37801
1.22202
0.659185
0.434931
0.320185
0.2518
0.206837
0.175215
0.151849
0.133906
0.119734
0.108263
0.0987612
0.0908847
0.0840011
0.0783561
0.0730955
0.0688821
0.064853
0.0616642
0.058531
0.0562583
0.0537262
0.0519492
0.0498676
0.0479079
0.0458093
0.0436555
0.042033
0.0407036
0.0395345
0.0390007
0.0393596
0.0367724
0.0360918
0.0358162
0.0363659
0.036138
0.0365433
0.0379018
0.0418609
0.0404814
0.0467573
0.042692
0.0427396
0.043627
0.0484251
0.0486068
0.0501481
0.0493946
0.0499571
0.0518186
0.0557739
21.7869
3.37822
1.22191
0.659105
0.434912
0.320219
0.251826
0.206906
0.175249
0.151945
0.133944
0.119857
0.108301
0.098904
0.0909198
0.0841509
0.0783977
0.0732413
0.0689347
0.0649475
0.061649
0.0584638
0.0561276
0.0532908
0.0518359
0.0492393
0.0480483
0.0445751
0.0431649
0.0417359
0.0402555
0.0383659
0.037395
0.0363031
0.0368504
0.0343335
0.0360181
0.0335628
0.0335206
0.0330591
0.03299
0.0331381
0.033556
0.0360056
0.034534
0.0350228
0.0350232
0.038853
0.0360456
0.037726
0.038891
0.0439835
0.046838
0.0574522
21.7883
3.37875
1.22312
0.659849
0.435208
0.32028
0.251827
0.206848
0.1752
0.151872
0.133848
0.11979
0.108139
0.0988466
0.0906806
0.0840787
0.0780914
0.0730848
0.0686318
0.0646807
0.0614033
0.0583603
0.0558738
0.0536462
0.0518632
0.049694
0.0477426
0.045442
0.0435731
0.0419425
0.0404701
0.0402039
0.0373156
0.037846
0.0467384
0.0373148
0.0388291
0.0399013
0.0409698
0.04301
0.0484419
0.0505911
0.0517067
0.050901
0.0511536
0.0505118
0.0513128
0.0533888
0.0521326
0.0518488
0.052836
0.0557677
0.058898
0.0691164
21.788
3.37899
1.22306
0.659794
0.435202
0.320316
0.25186
0.206911
0.175255
0.15194
0.133944
0.119843
0.108284
0.0988767
0.0908565
0.084117
0.0782414
0.0732093
0.0686376
0.0649136
0.0611756
0.0584281
0.0555675
0.0532599
0.0515597
0.0494492
0.0476246
0.0455168
0.0436206
0.0419253
0.0402793
0.0382305
0.0367704
0.036391
0.0340073
0.0349438
0.0326856
0.0347255
0.0327551
0.0329104
0.0331662
0.0387132
0.0351603
0.0360192
0.0367275
0.0370511
0.0377568
0.0382568
0.0389618
0.0396409
0.0434792
0.0479724
0.0515853
0.0899657
21.7888
3.37898
1.22361
0.660154
0.43534
0.3203
0.251867
0.206795
0.175279
0.15176
0.13399
0.119616
0.108318
0.0986441
0.0908197
0.0839031
0.0780995
0.072955
0.0684636
0.0644763
0.0610568
0.0579307
0.0554499
0.0535311
0.0519899
0.0505332
0.0483005
0.0462327
0.0439694
0.0426109
0.0402252
0.0395573
0.0387774
0.0407882
0.0525349
0.0435137
0.0443531
0.0548367
0.0508441
0.0549952
0.0567449
0.056451
0.058444
0.0546779
0.0572036
0.0609653
0.058104
0.0586342
0.0584354
0.059265
0.0592202
0.0595144
0.0719944
0.109601
21.7886
3.37926
1.22353
0.660079
0.435314
0.32035
0.251867
0.206909
0.175254
0.151937
0.133938
0.119844
0.108257
0.098881
0.0907927
0.0841034
0.0781427
0.073109
0.0685342
0.0646399
0.060998
0.0581296
0.0552215
0.0534546
0.0524644
0.0508383
0.0487139
0.0467152
0.0444045
0.0434886
0.0404057
0.0393421
0.0381775
0.0374132
0.0381311
0.0365393
0.036647
0.0373204
0.0377081
0.0404056
0.0406892
0.0403815
0.0406249
0.0416843
0.044683
0.0432282
0.0433145
0.0439666
0.0446646
0.0456263
0.0476318
0.0588369
0.110348
0.204051
21.7898
3.37975
1.22464
0.660763
0.435587
0.320396
0.251879
0.20682
0.175257
0.151779
0.133967
0.119613
0.108312
0.0985689
0.0908613
0.0836922
0.0781861
0.0725654
0.0684753
0.063912
0.0607654
0.0571674
0.0557574
0.0556253
0.0610119
0.0800825
0.0779971
0.0780014
0.0775195
0.0784602
0.0778762
0.0746523
0.07112
0.0687889
0.0671241
0.0663664
0.0637114
0.0630949
0.0626734
0.0606108
0.0609441
0.0558905
0.0551557
0.0555211
0.0582325
0.0652885
0.0600757
0.064431
0.0650116
0.0659751
0.0617967
0.071423
0.130563
0.193421
21.7896
3.37975
1.22441
0.660624
0.435541
0.320418
0.2519
0.206894
0.175289
0.151889
0.134008
0.119744
0.108373
0.0987038
0.0909396
0.083854
0.0782569
0.0728119
0.0685501
0.064238
0.0609522
0.0574997
0.0558301
0.0554884
0.0606139
0.0757057
0.0714995
0.069461
0.0671938
0.0646753
0.0626311
0.0609294
0.060375
0.0590437
0.0583563
0.0572943
0.0575345
0.0555589
0.0552818
0.053485
0.0551021
0.051039
0.0503755
0.0503847
0.0501445
0.0501907
0.0501716
0.0506877
0.0523208
0.0577045
0.0568609
0.115318
0.202994
0.317181
21.7901
3.37989
1.22491
0.660925
0.435657
0.320396
0.251908
0.206782
0.175311
0.151721
0.134047
0.119539
0.108401
0.0984956
0.0909252
0.0836269
0.0782156
0.0724543
0.0685117
0.0636496
0.0608729
0.0562896
0.0580131
0.067101
0.196995
0.294381
0.179116
0.133729
0.115507
0.102323
0.092055
0.0863779
0.0788437
0.0754637
0.0720128
0.0688274
0.0691313
0.0688331
0.0638626
0.0637572
0.0598338
0.0614735
0.0559042
0.0607894
0.0644749
0.059273
0.0613216
0.0613273
0.0652499
0.0656437
0.0631558
0.0742146
0.22552
0.1029
21.7899
3.37993
1.22469
0.660782
0.435602
0.320426
0.251913
0.206874
0.17532
0.151848
0.134073
0.11967
0.108476
0.098582
0.0910817
0.0836588
0.0784355
0.0725282
0.0687159
0.0638854
0.0611641
0.0562478
0.057672
0.0646901
0.188517
0.303472
0.170604
0.130187
0.111262
0.103234
0.0919836
0.0846803
0.0749043
0.0711883
0.0682573
0.0654489
0.0631258
0.0618956
0.0603723
0.0595863
0.0579484
0.0589936
0.0545347
0.0545006
0.0549405
0.0559498
0.0569153
0.057518
0.0581312
0.0587839
0.0648945
0.151004
0.136751
0.180126
21.7909
3.38038
1.22559
0.661325
0.435821
0.320452
0.251923
0.206795
0.175313
0.15173
0.13406
0.119531
0.108437
0.0984467
0.0909917
0.0835252
0.0782881
0.072329
0.0685294
0.0635387
0.0607036
0.0566849
0.0545777
0.126753
0.240058
0.188493
0.14911
0.129729
0.112126
0.101427
0.0907457
0.0788374
0.0760137
0.0650278
0.0651434
0.0682073
0.0710789
0.0645834
0.0694014
0.0628317
0.0643319
0.0622591
0.0595369
0.0662083
0.0587608
0.0592764
0.059948
0.0597438
0.0607436
0.0609777
0.063578
0.0936016
0.0766732
21.7906
3.38037
1.22548
0.661267
0.435802
0.320491
0.251933
0.206885
0.175324
0.151861
0.13408
0.119684
0.108484
0.098596
0.0910759
0.0836759
0.0784218
0.0724807
0.0688421
0.063524
0.0616643
0.0560354
0.0593728
0.143702
0.248342
0.173982
0.137862
0.121581
0.107246
0.0977874
0.0866463
0.0813651
0.0734319
0.073433
0.0651041
0.0651084
0.0642647
0.068246
0.0644781
0.0621213
0.0613371
0.064922
0.07074
0.0799943
0.0714163
0.0743172
0.0773289
0.0728019
0.0729462
0.0723418
0.0863955
0.132167
0.115552
21.7909
3.38033
1.22564
0.661364
0.435812
0.320474
0.251875
0.20687
0.175215
0.151893
0.13388
0.119811
0.108147
0.0988581
0.0905826
0.0840612
0.0777922
0.072935
0.0680524
0.0641157
0.060415
0.0570765
0.0551757
0.0593172
0.103831
0.0722317
0.0655703
0.0604379
0.0561179
0.051833
0.0463622
0.0453121
0.0490381
0.0579088
0.0463248
0.0492262
0.0546351
0.0650654
0.0646838
0.0656446
0.067417
0.0685966
0.0672258
0.0674012
0.0680459
0.0700105
0.0679644
0.0673103
0.0672684
0.0677724
0.0656719
0.0656444
0.070328
0.0724171
21.7907
3.38036
1.22555
0.661301
0.435795
0.320503
0.251902
0.206932
0.175263
0.151971
0.133958
0.119891
0.108254
0.0989493
0.0906895
0.084208
0.077879
0.0731999
0.0681526
0.0645646
0.0606257
0.0577327
0.0556061
0.0594948
0.0896188
0.0671088
0.0639171
0.0605368
0.0574981
0.054129
0.0503794
0.0499035
0.0524432
0.0465911
0.0469551
0.0545533
0.0604811
0.0656267
0.0663081
0.0695682
0.0700928
0.0690648
0.0753233
0.0843122
0.0735558
0.0759006
0.0763229
0.0821688
0.0795023
0.0855058
0.0796635
0.0788407
0.0832931
0.0807767
21.7914
3.38063
1.22608
0.661618
0.435908
0.320514
0.251884
0.206884
0.175236
0.151892
0.133947
0.119767
0.108289
0.0987612
0.0907902
0.0839621
0.0779872
0.0729495
0.0681335
0.0643195
0.060363
0.0573293
0.0543198
0.0524696
0.0514413
0.0492537
0.0469846
0.0442949
0.0424363
0.0404261
0.0378999
0.0381341
0.0417745
0.0605134
0.0440449
0.0501262
0.0592565
0.0768469
0.0748991
0.0805912
0.0821948
0.0792144
0.0793032
0.0795866
0.0798007
0.0792081
0.0791877
0.0756256
0.0778836
0.0774906
0.0724034
0.0736389
0.078502
0.0780309
21.791
3.38029
1.22603
0.661634
0.435929
0.320536
0.251931
0.206921
0.175307
0.151948
0.134039
0.119845
0.108392
0.0988468
0.0909318
0.0840094
0.0782865
0.0729374
0.0687283
0.0643995
0.0612187
0.0577979
0.055347
0.0534116
0.0523276
0.0504365
0.0482684
0.0457568
0.0435895
0.0418761
0.0390391
0.0394476
0.0413595
0.0588954
0.0427426
0.0453211
0.0540382
0.0716156
0.0609792
0.0718064
0.0696562
0.0714929
0.0733389
0.0743565
0.0841883
0.0958642
0.0853934
0.0919979
0.0912349
0.0922789
0.0906079
0.0870169
0.0858417
0.0815966
21.7912
3.38052
1.22601
0.661568
0.435884
0.320489
0.251898
0.206863
0.175284
0.151864
0.134033
0.119731
0.108411
0.0987176
0.0909551
0.0839027
0.0782255
0.0728829
0.068443
0.0643702
0.0606147
0.0575866
0.054246
0.0522006
0.049737
0.0478481
0.0457916
0.0434846
0.0418527
0.039518
0.0384532
0.0374766
0.0371819
0.0571692
0.0398155
0.0447474
0.0664724
0.0808862
0.0654081
0.0668674
0.0828731
0.0734047
0.0803426
0.0846816
0.0836136
0.0856891
0.0845522
0.0881422
0.0885507
0.086884
0.083922
0.0835497
0.0834129
0.0808251
21.7909
3.38046
1.22588
0.661498
0.435863
0.320514
0.25192
0.206935
0.17531
0.151983
0.134042
0.119908
0.108392
0.0989451
0.0909211
0.0841483
0.0782394
0.0731168
0.0685898
0.0646232
0.0609613
0.0580198
0.0548967
0.0529122
0.0507506
0.0487967
0.0470381
0.044804
0.0428695
0.0411592
0.0391046
0.038208
0.0375693
0.0390157
0.0394683
0.0468928
0.058243
0.0694223
0.0852124
0.0741437
0.0864733
0.0782846
0.0881988
0.0859052
0.0838043
0.0846063
0.0864869
0.0911336
0.0906482
0.0885551
0.0825128
0.0788697
0.0745452
0.0702183
21.7914
3.38065
1.22627
0.661722
0.435943
0.320514
0.251904
0.20689
0.175281
0.151929
0.134009
0.119854
0.108355
0.098902
0.0908841
0.0841225
0.0781845
0.0731017
0.0684793
0.0645619
0.0607563
0.0577684
0.0544515
0.052344
0.0495313
0.0479164
0.0455174
0.043857
0.0415574
0.040067
0.037977
0.0370329
0.036458
0.0367249
0.0397039
0.0425505
0.0543514
0.0750218
0.0608468
0.0656719
0.0698496
0.0843835
0.0791076
0.0957316
0.0849057
0.0945834
0.0947587
0.0944266
0.09285
0.0907827
0.0836909
0.0799345
0.0794494
0.081133
21.7912
3.38064
1.22611
0.661623
0.435907
0.320531
0.251923
0.20695
0.175318
0.152012
0.134066
0.119943
0.108444
0.0989804
0.091006
0.0841995
0.0783341
0.0732033
0.0686772
0.0646794
0.0610935
0.0578586
0.055071
0.0523948
0.0503945
0.0481498
0.0466137
0.0445395
0.0426896
0.0410405
0.0389213
0.037703
0.040641
0.0417762
0.0370752
0.0387072
0.0431844
0.070292
0.0543374
0.0554873
0.0582998
0.0593955
0.0620128
0.0818341
0.0688786
0.0809114
0.0845233
0.0815464
0.0727036
0.063057
0.060281
0.0509487
0.0544152
0.0587031
21.7912
3.38044
1.22604
0.661584
0.435874
0.320483
0.2519
0.206886
0.175307
0.15193
0.134064
0.119851
0.108449
0.0988912
0.0910297
0.0841052
0.0783881
0.0731066
0.0687223
0.064653
0.0610276
0.0579694
0.054837
0.0525235
0.0499906
0.0481421
0.0459693
0.0444634
0.0422669
0.0403406
0.0394859
0.0368816
0.0367819
0.0457657
0.0428414
0.0724569
0.0488891
0.0516258
0.0548923
0.0559076
0.086384
0.0655004
0.0769712
0.0978783
0.0743688
0.0856961
0.0890174
0.0879071
0.0842667
0.0746719
0.0682058
0.0544196
0.0566584
0.0603571
21.7909
3.38047
1.22591
0.661492
0.435849
0.320497
0.251928
0.206936
0.17535
0.152007
0.134114
0.119962
0.108491
0.0990411
0.0910448
0.0843069
0.0783836
0.0733469
0.0687618
0.0648773
0.0611697
0.0582118
0.0550164
0.0529045
0.0501674
0.0485873
0.0463463
0.0449374
0.0429257
0.041245
0.0397325
0.0380329
0.0354554
0.0348066
0.034714
0.034691
0.035988
0.0495753
0.0497171
0.0452108
0.0454192
0.0453614
0.045742
0.0463028
0.0492175
0.0569365
0.0551409
0.0508523
0.0453557
0.0433008
0.0394601
0.0404901
0.0489582
0.0647938
21.7912
3.38053
1.2261
0.661598
0.43587
0.320493
0.251892
0.20692
0.175295
0.151996
0.134047
0.119954
0.108427
0.0990294
0.0910104
0.0842767
0.078391
0.0733005
0.0687821
0.0648517
0.0611674
0.0581902
0.0550084
0.052818
0.0501603
0.0483741
0.0463632
0.0445618
0.0429901
0.0408472
0.0393789
0.0377351
0.035546
0.039034
0.0333105
0.032987
0.0340135
0.041485
0.0325643
0.0341994
0.0539733
0.0417736
0.0421262
0.0595362
0.0491006
0.0568634
0.0538757
0.0492395
0.044556
0.0417219
0.0372604
0.0387243
0.0470015
0.0664457
21.7909
3.38051
1.22594
0.661497
0.435837
0.320495
0.25192
0.206957
0.175343
0.15206
0.1341
0.120048
0.108476
0.0991459
0.0910663
0.0843847
0.0785049
0.0733663
0.0689935
0.0648865
0.061486
0.0582098
0.055461
0.0529066
0.0505898
0.0485011
0.0465507
0.044813
0.0428916
0.0417833
0.0395045
0.0380217
0.0363633
0.0353259
0.0331652
0.0327357
0.0320271
0.0318029
0.0309654
0.0307037
0.033057
0.0324768
0.0376658
0.0335157
0.0367388
0.0391636
0.0388424
0.0382397
0.0367991
0.0359156
0.036728
0.0428109
0.07244
0.113277
21.7908
3.38032
1.22587
0.661452
0.435803
0.320455
0.251889
0.206903
0.175323
0.151979
0.134107
0.119932
0.108519
0.0990108
0.0911238
0.0842835
0.0785228
0.0733341
0.0689784
0.0648425
0.0615078
0.0580893
0.0554677
0.0526786
0.0505453
0.0483437
0.0464341
0.0447341
0.0429227
0.0414269
0.0397196
0.0382401
0.0367164
0.0354693
0.0340459
0.0338587
0.0316513
0.0318823
0.0336494
0.0349936
0.0325657
0.0334398
0.0335008
0.0335667
0.0356682
0.0374706
0.0375063
0.0367816
0.0363515
0.0340664
0.0345831
0.0388762
0.0728196
0.113318
21.7906
3.38032
1.22564
0.661306
0.435747
0.320456
0.251908
0.206949
0.175363
0.152052
0.134154
0.120035
0.108558
0.099151
0.091137
0.0844697
0.078514
0.0735591
0.0689825
0.0650702
0.0615849
0.0582967
0.0556096
0.0529468
0.0507645
0.0485648
0.0465511
0.0448621
0.0429637
0.0415092
0.0399932
0.0381593
0.0373872
0.0351421
0.0342577
0.0331886
0.0327003
0.0307564
0.0304258
0.0300647
0.0302167
0.0305141
0.0345816
0.0331609
0.0353525
0.0357487
0.0359361
0.0346441
0.0347629
0.0330939
0.0375153
0.0490963
0.144108
0.205402
21.7907
3.38023
1.2258
0.661405
0.435775
0.320442
0.251888
0.206909
0.175338
0.151997
0.134137
0.11996
0.108567
0.0990497
0.091194
0.0843372
0.0786181
0.0734184
0.0690859
0.0649924
0.0615988
0.0583001
0.0555708
0.0528959
0.0506619
0.048611
0.0465775
0.0449321
0.0431582
0.0415484
0.0399326
0.0384018
0.0368911
0.0351658
0.0347534
0.0323499
0.0317202
0.0310735
0.030582
0.0301057
0.0301773
0.0301859
0.0334146
0.0323887
0.0338422
0.0348186
0.0348452
0.0344464
0.0339758
0.0328757
0.0347624
0.0467167
0.131128
0.184759
21.7904
3.38025
1.22561
0.661268
0.435722
0.320441
0.251904
0.20695
0.175371
0.152065
0.134175
0.120057
0.1086
0.0991729
0.0912129
0.0844931
0.0786146
0.0736277
0.0690392
0.0652745
0.0615063
0.0586231
0.0555432
0.0530852
0.0508887
0.048621
0.0468288
0.0447056
0.0431818
0.0416274
0.0400617
0.0388952
0.0373436
0.0356576
0.0343118
0.0330774
0.0321012
0.0310867
0.031085
0.0294428
0.0294157
0.0295094
0.0313866
0.0304253
0.0308288
0.0328843
0.0325327
0.0328796
0.0329442
0.0315056
0.0405806
0.0871592
0.239601
0.273272
21.7904
3.38006
1.22551
0.661212
0.435681
0.320401
0.251868
0.206905
0.175335
0.152011
0.134139
0.119993
0.10857
0.0991084
0.0911909
0.0844382
0.0785975
0.0735928
0.0690182
0.065273
0.0614669
0.0586486
0.0554978
0.0530956
0.0508279
0.0486553
0.0467419
0.0447242
0.0431955
0.0414644
0.0403232
0.0387789
0.037802
0.0361267
0.0351194
0.0334986
0.0326225
0.0318477
0.0317245
0.0307589
0.0307051
0.0306081
0.0310763
0.0310804
0.0314595
0.0327129
0.0323562
0.0324779
0.0336418
0.0335684
0.0383646
0.0584428
0.167657
0.229747
21.7901
3.38004
1.22532
0.661091
0.435635
0.320401
0.251887
0.206942
0.175374
0.15207
0.134191
0.12007
0.108631
0.099194
0.0912645
0.0845173
0.0787036
0.0736403
0.0691883
0.0652554
0.0617134
0.058598
0.0556972
0.0532022
0.0508252
0.0488067
0.0468879
0.0452118
0.0434889
0.0416841
0.040301
0.0390159
0.0377728
0.0368465
0.0357025
0.0348877
0.0337681
0.0332239
0.0327755
0.0319952
0.0331456
0.0314212
0.0317876
0.0334745
0.032161
0.03255
0.0330906
0.0334101
0.0349655
0.0345402
0.0503051
0.112136
0.395527
0.464429
21.7902
3.37993
1.22536
0.661115
0.435632
0.32038
0.25186
0.206907
0.175341
0.152025
0.134154
0.120019
0.108594
0.099145
0.091231
0.0844787
0.0786761
0.0736148
0.0691739
0.0652375
0.0617215
0.0585623
0.0557344
0.0531437
0.0508872
0.0487314
0.0469426
0.045144
0.043712
0.0422585
0.0411008
0.0399721
0.038995
0.0381007
0.0372743
0.0365968
0.0359975
0.0355441
0.0352219
0.0347177
0.0331748
0.0327297
0.0336008
0.0334397
0.033325
0.033342
0.0328369
0.0340434
0.036956
0.0413217
0.0592133
0.0951497
0.136176
0.14352
21.7899
3.37992
1.22516
0.660982
0.435579
0.320374
0.251874
0.206939
0.175374
0.152078
0.134199
0.120091
0.108645
0.0992291
0.0912853
0.0845702
0.0787336
0.0737099
0.0692336
0.0653308
0.0617798
0.0586553
0.0557843
0.053249
0.0508971
0.0488453
0.0469158
0.0452512
0.0436877
0.042345
0.0410887
0.0400184
0.0390497
0.0382007
0.0374761
0.0368294
0.0363078
0.0359029
0.0352536
0.0351955
0.0346661
0.0349383
0.0341455
0.0342105
0.0336305
0.033242
0.0340935
0.0362052
0.0449148
0.0512937
0.0825875
0.065005
0.195426
0.224909
21.7899
3.37981
1.22511
0.660944
0.43555
0.320342
0.251843
0.206898
0.175336
0.152024
0.134156
0.120025
0.108602
0.099159
0.0912482
0.0845025
0.0787062
0.0736496
0.0692188
0.0652796
0.0617727
0.0586088
0.0557729
0.0531892
0.0508836
0.0487796
0.0468895
0.0451943
0.0436609
0.0423067
0.0410753
0.039998
0.0390236
0.0381697
0.0374029
0.0367246
0.0361025
0.0356063
0.0351631
0.0347411
0.0343149
0.0338914
0.0334202
0.0328012
0.0321423
0.0331088
0.0327165
0.0427798
0.0461874
0.0780009
0.127051
0.241242
0.25478
0.281651
21.7896
3.37978
1.22495
0.66084
0.435511
0.320342
0.251861
0.20693
0.175375
0.152075
0.134209
0.12009
0.108666
0.0992327
0.0913175
0.0845817
0.0787788
0.073732
0.0692912
0.065365
0.0618461
0.0587079
0.0558537
0.05331
0.0509896
0.0489095
0.0470248
0.0453314
0.0438101
0.042448
0.0412284
0.0401348
0.0391705
0.0382983
0.0375357
0.036863
0.0362872
0.0358215
0.0353031
0.0349031
0.0344306
0.0339906
0.0334303
0.0328646
0.0318865
0.0333279
0.0363993
0.0524488
0.0697678
0.0978477
0.173796
0.229246
0.232137
0.289429
21.7897
3.37986
1.22513
0.660956
0.435561
0.320356
0.251855
0.206914
0.175351
0.152046
0.134175
0.120053
0.108627
0.0991934
0.0912813
0.0845445
0.0787514
0.0737008
0.0692793
0.0653409
0.0618497
0.0586778
0.0558636
0.0532754
0.0509942
0.0488668
0.0470188
0.0452677
0.0437728
0.0423527
0.0411349
0.0400212
0.0389877
0.0381501
0.037254
0.0366336
0.0358787
0.0353219
0.0346873
0.0341308
0.0335205
0.032932
0.0323105
0.0318166
0.0323678
0.0366273
0.0435931
0.0557769
0.0820933
0.12649
0.250055
0.429814
0.402169
0.409791
21.7895
3.37984
1.22497
0.660851
0.435519
0.320352
0.25187
0.206943
0.175386
0.152092
0.134223
0.120113
0.108683
0.0992607
0.0913411
0.084615
0.0788121
0.07377
0.0693375
0.0654057
0.0619075
0.0587435
0.0559336
0.0533483
0.0510738
0.0489509
0.0471102
0.0453626
0.0438877
0.0424612
0.0412909
0.0401291
0.0391906
0.0382787
0.0375063
0.0368005
0.0361132
0.0355259
0.0349348
0.0342795
0.0340355
0.0322962
0.0315113
0.0315495
0.0327646
0.0396033
0.0572037
0.0725503
0.0955186
0.110885
0.270278
0.373176
0.361468
0.437603
21.7909
3.3801
1.2256
0.661115
0.43546
0.320143
0.251601
0.206651
0.175083
0.151781
0.13391
0.11979
0.108368
0.0989321
0.0910292
0.0842871
0.0785142
0.0734617
0.0690808
0.0651581
0.0617348
0.0586093
0.0558896
0.0533648
0.0511809
0.0490931
0.0472949
0.0455392
0.0440345
0.04257
0.0412922
0.0400947
0.0389961
0.0379802
0.0370724
0.0361114
0.0353746
0.0343735
0.0338285
0.0327518
0.0324666
0.0315827
0.0320134
0.0336867
0.035575
0.0421183
0.0522481
0.0483959
0.0894096
0.0880806
0.220523
0.337211
0.353335
0.286607
21.7905
3.3799
1.22518
0.660838
0.435338
0.320106
0.251604
0.20667
0.175117
0.151819
0.133959
0.119841
0.108424
0.0989928
0.0910877
0.0843553
0.078567
0.0735243
0.0691066
0.065182
0.0617027
0.0585616
0.0557758
0.0532275
0.0509838
0.0488759
0.0470461
0.0453034
0.0437953
0.0423826
0.0411235
0.040003
0.0389325
0.0380016
0.0371285
0.0362221
0.0355356
0.0345519
0.0340469
0.0329939
0.032632
0.0318555
0.0323349
0.0332187
0.0392694
0.0505236
0.0588704
0.0619573
0.083081
0.104941
0.124409
0.264463
0.360165
0.273092
0.0111048
0.0114355
0.0118223
0.0121319
0.0125129
0.0128054
0.0131778
0.013459
0.0138164
0.0140982
0.014436
0.0147281
0.0150358
0.015331
0.0155993
0.0158821
0.0161143
0.0163752
0.0165844
0.0168204
0.0170099
0.0172239
0.0173904
0.0175841
0.0177242
0.0178864
0.0179957
0.0181157
0.0182056
0.0182994
0.0183944
0.0184889
0.0186183
0.0187876
0.0190207
0.0192991
0.0196712
0.0202038
0.0207347
0.021306
0.0218988
0.0219799
0.0224012
0.0208543
0.0197414
0.0311292
0.0305922
0.0304498
0.0489356
0.0668713
0.0895231
0.0942399
0.0804393
0.0659181
0.0110751
0.0114639
0.0117941
0.012159
0.0124928
0.0128298
0.0131663
0.0134866
0.013811
0.0141343
0.0144352
0.0147687
0.0150402
0.0153679
0.0156093
0.0159123
0.0161283
0.0164018
0.0165993
0.0168464
0.0170267
0.0172465
0.0174147
0.0175994
0.0177589
0.0179022
0.0180552
0.0181827
0.0183111
0.0184713
0.0185809
0.0187958
0.0189386
0.0192061
0.019411
0.0197404
0.020097
0.0205569
0.0210622
0.0216088
0.0220896
0.0221524
0.022157
0.0211775
0.0203231
0.0252993
0.0261741
0.0389671
0.0515218
0.0595078
0.0726736
0.0862296
0.081147
0.0967892
0.182913
0.0689619
0.178263
0.110112
0.130007
0.258395
0.243012
0.42064
0.199661
0.158808
0.150135
0.0623063
0.12444
0.140191
0.119953
0.367722
0.138121
0.307228
0.159748
0.206327
0.117647
0.0709298
0.217401
0.0646865
0.179933
0.228224
0.189915
0.240895
0.295193
0.176733
0.22272
0.113708
0.0656723
0.157218
0.0688887
0.124359
0.191789
0.209676
0.167379
0.206779
0.122606
0.228128
0.0563664
0.0552474
0.0566865
0.0585147
0.07603
0.0580873
0.0744561
0.055409
0.0608515
0.0548475
0.0981367
0.112859
0.097446
0.131588
0.0566838
0.0548337
0.0556904
0.059063
0.0777351
0.0582668
0.076454
0.05687
0.0588949
0.05321
0.090182
0.114698
0.0823441
0.102429
0.0601901
0.0577533
0.0599232
0.0581249
0.0578738
0.0578256
0.0608981
0.517273
0.321926
0.276535
0.414209
0.802432
0.271442
0.313525
0.278473
0.207016
0.23225
0.201036
0.226749
0.060174
0.0567249
0.0599436
0.0592247
0.0609384
0.0573608
0.0650287
0.319863
0.291997
0.181956
0.309884
0.218699
0.251765
0.290497
0.276055
0.182265
0.213649
0.189211
0.231965
0.0748384
0.056881
0.0637088
0.0553778
0.0636215
0.055767
0.0614265
0.330617
0.134215
0.103668
0.102939
0.254444
0.931902
1.17835
0.244111
0.246114
0.247068
0.311795
0.257463
0.28204
0.234749
0.0625529
0.0583023
0.0572486
0.0573304
0.060244
0.0570172
0.059763
0.189722
0.133806
0.122051
0.216598
0.137931
0.637239
0.686724
0.239476
0.231087
0.26022
0.262824
0.221416
0.278199
0.230798
0.0791754
0.0593006
0.0809788
0.0556854
0.0556426
0.0556468
0.0568875
0.109498
0.0986594
0.112179
0.0623008
0.0557737
0.0600971
0.0543857
0.0817257
0.0585592
0.0758916
0.0555799
0.0579259
0.0554457
0.0559278
0.100056
0.0830142
0.0938661
0.060361
0.0561608
0.0585586
0.0538795
0.398703
0.117042
0.216019
0.145961
0.265435
0.341955
0.18434
0.129832
0.142485
0.303993
0.395845
0.119579
0.151919
0.134416
0.254878
0.592134
0.373534
0.323704
0.121943
0.148404
0.133062
0.290945
0.49956
0.422636
0.397767
0.220615
0.38337
0.35352
0.267585
0.388554
0.894134
0.329996
0.288014
0.169734
0.241952
0.478808
0.311177
0.200562
0.302568
0.178096
0.159381
0.199641
0.26711
0.197591
0.14378
0.134021
0.137837
0.28084
0.200724
0.134588
0.130093
0.141636
0.155249
0.196127
0.135626
0.125035
0.267292
0.11939
0.172424
0.317611
0.19028
0.106886
0.136763
0.121715
0.170836
0.174994
0.0937911
0.437852
0.163297
0.19673
0.27313
0.476294
0.215654
0.106849
0.309983
0.168326
0.198371
0.261295
0.170522
0.275274
0.254376
0.28842
0.180299
0.227105
0.193517
0.31449
0.619383
0.448136
0.309127
0.124379
0.111675
0.103094
0.260719
0.590763
0.462034
0.418307
0.125827
0.257197
0.140595
0.312701
0.38501
0.236013
0.133608
0.304539
0.137989
0.48465
0.202374
0.319819
0.25852
0.561421
0.922555
0.639943
0.453253
0.214708
0.239557
0.255162
0.341284
0.88873
0.375457
0.301746
0.496888
0.984921
0.914986
0.273539
0.318868
0.799295
0.46089
0.181258
0.327863
0.147059
0.136544
0.139193
0.139981
0.145563
0.114611
0.0613641
0.191888
0.144132
0.136396
0.260873
0.142117
0.146797
0.124748
0.131689
0.132783
0.119282
0.353942
0.198881
0.248386
0.322609
0.221094
0.587272
0.877339
0.397682
0.210008
0.228959
0.202657
0.404061
0.85074
0.241778
0.168783
0.866123
0.251276
0.765549
0.146045
0.19477
0.244023
0.951537
0.150533
0.0868655
0.0720358
0.0762001
0.0752151
0.0792765
0.123315
0.124092
0.0902275
0.0628027
0.0776898
0.0904479
0.123666
0.0719209
0.136705
0.0647009
0.072449
0.0765101
0.090906
0.0770247
0.128256
0.594029
0.287778
0.408438
0.551468
0.416352
0.398137
0.632059
0.465298
0.392785
0.408876
0.395606
0.377787
0.432723
0.395645
0.133424
0.0632562
0.0892544
0.0710834
0.0806181
0.0740371
0.130038
0.430809
0.330369
0.370896
0.363202
0.347702
0.373229
0.369909
0.512201
0.346194
0.252361
0.418289
0.323994
0.418891
0.533398
0.151787
0.0771464
0.0812923
0.0644166
0.077901
0.0919494
0.131168
0.139262
0.076678
0.0629952
0.0866122
0.0756982
0.13316
0.0905456
0.616471
0.599543
0.37589
0.431267
0.52332
0.506114
0.673053
0.60523
0.57202
0.345814
0.288662
0.581914
0.662751
0.449911
0.129334
0.0816244
0.0927024
0.0641518
0.1286
0.0769755
0.0931988
0.137351
0.0748687
0.061488
0.0751863
0.0773584
0.0927969
0.131045
0.686025
0.579582
0.24049
0.256235
0.664613
0.497178
0.272231
0.61794
0.608273
0.336436
0.261273
0.399203
0.336755
0.613227
0.926882
1.12788
0.927294
0.64222
0.769997
0.733588
1.03777
0.237808
0.289989
0.346474
0.204429
0.301748
0.266845
0.362681
0.408262
1.2532
0.59326
0.847043
0.659572
0.871824
0.993522
0.618456
0.691918
0.623631
0.251327
0.482998
0.677033
0.772706
0.339969
0.347851
0.175492
0.528996
0.123689
0.545132
0.212265
0.660576
0.246984
0.565332
0.641013
0.173779
0.387933
0.22799
0.121295
0.841103
0.206534
0.522644
0.181805
0.335382
0.523136
0.208211
0.17287
0.176345
0.159376
0.210884
0.129384
0.230162
0.287481
0.258754
0.22657
0.154615
0.328746
0.279075
0.188507
0.549608
0.158215
0.168443
0.927412
1.15207
0.121126
0.16788
0.194369
0.150857
0.198168
0.117038
0.152645
0.105917
0.140748
0.126013
0.115536
0.082469
0.0939087
0.0998029
0.0772366
0.125318
0.210474
0.263631
0.151167
0.135655
0.242133
0.165124
0.761885
0.779265
0.44228
0.214982
0.523436
0.385771
0.209433
0.429303
0.55802
0.293663
0.281188
0.347315
0.231584
0.300273
0.347767
0.369955
0.293253
0.415018
0.367606
0.177567
0.330219
0.173744
0.526154
0.279123
0.360764
0.194318
0.454129
0.328411
0.372776
0.189965
0.447069
0.207447
0.203778
0.245651
0.1819
0.215477
0.318272
0.266742
0.279699
0.323223
0.308729
0.171006
0.357283
0.172324
0.399231
0.305176
0.200977
0.152274
0.543712
0.35605
0.181881
0.525562
0.175319
0.155382
0.144848
0.15898
0.112392
0.214343
0.261337
0.26335
0.195197
0.149921
0.287627
0.146593
0.237604
0.149159
0.427608
0.165433
0.599634
0.533437
0.165291
0.143654
0.301652
0.422522
0.144446
0.164956
0.392006
0.129462
0.14963
0.117935
0.159473
0.146116
0.293325
0.138285
0.368351
0.133986
0.383601
0.154817
0.147562
0.198868
0.14887
0.171325
0.475903
0.452007
0.69584
0.888977
0.911275
0.385372
0.711826
0.914269
0.733513
0.418924
0.22102
0.589647
0.239124
0.419399
0.285749
0.235813
0.0905884
0.626608
0.37734
0.685776
0.394588
0.619726
0.728679
0.565491
0.541981
0.467983
0.307712
0.357664
0.507425
0.381991
0.394022
0.53747
0.289564
0.196614
0.207713
0.233183
0.205158
0.196168
0.185636
0.172021
0.234567
0.313722
0.410546
0.481026
0.547643
0.434527
0.530964
0.446567
0.349622
0.259796
0.161408
0.271992
0.30935
0.465572
0.248254
0.180783
0.484881
0.193063
0.250239
0.185691
0.258145
0.15511
0.27017
0.16672
0.385183
0.19718
0.400371
0.162768
0.199696
0.260471
0.201187
0.252878
0.184629
0.175889
0.206326
0.160258
0.181666
0.177938
0.168508
0.108424
0.174175
0.139728
0.138194
0.217084
0.25196
0.189908
0.26281
0.192684
0.260719
0.220467
0.0980168
0.105394
0.130327
0.0925656
0.182331
0.183158
0.166207
0.191631
0.186757
0.181205
0.16134
0.0894881
0.0805293
0.112466
0.0628771
0.08813
0.113181
0.0899016
0.114962
0.178137
0.19022
0.158666
0.0983825
0.174626
0.157802
0.152206
0.154575
0.205138
0.157873
0.14109
0.151668
0.157205
0.149234
0.0969037
0.12748
0.124354
0.0905151
0.157085
0.234869
0.165192
0.258036
0.160405
0.1688
0.236638
0.0709309
0.0935681
0.0938936
0.0746302
0.185664
0.250791
0.118594
0.16048
0.130665
0.188285
0.162051
0.127125
0.12529
0.0274179
0.0293302
0.0397007
0.0232893
0.0461553
0.0581831
0.0449664
0.0558014
0.10784
0.178957
0.159623
0.0579566
0.161241
0.114697
0.148285
0.166207
0.161731
0.534833
0.679355
0.679516
0.604868
0.756579
0.653739
0.956835
0.32049
0.176607
0.128811
0.242452
0.312742
0.134172
0.402414
0.121661
0.460966
0.894493
0.68368
1.10887
0.670102
1.26564
0.676486
0.133456
0.0889742
0.202511
0.281087
0.1886
0.433923
0.175121
0.43404
0.207238
0.219901
0.270559
0.200074
0.277961
0.190272
0.269412
0.182308
0.346286
0.184887
0.177443
0.394283
0.257302
0.313214
0.26521
0.289032
0.419179
0.537797
0.225131
0.217852
0.403983
0.270064
0.222387
0.225154
0.381986
0.25082
0.243274
0.300241
0.237526
0.258581
0.265886
0.244256
0.285126
0.246525
0.367147
0.193868
0.403579
0.179696
0.560821
0.234615
0.612966
0.677936
0.157327
0.479442
0.162742
0.30319
0.182572
0.433637
0.131505
0.180624
0.207682
0.169789
0.210508
0.19227
0.23818
0.192546
0.226015
0.151234
0.288983
0.378011
0.149039
0.15744
0.418586
0.130648
0.547128
0.506194
0.48819
0.582636
0.227788
0.385512
0.645446
0.215012
0.471713
0.344474
0.328077
0.394158
0.288434
0.362
0.426123
0.373932
0.430393
0.492218
0.45207
0.4418
0.204854
0.636626
0.197484
0.342211
0.413023
0.570217
0.357397
0.20868
0.532228
0.449932
0.198562
0.261524
0.24852
0.312409
0.230393
0.287649
0.427623
0.36198
0.347331
0.36402
0.314608
0.434196
0.178933
0.474828
0.180063
0.343943
0.275209
0.74129
0.328246
0.459717
0.713665
0.270569
0.326995
0.29051
0.224854
0.277653
0.232334
0.309234
0.37357
0.308769
0.346373
0.266488
0.465716
0.712271
0.408276
0.730027
0.335634
0.334984
0.906171
0.754218
0.285185
0.742878
0.310269
0.465064
0.286975
0.774874
0.285971
0.2549
0.247047
0.258919
0.22009
0.338335
0.405637
0.353519
0.367141
0.25369
0.431473
0.465257
0.260463
0.637578
0.271282
0.232
1.1132
1.13761
1.20319
0.909399
1.17084
0.931085
0.957325
0.307202
0.320901
0.39168
0.249107
0.351698
0.416287
0.424299
0.33807
1.42521
1.06336
0.717705
1.07892
1.33453
1.037
0.811047
1.02696
1.11283
0.903577
0.818359
1.13354
1.00603
0.830969
0.213622
0.236845
0.307013
0.167957
0.275622
0.413232
0.36052
0.337377
0.911458
0.87531
1.42779
0.839559
1.2256
0.848706
0.978343
0.229129
0.282233
0.0963578
0.0781099
0.16359
0.135174
0.0994535
0.0586993
0.16171
0.0216339
0.0219606
0.0288976
0.012522
0.0236365
0.042777
0.0320709
0.029443
0.0828108
0.159434
0.0429089
0.156438
0.101937
0.153625
0.105514
0.0976214
0.151203
0.215307
0.220879
0.168158
0.181767
0.21063
0.184784
0.183638
0.132057
0.200226
0.1689
0.1557
0.236017
0.247162
0.3098
0.165696
0.276943
0.260492
0.180033
0.112602
0.111945
0.0923358
0.139826
0.144612
0.11702
0.158458
0.133695
0.109399
0.150173
0.151965
0.0835006
0.0682714
0.101014
0.0516522
0.0691551
0.0980366
0.0732995
0.0965468
0.163652
0.169808
0.0819034
0.146127
0.142185
0.164091
0.135481
0.218885
0.640512
0.331821
0.199029
0.655851
0.22631
0.206219
0.254039
0.269746
0.263471
0.224679
0.264954
0.333526
0.278823
0.304208
0.217102
0.353932
0.451162
0.261003
0.595072
0.20803
0.270642
0.695901
0.861606
0.239584
0.663056
0.185321
0.413379
0.248046
0.686926
0.207863
0.361039
0.310998
0.385337
0.301304
0.333474
0.342909
0.354542
0.333103
0.261752
0.444876
0.658385
0.319153
0.720096
0.246833
0.268176
0.736823
0.872704
1.29444
0.928271
1.23502
0.7989
0.894721
0.0992833
0.201465
0.156732
0.158328
0.730766
0.828055
1.4732
0.733518
1.26834
0.827454
0.680491
0.0713634
0.120639
0.144168
0.269125
0.710616
0.947088
0.929324
0.768887
0.791174
0.597246
1.06255
0.237206
0.0814348
0.125266
0.0520005
0.0473749
0.109652
0.113033
0.0398536
0.988134
0.876495
0.644244
0.755468
1.02027
0.911293
0.503967
)
;

boundaryField
{
    inlet
    {
        type            fixedValue;
        value           uniform 440.15;
    }
    outlet
    {
        type            zeroGradient;
    }
    rightSide
    {
        type            symmetryPlane;
    }
    leftSide
    {
        type            symmetryPlane;
    }
    duct
    {
        Cmu             0.09;
        kappa           0.41;
        E               9.8;
        beta1           0.075;
        type            omegaWallFunction;
        value           nonuniform List<scalar> 
216
(
0.0111147
0.0110581
0.0114259
0.0114794
0.0118301
0.0117799
0.0121318
0.012167
0.0125124
0.0124865
0.0128273
0.0128381
0.0131723
0.0131725
0.0135003
0.013497
0.0138064
0.0138192
0.0141228
0.0141227
0.0143973
0.0144127
0.0146805
0.0146964
0.0149356
0.0149583
0.0151937
0.0152276
0.0154329
0.0154669
0.0156712
0.015734
0.0159089
0.0159464
0.016129
0.0162123
0.0163569
0.0164078
0.016555
0.0166472
0.016748
0.016842
0.0169189
0.0170444
0.0171222
0.0172535
0.0173142
0.0174344
0.0175056
0.0175972
0.0177072
0.017824
0.0179027
0.0180742
0.0181693
0.0183567
0.0185165
0.0188157
0.0191038
0.0197433
0.0206021
0.0214662
0.022662
0.0233052
0.0251609
0.0256293
0.0274929
0.027811
0.0301012
0.0302768
0.0318836
0.0321741
0.0339815
0.0340856
0.0360088
0.035939
0.0358255
0.0358455
0.0364957
0.0363217
0.0357044
0.0356975
0.0352631
0.0353321
0.035918
0.0358859
0.0362406
0.035312
0.0365292
0.0349266
0.0353964
0.0350276
0.0359402
0.0351724
0.0342338
0.0346617
0.0334626
0.0342532
0.0341162
0.033327
0.0385889
0.0360551
0.0647161
0.0430408
0.0628351
0.0499157
0.0585532
0.0661379
0.0111048
0.0110751
0.0114355
0.0114639
0.0118223
0.0117941
0.0121319
0.012159
0.0125129
0.0124928
0.0128054
0.0128298
0.0131778
0.0131663
0.013459
0.0134866
0.0138164
0.013811
0.0140982
0.0141343
0.014436
0.0144352
0.0147281
0.0147687
0.0150358
0.0150402
0.015331
0.0153679
0.0155993
0.0156093
0.0158821
0.0159123
0.0161143
0.0161283
0.0163752
0.0164018
0.0165844
0.0165993
0.0168204
0.0168464
0.0170099
0.0170267
0.0172239
0.0172465
0.0173904
0.0174147
0.0175841
0.0175994
0.0177242
0.0177589
0.0178864
0.0179022
0.0179957
0.0180552
0.0181157
0.0181827
0.0182056
0.0183111
0.0182994
0.0184713
0.0183944
0.0185809
0.0184889
0.0187958
0.0186183
0.0189386
0.0187876
0.0192061
0.0190207
0.019411
0.0192991
0.0197404
0.0196712
0.020097
0.0202038
0.0205569
0.0207347
0.0210622
0.021306
0.0216088
0.0218988
0.0220896
0.0219799
0.0221524
0.0224012
0.022157
0.0208543
0.0211775
0.0197414
0.0203231
0.0311292
0.0252993
0.0305922
0.0261741
0.0304498
0.0389671
0.0489356
0.0515218
0.0668713
0.0595078
0.0895231
0.0726736
0.0942399
0.0862296
0.0804393
0.081147
0.0659181
0.0967892
)
;
    }
    cylinder
    {
        Cmu             0.09;
        kappa           0.41;
        E               9.8;
        beta1           0.075;
        type            omegaWallFunction;
        value           nonuniform List<scalar> 
448
(
0.931902
1.17835
0.637239
0.686724
0.592134
0.373534
0.49956
0.422636
0.388554
0.894134
0.311177
0.200562
0.172424
0.317611
0.174994
0.0937911
0.215654
0.106849
0.275274
0.254376
0.619383
0.448136
0.590763
0.462034
0.922555
0.639943
0.181258
0.327863
0.114611
0.0613641
0.587272
0.877339
0.927294
1.03777
0.237808
0.301748
0.659572
0.993522
0.482998
0.339969
0.347851
0.246984
0.173779
0.387933
0.522644
0.523136
0.176345
0.230162
0.927412
1.15207
0.16788
0.198168
0.105917
0.082469
0.761885
0.779265
0.523436
0.55802
0.293663
0.300273
0.330219
0.526154
0.454129
0.447069
0.207447
0.215477
0.357283
0.399231
0.543712
0.525562
0.155382
0.214343
0.599634
0.533437
0.422522
0.392006
0.129462
0.368351
0.147562
0.475903
0.452007
0.911275
0.733513
0.418924
0.419399
0.394588
0.565491
0.541981
0.467983
0.507425
0.53747
0.196614
0.196168
0.349622
0.259796
0.465572
0.484881
0.193063
0.199696
0.160258
0.168508
0.108424
0.26281
0.0980168
0.166207
0.16134
0.0894881
0.08813
0.0983825
0.157802
0.14109
0.157205
0.0969037
0.258036
0.236638
0.0709309
0.185664
0.250791
0.130665
0.12529
0.0274179
0.0461553
0.166207
0.161731
0.679516
0.956835
0.32049
0.312742
0.133456
0.0889742
0.433923
0.43404
0.219901
0.257302
0.419179
0.537797
0.403983
0.381986
0.25082
0.258581
0.612966
0.677936
0.479442
0.433637
0.180624
0.19227
0.547128
0.506194
0.344474
0.362
0.570217
0.532228
0.261524
0.287649
0.74129
0.29051
0.309234
0.906171
0.754218
0.2549
0.338335
1.13761
0.307202
0.351698
0.213622
0.275622
0.229129
0.282233
0.0781099
0.0586993
0.0216339
0.0236365
0.0976214
0.151203
0.168158
0.21063
0.132057
0.112602
0.0835006
0.0691551
0.640512
0.655851
0.254039
0.264954
0.695901
0.861606
0.663056
0.686926
0.361039
0.333474
1.29444
1.23502
0.0992833
0.0713634
0.947088
0.791174
0.237206
0.0473749
0.289989
0.266845
0.175492
0.22799
0.159376
0.287481
0.140748
0.0939087
0.281188
0.347767
0.203778
0.318272
0.144848
0.261337
0.14963
0.198868
0.22102
0.285749
0.207713
0.185636
0.250239
0.260471
0.174175
0.105394
0.0805293
0.113181
0.12748
0.0935681
0.0293302
0.0581831
0.176607
0.134172
0.270559
0.313214
0.243274
0.265886
0.207682
0.23818
0.328077
0.426123
0.24852
0.427623
0.224854
0.37357
0.247047
0.405637
0.320901
0.416287
0.236845
0.413232
0.0219606
0.042777
0.200226
0.111945
0.0682714
0.0980366
0.269746
0.333526
0.310998
0.342909
0.201465
0.120639
0.0814348
0.109652
0.346474
0.204429
0.408262
0.362681
0.528996
0.123689
0.841103
0.121295
0.210884
0.129384
0.279075
0.549608
0.22657
0.258754
0.713665
1.17084
0.712271
0.730027
0.126013
0.115536
0.263631
0.242133
0.0772366
0.0998029
0.451162
0.595072
0.347315
0.231584
0.293253
0.369955
0.245651
0.1819
0.266742
0.279699
0.15898
0.112392
0.237604
0.427608
0.195197
0.26335
0.117935
0.159473
0.383601
0.14887
0.171325
0.239124
0.589647
0.235813
0.0905884
0.233183
0.205158
0.547643
0.530964
0.172021
0.234567
0.185691
0.385183
0.258145
0.400371
0.201187
0.252878
0.138194
0.139728
0.220467
0.0925656
0.130327
0.112466
0.0628771
0.0899016
0.114962
0.0905151
0.124354
0.0746302
0.0938936
0.0397007
0.0232893
0.0579566
0.114697
0.0449664
0.0558014
0.128811
0.242452
1.10887
1.26564
0.402414
0.121661
0.200074
0.346286
0.277961
0.394283
0.26521
0.289032
0.403579
0.560821
0.300241
0.237526
0.244256
0.285126
0.582636
0.645446
0.210508
0.169789
0.378011
0.418586
0.192546
0.226015
0.434196
0.474828
0.394158
0.288434
0.4418
0.636626
0.373932
0.430393
0.312409
0.230393
0.36198
0.347331
0.277653
0.232334
0.346373
0.308769
0.742878
1.11283
0.774874
1.13354
1.42779
0.258919
0.22009
0.465257
0.637578
0.367141
0.353519
0.39168
0.249107
0.717705
1.33453
0.33807
0.424299
0.307013
0.167957
1.2256
0.337377
0.36052
0.0288976
0.012522
0.0429089
0.101937
0.0320709
0.029443
0.11702
0.109399
0.1689
0.3098
0.1557
0.260492
0.0923358
0.139826
0.101014
0.0516522
0.0819034
0.142185
0.0732995
0.0965468
0.263471
0.224679
0.304208
0.278823
0.720096
0.385337
0.301304
0.658385
0.333103
0.354542
0.156732
1.4732
0.158328
1.26834
0.269125
0.144168
0.125266
0.0520005
0.644244
1.02027
0.0398536
0.113033
)
;
    }
}


// ************************************************************************* //
