/*--------------------------------*- C++ -*----------------------------------*\
| =========                 |                                                 |
| \\      /  F ield         | OpenFOAM: The Open Source CFD Toolbox           |
|  \\    /   O peration     | Version:  4.1                                   |
|   \\  /    A nd           | Web:      www.OpenFOAM.org                      |
|    \\/     M anipulation  |                                                 |
\*---------------------------------------------------------------------------*/
FoamFile
{
    version     2.0;
    format      ascii;
    class       volScalarField;
    location    "29";
    object      omega;
}
// * * * * * * * * * * * * * * * * * * * * * * * * * * * * * * * * * * * * * //

dimensions      [0 0 -1 0 0 0 0];

internalField   nonuniform List<scalar> 
4432
(
0.011102
0.0114382
0.011825
0.0121273
0.012523
0.0128109
0.0131796
0.0134611
0.0137707
0.0140489
0.0143054
0.0145813
0.0148218
0.0150808
0.0153211
0.0155779
0.0158149
0.0160742
0.0163414
0.0165822
0.0168156
0.0170129
0.0171991
0.0173331
0.0174858
0.0176578
0.0179396
0.0185265
0.0202114
0.0229312
0.0257709
0.0287519
0.0315009
0.0339184
0.0359372
0.0377906
0.0394858
0.0400214
0.0409816
0.0413985
0.041303
0.0410815
0.0401682
0.0405845
0.0414659
0.040383
0.0396426
0.0388042
0.0360845
0.0390653
0.0520932
0.0561025
0.0439802
0.0326391
0.0110597
0.0114796
0.0117666
0.0121801
0.0124708
0.0128541
0.0131541
0.0134812
0.0137785
0.014058
0.0143387
0.0146037
0.0148662
0.0151284
0.0153783
0.0156304
0.0158687
0.0161377
0.0163685
0.0166585
0.0168422
0.0170645
0.0172231
0.0173839
0.0176309
0.01791
0.0182046
0.0194131
0.0212767
0.0236746
0.0262744
0.0288475
0.0315883
0.0339172
0.0359647
0.0375461
0.038807
0.0390134
0.0392532
0.0396892
0.0392349
0.0389072
0.0389595
0.0386036
0.0383763
0.0377187
0.0373875
0.0362909
0.0337302
0.0341402
0.0321286
0.0485582
0.0458374
0.0544486
21.825
3.39196
1.25408
0.679779
0.44355
0.323081
0.252527
0.206856
0.175017
0.151622
0.133671
0.119569
0.108089
0.0987142
0.0907437
0.0841014
0.0782542
0.0734031
0.0687662
0.0652191
0.0614836
0.058781
0.0559391
0.0537689
0.0515824
0.0498935
0.0478913
0.0464397
0.0448319
0.0436803
0.0421418
0.0410528
0.0397846
0.0385824
0.0379228
0.0360687
0.0353816
0.0349476
0.0346011
0.0345417
0.0333927
0.0329511
0.0323589
0.0319167
0.0329209
0.0347049
0.035661
0.0378387
0.0372511
0.0456893
0.0601148
0.293939
0.499211
0.603917
21.8252
3.39236
1.25456
0.68007
0.44368
0.323135
0.252547
0.206874
0.175019
0.151639
0.133691
0.11958
0.108134
0.0986993
0.0908338
0.0840718
0.0784
0.0732831
0.0688746
0.0650101
0.0616039
0.0587085
0.0560839
0.0539131
0.0518287
0.0499345
0.0483346
0.0467339
0.0453727
0.0438993
0.0426099
0.0413654
0.0400538
0.0389325
0.0378445
0.0369007
0.0361174
0.035569
0.0349797
0.0341967
0.0330027
0.0332909
0.0312097
0.0305679
0.0309941
0.0324631
0.034612
0.0342602
0.0390336
0.0391834
0.0462431
0.121651
0.360777
0.356071
21.8193
3.38883
1.25084
0.678035
0.442939
0.323007
0.252656
0.207056
0.175213
0.151833
0.13386
0.119794
0.108265
0.0990022
0.0909505
0.0845433
0.0786397
0.0741063
0.069642
0.0662582
0.0627354
0.0600285
0.0572631
0.0549967
0.0528581
0.0510217
0.0492586
0.0475412
0.0461091
0.0445008
0.0431414
0.041562
0.0405935
0.0388023
0.037507
0.036438
0.0356807
0.0350137
0.0343727
0.0339299
0.0329172
0.0331589
0.0303901
0.0299718
0.0296469
0.0313531
0.0317492
0.0338206
0.0324891
0.0339264
0.0476037
0.0843476
0.246657
0.422818
21.8193
3.38919
1.25123
0.678259
0.443043
0.323044
0.252689
0.20706
0.175245
0.151838
0.133907
0.119798
0.108343
0.0989823
0.091084
0.0845105
0.0788486
0.074105
0.0698863
0.0663636
0.0630413
0.0603114
0.0577236
0.0554229
0.0533614
0.0516059
0.0495645
0.0481535
0.04622
0.0447214
0.0432109
0.0413566
0.0404076
0.0382947
0.0374603
0.0367399
0.0350461
0.0343745
0.0344141
0.033129
0.0325446
0.032721
0.0304031
0.0299361
0.0310659
0.0289531
0.0293226
0.0304249
0.0329458
0.0335169
0.0440349
0.092068
0.227133
0.251262
21.8183
3.38812
1.25002
0.677549
0.442749
0.32294
0.252671
0.207046
0.175265
0.151808
0.13393
0.119741
0.108367
0.0989254
0.091139
0.0844684
0.0789885
0.074035
0.0701763
0.0663099
0.0634802
0.0604297
0.0581146
0.0556108
0.0537334
0.0514956
0.0499859
0.0475578
0.046204
0.0437495
0.0424463
0.0400235
0.0388073
0.0368327
0.0362296
0.0363303
0.0347082
0.0353442
0.0337718
0.0356872
0.0367729
0.0341072
0.0333971
0.0371435
0.0334909
0.035727
0.033181
0.0340849
0.0363681
0.0356135
0.0818735
0.131131
0.346206
0.664583
21.8183
3.38858
1.25009
0.677564
0.442767
0.322953
0.252696
0.207057
0.175305
0.15182
0.133992
0.119755
0.108448
0.0989299
0.0912327
0.084478
0.0790856
0.0741065
0.0702452
0.066512
0.0635193
0.0607497
0.0581976
0.0560574
0.0538773
0.0519584
0.0504091
0.0478586
0.0458858
0.0444658
0.0411541
0.0402925
0.0389973
0.0386077
0.0363659
0.0376025
0.0349459
0.0343091
0.0339979
0.0333334
0.0346201
0.0379203
0.0337057
0.0349768
0.0350136
0.0341459
0.0343425
0.0321366
0.0317967
0.0311085
0.0662911
0.0978553
0.317729
0.586229
21.8175
3.38782
1.2486
0.676617
0.442364
0.322802
0.252647
0.207026
0.175294
0.151788
0.133966
0.119718
0.108392
0.0989585
0.0911519
0.0846637
0.0789474
0.0744349
0.070153
0.06682
0.063723
0.0608278
0.058537
0.0561274
0.0536912
0.0514527
0.0489541
0.0446491
0.0431286
0.042285
0.0414316
0.0393608
0.0381631
0.0373202
0.037226
0.0353389
0.0348113
0.0342502
0.0341768
0.0367849
0.0341337
0.0337373
0.0334809
0.0337394
0.0339037
0.042019
0.0358404
0.0361435
0.0451575
0.0393028
0.051683
0.139174
0.727328
0.538983
21.8173
3.38789
1.24968
0.677364
0.442676
0.322931
0.252679
0.207078
0.175297
0.151846
0.133987
0.119771
0.108454
0.0989435
0.0912447
0.084469
0.079023
0.0739726
0.0700406
0.0661611
0.0631812
0.0601573
0.0576348
0.0554732
0.0529628
0.0502971
0.0482079
0.0458725
0.0443201
0.0422713
0.0411392
0.0385672
0.0377344
0.0372511
0.0362967
0.0365098
0.0341516
0.0335522
0.0338687
0.0349838
0.0325671
0.0329173
0.0329949
0.0334573
0.0382325
0.035469
0.0376641
0.0386397
0.0444474
0.0394951
0.048217
0.0551963
0.575928
0.561225
21.8157
3.38672
1.24817
0.676446
0.442284
0.32278
0.252641
0.207035
0.175313
0.151771
0.134024
0.119653
0.108514
0.0988187
0.0912965
0.084382
0.0790402
0.0740333
0.0701162
0.066547
0.0635052
0.0608555
0.0580498
0.056174
0.0533628
0.0512938
0.0482177
0.0467259
0.043481
0.0423268
0.03923
0.038388
0.0379378
0.0379952
0.0353418
0.0370996
0.034202
0.034066
0.0354337
0.0342539
0.0339921
0.0337766
0.0335762
0.0344159
0.0339091
0.0341326
0.0396349
0.0400222
0.0466944
0.0401527
0.0612722
0.0519885
0.30554
0.513513
21.8157
3.38699
1.24863
0.676728
0.442413
0.322858
0.252662
0.207105
0.1753
0.151895
0.133984
0.119837
0.108457
0.0990175
0.0912485
0.0845177
0.0789562
0.0739586
0.0698995
0.0660128
0.063131
0.0599095
0.0575577
0.0549631
0.0527014
0.0495067
0.0476866
0.0446908
0.0427874
0.0412028
0.0413192
0.0384136
0.0376222
0.0366382
0.0360704
0.036353
0.0340798
0.0335659
0.0333514
0.0328907
0.0339812
0.0354515
0.0348927
0.0357635
0.0373003
0.0366472
0.0383047
0.0391619
0.0399536
0.041958
0.0538604
0.0686289
0.144247
0.398196
21.8144
3.3862
1.24756
0.676071
0.44212
0.322763
0.252603
0.207111
0.175242
0.151911
0.133891
0.119842
0.108334
0.0990045
0.0911254
0.084466
0.0788999
0.0739061
0.0699623
0.0662425
0.0633919
0.0604087
0.0580606
0.0556121
0.0532261
0.0507429
0.0483898
0.0457407
0.0442066
0.0417516
0.0400197
0.0388671
0.0377134
0.0380986
0.0351181
0.0371643
0.0410893
0.042007
0.048545
0.041306
0.040775
0.0403472
0.0398911
0.0395643
0.0388265
0.0464059
0.0395543
0.0454932
0.0408657
0.0418985
0.0593817
0.0421872
0.137843
0.138939
21.8144
3.38636
1.2478
0.676237
0.442214
0.322806
0.252659
0.207127
0.175314
0.151924
0.133986
0.119865
0.108435
0.0990435
0.0911939
0.0845357
0.0788834
0.0739765
0.0698275
0.0660645
0.0631248
0.05995
0.0576675
0.0549992
0.0522604
0.0500246
0.0475317
0.0460866
0.0432603
0.0415804
0.0403638
0.0389418
0.0389234
0.0360614
0.035842
0.0352703
0.0365355
0.0383544
0.0384544
0.0359395
0.0373278
0.0398435
0.0362639
0.0364747
0.0358239
0.036024
0.0362152
0.0425211
0.0393847
0.0444545
0.0432176
0.0530703
0.0833672
0.0954668
21.8124
3.38497
1.24578
0.674997
0.441679
0.322609
0.252587
0.207108
0.175285
0.151921
0.133926
0.119858
0.10832
0.0990637
0.0910097
0.0846417
0.0786729
0.0741334
0.0697475
0.0663753
0.063139
0.060684
0.057921
0.0555679
0.0534909
0.0500915
0.0489943
0.0447593
0.0431917
0.0416075
0.0403495
0.0391505
0.0383009
0.0383615
0.0367476
0.036585
0.041241
0.0458366
0.040379
0.0417032
0.0433811
0.0490345
0.0554912
0.0490217
0.0555734
0.0480487
0.0532526
0.0481217
0.0474077
0.0467934
0.0513636
0.0537535
0.0616072
0.0638525
21.8124
3.38537
1.24614
0.675237
0.441799
0.322689
0.252627
0.207176
0.175321
0.151999
0.133987
0.119933
0.108429
0.099082
0.0911799
0.0845517
0.0788259
0.0740223
0.0696164
0.0662731
0.062713
0.0601376
0.0574613
0.0547179
0.052596
0.0493484
0.0464801
0.045663
0.0417698
0.040596
0.0398228
0.040072
0.0369357
0.0368326
0.0382127
0.0450381
0.043952
0.040296
0.0440872
0.0485463
0.0435828
0.0479161
0.0482917
0.044584
0.0456775
0.04793
0.042666
0.042118
0.0415447
0.0417949
0.0424935
0.0442363
0.0544837
0.0558726
21.8112
3.38438
1.24527
0.674718
0.441568
0.322576
0.252599
0.207116
0.175307
0.151916
0.133929
0.119827
0.108296
0.0990055
0.0909509
0.0845716
0.0785108
0.0740096
0.0693877
0.0660536
0.0626514
0.060187
0.0574791
0.0552528
0.0528588
0.050399
0.0482599
0.0458565
0.0448108
0.0407279
0.0439335
0.041527
0.0531003
0.0446717
0.0444238
0.0520092
0.0490746
0.0583804
0.0508189
0.0567024
0.0581065
0.0612823
0.0550668
0.0604804
0.0525402
0.0571931
0.0512823
0.0506262
0.0536376
0.0577953
0.0511643
0.0567998
0.0524182
0.0517779
21.811
3.38457
1.24571
0.675045
0.44172
0.322681
0.252631
0.207222
0.175315
0.152068
0.133925
0.120021
0.108292
0.0991952
0.0909614
0.0846442
0.0785178
0.073946
0.0692525
0.0659312
0.0622603
0.0598195
0.0569153
0.0547151
0.0518481
0.0501853
0.0473064
0.0449346
0.0432011
0.0407874
0.0407085
0.0372752
0.0365216
0.040595
0.0358117
0.0358514
0.0365951
0.0370516
0.0382019
0.0445913
0.0414585
0.0422723
0.0423455
0.0517571
0.0448239
0.0452671
0.0450401
0.049395
0.050944
0.05214
0.0473723
0.052572
0.0537422
0.0554033
21.8091
3.38311
1.24389
0.67391
0.441234
0.32246
0.252579
0.207107
0.175321
0.151904
0.133929
0.119799
0.108263
0.0989327
0.0908497
0.0843598
0.0783447
0.0735641
0.0692505
0.0654432
0.0625756
0.0598168
0.0574463
0.0549666
0.0522971
0.0508782
0.0462142
0.0477793
0.0435419
0.0519223
0.0442352
0.0433549
0.0456361
0.0434276
0.0450759
0.0569284
0.0522872
0.059087
0.0593705
0.0634497
0.0578391
0.0627317
0.0561255
0.0576738
0.0564275
0.0581464
0.0513591
0.049076
0.0484288
0.0475637
0.0473391
0.0606925
0.0639065
0.0688839
21.8091
3.3834
1.24418
0.674112
0.441342
0.322563
0.252619
0.207224
0.175338
0.152065
0.133936
0.120007
0.108268
0.0991648
0.0908686
0.0845731
0.0783772
0.0738115
0.069161
0.0657333
0.0623137
0.0595563
0.0568203
0.0542703
0.0517407
0.0503175
0.0466457
0.0457226
0.0413712
0.040449
0.0393878
0.0403806
0.0440189
0.0521222
0.0503815
0.0473771
0.0523379
0.0476024
0.0477135
0.0529623
0.0476618
0.0467824
0.0460794
0.0464759
0.0458773
0.0463197
0.0465203
0.0468531
0.0528753
0.0589139
0.052333
0.0602528
0.0931226
0.0924464
21.8081
3.38287
1.24292
0.673268
0.440981
0.322377
0.252592
0.207104
0.175367
0.151895
0.133965
0.119772
0.108269
0.0988476
0.0908385
0.0841751
0.0783798
0.0733079
0.0692794
0.0651789
0.0624668
0.0596203
0.0571715
0.0545158
0.0524309
0.0491569
0.0473515
0.0460886
0.0422359
0.044377
0.0482117
0.0526361
0.0586945
0.0625574
0.0738131
0.0664476
0.0713083
0.0755426
0.0689756
0.0761967
0.0678948
0.0728513
0.073252
0.0684315
0.0657047
0.0628878
0.0584314
0.0594314
0.0519945
0.050716
0.0507911
0.0580044
0.0971181
0.0938856
21.8079
3.38309
1.24356
0.673717
0.441193
0.322512
0.252646
0.207221
0.175407
0.152043
0.134019
0.119944
0.108332
0.0990455
0.0908823
0.0843765
0.0783573
0.0734548
0.0691369
0.0651672
0.0621212
0.0591091
0.0564946
0.0543046
0.0520244
0.0476665
0.0487945
0.0470365
0.0561379
0.0446158
0.0438421
0.0443891
0.0551437
0.047451
0.0479655
0.0481818
0.0482585
0.0483811
0.0536875
0.0601128
0.0526575
0.0605475
0.0519372
0.0509101
0.050615
0.0549301
0.0612591
0.0529396
0.0522164
0.0513081
0.0507341
0.0661833
0.0837158
0.120102
21.8061
3.38178
1.24177
0.672598
0.440707
0.322274
0.252581
0.20708
0.175389
0.151859
0.133956
0.119724
0.108161
0.0988131
0.090569
0.0841613
0.0779209
0.0733353
0.0685894
0.0651567
0.0617607
0.0589103
0.0566938
0.0538549
0.0510253
0.0490405
0.0472901
0.0457715
0.0465101
0.0486991
0.0576756
0.0786792
0.0624427
0.0646982
0.0660809
0.0672714
0.0681673
0.0682175
0.0688459
0.0680916
0.0685219
0.0669189
0.0658776
0.064833
0.0638649
0.0685265
0.0690777
0.0652528
0.0658319
0.0569876
0.0619619
0.066747
0.0824197
0.100219
21.806
3.38188
1.24241
0.673072
0.440931
0.322426
0.252643
0.207222
0.175427
0.15203
0.13401
0.119895
0.108275
0.0989407
0.0907678
0.084176
0.0781527
0.0731274
0.0687341
0.0647581
0.0614516
0.0586636
0.0556482
0.0539887
0.0511715
0.048778
0.0478569
0.0440573
0.0435448
0.0424318
0.0436061
0.0418005
0.0423229
0.047467
0.0566531
0.0509368
0.0493999
0.056787
0.0615971
0.0612602
0.0639552
0.0569461
0.0562961
0.0550908
0.0549827
0.0619591
0.0551547
0.0545816
0.0543794
0.0531548
0.0692867
0.0656194
0.0883052
0.15368
21.8052
3.3814
1.24101
0.672146
0.440521
0.32222
0.252586
0.207088
0.175449
0.151813
0.134087
0.119547
0.108397
0.0984555
0.0908854
0.0836466
0.0781684
0.0727554
0.0684684
0.0644825
0.0609373
0.0581117
0.0553334
0.0531869
0.0525265
0.0508641
0.0491754
0.0525873
0.051836
0.0745989
0.0558112
0.0785847
0.0721101
0.0753434
0.0762269
0.0766252
0.0770317
0.0777196
0.0979493
0.0800351
0.0869476
0.0902262
0.0869326
0.0892645
0.0742975
0.0832229
0.0692472
0.0735186
0.073155
0.0721079
0.0656771
0.0802604
0.0945094
0.165391
21.805
3.38146
1.2418
0.672709
0.440785
0.322389
0.252645
0.207239
0.175447
0.152041
0.134028
0.119884
0.108274
0.098895
0.0907072
0.0840961
0.0779541
0.0730352
0.0683195
0.064516
0.0609583
0.0579764
0.0554089
0.0535593
0.0514464
0.0501448
0.0483411
0.0505353
0.0444658
0.0448782
0.0606196
0.0507472
0.0507764
0.0607132
0.0544677
0.0668126
0.077228
0.0669425
0.0657712
0.0646841
0.0631786
0.0627516
0.0683738
0.0607785
0.0595218
0.0576058
0.0646407
0.0811846
0.0667748
0.0663082
0.0716704
0.0706152
0.175418
0.280376
21.8035
3.38015
1.24016
0.671718
0.440332
0.322176
0.252549
0.207129
0.175408
0.151871
0.13401
0.119595
0.108272
0.0984594
0.0906927
0.0834862
0.0778737
0.0721717
0.068065
0.063269
0.0603518
0.0563297
0.0549301
0.0550988
0.0681479
0.0820679
0.0902093
0.109214
0.0888835
0.0949819
0.0860034
0.0851395
0.0822029
0.0888198
0.107155
0.0851941
0.0849176
0.0837692
0.0819822
0.08102
0.0950743
0.100952
0.0994288
0.0948301
0.0859036
0.0751648
0.0711025
0.0722094
0.0711336
0.0716216
0.0683461
0.0587958
0.157035
0.231776
21.8034
3.38072
1.24056
0.671948
0.440479
0.3223
0.252641
0.207252
0.175484
0.152034
0.134067
0.11982
0.108317
0.0987263
0.0907864
0.0837403
0.0781035
0.0724746
0.0684024
0.0638771
0.0606799
0.0573448
0.0555098
0.055696
0.0617952
0.0726463
0.0721396
0.0771749
0.0822188
0.0736081
0.0851688
0.0698227
0.0694252
0.0845743
0.0734357
0.0736752
0.074051
0.0731977
0.0766934
0.0724431
0.0720494
0.0721305
0.0718687
0.0833819
0.0838874
0.0854238
0.0724303
0.069653
0.0687994
0.068974
0.0711916
0.100584
0.324755
0.32358
21.8028
3.3799
1.23976
0.67145
0.440244
0.322144
0.252602
0.207111
0.175507
0.151815
0.134144
0.119488
0.10844
0.0982863
0.0908695
0.0832701
0.077962
0.0720207
0.0679456
0.0631523
0.060043
0.0563734
0.0555721
0.0712616
0.210318
0.273946
0.186457
0.157132
0.129
0.113952
0.101018
0.0975491
0.0879766
0.0928887
0.0838559
0.0852262
0.0843587
0.0846003
0.10125
0.089963
0.101405
0.11109
0.101651
0.0999587
0.0889884
0.0901171
0.0763525
0.0800042
0.0792416
0.0735467
0.0705956
0.112106
0.17427
0.260631
21.8027
3.38041
1.24023
0.671781
0.440422
0.322293
0.252659
0.207274
0.175525
0.152045
0.134132
0.119784
0.108414
0.0986122
0.0909007
0.0835483
0.0782093
0.0721775
0.0685478
0.0633363
0.0608819
0.0566716
0.0561357
0.069996
0.13701
0.28035
0.185908
0.145963
0.131144
0.104298
0.097305
0.0995332
0.0897654
0.0905122
0.10682
0.0878836
0.0873809
0.0961782
0.112546
0.0935845
0.0924628
0.114266
0.0931641
0.105703
0.0915652
0.0893302
0.0908817
0.0992329
0.100936
0.098196
0.0973859
0.245568
0.417415
0.395227
21.8015
3.37913
1.23912
0.671116
0.44011
0.322106
0.2526
0.207132
0.175513
0.151852
0.13413
0.119525
0.108407
0.0982877
0.0908405
0.0831856
0.0779833
0.0717519
0.0681238
0.0625478
0.0605558
0.054785
0.0583278
0.108326
0.274041
0.193167
0.159692
0.132286
0.106126
0.0937815
0.0903315
0.0908372
0.105001
0.0859084
0.0867349
0.0879181
0.0903602
0.108056
0.115259
0.111017
0.112758
0.111086
0.111036
0.108177
0.104
0.102133
0.0994185
0.0933414
0.0916583
0.0828019
0.0891432
0.108058
0.127719
21.8014
3.37954
1.2392
0.671161
0.440175
0.322222
0.252666
0.207298
0.175558
0.152081
0.13415
0.119822
0.108416
0.0986278
0.0909103
0.083515
0.0782185
0.0721646
0.0684543
0.0635713
0.0602622
0.056927
0.0568338
0.124345
0.178986
0.175788
0.149053
0.129446
0.102552
0.0880774
0.0871265
0.0963213
0.0862392
0.0889823
0.09827
0.0932248
0.0977494
0.117342
0.107283
0.103833
0.105597
0.125912
0.107917
0.121817
0.107876
0.124683
0.105231
0.114738
0.123036
0.0997921
0.130134
0.172599
0.20523
21.8012
3.37918
1.23878
0.670873
0.440016
0.32212
0.252594
0.207221
0.175481
0.152006
0.134018
0.119782
0.108159
0.0987034
0.0904179
0.0837895
0.0773716
0.0726138
0.0672482
0.0638151
0.0593187
0.0565911
0.0544501
0.0560903
0.0853357
0.0652653
0.0631539
0.0543773
0.0508628
0.0482461
0.0578473
0.0729087
0.0893919
0.0958289
0.0995212
0.105375
0.107182
0.118996
0.113161
0.114166
0.115372
0.116151
0.102709
0.0973687
0.103637
0.089373
0.0974285
0.0922966
0.0918344
0.0932027
0.0818917
0.0861177
0.0919229
0.167381
21.8011
3.37953
1.23894
0.671023
0.440133
0.322239
0.252676
0.207359
0.175549
0.152182
0.134094
0.119977
0.108291
0.0988794
0.0906733
0.0840008
0.0777857
0.0730527
0.0678612
0.0646739
0.0601871
0.0580051
0.0553454
0.0576521
0.0854702
0.063663
0.0599996
0.0564638
0.0535655
0.0509376
0.058572
0.074332
0.092681
0.105616
0.111114
0.129306
0.113337
0.126356
0.135046
0.122905
0.121783
0.125916
0.130798
0.118017
0.122559
0.11288
0.114664
0.114798
0.106749
0.10528
0.0918409
0.0932964
0.118432
0.287438
21.8002
3.37865
1.23832
0.670646
0.439926
0.322118
0.25259
0.207281
0.175477
0.152095
0.134023
0.119869
0.108232
0.0987174
0.090647
0.0836559
0.0778159
0.0723451
0.0678485
0.0636421
0.0596471
0.0568041
0.0533961
0.0519565
0.0485593
0.0468482
0.0454677
0.0417331
0.0430569
0.0414051
0.0503971
0.0712775
0.0953886
0.102164
0.114253
0.120077
0.100006
0.0954781
0.0973179
0.115068
0.110642
0.111028
0.105496
0.106752
0.0924224
0.0888727
0.0855141
0.0817448
0.0881746
0.0916866
0.0795391
0.0794269
0.0936004
0.0938369
21.8004
3.37936
1.2374
0.670012
0.43974
0.322129
0.252683
0.207375
0.175623
0.152197
0.134205
0.119971
0.108434
0.0988792
0.0909051
0.0840685
0.0782766
0.0731459
0.0688249
0.0645975
0.0615591
0.0577143
0.0556792
0.0533278
0.051389
0.0490928
0.0462135
0.0453187
0.0409994
0.0406107
0.0484063
0.0701395
0.0891914
0.107831
0.115648
0.121387
0.13545
0.122156
0.136125
0.1257
0.130838
0.132055
0.12767
0.125342
0.121066
0.118018
0.114527
0.110583
0.102787
0.0966284
0.0861727
0.0836041
0.104015
0.141771
21.8002
3.37871
1.23818
0.670541
0.439906
0.322131
0.252638
0.207307
0.175559
0.152103
0.134146
0.119841
0.1084
0.0986673
0.0908521
0.0836378
0.0780528
0.0723891
0.06823
0.0636456
0.060397
0.0566256
0.0539237
0.0512137
0.0479395
0.0465097
0.0433178
0.0424661
0.0392896
0.038206
0.0517054
0.0635974
0.0985362
0.104867
0.113047
0.129359
0.111675
0.128343
0.120691
0.127606
0.120868
0.10439
0.10001
0.107006
0.110311
0.10213
0.0901191
0.0860366
0.0897527
0.0839048
0.0801657
0.0752849
0.0763138
0.0738498
21.8002
3.37917
1.23815
0.670505
0.439943
0.322228
0.252734
0.207433
0.175659
0.15226
0.134244
0.120051
0.108468
0.0989711
0.0908661
0.0841009
0.0780845
0.0730669
0.0684665
0.0645561
0.0610497
0.0578092
0.0551078
0.0527768
0.0498725
0.0483094
0.0453492
0.0433546
0.0414991
0.0401258
0.0439231
0.0579146
0.0758764
0.103011
0.111296
0.137463
0.118213
0.133337
0.127056
0.134263
0.13249
0.132496
0.12497
0.124667
0.120842
0.113878
0.101522
0.0991088
0.0929307
0.0860527
0.078077
0.0746218
0.0773597
0.075281
21.7996
3.37836
1.23777
0.670319
0.439832
0.322124
0.252667
0.207339
0.175612
0.152153
0.134203
0.119939
0.108421
0.0988677
0.0907919
0.0839745
0.0779235
0.0728165
0.068114
0.0641241
0.0603504
0.0571923
0.0541093
0.0514492
0.0487079
0.0468431
0.0434176
0.0423962
0.0422151
0.0389138
0.0407116
0.0627579
0.0799582
0.127175
0.141836
0.116383
0.118656
0.124038
0.122659
0.118872
0.125866
0.113357
0.103622
0.109499
0.0991173
0.0995872
0.099222
0.0951356
0.0967514
0.079614
0.0855519
0.0823623
0.0810781
0.0824548
21.7995
3.37875
1.23798
0.670513
0.439981
0.322252
0.252767
0.207477
0.175701
0.152329
0.134284
0.12015
0.108515
0.0990806
0.0909532
0.0841521
0.0781964
0.0729819
0.0684614
0.0643667
0.0607423
0.057573
0.0546457
0.0522351
0.0500937
0.0479863
0.0456999
0.0428282
0.0412591
0.0399993
0.042689
0.0539569
0.0698204
0.0878474
0.105701
0.12527
0.125282
0.12252
0.131654
0.126695
0.122413
0.126021
0.122487
0.115474
0.105391
0.0933589
0.0810035
0.0691341
0.0601657
0.0519581
0.0526802
0.0497115
0.0555085
0.0594595
21.7998
3.3786
1.23776
0.670343
0.439854
0.322155
0.252704
0.207381
0.175665
0.152205
0.134281
0.119994
0.108542
0.0989179
0.0909734
0.0840217
0.0782018
0.0728517
0.0685605
0.0641461
0.0609745
0.0574264
0.0546742
0.0522237
0.0495253
0.0477866
0.0451768
0.0426101
0.0410548
0.0429621
0.0432576
0.0501656
0.0721935
0.0901154
0.111993
0.137739
0.140108
0.140434
0.141815
0.126849
0.111156
0.101044
0.115981
0.123801
0.120586
0.0958475
0.104779
0.096451
0.0785973
0.0632722
0.0617778
0.0583316
0.065253
0.0702123
21.7997
3.37892
1.23801
0.67053
0.439991
0.322269
0.252813
0.207495
0.17578
0.152337
0.134403
0.12015
0.108666
0.0991011
0.0910974
0.0842547
0.0783019
0.07321
0.0685712
0.0646625
0.0610112
0.0578605
0.0550058
0.0526366
0.0501402
0.0487441
0.0458945
0.0442891
0.0415677
0.0404152
0.0381001
0.0388535
0.0459609
0.060029
0.0764987
0.0861396
0.0871857
0.0924377
0.0943837
0.103669
0.101088
0.100902
0.094319
0.0834347
0.0718027
0.060577
0.0530088
0.0466132
0.0434457
0.0406977
0.0430375
0.044692
0.0698123
0.0793699
21.7995
3.37833
1.23783
0.670357
0.439896
0.322204
0.252736
0.207442
0.17569
0.152299
0.134291
0.120135
0.108534
0.0991173
0.0909607
0.0842818
0.0781915
0.0731828
0.0685322
0.0645566
0.0610156
0.0577674
0.0550184
0.0526029
0.0500285
0.0485122
0.0456972
0.0439832
0.0412218
0.0403639
0.0370533
0.038202
0.0466781
0.0634706
0.0767886
0.0925388
0.0989703
0.0980786
0.1024
0.117089
0.116546
0.118563
0.110416
0.0924596
0.0740611
0.0599703
0.0495077
0.0438916
0.0406239
0.0404763
0.0415526
0.0453675
0.0665497
0.0827425
21.7994
3.3787
1.23801
0.670538
0.440033
0.322308
0.252851
0.207543
0.17582
0.152406
0.13444
0.120259
0.108681
0.0992834
0.0910694
0.0845264
0.0782775
0.0734806
0.0687368
0.0647952
0.0614145
0.0580659
0.0555231
0.0525773
0.0504382
0.048313
0.0462628
0.0444769
0.0427164
0.0398279
0.0385044
0.0453059
0.0368999
0.039007
0.0497082
0.0488699
0.0512226
0.0644942
0.0604598
0.0662161
0.0678651
0.0635071
0.0568005
0.0503139
0.0454961
0.0417377
0.0399557
0.0380136
0.037636
0.0380266
0.0424031
0.0529898
0.124635
0.142883
21.7998
3.37852
1.23786
0.670439
0.439943
0.322231
0.252771
0.207466
0.175743
0.152323
0.134378
0.120152
0.108674
0.0991148
0.0911738
0.0842659
0.0784646
0.073205
0.0687799
0.0646817
0.0611974
0.0578916
0.0553723
0.0524661
0.0505966
0.0480724
0.0465184
0.0442491
0.0424619
0.0406275
0.0404329
0.0394464
0.0359889
0.0373867
0.0433903
0.0604278
0.0507804
0.0520762
0.0535211
0.0573081
0.0631484
0.0606885
0.0540015
0.0474247
0.0425636
0.0395188
0.0379691
0.0363438
0.035606
0.0359942
0.0385633
0.0509585
0.12144
0.160784
21.7996
3.37894
1.23822
0.670641
0.44007
0.322354
0.252876
0.207588
0.175847
0.152462
0.134493
0.120306
0.108798
0.099285
0.091289
0.0844777
0.078547
0.0735048
0.0688104
0.0651165
0.0612022
0.0584245
0.0555802
0.0528446
0.0505712
0.048115
0.0465319
0.0443502
0.0427072
0.0410253
0.0379655
0.0386898
0.0361583
0.0360898
0.0414652
0.0435102
0.0501983
0.0444336
0.0473039
0.0485835
0.0473015
0.0448327
0.0422492
0.0402504
0.0387578
0.0376853
0.0369947
0.0362423
0.0351614
0.0372139
0.0462918
0.0822373
0.33757
0.357206
21.7997
3.37853
1.23774
0.670367
0.439928
0.322243
0.252797
0.207497
0.175783
0.15237
0.134433
0.120217
0.10875
0.0991998
0.0912748
0.0843762
0.0786006
0.0733424
0.0689821
0.0648301
0.0614845
0.0581359
0.0555388
0.0529751
0.0508798
0.0483998
0.0466959
0.0446525
0.0424421
0.0415646
0.038366
0.037793
0.03672
0.0362584
0.03958
0.0402373
0.044954
0.0402479
0.0430976
0.0439853
0.0430343
0.0415262
0.0399509
0.0387757
0.0378395
0.037047
0.0364231
0.0354456
0.034001
0.0357932
0.0395551
0.0839894
0.259892
0.271487
21.7996
3.37884
1.23815
0.670661
0.440108
0.322374
0.252905
0.207611
0.175891
0.152498
0.134546
0.120366
0.108856
0.0993772
0.0913651
0.084584
0.0786808
0.0735702
0.0690573
0.065083
0.0615256
0.0584791
0.0554452
0.0536335
0.0504609
0.0484196
0.0463041
0.044623
0.0434416
0.041274
0.0400575
0.0374989
0.0365271
0.0365376
0.0371327
0.0346735
0.0345245
0.0342565
0.0376265
0.0351941
0.0373586
0.0382274
0.0380429
0.0376937
0.037191
0.0367126
0.0360328
0.0345337
0.033798
0.0407032
0.0377691
0.326747
0.497697
0.433087
21.8
3.37871
1.23802
0.670544
0.44001
0.322288
0.252828
0.207528
0.175816
0.152411
0.134476
0.120274
0.108801
0.0992819
0.0913343
0.0844957
0.0786722
0.0735032
0.0690663
0.0650411
0.0615354
0.0585084
0.0554006
0.0537071
0.0504723
0.0484276
0.046319
0.044697
0.043296
0.0419251
0.0406931
0.037969
0.0369557
0.0361131
0.036403
0.0339629
0.0337535
0.0334884
0.0365821
0.0341255
0.0364299
0.0377088
0.0378193
0.0377113
0.0371448
0.0364977
0.03467
0.0334579
0.0333256
0.0359909
0.0471703
0.0745805
0.285798
0.288623
21.7999
3.37908
1.23828
0.670725
0.440147
0.322396
0.252928
0.207633
0.175921
0.152529
0.13459
0.12041
0.108918
0.0994356
0.0914481
0.0846648
0.0787858
0.0736779
0.0691819
0.0651972
0.0616838
0.0585441
0.0557652
0.053329
0.0511376
0.0492356
0.0474751
0.0460727
0.0445785
0.0437768
0.0420402
0.0424667
0.038907
0.0380082
0.0370653
0.0388301
0.0357912
0.0375137
0.0384432
0.0384806
0.0382877
0.0377612
0.0372911
0.0367314
0.0362405
0.0356712
0.0338654
0.034265
0.03322
0.0397497
0.0527982
0.286964
0.570289
0.459409
21.8001
3.37882
1.23806
0.670566
0.440031
0.322308
0.252849
0.207554
0.175845
0.152448
0.134517
0.120326
0.108854
0.0993542
0.0914029
0.0845972
0.0787599
0.0736427
0.0691767
0.0652026
0.0617047
0.0585642
0.0558049
0.0533517
0.0511635
0.0492305
0.0475547
0.0459754
0.0447761
0.0434724
0.0425837
0.0414263
0.0406734
0.0398365
0.0393278
0.0389285
0.0386025
0.0383411
0.0380034
0.0376812
0.0372086
0.0366602
0.0359828
0.0354958
0.0342874
0.0335247
0.0328286
0.0335238
0.0350713
0.0440805
0.0611385
0.128561
0.185519
0.179723
21.8001
3.37913
1.23838
0.670777
0.440174
0.322421
0.252954
0.20766
0.17595
0.152565
0.134628
0.120457
0.108966
0.0994978
0.0915091
0.0847487
0.0788579
0.0737909
0.0692594
0.0653347
0.0617606
0.05867
0.0558465
0.0534135
0.0511856
0.0493022
0.0475409
0.0461008
0.0447106
0.0435985
0.0425563
0.0417583
0.0409584
0.0403876
0.0398404
0.0394146
0.0389714
0.0385472
0.038077
0.0375622
0.0370675
0.0365669
0.0360854
0.0355638
0.0350399
0.0335465
0.0331417
0.0347653
0.0356353
0.0561868
0.072366
0.135348
0.228311
0.240731
21.8004
3.37901
1.23835
0.670744
0.440111
0.32234
0.25287
0.20757
0.175865
0.15247
0.134544
0.120357
0.108892
0.099398
0.0914517
0.084656
0.0788232
0.0737152
0.0692481
0.0652752
0.0617599
0.058614
0.0558317
0.0533445
0.051178
0.0492364
0.0475717
0.0460611
0.0447596
0.0435961
0.0425768
0.041689
0.0408727
0.040182
0.0395186
0.0389285
0.0383703
0.037729
0.0371957
0.0365249
0.0359406
0.0353974
0.03465
0.0339482
0.0328885
0.0330662
0.0333406
0.037098
0.0426703
0.0753405
0.156133
0.267298
0.303162
0.367462
21.8003
3.37935
1.23853
0.670897
0.44022
0.322442
0.252966
0.207671
0.175965
0.152581
0.134655
0.12048
0.109009
0.0995276
0.0915721
0.0847884
0.0789445
0.0738481
0.0693722
0.0654143
0.0618961
0.0587826
0.0559907
0.0535552
0.051361
0.0494558
0.0477478
0.0462659
0.0449432
0.0437716
0.0427283
0.0418435
0.0410245
0.0403709
0.0397047
0.0391301
0.038545
0.037943
0.0373671
0.0368024
0.0361757
0.0356749
0.0350359
0.0339987
0.0334335
0.0329623
0.0335276
0.039541
0.0478951
0.0818475
0.154375
0.228557
0.281683
0.305591
21.8003
3.37908
1.23836
0.670744
0.440123
0.322356
0.252884
0.207591
0.175885
0.1525
0.134574
0.120401
0.108932
0.0994559
0.0915057
0.0847315
0.078898
0.0738145
0.0693544
0.0654043
0.0619012
0.0587661
0.0559956
0.0535079
0.0513344
0.0493616
0.0476747
0.0461023
0.044799
0.0435413
0.0425464
0.0415251
0.0407364
0.0399
0.0391822
0.0385185
0.0377395
0.0372016
0.0363657
0.0358107
0.0350473
0.0343477
0.033548
0.0329543
0.0333425
0.0358154
0.0427807
0.0478136
0.0809969
0.120101
0.295823
0.483
0.550027
0.617697
21.8002
3.37937
1.23858
0.670912
0.440244
0.322457
0.252978
0.207687
0.175983
0.152606
0.13468
0.120517
0.109042
0.0995774
0.091614
0.0848535
0.0790011
0.0739304
0.0694496
0.0655104
0.0619949
0.0588746
0.0561097
0.0536338
0.0514736
0.0495177
0.0478408
0.0462928
0.0450082
0.0437725
0.0427852
0.0417772
0.041011
0.0401544
0.0395138
0.0387526
0.0381191
0.0374448
0.0367225
0.0361306
0.0353697
0.0346169
0.0337491
0.0330162
0.0338048
0.0340308
0.0425025
0.0546267
0.0975663
0.121402
0.292435
0.438899
0.418096
0.572639
21.7983
3.37798
1.23716
0.669955
0.439639
0.322021
0.252605
0.207337
0.175635
0.152261
0.13433
0.120168
0.108694
0.0992306
0.09129
0.0845471
0.0787687
0.0737536
0.0694098
0.0655567
0.0622032
0.0591601
0.056525
0.054077
0.0519854
0.0499859
0.0483021
0.0466567
0.0453189
0.0439621
0.0429204
0.041805
0.0409487
0.0400831
0.0392489
0.0385236
0.0377088
0.036902
0.0359894
0.0346648
0.0341635
0.0327555
0.0329425
0.033903
0.0376689
0.0408589
0.0546626
0.0685303
0.129624
0.0986726
0.363517
0.658155
0.686136
0.748491
21.7985
3.3785
1.23765
0.670268
0.439824
0.322142
0.252705
0.20743
0.175733
0.152356
0.134438
0.120269
0.10881
0.0993347
0.0913988
0.0846273
0.0788136
0.0737441
0.0693133
0.0653991
0.0619399
0.0588693
0.0561518
0.0537287
0.0516035
0.0496678
0.048015
0.0464549
0.0451866
0.0439208
0.0429429
0.0419235
0.0410922
0.0403308
0.0394776
0.0388469
0.0380078
0.0372379
0.0363273
0.0349581
0.0344004
0.0329133
0.0330965
0.0337759
0.0391686
0.0370219
0.0698507
0.0923856
0.178472
0.110173
0.216387
0.342479
0.456181
0.532213
0.0110992
0.0114402
0.0118115
0.0121314
0.0124991
0.0128
0.0131649
0.0134514
0.0138169
0.0140944
0.0144482
0.0147128
0.0150288
0.015279
0.0155452
0.0157881
0.0160115
0.0162502
0.0164423
0.0166632
0.0168286
0.0170143
0.0171467
0.0172949
0.0173864
0.017503
0.0175663
0.0176722
0.0177409
0.0178586
0.0179762
0.0181647
0.0184352
0.018766
0.0191995
0.0197844
0.0205251
0.0212131
0.0218386
0.0224776
0.0229635
0.0232896
0.0233606
0.0229848
0.0247743
0.0133748
0.0462528
0.106313
0.125835
0.0571402
0.0535103
0.0571516
0.0449305
0.0291817
0.0110779
0.0114612
0.0117849
0.012161
0.0124757
0.0128331
0.0131544
0.0134855
0.0138188
0.0141303
0.0144518
0.0147522
0.0150289
0.0153197
0.0155465
0.0158253
0.0160206
0.0162817
0.0164578
0.01669
0.0168425
0.0170426
0.0171641
0.0173303
0.0174357
0.0175835
0.0177087
0.0178374
0.018011
0.0181693
0.0183781
0.0186277
0.0188851
0.0192801
0.0195847
0.0202443
0.0207902
0.0214959
0.0220949
0.0226195
0.023139
0.023599
0.0236903
0.0234213
0.0248158
0.0134475
0.052105
0.0905343
0.102576
0.0548429
0.0498508
0.0549352
0.0495644
0.0412943
0.213332
0.0669798
0.148163
0.119886
0.16187
0.191121
0.149304
0.234172
0.279538
0.17825
0.142263
0.066376
0.121367
0.156881
0.13711
0.257777
0.136133
0.294599
0.220465
0.159297
0.112182
0.067091
0.225532
0.0660893
0.173496
0.269076
0.278393
0.232669
0.128597
0.174799
0.118234
0.127677
0.0708557
0.157292
0.0601616
0.12701
0.242583
0.183219
0.152833
0.121193
0.123341
0.10085
0.0571171
0.0550504
0.0560076
0.0575725
0.0835821
0.0578403
0.0823328
0.0687234
0.0640792
0.0567305
0.0988278
0.133086
0.0967334
0.112868
0.0568876
0.0550091
0.0562274
0.0573915
0.0753694
0.0573784
0.0757269
0.0603745
0.0591796
0.0531775
0.0845974
0.108482
0.0807545
0.0974278
0.0612849
0.0566522
0.0588508
0.0562935
0.0666855
0.0568079
0.0621073
0.719169
0.211286
0.223915
0.222849
0.52265
0.233919
0.305205
0.237162
0.207304
0.223785
0.195696
0.217629
0.0607801
0.0566874
0.0588239
0.0558524
0.0702273
0.0574277
0.0583866
0.508455
0.226853
0.143976
0.25797
0.635761
0.267253
0.273256
0.240786
0.179458
0.225671
0.176154
0.215915
0.0630222
0.0564111
0.0637227
0.0554184
0.0566633
0.0560346
0.0569617
0.355884
0.120385
0.116244
0.105012
0.25574
1.02859
0.684411
0.287229
0.272161
0.241346
0.280444
0.21308
0.288787
0.234909
0.0644481
0.0548716
0.0686706
0.0565341
0.0582254
0.0563401
0.0580767
0.170794
0.139979
0.116777
0.196568
0.120441
0.754486
0.728863
0.246698
0.203659
0.235544
0.251248
0.210304
0.241338
0.196292
0.0835525
0.0561388
0.0882551
0.0538351
0.0553284
0.0538359
0.0558808
0.0895529
0.0932146
0.107738
0.0565037
0.050639
0.057224
0.0499982
0.082131
0.0581364
0.0766886
0.0553861
0.056488
0.0548649
0.0556059
0.0940843
0.0799885
0.0860115
0.0574927
0.0524483
0.0562598
0.0509016
0.428773
0.149137
0.222259
0.166021
0.310835
0.379537
0.185514
0.142284
0.168639
0.305358
0.363144
0.110363
0.148867
0.118144
0.219728
0.562601
0.478533
0.318006
0.10138
0.13471
0.106582
0.279813
0.468035
0.33802
0.751906
0.192011
0.217019
0.215455
0.702641
0.271386
0.350633
0.342351
0.411989
0.190535
0.276406
0.895129
0.290967
0.5399
0.321299
0.224856
0.186081
0.287304
0.376089
0.204317
0.142178
0.132482
0.13409
0.268409
0.205896
0.141445
0.125067
0.150347
0.16297
0.185494
0.108749
0.133694
0.268385
0.107786
0.169912
0.264967
0.202003
0.131838
0.146135
0.131651
0.177061
0.167287
0.0976365
0.419191
0.16127
0.193367
0.300122
0.468776
0.40995
0.514219
0.265373
0.200768
0.241643
0.356177
0.183952
0.358439
0.333788
0.244074
0.145044
0.169185
0.163203
0.276362
0.796238
0.532266
0.339448
0.122428
0.1004
0.103808
0.243441
0.704748
0.36722
0.53577
0.132053
0.280146
0.168081
0.314883
0.504171
0.271193
0.147678
0.301093
0.188519
0.790168
0.29323
0.532757
0.476571
1.14644
0.817739
0.884593
0.835173
0.314465
0.395904
0.452861
0.656347
1.40634
0.21108
0.277604
0.279892
1.09916
1.2574
0.283577
0.165742
1.30552
0.277693
0.166307
0.287121
0.147293
0.134303
0.107546
0.124399
0.140318
0.124832
0.0736341
0.190643
0.158249
0.151551
0.260126
0.150851
0.159818
0.139496
0.127088
0.146584
0.123801
0.396189
0.266267
0.275089
0.559733
0.220518
0.843267
1.04634
0.430998
0.195372
0.305997
0.254958
0.578967
0.865918
0.161214
0.141619
1.07629
0.185903
0.91893
0.137574
0.136351
0.187947
1.13367
0.145481
0.0760241
0.0684995
0.079546
0.084707
0.0789745
0.120193
0.11771
0.0725863
0.0691378
0.0789353
0.0742887
0.128257
0.0804685
0.137852
0.0729864
0.0824508
0.0787534
0.0752481
0.0822817
0.119162
0.528398
0.212673
0.229631
0.441847
0.226922
0.451343
0.504051
0.456172
0.224739
0.230101
0.544556
0.20632
0.51946
0.621978
0.13016
0.070107
0.0734489
0.0754042
0.0698301
0.0759215
0.121522
0.501682
0.23948
0.301843
0.476458
0.288412
0.567024
0.404387
0.470412
0.345499
0.238525
0.436266
0.295505
0.410647
0.548662
0.160731
0.0729173
0.0702682
0.0679101
0.0744902
0.0700417
0.12633
0.139857
0.0763145
0.0675389
0.0747995
0.0777033
0.129865
0.0676247
0.737089
0.494518
0.220105
0.216281
0.584351
0.268038
0.715897
0.672087
0.515199
0.205065
0.168828
0.56554
0.565481
0.269334
0.13594
0.0795503
0.0722362
0.0689548
0.128098
0.0783625
0.0700497
0.146668
0.0741043
0.0654704
0.0849863
0.0764911
0.0798085
0.13144
0.620249
0.516142
0.156261
0.152775
0.494966
0.500485
0.175004
0.682316
0.558582
0.163375
0.139696
0.518902
0.189657
0.65275
0.262934
0.288065
0.334035
0.909901
0.291012
0.277577
0.366491
0.25062
0.279119
0.375693
0.207826
0.224488
0.253314
0.347307
0.191684
0.337327
0.90087
0.203227
0.325196
0.296932
0.472396
0.24218
0.857804
0.929021
0.590037
0.844985
0.909634
0.927367
0.67915
0.104336
0.150091
0.101763
0.132339
0.539963
0.603844
0.684382
0.475139
0.615777
0.734701
0.537253
0.110482
0.0783341
0.131323
0.194964
0.171847
0.521765
0.137938
0.330921
0.541677
0.158654
0.15663
0.156562
0.163004
0.244105
0.135259
0.191091
0.244624
0.26505
0.201337
0.129218
0.381055
0.38984
0.127571
0.614258
0.117639
0.15257
0.973494
1.13739
0.0989131
0.113399
0.182315
0.139144
0.143055
0.0967724
0.136344
0.0856052
0.116271
0.106654
0.0911991
0.0565926
0.0660621
0.0690048
0.0549038
0.11238
0.190866
0.204402
0.139457
0.113146
0.194367
0.1356
0.687138
0.629678
0.497732
0.249328
0.552498
0.42898
0.215119
0.489776
0.600988
0.345046
0.339598
0.394494
0.294577
0.333318
0.3046
0.384697
0.281627
0.509261
0.481541
0.212426
0.435405
0.219741
0.619162
0.363688
0.342108
0.235176
0.440724
0.36223
0.413655
0.251114
0.38266
0.165501
0.158879
0.179819
0.143157
0.177737
0.249571
0.232422
0.196939
0.31053
0.315626
0.208304
0.284675
0.205952
0.32577
0.276426
0.227541
0.197847
0.467783
0.328314
0.170855
0.489528
0.21011
0.148927
0.14328
0.187579
0.104521
0.182613
0.235038
0.21682
0.179744
0.150817
0.316423
0.168984
0.376198
0.138046
0.508909
0.153248
0.628535
0.66292
0.180498
0.166944
0.310217
0.376749
0.169104
0.171092
0.381662
0.118483
0.123494
0.114961
0.146415
0.181278
0.297269
0.154062
0.312671
0.14922
0.352687
0.182514
0.12674
0.165751
0.135557
0.155839
0.421653
0.373889
0.413596
0.364771
0.322382
0.734878
0.311616
0.425357
0.311523
0.1382
0.151468
0.118639
0.174593
0.149654
0.215282
0.173429
0.185527
0.377425
0.743461
0.798555
0.478851
0.544697
0.553227
0.42735
0.283699
0.139972
0.245456
0.288939
0.272296
0.381399
0.359078
0.290402
0.258387
0.203161
0.18055
0.222212
0.194519
0.178192
0.205891
0.167718
0.216417
0.330725
0.514201
0.689441
0.283162
0.562508
0.29938
0.706935
0.343675
0.500023
0.270169
0.275491
0.400811
0.308245
0.305497
0.266233
0.379568
0.166669
0.251701
0.207352
0.222079
0.343877
0.381312
0.340907
0.524398
0.3383
0.425364
0.367525
0.18412
0.228705
0.184896
0.222073
0.19435
0.182205
0.206874
0.161825
0.181323
0.185024
0.176646
0.105925
0.153672
0.12997
0.127242
0.214714
0.232492
0.199388
0.226902
0.197242
0.240517
0.199126
0.102153
0.128781
0.130957
0.0918761
0.178317
0.195403
0.154892
0.190415
0.187802
0.183617
0.156625
0.0911146
0.0733515
0.124716
0.06186
0.0849405
0.112868
0.0890397
0.134914
0.178589
0.192475
0.161435
0.101853
0.174365
0.160891
0.15622
0.159899
0.196246
0.154029
0.0983907
0.173377
0.103827
0.150401
0.0645172
0.0790876
0.0815602
0.0762308
0.186554
0.216356
0.191503
0.227066
0.176407
0.233091
0.160518
0.0494578
0.0590245
0.0578805
0.04968
0.18081
0.208297
0.134608
0.171399
0.114389
0.185549
0.172271
0.146822
0.106725
0.0347514
0.032908
0.0406805
0.0275237
0.0448194
0.0552296
0.0465107
0.0524842
0.142214
0.188697
0.166859
0.060736
0.171479
0.117864
0.166839
0.157221
0.163722
0.933005
0.886651
0.730329
0.421606
0.953928
0.745619
1.04759
0.407008
0.187476
0.131062
0.239284
0.412461
0.118255
0.431721
0.162069
0.826167
0.449184
0.801286
1.526
0.737269
1.65244
0.734537
0.444281
0.488289
0.154226
0.366168
0.225815
0.379942
0.289388
0.431493
0.182323
0.248797
0.283268
0.236105
0.291959
0.180319
0.368341
0.31998
0.452035
0.210164
0.319888
0.441503
0.263018
0.310121
0.258928
0.310216
0.22463
0.504561
0.14796
0.200231
0.377098
0.264681
0.17284
0.192675
0.390186
0.304579
0.370898
0.379199
0.326758
0.263871
0.329821
0.265742
0.345212
0.120497
0.376671
0.307556
0.348429
0.232921
0.698657
0.260691
0.809271
0.809585
0.16726
0.533764
0.138014
0.269444
0.163222
0.366852
0.159527
0.16902
0.189682
0.158205
0.199287
0.176681
0.227999
0.177833
0.210363
0.165449
0.254409
0.291252
0.134025
0.14989
0.347042
0.142425
0.575944
0.474471
0.57329
0.74302
0.274534
0.52233
0.732253
0.260148
0.595822
0.447785
0.395637
0.527199
0.331804
0.420897
0.548581
0.443842
0.511385
0.58039
0.558688
0.545184
0.200304
0.737382
0.223485
0.361745
0.457317
0.679059
0.441385
0.29407
0.56431
0.580554
0.277118
0.242626
0.196527
0.276282
0.170773
0.33068
0.559305
0.441023
0.393026
0.374129
0.331211
0.344119
0.19969
0.427578
0.190446
0.307581
0.4345
0.902232
0.588397
0.891787
0.92164
0.416795
0.567332
0.231894
0.199546
0.336549
0.108444
0.341078
0.404565
0.364476
0.354408
0.354781
1.01739
0.773154
0.987509
1.02134
0.655771
0.534969
0.803163
0.868998
0.401841
0.830191
0.566617
0.785771
0.396756
0.85009
0.538908
0.26407
0.258276
0.284705
0.241186
0.297301
0.395275
0.346557
0.335532
0.342407
0.719471
0.694437
0.463359
0.794809
0.479688
0.303654
0.477966
0.639552
0.655593
1.61844
0.68456
0.562831
0.46649
0.422655
0.388317
0.511816
0.299824
0.426127
0.504206
0.509853
0.413085
0.562795
2.22082
0.46523
0.27614
0.692377
0.545717
0.352573
0.369389
0.668056
1.34306
0.642108
0.413707
0.48768
0.399498
0.196662
0.20067
0.243333
0.162514
0.312499
0.55037
0.386483
0.44152
0.249797
1.36672
0.396967
0.215677
0.371242
0.225068
0.205261
0.18668
0.238295
0.088293
0.0782177
0.154524
0.14213
0.089884
0.0626362
0.150972
0.0192806
0.023948
0.0347096
0.0148713
0.0243364
0.0448464
0.0331206
0.0336216
0.0846008
0.16501
0.0417342
0.141577
0.1026
0.141616
0.0973866
0.11118
0.148188
0.206026
0.210036
0.165595
0.186508
0.189434
0.188274
0.190609
0.111993
0.161796
0.134459
0.138838
0.22535
0.240077
0.265567
0.194866
0.262137
0.218066
0.193897
0.105863
0.116594
0.0946147
0.130514
0.164394
0.13113
0.174078
0.149646
0.126852
0.167779
0.169311
0.089706
0.0739892
0.110462
0.0556167
0.0793452
0.103573
0.0813703
0.104603
0.175125
0.176475
0.0905001
0.153147
0.148598
0.177603
0.144306
0.292033
0.559272
0.411855
0.364378
0.605803
0.284653
0.372567
0.232997
0.268373
0.290443
0.225618
0.277986
0.331921
0.322368
0.29615
0.268469
0.421657
0.561565
0.36192
0.45879
0.257985
0.379367
1.01126
1.18509
0.309417
0.63115
0.339357
0.590769
0.292867
0.801675
0.340419
0.339517
0.354961
0.399357
0.282066
0.32259
0.369643
0.36578
0.323318
0.275049
0.614825
0.67338
0.373094
0.792018
0.3251
0.310433
0.429412
0.794139
0.981166
0.611227
0.884978
0.530369
0.448206
0.119968
0.164029
0.132144
0.142828
0.353898
0.794205
0.385374
0.208459
0.442791
0.215318
0.364851
0.116352
0.126102
0.139111
0.0942101
0.502549
1.04238
0.704604
1.07421
1.16439
0.548633
0.592254
0.092913
0.0806901
0.118524
0.0659292
0.0940382
0.114918
0.113575
0.0912633
0.567045
1.3505
0.33737
0.194621
1.34102
0.710391
0.25198
)
;

boundaryField
{
    inlet
    {
        type            fixedValue;
        value           uniform 440.15;
    }
    outlet
    {
        type            zeroGradient;
    }
    rightSide
    {
        type            symmetryPlane;
    }
    leftSide
    {
        type            symmetryPlane;
    }
    duct
    {
        Cmu             0.09;
        kappa           0.41;
        E               9.8;
        beta1           0.075;
        type            omegaWallFunction;
        value           nonuniform List<scalar> 
216
(
0.011102
0.0110597
0.0114382
0.0114796
0.011825
0.0117666
0.0121273
0.0121801
0.012523
0.0124708
0.0128109
0.0128541
0.0131796
0.0131541
0.0134611
0.0134812
0.0137707
0.0137785
0.0140489
0.014058
0.0143054
0.0143387
0.0145813
0.0146037
0.0148218
0.0148662
0.0150808
0.0151284
0.0153211
0.0153783
0.0155779
0.0156304
0.0158149
0.0158687
0.0160742
0.0161377
0.0163414
0.0163685
0.0165822
0.0166585
0.0168156
0.0168422
0.0170129
0.0170645
0.0171991
0.0172231
0.0173331
0.0173839
0.0174858
0.0176309
0.0176578
0.01791
0.0179396
0.0182046
0.0185265
0.0194131
0.0202114
0.0212767
0.0229312
0.0236746
0.0257709
0.0262744
0.0287519
0.0288475
0.0315009
0.0315883
0.0339184
0.0339172
0.0359372
0.0359647
0.0377906
0.0375461
0.0394858
0.038807
0.0400214
0.0390134
0.0409816
0.0392532
0.0413985
0.0396892
0.041303
0.0392349
0.0410815
0.0389072
0.0401682
0.0389595
0.0405845
0.0386036
0.0414659
0.0383763
0.040383
0.0377187
0.0396426
0.0373875
0.0388042
0.0362909
0.0360845
0.0337302
0.0390653
0.0341402
0.0520932
0.0321286
0.0561025
0.0485582
0.0439802
0.0458374
0.0326391
0.0544486
0.0110992
0.0110779
0.0114402
0.0114612
0.0118115
0.0117849
0.0121314
0.012161
0.0124991
0.0124757
0.0128
0.0128331
0.0131649
0.0131544
0.0134514
0.0134855
0.0138169
0.0138188
0.0140944
0.0141303
0.0144482
0.0144518
0.0147128
0.0147522
0.0150288
0.0150289
0.015279
0.0153197
0.0155452
0.0155465
0.0157881
0.0158253
0.0160115
0.0160206
0.0162502
0.0162817
0.0164423
0.0164578
0.0166632
0.01669
0.0168286
0.0168425
0.0170143
0.0170426
0.0171467
0.0171641
0.0172949
0.0173303
0.0173864
0.0174357
0.017503
0.0175835
0.0175663
0.0177087
0.0176722
0.0178374
0.0177409
0.018011
0.0178586
0.0181693
0.0179762
0.0183781
0.0181647
0.0186277
0.0184352
0.0188851
0.018766
0.0192801
0.0191995
0.0195847
0.0197844
0.0202443
0.0205251
0.0207902
0.0212131
0.0214959
0.0218386
0.0220949
0.0224776
0.0226195
0.0229635
0.023139
0.0232896
0.023599
0.0233606
0.0236903
0.0229848
0.0234213
0.0247743
0.0248158
0.0133748
0.0134475
0.0462528
0.052105
0.106313
0.0905343
0.125835
0.102576
0.0571402
0.0548429
0.0535103
0.0498508
0.0571516
0.0549352
0.0449305
0.0495644
0.0291817
0.0412943
)
;
    }
    cylinder
    {
        Cmu             0.09;
        kappa           0.41;
        E               9.8;
        beta1           0.075;
        type            omegaWallFunction;
        value           nonuniform List<scalar> 
448
(
1.02859
0.684411
0.754486
0.728863
0.562601
0.478533
0.468035
0.33802
0.271386
0.350633
0.290967
0.5399
0.169912
0.264967
0.167287
0.0976365
0.40995
0.514219
0.358439
0.333788
0.796238
0.532266
0.704748
0.36722
0.817739
0.884593
0.166307
0.287121
0.124832
0.0736341
0.843267
1.04634
0.334035
0.366491
0.25062
0.224488
0.325196
0.472396
0.844985
0.67915
0.104336
0.475139
0.537253
0.110482
0.521765
0.541677
0.156562
0.191091
0.973494
1.13739
0.113399
0.143055
0.0856052
0.0565926
0.687138
0.629678
0.552498
0.600988
0.345046
0.333318
0.435405
0.619162
0.440724
0.38266
0.165501
0.177737
0.284675
0.32577
0.467783
0.489528
0.148927
0.182613
0.628535
0.66292
0.376749
0.381662
0.118483
0.312671
0.12674
0.421653
0.373889
0.322382
0.311523
0.1382
0.149654
0.478851
0.42735
0.283699
0.139972
0.272296
0.290402
0.203161
0.178192
0.343675
0.500023
0.308245
0.379568
0.166669
0.18412
0.161825
0.176646
0.105925
0.226902
0.102153
0.154892
0.156625
0.0911146
0.0849405
0.101853
0.160891
0.0983907
0.103827
0.0645172
0.227066
0.160518
0.0494578
0.18081
0.208297
0.114389
0.106725
0.0347514
0.0448194
0.157221
0.163722
0.730329
1.04759
0.407008
0.412461
0.444281
0.488289
0.379942
0.431493
0.248797
0.263018
0.22463
0.504561
0.377098
0.390186
0.304579
0.263871
0.809271
0.809585
0.533764
0.366852
0.16902
0.176681
0.575944
0.474471
0.447785
0.420897
0.679059
0.56431
0.242626
0.33068
0.902232
0.231894
0.341078
0.803163
0.868998
0.26407
0.297301
0.639552
0.422655
0.426127
0.196662
0.312499
0.18668
0.238295
0.0782177
0.0626362
0.0192806
0.0243364
0.11118
0.148188
0.165595
0.189434
0.111993
0.105863
0.089706
0.0793452
0.559272
0.605803
0.232997
0.277986
1.01126
1.18509
0.63115
0.801675
0.339517
0.32259
0.981166
0.884978
0.119968
0.116352
1.04238
1.16439
0.092913
0.0940382
0.279119
0.253314
0.150091
0.0783341
0.163004
0.244624
0.116271
0.0660621
0.339598
0.3046
0.158879
0.249571
0.14328
0.235038
0.123494
0.165751
0.151468
0.215282
0.18055
0.205891
0.251701
0.228705
0.153672
0.128781
0.0733515
0.112868
0.0790876
0.0590245
0.032908
0.0552296
0.187476
0.118255
0.283268
0.310121
0.370898
0.329821
0.189682
0.227999
0.395637
0.548581
0.196527
0.559305
0.199546
0.404565
0.258276
0.395275
0.388317
0.504206
0.20067
0.55037
0.023948
0.0448464
0.161796
0.116594
0.0739892
0.103573
0.268373
0.331921
0.354961
0.369643
0.164029
0.126102
0.0806901
0.114918
0.375693
0.207826
0.191684
0.347307
0.101763
0.132339
0.194964
0.131323
0.244105
0.135259
0.38984
0.614258
0.201337
0.26505
0.92164
0.68456
0.773154
1.02134
0.106654
0.0911991
0.204402
0.194367
0.0549038
0.0690048
0.561565
0.45879
0.394494
0.294577
0.281627
0.384697
0.179819
0.143157
0.232422
0.196939
0.187579
0.104521
0.376198
0.508909
0.179744
0.21682
0.114961
0.146415
0.352687
0.135557
0.155839
0.174593
0.118639
0.173429
0.185527
0.222212
0.194519
0.283162
0.29938
0.167718
0.216417
0.207352
0.524398
0.222079
0.425364
0.184896
0.222073
0.127242
0.12997
0.199126
0.0918761
0.130957
0.124716
0.06186
0.0890397
0.134914
0.0762308
0.0815602
0.04968
0.0578805
0.0406805
0.0275237
0.060736
0.117864
0.0465107
0.0524842
0.131062
0.239284
1.526
1.65244
0.431721
0.162069
0.236105
0.452035
0.291959
0.441503
0.258928
0.310216
0.348429
0.698657
0.379199
0.326758
0.265742
0.345212
0.74302
0.732253
0.199287
0.158205
0.291252
0.347042
0.177833
0.210363
0.344119
0.427578
0.527199
0.331804
0.545184
0.737382
0.443842
0.511385
0.276282
0.170773
0.441023
0.393026
0.336549
0.108444
0.354408
0.364476
0.830191
0.668056
0.85009
0.413707
0.396967
0.284705
0.241186
0.694437
0.794809
0.335532
0.346557
0.511816
0.299824
0.46523
0.692377
0.413085
0.509853
0.243333
0.162514
0.371242
0.44152
0.386483
0.0347096
0.0148713
0.0417342
0.1026
0.0331206
0.0336216
0.13113
0.126852
0.134459
0.265567
0.138838
0.218066
0.0946147
0.130514
0.110462
0.0556167
0.0905001
0.148598
0.0813703
0.104603
0.290443
0.225618
0.29615
0.322368
0.792018
0.399357
0.282066
0.67338
0.323318
0.36578
0.132144
0.385374
0.142828
0.442791
0.0942101
0.139111
0.118524
0.0659292
0.33737
1.34102
0.0912633
0.113575
)
;
    }
}


// ************************************************************************* //
