/*--------------------------------*- C++ -*----------------------------------*\
| =========                 |                                                 |
| \\      /  F ield         | OpenFOAM: The Open Source CFD Toolbox           |
|  \\    /   O peration     | Version:  4.1                                   |
|   \\  /    A nd           | Web:      www.OpenFOAM.org                      |
|    \\/     M anipulation  |                                                 |
\*---------------------------------------------------------------------------*/
FoamFile
{
    version     2.0;
    format      ascii;
    class       volScalarField;
    location    "83";
    object      omega;
}
// * * * * * * * * * * * * * * * * * * * * * * * * * * * * * * * * * * * * * //

dimensions      [0 0 -1 0 0 0 0];

internalField   nonuniform List<scalar> 
4432
(
0.0111076
0.0114349
0.011826
0.0121422
0.0125243
0.0128284
0.0132023
0.0134939
0.0138591
0.0141383
0.0144918
0.0147601
0.0150983
0.0153586
0.0156774
0.0159327
0.0162288
0.0164811
0.0167536
0.0170041
0.0172543
0.0175044
0.0177372
0.0179855
0.018208
0.0184544
0.018674
0.0189183
0.0191366
0.0193772
0.0195933
0.0198292
0.0200347
0.0202605
0.0204576
0.0206722
0.0208622
0.0210619
0.0212426
0.0214253
0.0215939
0.0217601
0.0219152
0.0220717
0.0222148
0.0223684
0.0224993
0.0226526
0.0227752
0.0229297
0.0230302
0.0231933
0.023259
0.0234666
0.0111234
0.0114203
0.0118373
0.012131
0.0125326
0.0128202
0.0132083
0.0134885
0.0138631
0.0141358
0.0144938
0.0147603
0.0150983
0.0153611
0.0156758
0.0159367
0.0162262
0.0164857
0.0167512
0.0170075
0.0172537
0.0175048
0.0177399
0.0179816
0.0182148
0.0184457
0.0186839
0.0189052
0.0191486
0.0193622
0.0196079
0.0198149
0.0200508
0.0202483
0.0204727
0.020662
0.0208729
0.0210523
0.0212489
0.021416
0.0215975
0.021752
0.0219191
0.0220662
0.0222195
0.0223658
0.0225047
0.0226548
0.0227787
0.022932
0.0230365
0.0231914
0.0232754
0.0234277
21.7962
3.38024
1.22846
0.663242
0.436347
0.320357
0.251521
0.206444
0.174809
0.151454
0.133532
0.119372
0.107901
0.0984393
0.0904898
0.0837387
0.0779146
0.072866
0.0684205
0.0645105
0.0610101
0.057899
0.0550735
0.0525426
0.0502138
0.0481145
0.0461602
0.0443881
0.0427238
0.0412027
0.0397718
0.0384416
0.0371828
0.0360072
0.0349024
0.033862
0.0328959
0.0319716
0.0311254
0.0302967
0.0295539
0.0288035
0.0281477
0.0274633
0.0268838
0.0262554
0.0257385
0.0251605
0.0246993
0.0241615
0.0237595
0.0233034
0.0227416
0.0222435
21.7962
3.38024
1.22846
0.663243
0.436347
0.320358
0.251521
0.206443
0.174808
0.151453
0.133532
0.119372
0.1079
0.0984389
0.0904882
0.0837385
0.0779124
0.0728662
0.0684181
0.0645115
0.0610074
0.0579005
0.0550701
0.0525441
0.0502089
0.0481159
0.0461537
0.0443898
0.0427167
0.0412059
0.0397648
0.038447
0.0371756
0.036016
0.0348945
0.0338731
0.0328848
0.0319833
0.0311092
0.0303057
0.0295313
0.0288096
0.0281251
0.0274677
0.0268681
0.0262543
0.0257312
0.0251501
0.024696
0.0241575
0.0237482
0.0232679
0.0228307
0.0222893
21.7958
3.38042
1.22871
0.663505
0.436604
0.320602
0.251753
0.206654
0.175
0.151636
0.133714
0.119552
0.108085
0.0986233
0.0906783
0.0839271
0.0781075
0.0730581
0.0686173
0.0647059
0.0612103
0.0580969
0.0552761
0.0527405
0.0504166
0.0483109
0.0463632
0.0445839
0.0429274
0.0413994
0.039973
0.0386425
0.0374035
0.0362315
0.0351497
0.0341069
0.0331595
0.0322227
0.0313899
0.0305389
0.0298024
0.0290253
0.0283703
0.0276594
0.0270738
0.0264206
0.0258998
0.0252918
0.0248314
0.0242667
0.0238558
0.0233243
0.023025
0.0220957
21.7958
3.38041
1.22871
0.663504
0.436603
0.320602
0.251753
0.206654
0.174999
0.151636
0.133713
0.119552
0.108083
0.0986236
0.090676
0.0839275
0.0781048
0.0730588
0.0686144
0.0647073
0.0612073
0.0580987
0.0552719
0.0527421
0.0504109
0.0483127
0.0463565
0.0445868
0.0429201
0.041404
0.0399657
0.0386489
0.0373965
0.03624
0.0351424
0.0341164
0.03315
0.032231
0.0313758
0.0305458
0.0297862
0.0290304
0.0283539
0.0276605
0.0270589
0.0264188
0.0258856
0.0252904
0.0248196
0.024266
0.0238335
0.0233306
0.0229865
0.0220722
21.796
3.38034
1.22864
0.663444
0.436551
0.320555
0.25171
0.206613
0.174962
0.151599
0.133678
0.119516
0.108051
0.0985877
0.0906448
0.0838915
0.0780754
0.073023
0.0685879
0.0646727
0.0611855
0.0580657
0.0552556
0.052711
0.0504014
0.0482856
0.0463567
0.0445665
0.0429297
0.0413896
0.0399808
0.0386387
0.0374139
0.0362329
0.0351595
0.0341099
0.033164
0.0322234
0.0313876
0.0305382
0.0297985
0.0290234
0.0283654
0.0276543
0.0270706
0.026416
0.0258975
0.025291
0.0248301
0.0242611
0.0238359
0.0233056
0.0229938
0.0220694
21.796
3.38034
1.22864
0.663444
0.436551
0.320555
0.25171
0.206613
0.174961
0.151599
0.133676
0.119517
0.108048
0.0985887
0.0906417
0.0838928
0.0780716
0.0730244
0.068584
0.0646742
0.0611814
0.0580667
0.0552513
0.0527123
0.0503977
0.0482878
0.0463529
0.0445684
0.0429246
0.0413914
0.0399751
0.0386414
0.0374083
0.0362359
0.0351541
0.0341129
0.0331596
0.0322256
0.0313834
0.0305393
0.0297906
0.029024
0.0283539
0.0276567
0.0270575
0.0264162
0.0258862
0.0252835
0.0248204
0.024246
0.0238293
0.0233109
0.0228746
0.0223076
21.796
3.38032
1.22861
0.663423
0.436532
0.320537
0.251692
0.206594
0.174943
0.151579
0.133657
0.119494
0.108027
0.0985631
0.090618
0.0838646
0.0780461
0.0729948
0.0685578
0.0646445
0.0611558
0.0580392
0.0552295
0.0526902
0.0503837
0.0482732
0.046349
0.0445613
0.0429311
0.0413886
0.0399894
0.0386392
0.0374268
0.0362329
0.0351737
0.0341101
0.0331776
0.0322241
0.0313982
0.0305401
0.0298039
0.0290264
0.0283679
0.0276603
0.0270719
0.0264228
0.025897
0.0252968
0.0248188
0.0242652
0.0238192
0.0232984
0.0229327
0.0223038
21.796
3.38032
1.22861
0.663423
0.436532
0.320537
0.251692
0.206594
0.174943
0.151578
0.133656
0.119493
0.108026
0.098562
0.0906172
0.0838636
0.0780447
0.0729943
0.0685555
0.0646447
0.0611519
0.0580408
0.0552243
0.0526945
0.0503772
0.0482803
0.0463399
0.04457
0.0429189
0.0413983
0.0399764
0.0386489
0.0374151
0.0362405
0.0351649
0.0341143
0.0331726
0.032225
0.0313961
0.0305368
0.0298025
0.0290209
0.0283665
0.0276536
0.0270684
0.0264145
0.0258893
0.0252833
0.0248117
0.0242432
0.0238142
0.0233142
0.022797
0.0222627
21.7961
3.38031
1.2286
0.663406
0.436513
0.320517
0.25167
0.206571
0.174919
0.151551
0.13363
0.119462
0.107997
0.0985257
0.0905857
0.0838225
0.078012
0.0729489
0.068523
0.0645966
0.0611224
0.0579937
0.0552027
0.0526547
0.0503681
0.0482515
0.0463438
0.0445524
0.0429336
0.0413909
0.0399962
0.0386483
0.0374336
0.0362444
0.0351796
0.0341232
0.0331835
0.0322372
0.0314039
0.0305506
0.02981
0.0290363
0.0283765
0.0276696
0.0270796
0.0264288
0.0258993
0.0252914
0.0248174
0.024243
0.0238172
0.0233117
0.0227615
0.0222329
21.7961
3.38031
1.2286
0.663406
0.436513
0.320517
0.25167
0.20657
0.174918
0.15155
0.13363
0.119461
0.107997
0.0985241
0.090586
0.0838201
0.0780126
0.0729455
0.0685242
0.0645922
0.0611248
0.0579889
0.0552067
0.0526487
0.0503732
0.048244
0.04635
0.0445431
0.0429402
0.0413795
0.0400034
0.0386364
0.0374426
0.0362328
0.0351906
0.0341104
0.0331954
0.0322225
0.0314157
0.0305341
0.0298209
0.0290172
0.0283849
0.0276481
0.0270853
0.026405
0.0259015
0.0252696
0.024817
0.0242284
0.0238165
0.0232975
0.0228097
0.0222653
21.7961
3.38031
1.22859
0.66339
0.436495
0.320497
0.251649
0.206548
0.174893
0.151525
0.1336
0.119431
0.107962
0.0984905
0.0905455
0.0837819
0.0779668
0.0729033
0.0684747
0.064548
0.0610754
0.0579471
0.0551644
0.0526164
0.0503447
0.048226
0.0463378
0.04454
0.0429424
0.0413885
0.0400161
0.0386527
0.0374603
0.0362514
0.0352086
0.0341278
0.0332115
0.0322383
0.0314294
0.0305484
0.0298334
0.0290321
0.0283972
0.0276631
0.0270961
0.0264169
0.0259099
0.0252765
0.0248238
0.0242297
0.0238258
0.0232996
0.0228027
0.0222608
21.7961
3.38031
1.22859
0.66339
0.436495
0.320497
0.251649
0.206547
0.174893
0.151523
0.1336
0.11943
0.107963
0.098488
0.0905466
0.0837788
0.077968
0.0728998
0.0684757
0.0645448
0.0610764
0.0579447
0.0551648
0.0526146
0.0503446
0.0482245
0.0463372
0.0445382
0.0429409
0.0413863
0.040014
0.0386516
0.0374581
0.0362525
0.0352049
0.0341308
0.0332049
0.032242
0.0314204
0.0305523
0.0298221
0.0290334
0.028384
0.0276605
0.0270811
0.0264121
0.0258943
0.0252719
0.0248085
0.0242272
0.0238269
0.0232384
0.023007
0.0220714
21.7961
3.3803
1.22858
0.663376
0.436478
0.320477
0.251627
0.206524
0.174867
0.151496
0.133568
0.119398
0.107923
0.0984514
0.0904983
0.0837366
0.0779104
0.0728525
0.0684105
0.0644951
0.0610082
0.0578981
0.0551027
0.0525807
0.0503002
0.0482112
0.0463159
0.0445448
0.0429403
0.0414074
0.0400292
0.0386807
0.0374819
0.0362812
0.0352292
0.0341536
0.0332263
0.0322593
0.03144
0.0305672
0.0298407
0.0290479
0.0284016
0.0276744
0.0270962
0.0264237
0.0259064
0.02528
0.0248206
0.0242374
0.0238252
0.0233053
0.0228179
0.0222713
21.7961
3.3803
1.22858
0.663376
0.436478
0.320477
0.251627
0.206524
0.174866
0.151495
0.133568
0.119397
0.107924
0.0984488
0.0904997
0.0837326
0.077913
0.072847
0.0684143
0.0644881
0.0610131
0.0578907
0.0551084
0.0525729
0.0503062
0.0482036
0.0463222
0.0445371
0.0429454
0.0413987
0.0400321
0.0386713
0.0374832
0.0362727
0.0352305
0.0341473
0.0332278
0.0322551
0.0314402
0.0305627
0.0298384
0.0290422
0.0283964
0.0276671
0.0270897
0.0264159
0.0258994
0.0252734
0.0248141
0.0242324
0.0238187
0.0233
0.0228202
0.0222705
21.7961
3.3803
1.22857
0.663362
0.43646
0.320457
0.251605
0.206499
0.17484
0.151466
0.133536
0.119361
0.107884
0.0984053
0.0904512
0.0836802
0.0778538
0.0727855
0.0683443
0.0644202
0.0609364
0.0578243
0.0550374
0.0525259
0.0502597
0.048191
0.0463062
0.0445537
0.0429492
0.0414331
0.0400494
0.0387169
0.0375073
0.0363198
0.0352538
0.0341883
0.0332472
0.0322872
0.0314566
0.0305862
0.0298528
0.0290594
0.02841
0.0276817
0.0271019
0.0264285
0.0259089
0.0252863
0.0248223
0.0242466
0.0238281
0.0233107
0.0228266
0.0222764
21.7961
3.3803
1.22857
0.663362
0.43646
0.320457
0.251605
0.206499
0.17484
0.151465
0.133535
0.11936
0.107884
0.0984039
0.090451
0.0836783
0.0778539
0.072783
0.0683447
0.064417
0.0609375
0.057821
0.055039
0.0525219
0.0502614
0.0481861
0.0463086
0.0445481
0.0429514
0.0414258
0.0400504
0.0387068
0.0375081
0.0363088
0.0352563
0.034178
0.0332509
0.0322775
0.0314591
0.0305769
0.0298532
0.0290498
0.028408
0.0276709
0.0270985
0.0264174
0.025906
0.0252759
0.0248203
0.0242373
0.0238235
0.0233033
0.0228205
0.0222716
21.7962
3.38029
1.22856
0.66335
0.436445
0.320439
0.251583
0.206476
0.174814
0.151436
0.133502
0.119324
0.107842
0.0983591
0.0903985
0.0836224
0.0777876
0.0727136
0.0682629
0.0643346
0.0608444
0.0577357
0.0549533
0.0524608
0.0502153
0.0481804
0.0463131
0.0445829
0.0429778
0.0414797
0.0400871
0.0387717
0.0375481
0.0363765
0.0352968
0.0342415
0.0332919
0.0323318
0.0315014
0.030621
0.0298961
0.029088
0.0284497
0.0277083
0.0271378
0.0264542
0.0259436
0.0253106
0.0248583
0.0242674
0.0238714
0.023282
0.0230351
0.0220956
21.7961
3.38029
1.22856
0.66335
0.436445
0.320438
0.251584
0.206475
0.174814
0.151435
0.133503
0.119322
0.107843
0.0983575
0.0903985
0.0836205
0.0777875
0.0727116
0.0682627
0.0643328
0.0608441
0.0577344
0.0549521
0.0524594
0.0502108
0.0481808
0.046309
0.0445838
0.0429739
0.0414786
0.0400832
0.0387671
0.0375459
0.0363699
0.0352974
0.0342363
0.0332939
0.0323308
0.0315012
0.0306247
0.029892
0.0290929
0.0284426
0.0277098
0.0271296
0.0264526
0.0259358
0.0253083
0.0248514
0.0242615
0.0238676
0.0232699
0.0230405
0.0221014
21.7962
3.38029
1.22855
0.663337
0.436428
0.320422
0.251563
0.206455
0.174786
0.151411
0.133467
0.119292
0.107796
0.0983195
0.0903383
0.0835712
0.0777093
0.0726463
0.0681631
0.0642486
0.0607252
0.0576387
0.0548362
0.0523982
0.0501776
0.0482162
0.0463622
0.0446705
0.0430514
0.0415803
0.0401707
0.0388703
0.0376315
0.0364597
0.0353755
0.0343059
0.0333638
0.0323797
0.0315624
0.0306584
0.0299438
0.0291181
0.0284851
0.027733
0.0271651
0.0264776
0.0259667
0.0253375
0.0248811
0.0242996
0.0238849
0.0233731
0.0228745
0.0223276
21.7962
3.38029
1.22855
0.663336
0.436429
0.320421
0.251563
0.206454
0.174787
0.151408
0.133469
0.119288
0.1078
0.0983138
0.0903433
0.0835632
0.0777164
0.0726357
0.0681726
0.064235
0.0607368
0.0576233
0.0548488
0.0523813
0.0501912
0.048199
0.0463736
0.0446528
0.0430639
0.0415642
0.0401812
0.0388564
0.0376379
0.0364505
0.0353772
0.0343038
0.0333611
0.0323835
0.0315569
0.0306646
0.0299364
0.0291232
0.0284758
0.0277349
0.0271541
0.0264767
0.0259562
0.0253337
0.0248697
0.0242893
0.0238853
0.0233079
0.0230611
0.0221154
21.7962
3.38028
1.22854
0.663326
0.436413
0.320409
0.251539
0.206443
0.174751
0.151402
0.133417
0.119286
0.107726
0.098315
0.0902416
0.0835652
0.0775787
0.0726318
0.0679912
0.064215
0.0605163
0.0575826
0.0546556
0.0523939
0.0502585
0.0484571
0.0466898
0.0450504
0.0434366
0.0419836
0.0405659
0.0392812
0.0380213
0.0368641
0.0357446
0.0346938
0.0337011
0.0327451
0.0318679
0.031002
0.0302264
0.0294448
0.0287574
0.0280533
0.0274422
0.0268063
0.0262662
0.0256785
0.0252273
0.0246536
0.0243149
0.0237535
0.0235011
0.0225231
21.7962
3.38028
1.22854
0.663326
0.436414
0.320409
0.25154
0.206442
0.174753
0.151399
0.13342
0.11928
0.107733
0.098305
0.0902525
0.0835503
0.0775946
0.0726115
0.0680123
0.0641894
0.0605421
0.0575544
0.0546793
0.0523804
0.0502668
0.0484516
0.0466869
0.0450269
0.0434402
0.0419722
0.0405772
0.039275
0.0380259
0.0368578
0.0357355
0.0346848
0.0336806
0.0327331
0.0318423
0.0309842
0.0301986
0.0294171
0.0287258
0.0280138
0.0273986
0.0267619
0.0261947
0.0256402
0.0251103
0.0246278
0.0241526
0.0237034
0.023313
0.0226961
21.7962
3.38028
1.22854
0.663319
0.436401
0.320401
0.251519
0.206436
0.17472
0.151399
0.13337
0.119288
0.107657
0.0983248
0.0901412
0.0835839
0.0774316
0.0726607
0.0677721
0.0642631
0.0601828
0.0577458
0.0542595
0.0531528
0.0508807
0.05068
0.0500948
0.0488707
0.0471325
0.0454884
0.0438065
0.0422943
0.0407545
0.0394593
0.0380938
0.0369743
0.0358248
0.0347955
0.0338518
0.0329634
0.0320959
0.0313101
0.0304632
0.0297922
0.0289278
0.0283401
0.0275935
0.0269299
0.0262968
0.0256178
0.0254254
0.0242664
0.0239121
0.0235273
21.7962
3.38028
1.22854
0.663318
0.436401
0.3204
0.25152
0.206434
0.174723
0.151393
0.133377
0.119278
0.10767
0.098306
0.090164
0.083553
0.0774685
0.0726131
0.067828
0.06419
0.0602776
0.057628
0.0544094
0.0529922
0.0510057
0.050524
0.0492957
0.0479853
0.046245
0.0445777
0.0429728
0.0414514
0.0400282
0.0386887
0.0374447
0.0362638
0.0351938
0.0341397
0.0332323
0.032291
0.0315104
0.030688
0.0300053
0.0293111
0.0286398
0.0281352
0.0272604
0.0266512
0.0258465
0.0253215
0.0244079
0.0239368
0.023816
0.0227292
21.7962
3.38028
1.22854
0.663311
0.436403
0.320375
0.251538
0.206381
0.174768
0.1513
0.13346
0.119133
0.1078
0.0980948
0.090349
0.08326
0.0777102
0.072219
0.0681176
0.0636598
0.0606152
0.0569353
0.0551745
0.0547068
0.0634946
0.114355
0.111459
0.110907
0.109481
0.105955
0.102483
0.0991058
0.0956101
0.0921009
0.08859
0.0853174
0.082214
0.0793924
0.0767841
0.0744131
0.07225
0.0702534
0.0684752
0.0668036
0.0653823
0.064027
0.0628826
0.0617943
0.0607379
0.0601256
0.0583168
0.0560924
0.0549937
0.0538537
21.7962
3.38028
1.22854
0.663311
0.436403
0.320375
0.251537
0.206382
0.174766
0.151303
0.133455
0.119139
0.107791
0.0981064
0.090333
0.0832785
0.0776876
0.0722431
0.0680894
0.0636952
0.0605615
0.0569836
0.0551626
0.0544176
0.059151
0.0882402
0.0893934
0.0940402
0.0954266
0.0955482
0.0945467
0.0927441
0.0904977
0.0879935
0.0853311
0.0827419
0.0802229
0.0778894
0.0757016
0.0736742
0.0718413
0.0700854
0.0685901
0.0670678
0.0659057
0.0646231
0.0637224
0.0625805
0.0619324
0.0606406
0.0608057
0.0576475
0.058059
0.0550369
21.7962
3.38028
1.22854
0.663308
0.436403
0.320366
0.251542
0.206362
0.17478
0.151267
0.133483
0.119081
0.107838
0.0980202
0.0904011
0.0831601
0.0777672
0.0720949
0.0681754
0.063428
0.0608595
0.0563542
0.0557746
0.0700168
0.316788
0.356389
0.203496
0.12792
0.110961
0.101899
0.0969492
0.0934358
0.0900024
0.0864295
0.0828289
0.0793637
0.0760579
0.0729463
0.0700166
0.0672613
0.0646954
0.0622624
0.0600188
0.0578593
0.0558776
0.0539363
0.0521358
0.0503937
0.0486475
0.0471793
0.0453131
0.0441735
0.0420462
0.0414323
21.7962
3.38028
1.22853
0.663307
0.436404
0.320362
0.251548
0.206353
0.174793
0.15125
0.133505
0.119055
0.107869
0.0979843
0.0904418
0.0831101
0.0778262
0.0720292
0.0682199
0.0634601
0.0607324
0.0560342
0.0565068
0.0680355
0.218096
0.317728
0.180423
0.144438
0.120154
0.104379
0.0962167
0.0919535
0.088598
0.0852813
0.0819409
0.0787178
0.0756208
0.0727046
0.0699356
0.0673435
0.0649127
0.062614
0.0604857
0.0584321
0.0565495
0.0546782
0.0529318
0.0512378
0.0495233
0.0480892
0.0462275
0.0451713
0.0428589
0.0424995
21.7962
3.38028
1.22854
0.663309
0.436404
0.320364
0.251544
0.206358
0.174785
0.15126
0.133492
0.11907
0.107852
0.0980019
0.090424
0.0831254
0.0778209
0.0720001
0.0683335
0.0631831
0.0611819
0.0558157
0.0586449
0.108901
0.198198
0.205461
0.125665
0.108739
0.1008
0.0965791
0.0933846
0.0900978
0.0865912
0.0830604
0.0796692
0.0764526
0.0734825
0.0706942
0.0681693
0.0657788
0.0636509
0.0615987
0.0597986
0.0581034
0.0563622
0.0557412
0.0518823
0.0512031
0.0509183
0.0479467
0.0471161
0.0471442
0.0448993
21.7962
3.38028
1.22854
0.663309
0.436403
0.320368
0.251539
0.206366
0.174775
0.151272
0.133478
0.119083
0.107839
0.0980121
0.0904152
0.0831335
0.0778048
0.0720385
0.0682452
0.0633526
0.0608985
0.0563759
0.0555262
0.119328
0.16932
0.181446
0.142381
0.118193
0.104863
0.098075
0.0940839
0.0907126
0.0873386
0.0840034
0.080848
0.0778851
0.0751787
0.0726464
0.0703706
0.0682204
0.0663006
0.064471
0.0628314
0.0612868
0.0598637
0.0586306
0.0572887
0.0565085
0.0548456
0.055354
0.0513877
0.0503636
0.049268
21.7962
3.38028
1.22854
0.663314
0.436405
0.320375
0.251539
0.20638
0.174769
0.151299
0.13346
0.119132
0.107799
0.0980952
0.0903448
0.0832624
0.0777035
0.0722215
0.0681123
0.0636572
0.0605985
0.0569675
0.0551751
0.0571754
0.106386
0.115268
0.110954
0.109925
0.109
0.105965
0.102431
0.098899
0.0953176
0.0915958
0.0879174
0.0843391
0.0809521
0.077778
0.0747696
0.0720495
0.0693804
0.0671037
0.0646777
0.0628078
0.0605179
0.05901
0.0567696
0.0555394
0.0533108
0.0521599
0.0498916
0.0488243
0.0464269
0.045569
21.7962
3.38028
1.22854
0.663314
0.436404
0.320377
0.251536
0.206384
0.174764
0.151306
0.133452
0.11914
0.107789
0.0981037
0.0903363
0.0832689
0.0776976
0.0722264
0.0681056
0.0636665
0.0605955
0.0569576
0.0551575
0.057212
0.0851473
0.0886566
0.0895603
0.0932758
0.0952299
0.0942788
0.0923518
0.0899157
0.0872539
0.0842947
0.0813381
0.0783528
0.0755483
0.0727968
0.0702342
0.067765
0.0654265
0.0632475
0.0610645
0.0591718
0.057044
0.0554408
0.0532394
0.0519452
0.0495237
0.0485256
0.0459156
0.0451747
0.042355
0.042271
21.7962
3.38028
1.22855
0.663326
0.436403
0.320403
0.251517
0.20644
0.174714
0.151404
0.133359
0.119298
0.107641
0.0983389
0.0901193
0.0836026
0.0774033
0.0726844
0.0677341
0.0642958
0.0601371
0.0577748
0.054232
0.0531441
0.0508744
0.0506395
0.049933
0.0487634
0.0470414
0.0452779
0.0436328
0.0419919
0.0405345
0.0390727
0.0378086
0.03651
0.0354202
0.0342631
0.0333258
0.0322892
0.0314807
0.0305437
0.0298402
0.0289824
0.0283625
0.0275652
0.0270134
0.0262605
0.0257654
0.0250428
0.0245928
0.0239071
0.0234461
0.0228338
21.7962
3.38028
1.22855
0.663325
0.436405
0.320401
0.251521
0.206434
0.174723
0.151392
0.133376
0.119276
0.107668
0.0983054
0.0901592
0.0835543
0.0774603
0.0726163
0.0678159
0.0641971
0.0602549
0.0576393
0.0543834
0.0529761
0.0510766
0.050189
0.0492602
0.0478374
0.0461022
0.0443784
0.0427859
0.0412071
0.0398021
0.038397
0.0371746
0.035923
0.0348626
0.0337426
0.0328238
0.0318153
0.0310178
0.030103
0.0294083
0.028572
0.027963
0.0271927
0.0266555
0.0259402
0.0254617
0.0247916
0.0243573
0.0237451
0.0232723
0.0226913
21.7962
3.38029
1.22855
0.663334
0.436417
0.320411
0.25154
0.206444
0.17475
0.151401
0.133414
0.119285
0.107722
0.0983138
0.0902362
0.0835633
0.0775721
0.0726285
0.0679832
0.064209
0.0605085
0.0575698
0.0546545
0.0523647
0.0502594
0.0484167
0.0466847
0.0450012
0.0434457
0.0419382
0.0405787
0.0392275
0.0380162
0.0367892
0.0357103
0.0345946
0.0336384
0.032623
0.0317795
0.0308526
0.0301099
0.0292596
0.0286056
0.0278211
0.0272441
0.0265162
0.0260062
0.0253265
0.0248732
0.0242349
0.0238243
0.0232434
0.0227887
0.0222242
21.7962
3.38029
1.22855
0.663334
0.436418
0.320411
0.251542
0.206441
0.174754
0.151395
0.133421
0.119275
0.107733
0.0982992
0.0902528
0.0835436
0.0775941
0.0726038
0.0680109
0.0641798
0.0605402
0.0575417
0.0546787
0.052357
0.0502669
0.0484157
0.0466821
0.0449943
0.0434407
0.0419337
0.040574
0.0392197
0.0380085
0.0367776
0.0356998
0.0345812
0.0336259
0.0326091
0.0317639
0.0308382
0.0300902
0.0292447
0.0285818
0.0278054
0.0272173
0.0264997
0.0259777
0.0253098
0.0248444
0.0242208
0.023799
0.0232324
0.0227766
0.0222145
21.7962
3.38029
1.22857
0.663348
0.436434
0.320424
0.251564
0.206454
0.174785
0.151408
0.133465
0.119289
0.107794
0.098314
0.0903363
0.0835632
0.0777079
0.0726349
0.0681632
0.0642323
0.060727
0.0576155
0.0548389
0.0523646
0.0501784
0.0481744
0.0463602
0.0446275
0.0430555
0.0415371
0.0401694
0.0388185
0.0376132
0.0364013
0.0353385
0.034248
0.0333089
0.0323218
0.0314881
0.0305895
0.0298482
0.0290264
0.0283664
0.0276109
0.0270227
0.0263239
0.0257995
0.0251488
0.0246824
0.0240734
0.0236646
0.0230694
0.0227944
0.0218827
21.7962
3.38029
1.22856
0.663347
0.436434
0.320424
0.251564
0.206454
0.174786
0.151408
0.133466
0.119287
0.107796
0.0983118
0.0903382
0.0835603
0.0777101
0.0726317
0.0681649
0.0642292
0.0607271
0.0576135
0.0548365
0.0523647
0.0501754
0.0481754
0.0463587
0.0446295
0.0430569
0.0415396
0.0401729
0.0388204
0.0376191
0.0364019
0.0353463
0.0342465
0.0333174
0.0323186
0.0314973
0.0305871
0.029858
0.0290261
0.0283768
0.027613
0.0270343
0.0263279
0.0258131
0.0251545
0.0246985
0.02408
0.0236817
0.0230762
0.0228135
0.0218923
21.7962
3.38029
1.22858
0.663362
0.436451
0.320441
0.251584
0.206475
0.174813
0.151434
0.133501
0.119319
0.10784
0.0983528
0.0903956
0.083614
0.0777841
0.0727029
0.0682587
0.0643209
0.0608388
0.0577169
0.0549441
0.0524347
0.0502015
0.0481494
0.0462991
0.0445451
0.0429606
0.0414293
0.0400602
0.0387047
0.0375112
0.0362984
0.0352532
0.0341597
0.0332394
0.0322462
0.031431
0.0305244
0.0297997
0.0289689
0.0283239
0.0275588
0.0269852
0.0262758
0.0257658
0.0251027
0.02465
0.02403
0.0236198
0.023063
0.0226007
0.0220537
21.7962
3.38029
1.22858
0.663362
0.436451
0.320442
0.251585
0.206475
0.174812
0.151434
0.1335
0.11932
0.107839
0.0983543
0.0903935
0.0836163
0.0777814
0.0727062
0.0682556
0.0643254
0.0608358
0.0577222
0.0549412
0.0524407
0.0501989
0.0481556
0.0462967
0.0445516
0.0429591
0.0414364
0.0400602
0.0387123
0.0375135
0.0363064
0.0352572
0.0341667
0.033244
0.032252
0.0314366
0.0305301
0.0298066
0.0289756
0.028332
0.0275673
0.026994
0.0262865
0.025775
0.0251163
0.0246604
0.0240414
0.0236423
0.0230314
0.0227675
0.0218516
21.7961
3.3803
1.22859
0.663377
0.436468
0.32046
0.251606
0.206499
0.174839
0.151464
0.133533
0.119357
0.10788
0.0984005
0.090445
0.0836742
0.0778461
0.0727776
0.0683349
0.0644096
0.0609251
0.0578102
0.0550232
0.0525057
0.0502419
0.048166
0.0462843
0.0445205
0.0429179
0.0413853
0.0400051
0.0386522
0.0374535
0.0362422
0.0351957
0.0341
0.0331826
0.0321846
0.031377
0.0304631
0.0297486
0.0289091
0.028275
0.0275019
0.0269377
0.0262222
0.0257178
0.0250503
0.0245987
0.0239698
0.0235622
0.0229883
0.0225347
0.0219854
21.7961
3.3803
1.22859
0.663377
0.436468
0.320461
0.251606
0.206499
0.174839
0.151464
0.133532
0.119357
0.107879
0.098401
0.090444
0.0836753
0.0778444
0.0727799
0.0683323
0.0644132
0.0609217
0.0578153
0.0550189
0.0525121
0.0502377
0.0481727
0.0462804
0.0445277
0.0429156
0.0413933
0.0400048
0.0386607
0.0374549
0.0362509
0.035198
0.0341088
0.0331858
0.0321935
0.0313811
0.0304723
0.0297547
0.0289191
0.0282836
0.0275126
0.0269481
0.0262333
0.0257296
0.0250629
0.024612
0.0239845
0.0235868
0.0229678
0.0227013
0.0218027
21.7961
3.3803
1.2286
0.663392
0.436486
0.320481
0.251628
0.206523
0.174865
0.151493
0.133566
0.119392
0.10792
0.0984433
0.090495
0.0837255
0.0779072
0.0728378
0.0684068
0.0644765
0.0610033
0.0578759
0.0550945
0.0525552
0.050287
0.0481835
0.046295
0.0445107
0.0429045
0.0413615
0.0399763
0.0386226
0.0374163
0.0362128
0.0351552
0.0340729
0.0331429
0.0321605
0.0313406
0.0304417
0.0297171
0.028889
0.0282479
0.0274814
0.026913
0.0261999
0.0256941
0.0250274
0.0245729
0.0239477
0.0235354
0.0229604
0.0225178
0.0219583
21.7961
3.3803
1.2286
0.663392
0.436486
0.320481
0.251628
0.206524
0.174865
0.151493
0.133565
0.119393
0.107919
0.0984447
0.0904928
0.083728
0.0779038
0.0728418
0.0684022
0.0644821
0.0609977
0.0578827
0.055089
0.0525625
0.050282
0.0481901
0.0462914
0.0445162
0.0429037
0.0413662
0.0399786
0.0386265
0.0374206
0.0362162
0.0351604
0.0340773
0.0331481
0.0321667
0.0313455
0.0304501
0.0297224
0.0288996
0.0282544
0.0274931
0.0269207
0.0262121
0.0257033
0.0250398
0.0245856
0.0239626
0.0235493
0.022984
0.0225331
0.0219837
21.7961
3.38031
1.22861
0.663408
0.436504
0.320501
0.25165
0.206547
0.174891
0.151522
0.133596
0.119428
0.107956
0.0984854
0.0905379
0.0837749
0.0779572
0.0728941
0.068463
0.0645366
0.0610614
0.0579331
0.0551467
0.052598
0.0503219
0.0482023
0.0463076
0.0445069
0.042901
0.0413427
0.0399633
0.0385954
0.0373978
0.0361823
0.0351334
0.0340425
0.0331183
0.0321317
0.031314
0.0304153
0.0296891
0.0288642
0.0282184
0.0274554
0.0268813
0.0261711
0.0256609
0.0249954
0.0245418
0.0239144
0.0235129
0.0228995
0.0226273
0.0217321
21.7961
3.38031
1.22861
0.663408
0.436504
0.320501
0.25165
0.206548
0.174892
0.151522
0.133596
0.119427
0.107957
0.0984844
0.0905389
0.0837738
0.0779585
0.072893
0.0684645
0.0645358
0.0610635
0.0579326
0.0551491
0.0525977
0.050325
0.0482019
0.0463111
0.0445075
0.0429048
0.0413453
0.039967
0.0386001
0.0374011
0.0361885
0.0351368
0.0340502
0.0331228
0.0321406
0.0313201
0.0304251
0.029697
0.0288751
0.0282282
0.0274682
0.0268933
0.0261856
0.0256748
0.0250118
0.024557
0.0239339
0.0235229
0.0229591
0.022508
0.0219595
21.7961
3.38031
1.22863
0.663424
0.436522
0.320521
0.251671
0.206571
0.174916
0.151549
0.133625
0.119459
0.10799
0.0985217
0.0905762
0.0838166
0.0780001
0.0729405
0.0685089
0.0645853
0.0611067
0.0579792
0.0551843
0.052635
0.0503448
0.0482241
0.0463132
0.044514
0.0428932
0.0413391
0.0399475
0.0385845
0.0373781
0.0361668
0.035113
0.0340248
0.0330988
0.0321133
0.031296
0.0303971
0.0296725
0.0288471
0.0282025
0.0274397
0.0268654
0.0261546
0.0256447
0.0249785
0.0245267
0.0238964
0.02349
0.02292
0.0224686
0.0219212
21.7961
3.38031
1.22862
0.663424
0.436522
0.320522
0.251672
0.206571
0.174916
0.151549
0.133625
0.119459
0.10799
0.0985209
0.0905771
0.0838153
0.0780018
0.0729386
0.0685116
0.0645829
0.0611105
0.0579764
0.0551893
0.0526322
0.0503501
0.0482223
0.046318
0.0445142
0.0428968
0.0413426
0.0399492
0.0385911
0.0373784
0.0361755
0.0351134
0.0340346
0.033101
0.0321237
0.0313001
0.0304081
0.0296779
0.0288595
0.0282093
0.0274542
0.0268734
0.026172
0.0256537
0.0249982
0.024536
0.0239199
0.0235046
0.0229402
0.0224869
0.0219389
21.796
3.38032
1.22864
0.663443
0.436542
0.320542
0.251693
0.206595
0.174941
0.151576
0.133652
0.11949
0.10802
0.0985566
0.0906097
0.0838557
0.0780357
0.0729831
0.0685447
0.0646296
0.0611391
0.0580218
0.0552089
0.052671
0.050357
0.0482501
0.0463117
0.0445295
0.0428811
0.0413462
0.0399287
0.0385853
0.037356
0.0361637
0.0350899
0.0340193
0.0330766
0.0321052
0.0312758
0.0303857
0.029655
0.0288327
0.0281871
0.0274236
0.0268487
0.0261383
0.0256254
0.0249625
0.0245038
0.023882
0.0234673
0.0228943
0.0224435
0.0218939
21.796
3.38032
1.22864
0.663443
0.436542
0.320543
0.251694
0.206595
0.174941
0.151577
0.133652
0.119489
0.108021
0.0985555
0.0906114
0.0838534
0.0780391
0.0729795
0.0685501
0.0646248
0.0611462
0.0580166
0.0552168
0.0526663
0.0503646
0.0482472
0.0463175
0.0445301
0.042884
0.0413511
0.0399291
0.0385934
0.0373558
0.0361723
0.0350926
0.0340255
0.0330848
0.0321083
0.0312895
0.0303872
0.0296717
0.0288358
0.0282045
0.0274294
0.0268675
0.0261468
0.0256465
0.0249733
0.0245271
0.0238951
0.0234888
0.0229139
0.0224663
0.0219127
21.796
3.38034
1.22866
0.663463
0.436561
0.32056
0.251712
0.206613
0.174961
0.151596
0.133674
0.119511
0.108045
0.0985796
0.0906378
0.0838803
0.078067
0.0730083
0.068578
0.0646535
0.0611719
0.0580417
0.0552377
0.0526844
0.0503785
0.048255
0.0463241
0.044527
0.0428848
0.0413393
0.0399252
0.0385767
0.0373469
0.0361551
0.0350775
0.0340115
0.0330634
0.0320975
0.0312642
0.0303762
0.029647
0.0288211
0.0281818
0.0274106
0.0268455
0.0261258
0.0256233
0.0249492
0.0245023
0.0238661
0.0234608
0.0228827
0.0224353
0.0218824
21.796
3.38034
1.22866
0.663463
0.436561
0.32056
0.251712
0.206614
0.174961
0.151596
0.133674
0.119511
0.108045
0.0985797
0.0906378
0.0838804
0.0780674
0.0730085
0.0685786
0.0646543
0.0611725
0.0580435
0.0552379
0.0526878
0.0503776
0.0482607
0.0463219
0.044535
0.0428815
0.0413492
0.0399217
0.0385873
0.0373447
0.0361646
0.0350787
0.0340186
0.0330691
0.0321026
0.0312733
0.0303819
0.0296567
0.0288296
0.0281906
0.0274227
0.0268543
0.026141
0.0256338
0.0249663
0.024514
0.0238821
0.0234859
0.0228647
0.0225908
0.0216913
21.7958
3.38041
1.22873
0.663524
0.436613
0.320606
0.251754
0.206652
0.174998
0.151631
0.13371
0.119545
0.10808
0.0986133
0.0906716
0.0839145
0.0780994
0.0730428
0.0686077
0.0646874
0.0611975
0.0580733
0.0552573
0.0527116
0.0503902
0.0482767
0.0463269
0.0445431
0.0428797
0.041351
0.0399139
0.0385852
0.0373303
0.0361619
0.0350556
0.0340189
0.0330357
0.0321076
0.0312316
0.0303893
0.0296136
0.028834
0.0281547
0.027422
0.0268305
0.0261397
0.0256212
0.0249711
0.0245115
0.0238998
0.023506
0.0229013
0.0226476
0.021757
21.7958
3.38042
1.22873
0.663524
0.436614
0.320607
0.251754
0.206653
0.174998
0.151632
0.13371
0.119546
0.108079
0.0986142
0.090671
0.0839154
0.078099
0.0730439
0.0686077
0.064689
0.0611976
0.0580758
0.0552573
0.0527151
0.0503902
0.0482812
0.0463273
0.044548
0.0428815
0.0413547
0.0399189
0.0385854
0.0373411
0.0361566
0.0350739
0.0340078
0.0330607
0.0320936
0.0312593
0.0303776
0.0296389
0.0288293
0.0281747
0.0274255
0.0268458
0.0261493
0.0256333
0.0249845
0.0245243
0.0239168
0.0235193
0.0229166
0.0226679
0.0217765
21.7962
3.38026
1.22853
0.663292
0.43637
0.320363
0.251522
0.206435
0.174803
0.151445
0.133529
0.119363
0.107899
0.0984293
0.0904879
0.0837266
0.077912
0.0728516
0.0684169
0.0644941
0.0610033
0.0578793
0.0550596
0.0525184
0.0501893
0.0480848
0.0461244
0.0443519
0.0426785
0.0411574
0.0397202
0.0383723
0.0371086
0.0358948
0.0347868
0.0336909
0.032717
0.0317319
0.0308656
0.0299879
0.0292052
0.0284276
0.027712
0.027022
0.0263661
0.025747
0.0251552
0.0245859
0.0240654
0.0235496
0.0230928
0.0226196
0.0223228
0.0217155
21.7962
3.38026
1.22853
0.663292
0.43637
0.320363
0.251523
0.206436
0.174803
0.151445
0.133529
0.119363
0.107899
0.0984293
0.0904881
0.0837265
0.0779126
0.0728513
0.0684185
0.0644931
0.0610068
0.0578768
0.0550661
0.0525131
0.0501999
0.0480761
0.0461394
0.0443402
0.0426969
0.041145
0.039739
0.0383635
0.0371249
0.0358934
0.0347981
0.0336981
0.0327242
0.0317447
0.0308745
0.0299994
0.0292234
0.0284308
0.0277458
0.0270125
0.0264172
0.0257283
0.0252112
0.0245782
0.0241088
0.023559
0.0231255
0.0226428
0.0223115
0.0217627
0.0110925
0.0114491
0.0118113
0.0121569
0.0125088
0.0128447
0.0131848
0.013512
0.0138395
0.0141573
0.0144715
0.0147787
0.0150792
0.015375
0.0156613
0.0159457
0.0162165
0.0164907
0.0167453
0.0170104
0.0172497
0.0175075
0.0177355
0.0179866
0.0182094
0.0184546
0.0186774
0.0189176
0.0191429
0.0193792
0.019606
0.0198357
0.0200509
0.0202713
0.0204712
0.0206826
0.0208658
0.0210672
0.0212348
0.0214243
0.0215781
0.0217538
0.0218934
0.0220545
0.0221811
0.0223224
0.0224392
0.0225575
0.0226641
0.0227599
0.0228497
0.0229291
0.0229778
0.0231539
0.0110925
0.011449
0.0118123
0.0121567
0.0125104
0.0128442
0.0131871
0.013511
0.0138424
0.0141553
0.0144747
0.0147758
0.0150825
0.0153714
0.0156647
0.0159416
0.0162202
0.0164862
0.0167496
0.0170061
0.0172548
0.0175035
0.0177413
0.017983
0.0182159
0.0184513
0.0186846
0.0189147
0.0191502
0.0193773
0.0196131
0.0198356
0.0200571
0.0202737
0.0204763
0.0206877
0.0208707
0.0210744
0.0212408
0.0214327
0.0215862
0.0217632
0.0219047
0.0220652
0.0221959
0.0223371
0.0224576
0.0225773
0.0226869
0.0227855
0.0228763
0.022961
0.0230064
0.0231811
0.28561
0.0602836
0.316957
0.113382
0.102882
0.404056
0.362455
0.420837
0.153741
0.154571
0.193899
0.0680091
0.124503
0.112772
0.10493
0.35661
0.12049
0.293135
0.148408
0.149786
0.100634
0.0640285
0.283336
0.0633421
0.329703
0.142049
0.144995
0.312891
0.404763
0.358859
0.427718
0.133749
0.0693795
0.199195
0.0619351
0.102136
0.157661
0.143327
0.218657
0.36339
0.13099
0.283895
0.0555834
0.0546511
0.0552644
0.0581315
0.086036
0.0579025
0.0871487
0.0471399
0.0647971
0.0487646
0.116927
0.178728
0.121337
0.185463
0.0563395
0.0544444
0.0558845
0.0566855
0.078158
0.056952
0.0736006
0.0515464
0.05763
0.0498912
0.0905911
0.135218
0.0777904
0.116497
0.0605839
0.05586
0.0595065
0.0551343
0.0686612
0.0556085
0.0673183
0.425475
0.372856
0.399874
0.453891
0.458125
0.341683
0.356163
0.336668
0.196189
0.231339
0.189489
0.226401
0.0581041
0.056482
0.0577813
0.0570329
0.0615607
0.0582753
0.0577337
0.425681
0.288377
0.163046
0.22585
0.432707
0.262897
0.293257
0.261654
0.172868
0.198914
0.174256
0.202259
0.0605238
0.0571911
0.0628333
0.0566485
0.0594298
0.0563829
0.0591103
0.619746
0.0998482
0.118237
0.0999339
0.482465
0.51097
0.43644
0.230904
0.193927
0.227031
0.356429
0.342893
0.359205
0.339249
0.0667114
0.0572595
0.0615831
0.0561143
0.0589583
0.0562065
0.0587858
0.174375
0.122985
0.0939998
0.368098
0.110198
0.497336
0.509935
0.198302
0.175895
0.201697
0.320505
0.263059
0.292703
0.261818
0.0873007
0.056719
0.0904549
0.0546454
0.0562744
0.0546407
0.0561037
0.181573
0.108838
0.197923
0.0610698
0.0464614
0.0618555
0.0490489
0.0778283
0.0574586
0.0728396
0.0546703
0.0557221
0.0545629
0.0552101
0.14605
0.0763115
0.112879
0.0590205
0.0523969
0.0576233
0.0498326
0.699905
0.173449
0.349117
0.188792
0.494839
0.687283
0.337079
0.168409
0.18495
0.649932
0.618828
0.0899305
0.10483
0.0918617
0.440335
1.36577
1.06658
0.604195
0.0925774
0.101086
0.0940608
0.583927
1.35851
1.30303
0.430014
0.364439
0.423559
0.45477
0.437774
0.516057
0.436055
0.417938
0.150017
0.123852
0.154553
0.329055
0.519366
0.50413
0.409121
0.146896
0.129584
0.148839
0.394105
0.224886
0.163882
0.136484
0.145724
0.459965
0.166264
0.121701
0.132457
0.134229
0.132448
0.206147
0.0906892
0.120401
0.35067
0.121011
0.258314
0.883159
0.15564
0.128221
0.122868
0.125765
0.153799
0.142121
0.0994845
0.445925
0.125556
0.194487
0.197098
0.436929
0.498865
0.520083
0.416656
0.142238
0.154671
0.393147
0.143627
0.502339
0.426188
0.420736
0.150813
0.146346
0.14068
0.355881
1.32201
1.04932
0.629636
0.103544
0.0877944
0.0919299
0.587712
1.38546
1.33828
0.685771
0.173304
0.33731
0.187638
0.495505
0.696787
0.342449
0.192505
0.661796
0.185762
0.407005
0.120999
0.158201
0.154452
0.327704
0.50436
0.482644
0.401597
0.116237
0.14612
0.146123
0.395853
0.417459
0.375127
0.402437
0.454749
0.447961
0.419193
0.374182
0.440635
0.429432
0.459829
0.210985
0.905265
0.141452
0.125076
0.103608
0.109922
0.134247
0.125375
0.0540221
0.212927
0.17048
0.139845
0.471791
0.138925
0.160395
0.118752
0.117979
0.133148
0.110853
0.420451
0.161122
0.144744
0.399161
0.143565
0.503068
0.432117
0.419519
0.14628
0.150643
0.148981
0.34604
0.427601
0.301319
0.151778
0.427905
0.239469
0.436235
0.123622
0.182494
0.195045
0.423419
0.192662
0.0766729
0.0544758
0.0735196
0.0998057
0.0723048
0.169701
0.121376
0.0704918
0.067384
0.0727123
0.0687531
0.137956
0.0724847
0.196421
0.0650412
0.0872617
0.0714586
0.081867
0.0669772
0.182938
0.454727
0.39516
0.437235
0.383653
0.451359
0.355216
0.463196
0.448249
0.43508
0.422276
0.369499
0.445264
0.355925
0.451365
0.129371
0.0682255
0.0722359
0.0733102
0.0726553
0.0745432
0.121288
0.415874
0.323834
0.319454
0.365327
0.276924
0.417962
0.36745
0.414056
0.299253
0.225817
0.384904
0.236791
0.36312
0.433414
0.193778
0.0756575
0.0727185
0.0680603
0.0711589
0.0787313
0.167446
0.194409
0.0715525
0.063907
0.0697427
0.0664648
0.184489
0.0828201
0.450978
0.376182
0.395578
0.439464
0.353877
0.453865
0.460644
0.450461
0.367087
0.442616
0.432143
0.351056
0.451811
0.450578
0.121716
0.0734124
0.071142
0.065914
0.144159
0.0756861
0.0731633
0.13119
0.0742776
0.0681737
0.0832291
0.0752753
0.0751348
0.123527
0.412348
0.374282
0.333723
0.321899
0.42511
0.36629
0.278174
0.420915
0.373
0.299568
0.218354
0.358748
0.236502
0.4333
0.546937
0.581088
0.495024
0.420036
0.590133
0.541301
0.537103
0.51391
0.563469
0.689909
0.418727
0.517079
0.718362
0.72091
0.517635
0.557306
0.442628
0.601115
0.51048
0.597998
0.492345
0.514638
0.283521
0.451384
0.413642
0.512591
0.481499
0.229374
0.445091
0.170239
0.487854
0.387575
0.225066
0.292562
0.407127
0.549874
0.477956
0.464999
0.49105
0.41204
0.157517
0.145025
0.20147
0.10902
0.329876
1.19617
0.176142
0.620061
1.18546
0.324261
0.174381
0.615966
0.582322
0.702911
0.4915
0.660329
0.790269
0.787862
0.659198
0.325111
0.632138
0.913484
0.150992
1.1211
0.156058
0.261211
0.513858
0.528638
0.113968
0.161826
0.181472
0.14673
0.186328
0.106507
0.145604
0.200238
0.395967
0.241397
0.316796
0.0810046
0.0806806
0.0992741
0.0664896
0.185081
0.271807
0.634679
0.200648
0.206929
0.381681
0.183576
0.480561
0.476162
0.80818
0.310233
1.21337
0.677697
0.311403
0.816834
1.20051
0.645935
0.590991
0.723165
0.527929
0.661112
0.764319
0.765394
0.663748
0.81256
0.692034
0.258875
0.897959
0.260072
1.14863
0.520302
0.793067
0.303042
1.2049
0.670743
0.804493
0.300362
1.19223
0.636462
0.704292
0.737128
0.616863
0.650448
0.756309
0.655795
0.746536
0.780363
0.672494
0.292585
1.14267
0.296698
1.17805
0.757355
0.337444
0.191998
1.18719
0.623376
0.192331
1.2028
0.342266
0.596383
0.570584
0.696717
0.477017
0.647962
0.775745
0.774906
0.659654
0.305063
0.611632
0.197395
0.904461
0.19107
1.13619
0.241067
1.32341
1.31075
0.319647
0.187834
0.615369
1.17096
0.172961
0.335187
1.19371
0.587883
0.717244
0.593822
0.721466
0.303237
0.606103
0.174683
1.13587
0.169472
1.17478
0.300997
0.633057
0.763281
0.650924
0.766194
1.32021
1.35533
0.536843
0.576876
0.509412
0.430765
0.541693
0.578053
0.544455
0.510337
0.667827
0.472382
0.696554
0.510057
0.711476
0.514012
0.704273
0.538762
0.437498
0.568735
0.566054
0.511107
0.575759
0.578167
0.51452
0.525789
0.278695
0.1696
0.636325
0.407305
0.160575
0.631078
0.277498
0.420768
0.427532
0.504611
0.340526
0.420255
0.525081
0.430653
0.517307
0.275318
0.442245
0.204044
0.527722
0.225849
0.653889
0.227926
0.510017
0.507884
0.274551
0.173093
0.394625
0.634066
0.172667
0.267806
0.618699
0.413675
0.41309
0.383055
0.479346
0.288102
0.397127
0.168226
0.606023
0.164349
0.616181
0.283965
0.414525
0.504226
0.417384
0.507882
0.243469
0.174546
0.242988
0.244925
0.149298
0.214563
0.29996
0.198616
0.495107
0.235598
0.403927
0.299939
0.335583
0.20622
0.751862
0.18865
0.520014
0.417238
0.156316
0.145402
0.191745
0.119378
0.145622
0.159502
0.133125
0.141852
0.159844
0.153065
0.109931
0.101422
0.081389
0.124083
0.0683742
0.068764
0.0963002
0.0722009
0.0949149
0.194759
0.209462
0.146113
0.11446
0.169875
0.194467
0.142522
0.115692
0.217035
0.138465
0.208301
0.130552
0.247948
0.110624
0.188294
0.383428
0.234613
0.306166
0.173163
0.267071
0.181092
0.610126
0.170254
0.200153
0.386066
0.080739
0.0922503
0.110861
0.0694893
0.348606
0.477896
0.0946052
0.156031
0.092896
0.142078
0.154573
0.101574
0.065676
0.0297691
0.00585854
0.0327195
0.00862216
0.0228744
0.0424933
0.0344782
0.0282887
0.0774803
0.178109
0.145272
0.0694493
0.148631
0.162951
0.108262
0.107333
0.220605
0.225914
0.439723
0.611476
0.435281
0.205834
0.466685
0.552544
0.164182
0.122327
0.160983
0.0913949
0.0993614
0.0983709
0.0895961
0.099331
0.325106
0.441513
0.476714
0.442927
0.503915
0.419875
0.254091
0.487117
0.47829
0.283884
0.404211
0.162532
0.627893
0.150271
0.60178
0.28369
0.399522
0.438405
0.401558
0.459517
0.264122
0.399708
0.203866
0.61208
0.274039
0.201749
0.605689
0.398054
0.48249
0.4167
0.427613
0.509149
0.527386
0.289989
0.239225
0.633508
0.426925
0.240762
0.299433
0.642984
0.466119
0.406135
0.522261
0.382704
0.438763
0.474129
0.43009
0.510969
0.30504
0.467135
0.182977
0.552439
0.20242
0.668732
0.255274
1.29924
1.30181
0.338139
1.19531
0.165626
0.626297
0.329575
1.18679
0.168317
0.61561
0.742807
0.615486
0.748356
0.653295
0.773151
0.648912
0.772459
0.310568
0.602671
1.16289
0.184746
0.303635
1.1827
0.183597
1.38707
1.38028
0.802337
1.19259
0.301799
0.673864
1.18351
0.303132
0.809707
0.641882
0.587119
0.71766
0.5236
0.65035
0.757778
0.657052
0.756306
0.807463
0.696327
0.891157
0.263935
1.14896
0.267025
0.507696
0.811416
1.23477
0.692401
0.306342
1.22604
0.818121
0.307197
0.661533
0.729335
0.759196
0.639986
0.671136
0.772214
0.672873
0.767941
0.795809
0.680943
1.18567
0.284441
1.21683
0.288748
0.774129
0.282356
0.628467
0.164539
0.406855
0.629833
0.26827
0.170196
0.428937
0.433795
0.507467
0.358243
0.434191
0.518108
0.525998
0.42166
0.274323
0.439452
0.525675
0.16037
0.652235
0.179033
0.2297
0.494274
0.490855
0.254036
0.635262
0.222131
0.397376
0.262701
0.623793
0.223368
0.405925
0.407731
0.491039
0.386202
0.406144
0.520185
0.50742
0.426709
0.265955
0.399743
0.602717
0.220818
0.619013
0.225146
0.27658
0.542324
0.50701
0.577717
0.415752
0.537958
0.588338
0.539558
0.511256
0.55956
0.684484
0.416181
0.512338
0.715126
0.714633
0.515028
0.556069
0.436244
0.496919
0.601845
0.481414
0.594728
0.515355
0.547752
0.537361
0.419139
0.577607
0.5671
0.548879
0.580057
0.519276
0.690385
0.718716
0.486384
0.522941
0.72701
0.723836
0.524182
0.544971
0.4288
0.589468
0.570507
0.605298
0.578321
0.518646
0.280477
0.442592
0.088595
0.0771979
0.145394
0.137642
0.0947634
0.0688778
0.143156
0.0135973
0.0123548
0.0206654
0.00939862
0.02321
0.0385103
0.0301651
0.0270968
0.0820293
0.13857
0.0375184
0.135128
0.0767391
0.13959
0.101272
0.096783
0.113435
0.236477
0.241495
0.20339
0.185433
0.25402
0.155487
0.204838
0.184505
0.513609
0.418173
0.223019
0.30966
0.335765
0.756259
0.210733
0.531738
0.381654
0.192017
0.148301
0.131054
0.10522
0.190551
0.13789
0.120731
0.15478
0.127489
0.100342
0.154191
0.148101
0.0606789
0.0516861
0.0801895
0.0371698
0.0545269
0.0902138
0.068415
0.0721093
0.143024
0.140993
0.0672056
0.142849
0.113033
0.156639
0.127209
0.274101
0.636264
0.411553
0.225136
0.610722
0.274282
0.229984
0.39662
0.43924
0.468785
0.384026
0.393691
0.480789
0.43363
0.414749
0.264639
0.406096
0.614154
0.221952
0.612368
0.271293
0.223559
0.514939
0.529426
0.296517
0.628506
0.174925
0.419006
0.30708
0.642828
0.164166
0.470922
0.408667
0.536673
0.357222
0.435155
0.482497
0.513173
0.43336
0.304115
0.46117
0.549158
0.163262
0.672172
0.187972
0.237487
0.276085
0.419405
0.517156
0.447645
0.471402
0.479867
0.220635
0.164618
0.504946
0.398542
0.21394
0.288066
0.411627
0.487818
0.551741
0.427438
0.471411
0.490759
0.157428
0.130253
0.20111
0.0948118
0.228594
0.594678
0.438377
0.43063
0.568786
0.196652
0.471339
0.167313
0.100117
0.130336
0.0833516
0.0803224
0.0994714
0.0740961
0.0828635
0.362963
0.433121
0.388947
0.490412
0.399919
0.515768
0.286083
)
;

boundaryField
{
    inlet
    {
        type            fixedValue;
        value           uniform 440.15;
    }
    outlet
    {
        type            zeroGradient;
    }
    rightSide
    {
        type            symmetryPlane;
    }
    leftSide
    {
        type            symmetryPlane;
    }
    duct
    {
        Cmu             0.09;
        kappa           0.41;
        E               9.8;
        beta1           0.075;
        type            omegaWallFunction;
        value           nonuniform List<scalar> 
216
(
0.0111076
0.0111234
0.0114349
0.0114203
0.011826
0.0118373
0.0121422
0.012131
0.0125243
0.0125326
0.0128284
0.0128202
0.0132023
0.0132083
0.0134939
0.0134885
0.0138591
0.0138631
0.0141383
0.0141358
0.0144918
0.0144938
0.0147601
0.0147603
0.0150983
0.0150983
0.0153586
0.0153611
0.0156774
0.0156758
0.0159327
0.0159367
0.0162288
0.0162262
0.0164811
0.0164857
0.0167536
0.0167512
0.0170041
0.0170075
0.0172543
0.0172537
0.0175044
0.0175048
0.0177372
0.0177399
0.0179855
0.0179816
0.018208
0.0182148
0.0184544
0.0184457
0.018674
0.0186839
0.0189183
0.0189052
0.0191366
0.0191486
0.0193772
0.0193622
0.0195933
0.0196079
0.0198292
0.0198149
0.0200347
0.0200508
0.0202605
0.0202483
0.0204576
0.0204727
0.0206722
0.020662
0.0208622
0.0208729
0.0210619
0.0210523
0.0212426
0.0212489
0.0214253
0.021416
0.0215939
0.0215975
0.0217601
0.021752
0.0219152
0.0219191
0.0220717
0.0220662
0.0222148
0.0222195
0.0223684
0.0223658
0.0224993
0.0225047
0.0226526
0.0226548
0.0227752
0.0227787
0.0229297
0.022932
0.0230302
0.0230365
0.0231933
0.0231914
0.023259
0.0232754
0.0234666
0.0234277
0.0110925
0.0110925
0.0114491
0.011449
0.0118113
0.0118123
0.0121569
0.0121567
0.0125088
0.0125104
0.0128447
0.0128442
0.0131848
0.0131871
0.013512
0.013511
0.0138395
0.0138424
0.0141573
0.0141553
0.0144715
0.0144747
0.0147787
0.0147758
0.0150792
0.0150825
0.015375
0.0153714
0.0156613
0.0156647
0.0159457
0.0159416
0.0162165
0.0162202
0.0164907
0.0164862
0.0167453
0.0167496
0.0170104
0.0170061
0.0172497
0.0172548
0.0175075
0.0175035
0.0177355
0.0177413
0.0179866
0.017983
0.0182094
0.0182159
0.0184546
0.0184513
0.0186774
0.0186846
0.0189176
0.0189147
0.0191429
0.0191502
0.0193792
0.0193773
0.019606
0.0196131
0.0198357
0.0198356
0.0200509
0.0200571
0.0202713
0.0202737
0.0204712
0.0204763
0.0206826
0.0206877
0.0208658
0.0208707
0.0210672
0.0210744
0.0212348
0.0212408
0.0214243
0.0214327
0.0215781
0.0215862
0.0217538
0.0217632
0.0218934
0.0219047
0.0220545
0.0220652
0.0221811
0.0221959
0.0223224
0.0223371
0.0224392
0.0224576
0.0225575
0.0225773
0.0226641
0.0226869
0.0227599
0.0227855
0.0228497
0.0228763
0.0229291
0.022961
0.0229778
0.0230064
0.0231539
0.0231811
)
;
    }
    cylinder
    {
        Cmu             0.09;
        kappa           0.41;
        E               9.8;
        beta1           0.075;
        type            omegaWallFunction;
        value           nonuniform List<scalar> 
448
(
0.51097
0.43644
0.497336
0.509935
1.36577
1.06658
1.35851
1.30303
0.516057
0.436055
0.519366
0.50413
0.258314
0.883159
0.142121
0.0994845
0.498865
0.520083
0.502339
0.426188
1.32201
1.04932
1.38546
1.33828
0.50436
0.482644
0.210985
0.905265
0.125375
0.0540221
0.503068
0.432117
0.495024
0.537103
0.51391
0.517079
0.51048
0.492345
0.512591
0.445091
0.170239
0.477956
0.41204
0.157517
1.19617
1.18546
0.615966
0.660329
0.513858
0.528638
0.161826
0.186328
0.200238
0.0810046
0.480561
0.476162
1.21337
1.20051
0.645935
0.661112
0.897959
1.14863
1.2049
1.19223
0.636462
0.650448
1.14267
1.17805
1.18719
1.2028
0.596383
0.647962
1.32341
1.31075
1.17096
1.19371
0.587883
1.13587
0.633057
1.32021
1.35533
0.509412
0.544455
0.510337
0.510057
0.566054
0.578167
0.51452
0.525789
0.636325
0.631078
0.420768
0.420255
0.510017
0.507884
0.634066
0.618699
0.413675
0.414525
0.244925
0.29996
0.198616
0.751862
0.156316
0.133125
0.109931
0.101422
0.068764
0.11446
0.194467
0.208301
0.247948
0.188294
0.610126
0.386066
0.080739
0.348606
0.477896
0.092896
0.065676
0.0297691
0.0228744
0.107333
0.220605
0.611476
0.552544
0.164182
0.0993614
0.487117
0.47829
0.627893
0.60178
0.399522
0.398054
0.509149
0.527386
0.633508
0.642984
0.466119
0.438763
1.29924
1.30181
1.19531
1.18679
0.61561
0.653295
1.38707
1.38028
0.641882
0.65035
1.23477
1.22604
0.661533
0.671136
0.628467
0.428937
0.434191
0.494274
0.490855
0.405925
0.406144
0.50701
0.511256
0.512338
0.519276
0.522941
0.280477
0.442592
0.0771979
0.0688778
0.0135973
0.02321
0.096783
0.113435
0.20339
0.25402
0.184505
0.148301
0.0606789
0.0545269
0.636264
0.610722
0.39662
0.393691
0.514939
0.529426
0.628506
0.642828
0.470922
0.435155
0.517156
0.471402
0.164618
0.157428
0.594678
0.568786
0.167313
0.0803224
0.563469
0.718362
0.487854
0.145025
0.582322
0.790269
0.395967
0.0806806
0.590991
0.764319
0.704292
0.756309
0.570584
0.775745
0.717244
0.763281
0.667827
0.711476
0.427532
0.525081
0.41309
0.504226
0.495107
0.145402
0.081389
0.0963002
0.383428
0.0922503
0.00585854
0.0424933
0.122327
0.0983709
0.438405
0.48249
0.406135
0.474129
0.742807
0.773151
0.587119
0.757778
0.729335
0.772214
0.433795
0.518108
0.407731
0.520185
0.55956
0.715126
0.690385
0.72701
0.0123548
0.0385103
0.513609
0.131054
0.0516861
0.0902138
0.43924
0.480789
0.408667
0.482497
0.504946
0.130253
0.100117
0.0994714
0.689909
0.418727
0.517635
0.72091
0.387575
0.225066
0.10902
0.20147
0.702911
0.4915
0.913484
1.1211
0.659198
0.787862
0.629833
0.537958
0.525675
0.652235
0.241397
0.316796
0.634679
0.381681
0.0664896
0.0992741
0.614154
0.612368
0.723165
0.527929
0.663748
0.765394
0.737128
0.616863
0.655795
0.746536
0.696717
0.477017
0.904461
1.13619
0.659654
0.774906
0.593822
0.721466
1.17478
0.650924
0.766194
0.696554
0.472382
0.514012
0.704273
0.504611
0.340526
0.527722
0.653889
0.430653
0.517307
0.383055
0.606023
0.479346
0.616181
0.417384
0.507882
0.403927
0.235598
0.417238
0.119378
0.191745
0.124083
0.0683742
0.0722009
0.0949149
0.306166
0.234613
0.0694893
0.110861
0.0327195
0.00862216
0.0694493
0.162951
0.0344782
0.0282887
0.160983
0.0913949
0.442927
0.419875
0.0895961
0.099331
0.401558
0.61208
0.459517
0.605689
0.4167
0.427613
0.552439
0.668732
0.522261
0.382704
0.43009
0.510969
1.19259
1.18351
0.748356
0.615486
1.16289
1.1827
0.648912
0.772459
1.18567
1.21683
0.71766
0.5236
0.891157
1.14896
0.657052
0.756306
0.759196
0.639986
0.672873
0.767941
0.507467
0.358243
0.42166
0.525998
0.635262
0.537361
0.623793
0.5671
0.589468
0.491039
0.386202
0.602717
0.619013
0.426709
0.50742
0.684484
0.416181
0.496919
0.481414
0.515028
0.714633
0.718716
0.486384
0.605298
0.524182
0.723836
0.0206654
0.00939862
0.0375184
0.0767391
0.0301651
0.0270968
0.120731
0.100342
0.418173
0.756259
0.223019
0.381654
0.10522
0.190551
0.0801895
0.0371698
0.0672056
0.113033
0.068415
0.0721093
0.468785
0.384026
0.414749
0.43363
0.672172
0.536673
0.357222
0.549158
0.43336
0.513173
0.398542
0.487818
0.21394
0.427438
0.0948118
0.20111
0.130336
0.0833516
0.388947
0.399919
0.0828635
0.0740961
)
;
    }
}


// ************************************************************************* //
