/*--------------------------------*- C++ -*----------------------------------*\
| =========                 |                                                 |
| \\      /  F ield         | OpenFOAM: The Open Source CFD Toolbox           |
|  \\    /   O peration     | Version:  4.1                                   |
|   \\  /    A nd           | Web:      www.OpenFOAM.org                      |
|    \\/     M anipulation  |                                                 |
\*---------------------------------------------------------------------------*/
FoamFile
{
    version     2.0;
    format      ascii;
    class       volScalarField;
    location    "10";
    object      epsilon;
}
// * * * * * * * * * * * * * * * * * * * * * * * * * * * * * * * * * * * * * //

dimensions      [0 2 -3 0 0 0 0];

internalField   nonuniform List<scalar> 
4432
(
0.000256872
0.000227606
0.000151902
0.000216986
0.000287581
0.000340778
0.000380681
0.000413292
0.000506529
0.000780817
0.000846267
0.000689798
0.000469241
0.000414794
0.000606714
0.000912654
0.0005782
0.00133032
0.00178113
0.00257331
0.00321433
0.00616351
0.00227414
0.0125199
0.0199727
0.00653137
0.0279118
0.0166532
0.0136435
0.00949318
0.0207635
0.0182355
0.0176564
0.0191059
0.0188646
0.0226104
0.0182507
0.0318708
0.00711313
0.086424
0.0528854
0.0283178
0.0266028
0.0102266
0.0562307
0.0790248
0.0980918
0.123643
0.146615
0.16671
0.178909
0.0992576
0.0191466
0.0869122
0.000234271
0.000178119
0.000104327
0.000161803
0.000227133
0.000279735
0.000299567
0.000318798
0.000352736
0.000471952
0.000512467
0.000412096
0.000309289
0.000239404
0.000421518
0.000687174
0.000454991
0.00114056
0.000662814
0.00198238
0.00250786
0.00569764
0.00213215
0.0124994
0.0196944
0.00630488
0.0282752
0.0162958
0.0162486
0.0109068
0.0192947
0.00348861
0.059698
0.0853683
0.0567899
0.0103203
0.0872443
0.115178
0.143932
0.0879565
0.131143
0.159104
0.090778
0.0183174
0.0827019
0.105578
0.123733
0.148201
0.166848
0.184115
0.194477
0.105869
0.0201229
0.0893757
0.0567979
0.0156316
0.0156469
0.01568
0.015708
0.0155003
0.0155999
0.0156952
0.0157547
0.0158423
0.0160327
0.0164311
0.0167638
0.0165021
0.0169171
0.0165248
0.0170057
0.0172927
0.0180991
0.017668
0.0183531
0.0190497
0.018683
0.0198728
0.0231258
0.0235005
0.0214334
0.0257595
0.0246456
0.0201867
0.030251
0.0130997
0.00508076
0.0219502
0.0284157
0.0306782
0.0317571
0.0326605
0.0497536
0.0195174
0.0264839
0.0301047
0.0199697
0.0560698
0.0222154
0.0434408
0.0669147
0.0220753
0.055532
0.0234949
0.0432293
0.0192369
0.0249743
0.0258322
0.0566094
0.0155845
0.0154883
0.015531
0.0155571
0.0153291
0.0154199
0.0155239
0.0155966
0.0155452
0.0156982
0.0161368
0.0160991
0.0158746
0.0158523
0.0163
0.0167559
0.0165426
0.0167135
0.0172779
0.0176707
0.0174203
0.0195491
0.0218393
0.0229822
0.0245778
0.0294698
0.0227033
0.0272955
0.0308697
0.0367873
0.0145416
0.00650591
0.022657
0.028734
0.0307229
0.031568
0.0305301
0.0417931
0.0145359
0.0252658
0.0298524
0.0167857
0.0558881
0.022278
0.0451752
0.065372
0.0213066
0.0571777
0.0232755
0.0265335
0.0280567
0.0209863
0.011083
0.0566092
0.01561
0.0156271
0.0156367
0.0156218
0.0157281
0.0157613
0.0157374
0.0157022
0.0157206
0.0158849
0.0161613
0.0162137
0.016201
0.0164904
0.0165446
0.0166984
0.0167616
0.0173339
0.0175259
0.0192741
0.0199222
0.0199963
0.0220853
0.0254605
0.0274015
0.027179
0.0269912
0.0251031
0.0179596
0.0158664
0.0215516
0.0160815
0.0196448
0.0160888
0.0206964
0.0148512
0.0235184
0.0233696
0.0244792
0.0255983
0.0194962
0.0225026
0.0118043
0.0176747
0.00883088
0.00309389
0.0154078
0.00899326
0.013652
0.0212889
0.015656
0.0230819
0.022073
0.0564854
0.0154383
0.015345
0.0153741
0.0154507
0.0155488
0.0155784
0.0155577
0.0155512
0.0154806
0.0156816
0.0158671
0.0157743
0.0157899
0.0158915
0.0161395
0.0163548
0.0167507
0.0172607
0.017788
0.0175072
0.0186388
0.0208396
0.0217703
0.0197496
0.0238961
0.0294404
0.0260813
0.0209801
0.0262078
0.021024
0.0209211
0.0169104
0.0200357
0.0162074
0.0207195
0.0147344
0.0231326
0.0230976
0.0250161
0.0257223
0.0195054
0.022003
0.0120379
0.018049
0.00909573
0.0029092
0.0144534
0.0136455
0.0216839
0.0222664
0.0230076
0.0178697
0.0161762
0.0566528
0.0157472
0.0155227
0.0157055
0.0155584
0.0154672
0.0155938
0.0156214
0.0156292
0.0156313
0.0155857
0.0156602
0.0157907
0.0159178
0.0163238
0.0165076
0.0165358
0.0164834
0.0172291
0.0183735
0.0191254
0.0192151
0.0142372
0.065707
0.0256227
0.0281948
0.0279613
0.0255244
0.0196912
0.0244978
0.0265957
0.0176863
0.0218442
0.0157455
0.00972735
0.010045
0.019136
0.0131046
0.0211362
0.0232782
0.0240564
0.0136775
0.0176057
0.0212874
0.0165376
0.00123018
0.00100852
0.0108845
0.0108261
0.0168645
0.0207169
0.016495
0.0222662
0.0211209
0.0564244
0.0153952
0.0153826
0.0154187
0.0154357
0.0156237
0.0156004
0.0154394
0.0154957
0.0154321
0.0155109
0.0155885
0.0156548
0.0157183
0.0161727
0.0161948
0.0162008
0.0167534
0.0179075
0.0174867
0.0172062
0.0193749
0.0182255
0.0524813
0.0231335
0.0219382
0.0235596
0.025258
0.0195985
0.0206342
0.0178704
0.0223378
0.0182029
0.0229526
0.0250543
0.0163892
0.0220336
0.0132525
0.0205049
0.0213465
0.0237767
0.0233892
0.0228965
0.0227518
0.0174754
0.00166914
0.00247974
0.0126182
0.015069
0.0200582
0.0198311
0.0201365
0.0157437
0.016393
0.0563945
0.015483
0.0154789
0.0155522
0.015762
0.0154195
0.0158433
0.0156293
0.0156888
0.015639
0.0156905
0.0157679
0.0160187
0.0159254
0.0161262
0.0160998
0.0162029
0.0168166
0.0176764
0.0189378
0.0183336
0.0219239
0.0277315
0.293143
0.0265943
0.0256579
0.0283272
0.0260691
0.026455
0.025108
0.0258912
0.0187983
0.0242063
0.0231379
0.0214116
0.0234638
0.0142532
0.0191869
0.0130458
0.0200672
0.0207366
0.0132711
0.0209267
0.0215688
0.0167193
0.00597276
0.00639192
0.0152796
0.0165625
0.0205113
0.019596
0.0167115
0.0217064
0.0201119
0.056334
0.0156649
0.0155549
0.0155794
0.0156476
0.0154709
0.0157102
0.0154426
0.0155448
0.0154454
0.0154582
0.0156098
0.0155388
0.0159208
0.0159965
0.016709
0.0164837
0.0171225
0.017878
0.0161799
0.0180104
0.0197198
0.00337534
0.209867
0.0279469
0.029581
0.0320376
0.0237326
0.028744
0.0273659
0.0292192
0.0250668
0.0179671
0.0223384
0.0234598
0.0252934
0.0208201
0.0143894
0.0201074
0.0144091
0.0187144
0.0143934
0.0213043
0.0215962
0.0171358
0.00696656
0.00780164
0.0135136
0.0167606
0.0197012
0.0186137
0.0186939
0.0149343
0.0166433
0.0565761
0.0152031
0.0157365
0.0155369
0.0155294
0.0156609
0.0157161
0.0155465
0.015624
0.0158888
0.0158523
0.0156671
0.0158765
0.0160477
0.0158172
0.0155993
0.0166391
0.0168878
0.0184902
0.0195513
0.018773
0.0344204
0.182907
2.15948
0.0515993
0.0323362
0.0271665
0.0266225
0.0218097
0.0249557
0.0228243
0.0166839
0.0156913
0.0143769
0.0152291
0.0209219
0.0227573
0.021471
0.014773
0.0222048
0.0192927
0.0153131
0.0187856
0.0176257
0.0188675
0.0127404
0.0145278
0.0175549
0.0184529
0.0203395
0.0202718
0.0194506
0.0185642
0.0189312
0.0563128
0.0156697
0.0155874
0.015684
0.0154272
0.015561
0.0155995
0.0154925
0.0156524
0.0155952
0.0153477
0.0154461
0.0154477
0.0160891
0.0158128
0.0160383
0.0163496
0.0170203
0.0179899
0.0171575
0.0186559
0.0258831
0.127837
1.5041
0.0325674
0.0306178
0.031401
0.0294515
0.0250262
0.0218947
0.0188961
0.0210249
0.0183847
0.0219584
0.0183555
0.0204492
0.020286
0.0220106
0.0107752
0.0132026
0.0156241
0.014618
0.0186414
0.0176127
0.0189723
0.0125986
0.0136937
0.0178952
0.0174648
0.0194381
0.0178231
0.0180978
0.0155787
0.0169418
0.0563595
0.0151792
0.0157714
0.0158322
0.0155936
0.0156364
0.0157235
0.0157363
0.0158331
0.015746
0.0156585
0.0155978
0.0155801
0.0158864
0.016308
0.0157787
0.0170539
0.0176529
0.0185991
0.0201612
0.0207099
0.0286813
0.472924
5.37959
0.0657136
0.0221756
0.0281302
0.028305
0.025822
0.021749
0.0193941
0.0216376
0.0208177
0.0234434
0.0218914
0.0208778
0.0228804
0.0177346
0.0202661
0.0191755
0.0205783
0.0211874
0.0144987
0.0205064
0.0204891
0.014682
0.0171013
0.0182868
0.0194156
0.0206258
0.0201514
0.0185371
0.0179169
0.0181797
0.0563769
0.0157306
0.0153192
0.0156966
0.0154834
0.0155082
0.0155922
0.0155619
0.0156529
0.0157029
0.0156525
0.0155089
0.0155844
0.0157656
0.0161658
0.015976
0.016893
0.0178349
0.0197158
0.0182759
0.0192166
0.0265952
0.361055
4.30343
0.0400544
0.0260413
0.0362313
0.0314081
0.0209196
0.0209142
0.0222238
0.0207557
0.0178658
0.0220569
0.0220069
0.0220106
0.0232676
0.01675
0.0189492
0.0158816
0.0161394
0.0200292
0.0143032
0.0205523
0.0204948
0.0149536
0.016452
0.0185043
0.0181817
0.0197305
0.0178573
0.0178597
0.0160971
0.0170956
0.0568188
0.0151749
0.0157276
0.0157547
0.0156866
0.0156069
0.0158587
0.0152961
0.0158391
0.0159574
0.0158577
0.0156271
0.0156269
0.0159435
0.0163873
0.0164958
0.0173083
0.0177598
0.0171729
0.0193139
0.0209664
0.0280317
0.263764
12.3721
0.112681
0.0268983
0.0266208
0.0223798
0.0206817
0.0215289
0.0187102
0.018086
0.0184627
0.0174581
0.018717
0.0228038
0.0230277
0.0207151
0.0187849
0.0229916
0.0236417
0.0210917
0.0192462
0.0182706
0.0193914
0.0163948
0.0190017
0.0183422
0.0202563
0.0200599
0.0189192
0.0178589
0.0178028
0.0175112
0.056514
0.0157238
0.0153492
0.0157274
0.0155936
0.015553
0.0157571
0.0152396
0.0157307
0.0155683
0.0155256
0.0155492
0.015883
0.0160229
0.0160517
0.0161723
0.0166901
0.0173537
0.0184228
0.0163402
0.0217191
0.0262143
0.958941
11.2078
0.0678581
0.0416731
0.0335368
0.0284715
0.027807
0.0240672
0.0194416
0.0233374
0.0216688
0.0186156
0.0209985
0.0228885
0.0219663
0.0212102
0.0177695
0.0203358
0.0213085
0.0190599
0.0187494
0.0175492
0.0188873
0.0158971
0.01846
0.0186834
0.0187771
0.0188906
0.0177239
0.0173651
0.0174708
0.0181987
0.0567586
0.0151551
0.0158061
0.0158651
0.0156154
0.0156442
0.0156405
0.0155931
0.0159709
0.0159009
0.0157856
0.0157904
0.0154431
0.0156817
0.0161961
0.016663
0.0163382
0.0167864
0.0186578
0.0214403
0.0207374
0.0254069
0.939746
24.9615
0.129901
0.0315277
0.0279477
0.0196499
0.0212425
0.0200812
0.0181123
0.0182602
0.0199873
0.0190641
0.0200653
0.0203149
0.0205699
0.0200971
0.0209207
0.0195539
0.0239052
0.0207282
0.0194861
0.0210623
0.0200668
0.0174925
0.0174454
0.018228
0.0202281
0.0195428
0.0185642
0.0176113
0.0174935
0.0166419
0.0568509
0.01578
0.0153882
0.0154329
0.0154998
0.0155539
0.0156498
0.015475
0.0158162
0.015662
0.0155693
0.015673
0.0156968
0.0160299
0.0162126
0.0160555
0.0164346
0.0155346
0.0178682
0.0195836
0.0209129
0.0375989
2.00798
20.4174
0.153424
0.0604581
0.0287455
0.0245767
0.0227488
0.0215737
0.0238452
0.0252464
0.023466
0.0231555
0.0240255
0.0233114
0.0225152
0.0202735
0.0205543
0.0190224
0.0218121
0.0194388
0.0180701
0.0226607
0.018587
0.0193146
0.0166637
0.0170928
0.018597
0.0185778
0.0174181
0.0170375
0.0173146
0.0174401
0.057572
0.0151809
0.0154706
0.0155112
0.0154943
0.0152191
0.0155799
0.0160293
0.0160759
0.0159523
0.0159341
0.0158778
0.0156756
0.0159601
0.0161954
0.0162969
0.0168936
0.0175186
0.0178641
0.0184048
0.0281059
0.0152927
7.60836
45.8038
0.141664
0.0612948
0.0238529
0.0176588
0.0179831
0.0211695
0.0165226
0.0198602
0.0184634
0.0192502
0.0195405
0.0191497
0.0194682
0.0206223
0.01964
0.023044
0.0227066
0.0241073
0.0198296
0.0208039
0.0207038
0.0209789
0.0202366
0.0190851
0.0207576
0.0197184
0.019093
0.0175971
0.0170785
0.0159383
0.057207
0.0154428
0.0149961
0.015059
0.0154065
0.015073
0.0156335
0.0159322
0.0156029
0.0155244
0.0158722
0.0159062
0.0158103
0.0156429
0.0158857
0.0163344
0.0170224
0.0167229
0.0190516
0.0198589
0.0212846
0.0140323
2.68086
39.7524
0.289562
0.147219
0.0391366
0.0219769
0.0211079
0.0206361
0.0246806
0.0240172
0.0232791
0.0232528
0.0218549
0.0237941
0.0195213
0.022172
0.0204312
0.0210393
0.0229444
0.0213097
0.0214963
0.0194429
0.0195782
0.0211288
0.0206369
0.018909
0.0189895
0.0180347
0.0174404
0.0168027
0.0172058
0.016767
0.0576953
0.0155981
0.0150828
0.015327
0.0155338
0.0153342
0.0159631
0.0158247
0.0160211
0.0155853
0.0158287
0.016262
0.0157958
0.015616
0.0162593
0.0163561
0.0180496
0.0167595
0.0196191
0.0228302
0.0257762
0.651843
17.0722
112.363
0.171984
0.0920852
0.0238467
0.0196764
0.0218692
0.0239367
0.0196977
0.0184588
0.0203774
0.022334
0.0226852
0.0234079
0.026035
0.0186803
0.0251623
0.0231889
0.0212987
0.0192449
0.0226478
0.0259693
0.0214981
0.0242125
0.0241242
0.021348
0.0228465
0.0222306
0.0231012
0.019404
0.0215841
0.0349545
0.0577955
0.0151956
0.01531
0.0155399
0.0154883
0.0151571
0.0158335
0.0157046
0.0158197
0.015605
0.0157673
0.0159967
0.0158729
0.0159333
0.0158587
0.0164136
0.0166239
0.0177714
0.0168356
0.0181582
0.0179057
0.703588
7.70513
106.423
0.529196
0.228573
0.0493807
0.0237585
0.0232723
0.0250954
0.0256072
0.023429
0.0249653
0.024581
0.0224228
0.0207653
0.0220633
0.0204788
0.0212445
0.0195337
0.0194062
0.0193725
0.0194545
0.0209775
0.020552
0.0209471
0.0214602
0.0195304
0.0207397
0.0196134
0.019525
0.0180528
0.0187351
0.0274305
0.058652
0.0157317
0.0156649
0.0153883
0.0155713
0.0154265
0.0160808
0.0159504
0.0157549
0.0160041
0.016253
0.0158331
0.0158224
0.015742
0.0159187
0.0157898
0.0171102
0.0170653
0.0187481
0.0210546
0.0248004
1.0829
38.9537
255.582
0.0240204
0.151433
0.0222292
0.0144882
0.0221819
0.0224937
0.0178175
0.0185674
0.020079
0.023133
0.0272788
0.0301128
0.0273393
0.026605
0.0280654
0.0306586
0.0365658
0.033165
0.0272862
0.0335219
0.025617
0.0302001
0.037175
0.0271998
0.0305259
0.0312129
0.0308015
0.0237738
0.0299813
0.057095
0.0576893
0.0152621
0.0154622
0.0160754
0.0156813
0.015376
0.0156138
0.0158225
0.0158664
0.0157358
0.0156145
0.0154768
0.0157822
0.0160518
0.0160511
0.0162545
0.0163636
0.016709
0.0170678
0.0207297
0.0197839
0.0424518
19.2766
247.843
0.980352
0.436308
0.0937324
0.0350167
0.0305141
0.0332064
0.0277103
0.0234815
0.0218038
0.0199725
0.0202748
0.0196173
0.0199752
0.0195585
0.0194793
0.0244595
0.0278216
0.0272624
0.0255766
0.0283164
0.0256295
0.0229366
0.02467
0.0210098
0.0229585
0.0203372
0.017229
0.0179333
0.0240388
0.0483827
0.0581104
0.0157112
0.0158512
0.0155806
0.0152962
0.0159598
0.0159177
0.0159743
0.0159113
0.0163958
0.0161643
0.0157335
0.0158314
0.0153802
0.015592
0.0156024
0.0156341
0.0162513
0.0170277
0.018705
0.0201044
1.40699
80.9009
554.683
47.2401
0.12685
0.0253894
0.0280849
0.0207209
0.0310615
0.0253973
0.017288
0.0245359
0.0232311
0.0253618
0.0320061
0.0332605
0.039558
0.0364624
0.0427314
0.0395203
0.040807
0.0232154
0.0312332
0.0320142
0.0319362
0.0267722
0.0237081
0.0240733
0.0128358
0.0167208
0.0158554
0.0284005
0.0617003
0.0584349
0.0152952
0.0150789
0.0156456
0.0155464
0.0157926
0.0156844
0.0161497
0.0156952
0.0157679
0.0159652
0.0156182
0.01592
0.0158388
0.0159348
0.0159173
0.0161231
0.016768
0.0172283
0.015511
0.0163677
0.108274
44.8117
545.635
1.24607
0.515205
0.0838425
0.0436259
0.0389909
0.0356459
0.0263391
0.0279614
0.0221136
0.0209522
0.0236029
0.0232821
0.0224983
0.0222335
0.0250045
0.0260644
0.0245669
0.0301955
0.0194761
0.0251867
0.0242784
0.0241125
0.0229472
0.0239572
0.0206345
0.024299
0.0268869
0.0235107
0.0403317
0.0781127
0.0594678
0.0164658
0.0157285
0.0156662
0.0157783
0.01631
0.0156756
0.0156537
0.0163908
0.0159635
0.0157708
0.0161631
0.015991
0.0160126
0.0159407
0.0167088
0.0167552
0.0170345
0.0184098
0.016816
0.0307919
0.93464
82.5102
743.132
61.6738
0.0609302
0.0354961
0.0321664
0.0254591
0.0299584
0.0274248
0.0162013
0.0325042
0.0313391
0.0316477
0.0259995
0.0398209
0.0462248
0.0408385
0.0425079
0.0331082
0.0298823
0.0367192
0.030848
0.0281495
0.0282666
0.0309821
0.0296281
0.027451
0.0244331
0.0213475
0.0190818
0.0225073
0.0368374
0.0591598
0.0154288
0.015604
0.0154687
0.015643
0.0161152
0.0156959
0.0155861
0.015871
0.015843
0.0161424
0.0160576
0.0156093
0.0157579
0.0157643
0.0162734
0.0164099
0.016367
0.0177779
0.0179314
0.0193294
0.1425
29.6547
712.211
56.3749
0.0975656
0.0502271
0.0401317
0.0347873
0.0334106
0.0331251
0.0313206
0.0243928
0.0251102
0.0222621
0.0297483
0.0284948
0.0359524
0.0338319
0.0333549
0.0328505
0.036905
0.0474654
0.0435612
0.0584976
0.0557356
0.0355627
0.0283224
0.0244666
0.0268358
0.0196364
0.0109764
0.021979
0.0531659
0.0606423
0.01643
0.0162522
0.0153219
0.0163689
0.0158379
0.0155501
0.0155501
0.015788
0.0154232
0.0152882
0.0156097
0.0157357
0.0154163
0.0155629
0.016122
0.0170043
0.0175442
0.0205471
0.0183148
0.0906498
2.88395
15.6789
516.83
105.812
1.29621
0.0355712
0.0377143
0.0152077
0.0320051
0.0275582
0.0365379
0.0339342
0.0311223
0.0376198
0.0420926
0.056646
0.0577862
0.0574668
0.0535739
0.0431592
0.0554885
0.0587703
0.0738477
0.0689377
0.0631062
0.0296309
0.0307621
0.0175298
0.0240682
0.0225516
0.0215805
0.0206865
0.0376768
0.0601457
0.0155211
0.0162009
0.0157515
0.015299
0.0157467
0.0157011
0.0154613
0.0155637
0.0161301
0.0161503
0.0155056
0.0151124
0.0158942
0.0158738
0.0158643
0.0165264
0.0163037
0.0186866
0.0205293
0.0232289
0.438057
16.7377
412.325
45.0776
1.51184
0.0359348
0.0364565
0.0394887
0.0358719
0.0395478
0.0340022
0.0260265
0.033403
0.0208024
0.0282078
0.0328477
0.0254841
0.0377789
0.0380613
0.0359248
0.0454428
0.0351595
0.0339042
0.0371241
0.0423883
0.03839
0.0235714
0.028506
0.0234707
0.0211218
0.0138584
0.0220504
0.0398205
0.0622057
0.0160136
0.0158663
0.0153351
0.0158825
0.0154455
0.0153047
0.015352
0.0152961
0.0153034
0.0157282
0.0156254
0.0154431
0.0154667
0.0155351
0.0156226
0.0161697
0.0168427
0.0172488
0.0216663
0.27781
3.49203
61.0322
1582.11
2.24274
0.0433562
0.0374145
0.0300053
0.0591028
0.0610839
0.0588118
0.0412481
0.0500877
0.0563902
0.0632303
0.0844783
0.0628885
0.0545526
0.053455
0.0533865
0.0594853
0.0600538
0.0630833
0.0555917
0.0437275
0.0377428
0.0338616
0.0198484
0.0262649
0.0257881
0.0203088
0.0281396
0.0441825
0.0610486
0.0158489
0.0161238
0.0154091
0.0153453
0.0153985
0.0157674
0.015537
0.0153653
0.0156719
0.0156374
0.015496
0.0151148
0.015532
0.0162007
0.0155133
0.0163428
0.0162148
0.0173045
0.0183225
0.0384112
1.4699
42.8755
1439.09
4.16444
0.0524168
0.0347061
0.0405678
0.0259818
0.0327035
0.036207
0.037037
0.0326507
0.0291469
0.032431
0.0361825
0.0397907
0.0376084
0.036401
0.0501082
0.0530985
0.0574749
0.0296476
0.0208979
0.0371459
0.0475949
0.0441232
0.0248876
0.0218393
0.0146032
0.014735
0.029003
0.036231
0.0617721
0.0158231
0.0157437
0.015931
0.0159002
0.015646
0.015881
0.0157613
0.0154738
0.0157237
0.0166754
0.0161653
0.015124
0.0161861
0.0159836
0.0158916
0.0163304
0.0167845
0.0165263
0.0149479
0.0273226
0.299467
1.55158
1.23535
7.99982
0.0591602
0.0471581
0.0318588
0.0334307
0.0443274
0.0175624
0.0306268
0.0437722
0.0560352
0.0607973
0.0652135
0.0973915
0.0638093
0.060543
0.0652179
0.0619079
0.0664906
0.0784271
0.0407379
0.0456844
0.0458075
0.0643608
0.0746662
0.0712533
0.0282199
0.0222553
0.0218548
0.0378438
0.055766
0.0617728
0.0164276
0.0158082
0.0157253
0.0158171
0.0156899
0.0156775
0.0155637
0.0156998
0.0155049
0.0153219
0.0160754
0.0156045
0.015187
0.0155001
0.0156741
0.0158852
0.0164903
0.0159545
0.018207
0.0179769
0.0622921
1.7371
9.33218
5.15417
0.0396941
0.0402045
0.0243484
0.0301859
0.0290631
0.0252383
0.0371652
0.0331512
0.0343677
0.0390822
0.0403666
0.0420485
0.047593
0.046843
0.0524624
0.0567329
0.0568303
0.0771481
0.0515341
0.0982807
0.0762305
0.0894053
0.0753481
0.0216881
0.0163789
0.0220542
0.0344204
0.0435212
0.0551102
0.062633
0.0164361
0.0158942
0.0161547
0.0165907
0.0154469
0.0161465
0.0160104
0.0162702
0.0163131
0.0165418
0.0160383
0.0158827
0.0156295
0.0157471
0.0161442
0.0163062
0.0164897
0.0173584
0.016388
0.016228
0.0205125
0.0206201
0.0238762
0.0195004
0.0256021
0.0221992
0.0245491
0.0334697
0.0388059
0.0494511
0.0480083
0.0576068
0.0844685
0.0606657
0.0623521
0.0771749
0.0925959
0.1073
0.0743261
0.0717207
0.073576
0.0793519
0.0804714
0.109525
0.0965289
0.161066
0.136797
0.120097
0.0322578
0.0194316
0.0211724
0.0301629
0.0611705
0.0617907
0.0158232
0.0156598
0.015916
0.0164481
0.0157221
0.0157991
0.0158378
0.016109
0.0161176
0.015806
0.0158903
0.0163038
0.0159623
0.015283
0.016189
0.0160448
0.0160261
0.0157751
0.0179478
0.0175796
0.0177956
0.0164285
0.0587661
0.0451877
0.0236802
0.0247173
0.0274641
0.0287175
0.0303158
0.0340614
0.0422073
0.0512238
0.0505637
0.0629397
0.0564341
0.0665569
0.0558436
0.0516622
0.0605625
0.0566086
0.0626922
0.0663693
0.0695178
0.0962539
0.0749548
0.102023
0.0968094
0.0915084
0.0448984
0.0278887
0.0382212
0.0443649
0.0651476
0.062162
0.0165102
0.0152161
0.0157837
0.0165606
0.0159651
0.0158171
0.0161341
0.0170021
0.0169968
0.016849
0.0165765
0.0166051
0.0159423
0.0158852
0.016114
0.0163698
0.0162007
0.0171085
0.0160734
0.0172767
0.0207236
0.019472
0.0206289
0.0164468
0.0228455
0.023803
0.0258761
0.0361908
0.0419143
0.043463
0.0346816
0.082353
0.0682963
0.0717707
0.0799712
0.100893
0.0838537
0.0876172
0.0947208
0.103972
0.104075
0.080844
0.122636
0.133793
0.183777
0.234622
0.254081
0.260591
0.0626512
0.0284759
0.0181865
0.0462108
0.0692167
0.0617173
0.0156983
0.0156831
0.0156143
0.0163905
0.0158938
0.0157601
0.0159885
0.0167791
0.0167664
0.0165567
0.0163312
0.0162976
0.0166039
0.015871
0.0162535
0.0163326
0.01633
0.0158334
0.0178093
0.0179135
0.019619
0.0182622
0.0122636
0.0169478
0.0184483
0.0205249
0.0208589
0.0251824
0.0291044
0.0342401
0.0391544
0.0582646
0.0503886
0.0669889
0.0624927
0.0549732
0.0909126
0.0643164
0.0744361
0.0801737
0.0856219
0.0625858
0.100521
0.0880817
0.110284
0.141431
0.144951
0.138062
0.102954
0.0441267
0.0344669
0.056715
0.071989
0.0620955
0.0165771
0.0153535
0.0160088
0.0164772
0.0164665
0.0167461
0.0173924
0.016705
0.0171686
0.0165327
0.0168084
0.0157678
0.0162563
0.0163425
0.0162345
0.0163475
0.0172239
0.0168826
0.0160772
0.0169164
0.0164375
0.0184911
0.0215306
0.0227376
0.0253678
0.0297214
0.0288782
0.0308139
0.0331628
0.020351
0.0649565
0.0809562
0.0874543
0.0844795
0.119432
0.140732
0.116568
0.10717
0.123353
0.12275
0.167931
0.14544
0.169055
0.183
0.234372
0.308016
0.277997
0.272369
0.127708
0.05153
0.0413685
0.0744206
0.0790652
0.0604432
0.0162038
0.0151139
0.0157426
0.0162359
0.0155731
0.0165762
0.017125
0.0164412
0.0169041
0.0163563
0.0167372
0.0157668
0.0167473
0.0173823
0.0166304
0.0161701
0.0172279
0.0168014
0.0176225
0.0173122
0.0180567
0.0184901
0.0188809
0.0206126
0.0198123
0.0211153
0.0213067
0.0248322
0.0325742
0.0399932
0.0400811
0.0482069
0.0685039
0.0546213
0.0748473
0.0783253
0.0655767
0.0761913
0.110586
0.113428
0.126103
0.0773409
0.128294
0.127298
0.181894
0.237106
0.248356
0.216525
0.163424
0.107516
0.0721257
0.0838442
0.0816307
0.0604869
0.0165381
0.0154402
0.015474
0.0160521
0.016214
0.0162309
0.0170543
0.0166702
0.0176481
0.017125
0.0173756
0.0170854
0.0169608
0.0173037
0.0171025
0.0143922
0.0150455
0.0181902
0.0183679
0.0166797
0.0161915
0.0195404
0.0210682
0.0202743
0.0156837
0.02003
0.0215964
0.0277301
0.0356358
0.0355296
0.0722612
0.085844
0.0955795
0.105552
0.118198
0.158706
0.12423
0.133557
0.15117
0.142394
0.169702
0.15414
0.164669
0.186207
0.292375
0.397642
0.475797
0.308401
0.224143
0.103058
0.0817193
0.0866505
0.087459
0.05911
0.0157369
0.0151192
0.0152674
0.0160602
0.0159274
0.0160536
0.0167992
0.0162008
0.0173453
0.0163014
0.0165519
0.0176289
0.016788
0.0176198
0.0165035
0.0170215
0.0172569
0.0183956
0.0178789
0.017627
0.0184524
0.0199257
0.0203901
0.0226508
0.0174376
0.0192579
0.0217401
0.0261706
0.0306741
0.0450022
0.0445302
0.0516227
0.0657001
0.0745313
0.0847275
0.110368
0.095149
0.10495
0.124632
0.125043
0.104472
0.103382
0.121293
0.135927
0.253978
0.301075
0.313087
0.240024
0.241289
0.140585
0.126669
0.0864466
0.0860307
0.0592398
0.0162642
0.0155911
0.0156469
0.0166735
0.0165668
0.0160715
0.0164859
0.0166149
0.0179023
0.0171333
0.0172027
0.0163103
0.0171003
0.0159985
0.0179882
0.0182965
0.0180065
0.0168861
0.0164276
0.0194826
0.0198472
0.018745
0.0176765
0.0205526
0.0191453
0.0243139
0.0318156
0.0439644
0.0559303
0.0624122
0.0878491
0.0978897
0.104444
0.149018
0.144882
0.162275
0.165159
0.180772
0.171062
0.181332
0.189089
0.190202
0.218205
0.251112
0.352462
0.529845
0.562073
0.427194
0.318908
0.142094
0.106866
0.0840122
0.0897605
0.056257
0.0152506
0.015156
0.0154287
0.0163322
0.0162968
0.0159331
0.016264
0.0160321
0.0175648
0.0170438
0.0169381
0.0162966
0.0178325
0.0182597
0.0170899
0.017355
0.0158646
0.0171076
0.0178299
0.0187551
0.0183278
0.0192412
0.0186654
0.0192041
0.0202973
0.0208896
0.0238454
0.0301417
0.0346914
0.0412345
0.0518338
0.0717678
0.066813
0.103989
0.113407
0.145043
0.13034
0.144066
0.178168
0.163513
0.165485
0.143521
0.16962
0.227094
0.312052
0.336059
0.345645
0.213131
0.255832
0.173321
0.153443
0.103423
0.092462
0.0564485
0.016106
0.0159012
0.0161769
0.0172213
0.0167578
0.0165444
0.0171558
0.0170442
0.0179958
0.0177512
0.0171684
0.0169313
0.0187455
0.0193996
0.0180786
0.0183741
0.0178241
0.0163549
0.0172058
0.0172483
0.0193933
0.0209769
0.0218286
0.0228801
0.026358
0.0232489
0.0265134
0.0384097
0.0531703
0.0642995
0.0829162
0.0979682
0.110468
0.129946
0.133717
0.138643
0.158369
0.195386
0.173447
0.181668
0.195728
0.21343
0.202845
0.218513
0.26678
0.320607
0.443379
0.313328
0.543569
0.182606
0.138386
0.0829158
0.0915907
0.0529009
0.0153776
0.015224
0.0160077
0.0164148
0.0166185
0.0165416
0.0169228
0.0168231
0.017664
0.0178057
0.0168143
0.0160655
0.0184947
0.018684
0.016739
0.0161504
0.0178418
0.0160144
0.01678
0.0159316
0.0162372
0.0192709
0.0204599
0.017926
0.0201187
0.0230658
0.0205338
0.0254556
0.0393548
0.0414769
0.052804
0.0604934
0.0817556
0.0810412
0.0874594
0.131331
0.151054
0.172594
0.17931
0.173604
0.183462
0.184945
0.162249
0.203915
0.342091
0.269993
0.434142
0.290644
0.241938
0.185657
0.188225
0.106727
0.093881
0.0533598
0.0171464
0.0170439
0.0170546
0.0167882
0.0168268
0.0170654
0.0174091
0.0178427
0.0171585
0.0161367
0.018738
0.019338
0.0199759
0.0201229
0.0199873
0.0172959
0.0164159
0.0209698
0.0203668
0.0220954
0.0201031
0.0186598
0.0243291
0.0182851
0.0246574
0.0293203
0.0298788
0.03145
0.049497
0.049742
0.0628091
0.0692064
0.0931111
0.128335
0.159164
0.167313
0.204156
0.235985
0.248257
0.26827
0.260351
0.222608
0.144166
0.0899184
0.13508
0.216914
0.667914
0.532569
0.918139
0.320874
0.184638
0.0812307
0.0908236
0.0469515
0.0159804
0.0158142
0.0165105
0.0169955
0.016504
0.0167545
0.017067
0.0174794
0.0167686
0.0165893
0.0182926
0.0181715
0.0186705
0.0184075
0.0194136
0.0177306
0.0192556
0.0203018
0.0195852
0.0205785
0.0191034
0.0183735
0.0194065
0.0187748
0.0198279
0.0224423
0.0257109
0.0234719
0.0337267
0.0422604
0.0493766
0.053871
0.0626324
0.0703921
0.0949491
0.12394
0.158738
0.189182
0.183298
0.193437
0.215961
0.216442
0.203089
0.171585
0.243027
0.328684
0.505179
0.471512
0.253467
0.209907
0.231201
0.110754
0.0941534
0.0480218
0.017091
0.0169737
0.0171368
0.0168501
0.0160033
0.016431
0.0156201
0.0156831
0.0159591
0.0157793
0.0172489
0.0176567
0.0203345
0.0203846
0.02024
0.0189326
0.0158826
0.0184855
0.0148132
0.0222454
0.0210406
0.0215051
0.0221952
0.0222759
0.0218717
0.0253038
0.0267971
0.0304511
0.0430034
0.0443978
0.050544
0.0541088
0.0685377
0.0938762
0.082037
0.121757
0.131394
0.15788
0.211886
0.193433
0.188165
0.16762
0.150249
0.0681208
0.0881324
0.212325
0.70648
0.932162
0.791225
0.322405
0.189239
0.082606
0.0918405
0.0383722
0.0163717
0.0160831
0.0160663
0.0165926
0.0158269
0.0162032
0.0155396
0.0156699
0.0159151
0.0159202
0.0181429
0.0179301
0.0163388
0.0169644
0.0173929
0.0186378
0.0155083
0.0177377
0.0169023
0.0212538
0.0200714
0.0196284
0.0176704
0.0200793
0.0196123
0.019809
0.0237001
0.0255011
0.0312173
0.0338816
0.0506171
0.0377585
0.0414355
0.0536675
0.0878503
0.100747
0.144623
0.158306
0.189076
0.204778
0.221553
0.216258
0.215283
0.185336
0.187646
0.255533
0.807642
0.737684
0.495333
0.281535
0.273656
0.122405
0.0949532
0.0395938
0.0170257
0.01656
0.0166309
0.0168369
0.0168376
0.01745
0.0180707
0.016792
0.0177889
0.0204221
0.019867
0.0211195
0.0218077
0.0192847
0.0173333
0.0189693
0.015348
0.0184528
0.0133483
0.0191507
0.0217752
0.0223341
0.0183758
0.0201851
0.0266237
0.0236273
0.0261902
0.0376468
0.0359168
0.0438358
0.0426851
0.050103
0.0595929
0.0766964
0.0671205
0.101257
0.1083
0.133438
0.164238
0.193141
0.20327
0.227865
0.173769
0.137279
0.173447
0.639381
0.990711
1.46972
1.39034
0.526828
0.241501
0.0871369
0.0928231
0.0227206
0.016172
0.0159171
0.0159342
0.0165085
0.0165602
0.0170892
0.0176869
0.0165929
0.0174689
0.019584
0.017472
0.0166256
0.020693
0.019457
0.0212253
0.0211085
0.0212102
0.0175622
0.0149897
0.0202794
0.0206583
0.0195174
0.0133494
0.0214368
0.0195267
0.0183699
0.0195253
0.0245348
0.033088
0.0352852
0.0359583
0.0296517
0.0660557
0.0657812
0.081962
0.10815
0.129938
0.164484
0.19385
0.211834
0.235658
0.250728
0.250693
0.258691
0.208833
0.139591
1.11275
0.617293
0.849151
0.471718
0.337989
0.1306
0.0948889
0.0239057
0.0166845
0.0165966
0.0168738
0.0164549
0.0166083
0.0173679
0.0167957
0.0173518
0.0178545
0.0199556
0.019765
0.0184399
0.0174174
0.0226011
0.0217806
0.0192877
0.0134458
0.0183626
0.0171553
0.0263044
0.0230581
0.0233572
0.0182769
0.0203607
0.0245644
0.0229114
0.0242244
0.0239202
0.0443794
0.0534268
0.054247
0.0626152
0.0637014
0.0692681
0.100599
0.135874
0.15073
0.201315
0.236276
0.265844
0.303244
0.355178
0.292684
0.338037
0.475989
2.07256
2.62687
2.41476
2.25052
1.39277
0.478894
0.132802
0.102619
0.000731797
0.0162674
0.0159361
0.0159124
0.0156218
0.0163924
0.0171175
0.0165362
0.0169702
0.0174608
0.0192265
0.0179637
0.0157041
0.0189141
0.0163732
0.0229186
0.0226484
0.0226895
0.0242782
0.0235076
0.0253321
0.0219941
0.0211872
0.0177487
0.0172957
0.0184453
0.0194577
0.0233165
0.021694
0.0314592
0.0325367
0.0413606
0.0577001
0.076151
0.08828
0.117395
0.124104
0.138234
0.168239
0.2121
0.244808
0.260931
0.295057
0.2838
0.340123
0.25198
0.374248
1.5845
1.37141
1.46133
0.947328
0.568556
0.211756
0.110234
2.4793
0.0176368
0.0164547
0.0174438
0.0174295
0.0173829
0.0196024
0.0189317
0.0169801
0.0202934
0.0204413
0.0160831
0.0210076
0.0118281
0.0173931
0.0110414
0.0170982
0.0287786
0.0286043
0.0268709
0.0243409
0.0235195
0.016273
0.0180172
0.0168663
0.0186321
0.0247799
0.0251827
0.0290761
0.0464018
0.0686702
0.0678344
0.100178
0.118997
0.12356
0.128838
0.0909413
0.0871803
0.100262
0.108937
0.192766
0.215355
0.299862
0.262997
0.373397
0.308511
3.05564
7.13242
2.89384
3.14184
1.73451
0.493778
0.112345
0.100417
2.47734
0.0173007
0.016568
0.0171877
0.0169888
0.0168555
0.0190783
0.0185215
0.0167559
0.0197739
0.0194763
0.0177891
0.0218443
0.0146859
0.0201463
0.00694423
0.0188505
0.0290382
0.0229229
0.01631
0.00193759
0.0136555
0.0211452
0.0166961
0.0190105
0.0167895
0.0201659
0.0214232
0.023793
0.0265555
0.0288865
0.0542424
0.0799947
0.0905361
0.0914449
0.101773
0.0873757
0.0958017
0.119603
0.158921
0.209586
0.298782
0.296356
0.466271
0.36693
0.386724
1.09206
2.94612
1.41346
2.83181
1.87224
0.921927
0.251796
0.116803
2.47846
0.0308289
0.0224973
0.0149717
0.0151787
0.0251248
0.0335817
0.0348889
0.0473835
0.046884
0.072779
0.0692127
0.0570338
0.0714414
0.063974
0.0692851
0.0881102
0.0640153
0.0647692
0.0642641
0.0706468
0.0173227
0.0415133
0.0310731
0.0218605
0.0163438
0.0237813
0.0214588
0.0218276
0.0325122
0.0512763
0.0575757
0.0644412
0.0696635
0.0923705
0.0578284
0.0184193
0.0210861
0.0259286
0.0274803
0.0408967
0.0435672
0.107818
0.518646
1.43934
4.77474
9.65955
19.5731
10.8918
5.39129
0.915539
0.273949
0.0793863
0.104544
2.47816
0.0272233
0.0208727
0.0145725
0.0143686
0.0224323
0.0316548
0.0324729
0.0436336
0.044642
0.0708091
0.0668469
0.0566484
0.0748179
0.0833002
0.0889752
0.0745018
0.109361
0.079584
0.060462
0.072858
0.0394355
0.0279121
0.0317914
0.0231872
0.0163925
0.0198464
0.0183722
0.0203164
0.0282658
0.0293898
0.0369068
0.0442079
0.0531075
0.0699151
0.0440853
0.0388096
0.0124
0.073485
0.0477004
0.0760259
0.177666
0.167498
0.502471
0.680895
0.754211
3.4118
4.83895
6.08778
3.46096
1.83576
0.61127
0.126109
0.0999812
0.00891608
0.00933591
0.00931375
0.00931133
0.00878441
0.00779394
0.00352221
0.00667087
0.0107038
0.0239406
0.0460875
0.0436985
0.0387958
0.021999
0.0507697
0.0237618
0.0558529
0.0438197
0.00849335
0.0199148
0.0165547
0.0189744
0.0211516
0.0303342
0.0486941
0.0325192
0.00298929
0.00918715
0.0059168
0.00756953
0.00945624
0.0176803
0.0366315
0.0621875
0.0158948
0.144924
0.087984
0.0480739
0.0963008
0.0261688
0.275492
0.427247
0.244449
0.23598
1.08522
1.49565
1.03
0.111993
0.0102213
0.0369503
0.0114147
0.0185111
0.0164418
0.0514607
0.0088866
0.00950885
0.00990341
0.00982923
0.0132675
0.0126237
0.0115198
0.0060941
0.0165361
0.0417001
0.0886071
0.0911509
0.0915458
0.0913723
0.0881446
0.0839737
0.0753522
0.0656816
0.0282964
0.0689545
0.0532427
0.00858199
0.0215288
0.016352
0.0196319
0.0248196
0.00494089
0.0100265
0.00575579
0.0171853
0.0266645
0.0421978
0.0310687
0.0569408
0.0142682
0.199071
0.148469
0.104555
0.0825939
0.119211
0.0536925
0.324073
0.225033
0.223374
0.594222
0.772431
0.0699379
0.0212972
0.0211538
0.0205039
0.0383413
0.022723
0.0171115
0.056901
1932.78
1342.89
2130.28
210.397
1374.9
0.66992
220.486
4.6879
4.63447
6.64957
1248.26
100.863
5889.09
274.912
348.358
4.22423
184.966
0.134249
49.3547
13.9562
4632.19
13.3557
82.0011
59.6591
159.411
23.8515
33.9643
82.1481
0.0439368
112.242
0.354403
756.976
0.975968
136.825
1.10422
202.94
64.5401
20.4141
58.6432
0.437245
64.4363
0.692819
695.477
1629.82
1101.73
1198.93
1803.45
2656.09
2632.51
0.427292
16.2011
4.42306
27.0159
2.4098
43.3824
8.33969
606.234
1329.47
1536.58
1142.83
1524.94
2065.3
3897.11
3.08401
23.9576
2.81166
14.602
8.23713
60.5956
4.98087
241.038
42.4218
247.435
20.2544
337.033
59.6124
293.256
102.282
41.7597
131.478
58.4978
108.02
0.14874
0.697773
0.1341
4.13359
0.222819
3.36634
0.221313
125.881
9.45158
90.5669
2.46494
221.965
18.8459
177.843
54.5066
54.4276
43.7238
30.0626
73.6311
0.28386
0.183198
0.338554
5.3284
0.58358
0.0958553
0.400796
412.777
56.0905
540.875
3.9384
22.0876
4.67127
19.9541
13531.2
1458.93
2069.55
4258.41
14689.3
1507.44
110.233
0.207625
2.17931
0.2296
0.146085
0.0805773
0.211369
0.108741
365.071
27.2734
209.449
1.89418
10.4136
3.10636
5.42149
7854.93
2051.14
2021.25
19736.1
3740.03
2345.56
2520.62
0.253138
0.268159
0.141696
0.0907418
0.0830361
0.0882901
0.0861297
13.246
5.40476
32.1688
0.0137733
0.111143
0.0448458
0.0550151
0.0551323
8.01175
0.00088072
0.111761
0.0928852
0.208269
0.030393
21.8985
15.203
34.0321
0.457827
0.425234
0.0391697
0.122234
0.0950511
13.2359
0.0698964
0.184116
0.0497757
0.0770915
0.103694
34195.8
10195.8
1678.32
14506.7
7083.49
8288.54
5641.41
17052.5
18841.9
26134.8
36958
629.202
260.441
577.999
43384.4
4.18106e+06
3.20145e+06
20856.1
1929.98
861.616
364.927
40483.6
6.27254e+06
2.12258e+07
94.9811
328.643
46.7778
49.5236
55.0261
25.7325
1.35634
146.892
9.22248
20.2001
17.6422
172.214
38.984
23.3049
104.1
26.4701
68.4475
14.2051
206.79
9513.25
6371.33
2236.96
11663.5
8592.03
17795.6
6352.62
15578.7
24109.6
45546.8
26872.6
681.209
559.455
19449.6
2076.6
2.78359e+06
6.41492e+06
15928.6
365.565
711.054
1027.68
60937
6.37441e+06
3.47729e+07
35.2552
309.412
32.1243
22.2666
87.3854
54.1278
57.5451
114.082
15.6251
12.0896
326.831
17.3213
8.90289
1.08164
86.7168
9.46468
69.1197
12.474
145.737
3.61643e+06
239696
18326.1
1620.69
7140.13
1254.81
28933.1
632844
1.4e+07
26828.3
142.916
252.347
844.444
39766.5
8028.26
123.839
755.816
25887.5
849.114
914.302
37.5575
9.82548
0.207786
45.3591
441.383
976.539
371.697
30.9305
11.8731
10.9465
327.471
57.8392
25.7603
338.917
38.857
116.569
574.032
145.968
81.2512
79.9753
90.0191
861705
3.12987e+06
14147.9
794.734
829.781
1479.87
9537.33
2.44802e+07
246237
5276.22
1108.59
249.649
12659.6
426.557
46154.8
135.993
736.281
1033.7
9700.08
1157.1
49.7413
5.3868
742.055
8.827
1497.68
42.5136
395.79
38.9751
0.445476
14.8159
51.5593
1558.55
58.2199
166.914
1726.37
396.999
489.869
198.625
25.8786
71.1859
29.5984
7847.66
5473.87
146.779
38.0668
2701.59
228.743
11293.9
5428.39
3843.58
92.3592
22.9526
1229.2
7748.35
148.564
6545.03
387.187
13681.3
2125.68
2447.44
645.176
22420
60.704
14.3646
1.29234
1.93858
8.92294
3.52769
60.8935
39.6769
2.18144
42.9516
3.99214
19.1541
9.60616
121.067
368.696
65.0306
7756.43
110.779
1825.71
124.654
24127.2
53.3081
40.2601
1.86577
2.37125
14.0596
103.007
1.15225
42.5392
1.43141
27.4815
2.93571
10.6845
2.7092
87.1778
4867.99
304.504
32.2176
24.3679
203.181
4.1963
2109.44
2270.64
592.357
55.0769
36.3179
176.787
3187.7
71.5534
150.629
1.95472
0.863833
0.282124
2.04809
1.08147
14.5059
67.431
3.54367
0.0271779
0.148192
2.66962
59.3071
7.88964
679.145
116.603
49.7386
0.497018
534.627
196.567
10.3541
2471.51
90.9601
19.8059
2.87997
218.909
218.074
570.831
4.54803
0.0291045
0.180584
0.304414
103.397
16.3126
0.620788
64.9241
2.79995
0.363352
4.67134
1.30525
0.419155
36.9591
58.57
92.0037
30.0963
214.148
161.895
51.8552
42.8385
13.5331
2.28069
68.2559
6.48773
17.3147
94.2255
16.2107
2.94684
41.0688
100.273
71.1127
1.43167
84.2553
49.4324
97.0451
25.0678
50.4174
37.2497
18.7248
49.2387
27.1424
10.4822
6.9688
106.622
9.32485
28.2118
28.281
57.2214
61.3312
20.9966
27.7636
75.2006
19.2759
0.00117685
3322.65
49.9724
15.0751
32838.6
2.45019e+06
3307.77
76689.8
1.1481e+07
3397.03
40430.9
481726
7899.15
215283
71879.8
1.31188e+06
153000
346471
323360
28687.1
70470.7
171069
2147.4
3.1885e+06
14224.6
5644.97
2963.04
1087.21
41964.1
7.27175e+06
34619.8
1170.86
2.54405e+07
12948.5
20656.2
2.99069e+06
2.71856e+06
1.35592e+06
4.587e+06
6.13889e+06
1.02235e+06
3.32044e+06
2.69965e+06
8290.19
7746.2
1.41753e+07
6334.65
16594.1
9.47974e+06
4987.21
1432.24
1584.25
69596.3
6892.43
3.97538e+06
18012.4
7269.6
58401
1.1432e+07
162447
259.51
2905.92
12087.1
354754
27655
363.272
295310
101007
54721.9
5259.5
3.70873e+06
8642.33
7.70277e+06
52904
86893.1
14252.1
1.25829e+07
41243.5
63307.9
87315.7
2.00274e+07
1.29832e+06
18510.4
18584.5
351598
258524
359436
1.55447e+06
65974
104870
37808.8
63371.5
1.50943e+07
83218.5
2.89367e+07
50414.5
31283.2
15384.1
7.2001e+06
27605.4
24682.6
1.00194e+07
13775
173003
42905.3
161531
3483.46
59804.6
50791
60363.7
55235.5
44920.8
69127.7
23856.2
1.22078e+06
33777.3
2.63045e+07
37415.6
8.80791e+06
8.49193e+06
3341.44
9817.43
22560.7
1.52314e+06
4448.23
13529.1
731049
471453
556929
296650
682421
28111.4
60787.5
4633.07
1.55218e+06
32815.5
4.54837e+06
4563.71
110631
60802.7
84678.4
149846
1.67533e+07
3.65974e+07
51.3044
86.4055
23.78
106.105
39.7189
85.5104
18.1959
41.4849
809.923
21.61
134.259
167.436
9588.13
2174.79
8.0476
22.562
58.9638
45.4561
7.22219
16.0475
55.42
27.8268
170.14
84.8175
162.811
116.918
17.5943
283.727
172.708
408.171
49.3587
2.98962
0.648409
30.8929
0.469455
1.25493
15.0392
3.43248
108.361
166.137
290.425
15.4318
2.16611
82.3558
239.784
102.681
37.5164
146.08
83.1911
157.636
121.377
49.0127
101.645
162.925
34.5997
10.1183
26.1132
5.6444
30.0959
203.922
326.758
267.779
99.0447
144.225
107.99
261.166
22.8655
21.5176
0.18821
46.9642
59748.2
23728.5
7046.77
3.51079e+06
17280.3
11953.3
1.71783e+06
39671.9
3012.82
278.953
72761.7
27785.7
10749.2
15420.2
4.65576e+06
19845.1
61347.5
1.65682e+06
10463
132541
1930.08
551322
38524.6
39200.2
1.40849e+07
39748.2
45030.6
39009
3.19392e+07
9.85683e+06
43928.3
230872
1.86849e+06
3.05751e+06
267309
1.93136e+06
39843
35026.8
37133.5
22974
5.67995e+07
55799
9.9786e+07
27920.5
30331
12555.4
5250.76
297.315
24075.5
702946
7937.91
246196
359166
380493
241721
14087.4
33096.1
8311.81
625999
14830.5
9200.88
650142
539332
248398
1.148e+06
218621
2.02657e+06
4.68523e+06
10947
5069.64
38209.8
36345.1
8767.39
7012.36
1.58902e+06
126754
60278.9
238574
16679.6
728920
253832
235605
1.4344e+06
9602.82
106750
14461.3
356370
46539.8
3.52832e+06
5948.35
2.57595e+07
6.30969e+07
17.0278
40.1354
11.1832
35.5149
21.0875
42.373
15.7093
53.2092
0.879308
4935.94
88.7023
54.3155
7156.89
440.696
1018.12
22.213
72.4456
42.0931
2.63311
52.7631
47.4926
56.7799
35.8619
24.6515
69.2458
86.7105
146.011
75.6988
103.482
52.0354
178.802
3.71915
50.0381
11.9624
14.7821
111.65
154.931
52.7342
18.3899
162.817
63.7118
33.0992
11.1565
290.826
41.4592
59.4586
25.1283
79.565
97.3344
50.1659
13.598
104.659
98.5084
46.696
28.5176
6.62915
0.535195
11.0947
0.377052
8.85676
35.6137
10.0342
34.7203
122.146
328.074
74.2256
1.30887
34.8797
2.35067
93.0688
2.51303e+06
3.10859e+06
7330.94
6.10138e+06
7669.28
10567.1
13594.4
1.05023e+07
2408.18
9.73168e+06
3.18452e+06
6.50498e+06
2.60464e+06
2.42835e+06
249569
882601
856569
21717.8
38587.4
2.62555e+07
8211.45
11294.5
3.93626e+07
25012.2
7.23944e+06
2.94653e+07
11061.2
957.792
4454.99
6394.72
983626
4630.84
7778.92
3333.61
1472.17
5398.35
608.335
10206.9
3177.66
18389.5
5300.17
43054
49714.7
2.90224e+06
12392.6
4.51479e+06
29108.5
22508.7
14540
74587.7
16708.6
424.734
4.79501e+06
4526.73
7462.63
12921.3
27758.3
892.021
110929
117920
5980.81
1771.8
4776.67
28349.3
23918.6
7.00738e+06
10009
8.69802e+06
25937.2
21941.4
271.298
431.217
95.9415
766.345
5533.67
137.503
84.2795
102.673
0.501589
46.3865
0.263186
536.487
17.9858
198.19
40.3627
306.975
691.613
0.973189
17.177
238.33
81.0816
15.8915
1133.24
1747.43
74.6347
153.706
47.5092
386.944
161.364
112.852
40.6521
157.419
41.4751
49.1829
88.2527
61.8054
25.9132
66.4063
21.9043
111.618
792.036
291.425
40.0977
1042.66
77.1362
157.779
1389.4
27547.5
183.699
3382.08
5315.45
765.409
1436.35
2480.48
504.269
2245.02
890.813
2027.07
4196.11
4216.49
2009.92
1890.5
432.445
407.53
62.8516
2110.49
243.278
436.505
976.168
1664.14
912.932
258.549
4314.14
2349.71
173.075
1871.55
640.594
2580.51
2020.13
1581.96
4884.96
1597.67
2182.53
1580.95
1009.94
9066.02
82.1599
7115.84
10.7074
923.347
3.19417e+06
6.45888e+06
15206.6
2.06143e+07
3374.39
4935.18
18318.9
9.55683e+07
3314.79
1.29518e+06
127651
870929
298663
1.10822e+07
1.4791e+06
6.12652e+06
3.39905e+06
3365.65
5262.9
3.11498e+06
4329.85
2.6872e+07
2984.97
13269
6.62771e+07
135363
8671.75
10795.3
25238.1
1513.75
337431
1129.3
2669.01
23868.3
11135.3
604.325
8990.83
8878.75
23395
4.17121e+06
9782.14
18874
1.50017e+06
3596.37
5269.92
6740.92
1698.4
3777.56
3380.5
7.6548e+06
8809.75
6044.15
546484
18821.1
1061.3
15283.2
2075.85
7165.58
4004.97
9780.28
17060.8
277706
4530.81
10111.7
17891
476700
5853.21
710025
3009.02
14815.2
189.017
2125.24
539.37
138.605
16864.4
401.515
63.1563
35.4151
82.0417
15.9996
164.518
401.078
412.675
91.1031
431.96
123.925
504.011
2443.98
88.0273
469.723
316.023
53.4269
1379.56
3310.45
270.602
254.439
45.9551
470.102
107.315
587.934
7.20604
41.4629
0.0611006
12.2026
0.683952
117.499
50.9176
49.3933
45.9827
115.551
845.445
9.17579
5.55069
1196.3
79.9026
8.46646
1584.33
1355.47
8818.05
1006.38
1473.17
242.951
10802.6
1661.34
4247.05
4288.57
1905.44
1131.16
948.477
10166.7
647.266
4225.15
6555.15
171.597
2135.54
6652.63
2101.05
4894.82
1436.63
4680.8
98.0466
902.206
2683.18
583.542
15.7099
3036.96
561.726
1512.8
1280.49
1724.94
3218.94
1952.93
1798.89
12734.4
1623.6
561.278
25.2993
17481.8
1041.56
1145.26
)
;

boundaryField
{
    inlet
    {
        type            fixedValue;
        value           uniform 14.855;
    }
    outlet
    {
        type            zeroGradient;
    }
    rightSide
    {
        type            symmetryPlane;
    }
    leftSide
    {
        type            symmetryPlane;
    }
    duct
    {
        Cmu             0.09;
        kappa           0.41;
        E               9.8;
        type            epsilonWallFunction;
        value           nonuniform List<scalar> 
216
(
0.000256872
0.000234271
0.000227606
0.000178119
0.000151902
0.000104327
0.000216986
0.000161803
0.000287581
0.000227133
0.000340778
0.000279735
0.000380681
0.000299567
0.000413292
0.000318798
0.000506529
0.000352736
0.000780817
0.000471952
0.000846267
0.000512467
0.000689798
0.000412096
0.000469241
0.000309289
0.000414794
0.000239404
0.000606714
0.000421518
0.000912654
0.000687174
0.0005782
0.000454991
0.00133032
0.00114056
0.00178113
0.000662814
0.00257331
0.00198238
0.00321433
0.00250786
0.00616351
0.00569764
0.00227414
0.00213215
0.0125199
0.0124994
0.0199727
0.0196944
0.00653137
0.00630488
0.0279118
0.0282752
0.0166532
0.0162958
0.0136435
0.0162486
0.00949318
0.0109068
0.0207635
0.0192947
0.0182355
0.00348861
0.0176564
0.059698
0.0191059
0.0853683
0.0188646
0.0567899
0.0226104
0.0103203
0.0182507
0.0872443
0.0318708
0.115178
0.00711313
0.143932
0.086424
0.0879565
0.0528854
0.131143
0.0283178
0.159104
0.0266028
0.090778
0.0102266
0.0183174
0.0562307
0.0827019
0.0790248
0.105578
0.0980918
0.123733
0.123643
0.148201
0.146615
0.166848
0.16671
0.184115
0.178909
0.194477
0.0992576
0.105869
0.0191466
0.0201229
0.0869122
0.0893757
0.00891608
0.0088866
0.00933591
0.00950885
0.00931375
0.00990341
0.00931133
0.00982923
0.00878441
0.0132675
0.00779394
0.0126237
0.00352221
0.0115198
0.00667087
0.0060941
0.0107038
0.0165361
0.0239406
0.0417001
0.0460875
0.0886071
0.0436985
0.0911509
0.0387958
0.0915458
0.021999
0.0913723
0.0507697
0.0881446
0.0237618
0.0839737
0.0558529
0.0753522
0.0438197
0.0656816
0.00849335
0.0282964
0.0199148
0.0689545
0.0165547
0.0532427
0.0189744
0.00858199
0.0211516
0.0215288
0.0303342
0.016352
0.0486941
0.0196319
0.0325192
0.0248196
0.00298929
0.00494089
0.00918715
0.0100265
0.0059168
0.00575579
0.00756953
0.0171853
0.00945624
0.0266645
0.0176803
0.0421978
0.0366315
0.0310687
0.0621875
0.0569408
0.0158948
0.0142682
0.144924
0.199071
0.087984
0.148469
0.0480739
0.104555
0.0963008
0.0825939
0.0261688
0.119211
0.275492
0.0536925
0.427247
0.324073
0.244449
0.225033
0.23598
0.223374
1.08522
0.594222
1.49565
0.772431
1.03
0.0699379
0.111993
0.0212972
0.0102213
0.0211538
0.0369503
0.0205039
0.0114147
0.0383413
0.0185111
0.022723
0.0164418
0.0171115
0.0514607
0.056901
)
;
    }
    cylinder
    {
        Cmu             0.09;
        kappa           0.41;
        E               9.8;
        type            epsilonWallFunction;
        value           nonuniform List<scalar> 
448
(
1507.44
110.233
2345.56
2520.62
4.18106e+06
3.20145e+06
6.27254e+06
2.12258e+07
25.7325
1.35634
38.984
23.3049
2.78359e+06
6.41492e+06
6.37441e+06
3.47729e+07
54.1278
57.5451
8.90289
1.08164
3.61643e+06
239696
632844
1.4e+07
441.383
976.539
861705
3.12987e+06
2.44802e+07
246237
1497.68
42.5136
30.0963
42.8385
13.5331
17.3147
1.43167
49.4324
18.7248
10.4822
6.9688
20.9966
19.2759
0.00117685
2.45019e+06
1.1481e+07
481726
1.31188e+06
2963.04
1087.21
7.27175e+06
2.54405e+07
2.99069e+06
6.13889e+06
1432.24
1584.25
3.97538e+06
1.1432e+07
162447
354754
3.70873e+06
7.70277e+06
1.25829e+07
2.00274e+07
1.29832e+06
258524
1.50943e+07
2.89367e+07
7.2001e+06
1.00194e+07
173003
59804.6
8.80791e+06
8.49193e+06
1.52314e+06
731049
471453
1.55218e+06
110631
1.67533e+07
3.65974e+07
23.78
18.1959
41.4849
167.436
7.22219
27.8268
170.14
84.8175
17.5943
408.171
2.98962
1.25493
37.5164
146.08
49.0127
34.5997
10.1183
22.8655
3.51079e+06
1.71783e+06
39671.9
4.65576e+06
10463
1.40849e+07
3.19392e+07
9.85683e+06
3.05751e+06
5.67995e+07
9.9786e+07
297.315
702946
246196
625999
650142
539332
2.02657e+06
4.68523e+06
38209.8
1.58902e+06
126754
728920
2.57595e+07
6.30969e+07
11.1832
15.7093
53.2092
54.3155
35.8619
24.6515
75.6988
52.0354
3.71915
11.1565
25.1283
79.565
13.598
28.5176
6.62915
8.85676
2.51303e+06
3.10859e+06
6.10138e+06
1.05023e+07
9.73168e+06
2.42835e+06
7.23944e+06
2.94653e+07
3333.61
10206.9
74587.7
4.79501e+06
12921.3
117920
431.217
102.673
536.487
1133.24
1747.43
157.419
61.8054
27547.5
2480.48
2027.07
1871.55
1581.96
3.19417e+06
6.45888e+06
2.06143e+07
9.55683e+07
1.29518e+06
1.10822e+07
6.62771e+07
135363
25238.1
337431
23868.3
5269.92
15283.2
9780.28
2125.24
16864.4
35.4151
401.078
1379.56
3310.45
254.439
587.934
41.4629
117.499
8818.05
1473.17
1661.34
2135.54
4680.8
2683.18
3036.96
1724.94
2.28069
94.2255
106.622
3322.65
7899.15
153000
2.71856e+06
1.02235e+06
259.51
27655
18510.4
359436
42905.3
50791
556929
60802.7
809.923
9588.13
0.648409
15.0392
26.1132
21.5176
3012.82
132541
43928.3
267309
359166
248398
60278.9
253832
0.879308
7156.89
50.0381
290.826
0.535195
35.6137
3.18452e+06
249569
1472.17
3177.66
27758.3
5980.81
0.501589
17.9858
41.4751
25.9132
504.269
4196.11
640.594
4884.96
127651
1.4791e+06
11135.3
6740.92
2075.85
17060.8
82.0417
412.675
0.0611006
50.9176
4247.05
6652.63
561.726
3218.94
68.2559
6.48773
2.94684
16.2107
9.32485
28.2118
15.0751
49.9724
215283
71879.8
171069
3.1885e+06
323360
346471
5533.67
5315.45
0.973189
238.33
1.35592e+06
4.587e+06
1.41753e+07
9.47974e+06
2.69965e+06
3.32044e+06
2443.98
469.723
2905.92
12087.1
295310
363.272
18584.5
351598
1.55447e+06
65974
161531
3483.46
1.22078e+06
2.63045e+07
55235.5
60363.7
296650
682421
4.54837e+06
84678.4
149846
134.259
21.61
2174.79
8.0476
30.8929
0.469455
2.16611
239.784
3.43248
108.361
5.6444
99.0447
30.0959
107.99
0.18821
46.9642
72761.7
278.953
1.65682e+06
551322
1930.08
230872
1.86849e+06
1.93136e+06
39843
241721
380493
218621
1.148e+06
238574
16679.6
356370
3.52832e+06
235605
1.4344e+06
4935.94
88.7023
2.63311
47.4926
440.696
1018.12
11.9624
18.3899
14.7821
33.0992
41.4592
59.4586
1.30887
2.35067
11.0947
0.377052
10.0342
34.7203
957.792
983626
2.60464e+06
6.50498e+06
2.62555e+07
3.93626e+07
882601
856569
7.00738e+06
8.69802e+06
5398.35
608.335
2.90224e+06
4.51479e+06
18389.5
5300.17
892.021
110929
1771.8
4776.67
46.3865
0.263186
40.3627
198.19
153.706
1664.14
112.852
4314.14
9066.02
49.1829
88.2527
291.425
1042.66
21.9043
66.4063
2245.02
890.813
407.53
2110.49
2009.92
4216.49
2580.51
2020.13
7115.84
2182.53
1597.67
870929
298663
3.11498e+06
2.6872e+07
6.12652e+06
3.39905e+06
7.6548e+06
546484
604.325
4.17121e+06
8990.83
1.50017e+06
1698.4
3777.56
7165.58
4004.97
476700
710025
277706
4530.81
15.9996
164.518
431.96
91.1031
1196.3
12.2026
0.683952
9.17579
45.9827
49.3933
4288.57
10166.7
1905.44
4225.15
4894.82
2101.05
1512.8
1280.49
561.278
17481.8
1798.89
1952.93
)
;
    }
}


// ************************************************************************* //
