/*--------------------------------*- C++ -*----------------------------------*\
| =========                 |                                                 |
| \\      /  F ield         | OpenFOAM: The Open Source CFD Toolbox           |
|  \\    /   O peration     | Version:  4.1                                   |
|   \\  /    A nd           | Web:      www.OpenFOAM.org                      |
|    \\/     M anipulation  |                                                 |
\*---------------------------------------------------------------------------*/
FoamFile
{
    version     2.0;
    format      ascii;
    class       volScalarField;
    location    "12";
    object      omega;
}
// * * * * * * * * * * * * * * * * * * * * * * * * * * * * * * * * * * * * * //

dimensions      [0 0 -1 0 0 0 0];

internalField   nonuniform List<scalar> 
4432
(
0.0110755
0.0114402
0.0117854
0.0121567
0.0125264
0.0128696
0.0132446
0.0135281
0.0138314
0.0139733
0.0141743
0.0138996
0.0137539
0.0136459
0.0128555
0.0126737
0.0170936
0.0264592
0.0316414
0.0348611
0.0409793
0.045397
0.0487419
0.0457655
0.0426954
0.0433833
0.0398476
0.0384814
0.0384452
0.0349261
0.0313327
0.0293979
0.030094
0.0282739
0.0273158
0.0267852
0.0258509
0.022863
0.0221793
0.020973
0.0201765
0.0189567
0.0176436
0.016078
0.0142259
0.0126949
0.0108217
0.0105174
0.0105163
0.0108039
0.00701935
0.00600392
0.00883869
0.0155099
0.0110838
0.0114355
0.0118074
0.0121358
0.0125193
0.0128197
0.0132002
0.0134572
0.0137603
0.0139027
0.0140867
0.0139303
0.0138678
0.0136789
0.0129568
0.0131692
0.0229261
0.0316077
0.0357475
0.0377385
0.0444848
0.0458775
0.0461369
0.0451611
0.0444797
0.0431973
0.0391106
0.036765
0.0323148
0.0284615
0.0292026
0.0294872
0.0289255
0.0288243
0.0281333
0.0271661
0.0255923
0.0234553
0.0210397
0.01927
0.0182336
0.016606
0.0153867
0.0138482
0.0125405
0.0112876
0.00949941
0.00972542
0.00971675
0.0112119
0.00520774
0.00695489
0.00921143
0.0160376
21.1354
2.82031
0.771631
0.532258
0.17061
0.247083
0.238461
0.20904
0.176229
0.147202
0.117855
0.101086
0.0824269
0.0698434
0.0597758
0.0535797
0.0912311
0.0696707
0.0891869
0.190682
0.168137
0.267068
0.204349
0.297462
0.226582
0.238791
0.365645
0.278378
0.362509
0.434089
0.383678
0.388058
0.411806
0.437019
0.464792
0.788158
0.464694
0.326719
0.452837
0.501881
0.49269
0.451315
0.527972
0.598768
0.6327
0.650295
0.578334
0.639981
0.697954
0.876491
1.03852
1.35088
1.65704
2.28564
21.137
2.8148
0.827228
0.331056
0.250617
0.295407
0.253489
0.19245
0.163364
0.138121
0.118604
0.0980276
0.0862699
0.0740525
0.0608558
0.0691687
0.104283
0.145412
0.16028
0.203884
0.179845
0.214532
0.184386
0.186279
0.184849
0.226451
0.271426
0.224719
0.211708
0.21673
0.240153
0.269852
0.297248
0.309278
0.360697
0.379089
0.280919
0.286602
0.43639
0.520747
0.740767
0.775453
0.821778
0.704398
0.65008
0.709512
0.727568
0.820195
0.869655
1.04466
1.31321
1.56092
1.73534
2.29425
21.136
2.81068
0.779172
0.438841
0.314853
0.271013
0.26242
0.244829
0.212168
0.177508
0.147658
0.12316
0.105749
0.088396
0.0735757
0.0827954
0.0863611
0.102262
0.127943
0.127324
0.154013
0.20027
0.20888
0.249362
0.303128
0.351686
0.375329
0.423379
0.412945
0.371158
0.393455
0.448895
0.589054
0.716177
0.550668
0.492737
0.485158
0.516009
0.546391
0.558999
0.559251
0.534624
0.54377
0.544337
0.584979
0.58202
0.555043
0.58153
0.53486
0.673734
0.746497
0.932839
1.08503
1.25148
21.1376
2.80942
0.783795
0.44908
0.308693
0.285557
0.276989
0.227867
0.189566
0.159701
0.136511
0.115546
0.102729
0.0857625
0.0802953
0.0875532
0.118949
0.159137
0.15211
0.217875
0.136361
0.153856
0.172196
0.216832
0.249825
0.260166
0.286776
0.273225
0.272648
0.273653
0.291854
0.324536
0.361532
0.388967
0.40165
0.408364
0.403156
0.516226
0.644626
0.785067
0.709114
0.593735
0.489513
0.541505
0.507202
0.499898
0.519737
0.498982
0.667423
0.782352
0.902885
1.00414
1.19621
1.05798
21.1361
2.81256
0.784258
0.420417
0.290005
0.26062
0.253373
0.237083
0.207429
0.176706
0.150366
0.127398
0.109708
0.0948221
0.078936
0.0826779
0.0945537
0.142477
0.117702
0.203124
0.146238
0.258784
0.18741
0.320364
0.362238
0.392757
0.375866
0.401435
0.430962
0.503448
0.591957
0.508207
0.479698
0.425706
0.457092
0.469039
0.508566
0.529582
0.545138
0.552703
0.522414
0.531562
0.533312
0.554386
0.576029
0.567908
0.55348
0.493368
0.42291
0.531151
0.619654
0.772372
0.883058
1.04359
21.14
2.77427
0.871441
0.296813
0.132503
0.141018
0.187879
0.226042
0.214256
0.182649
0.151808
0.124539
0.107452
0.0908368
0.0845946
0.108073
0.094654
0.132764
0.122009
0.116873
0.116536
0.114595
0.218916
0.28507
0.270299
0.290003
0.285597
0.236851
0.235577
0.253139
0.298217
0.325047
0.349556
0.360667
0.399232
0.407754
0.416295
0.563123
0.517748
0.550185
0.49926
0.513768
0.533197
0.476491
0.491693
0.445205
0.3414
0.285981
0.469745
0.525151
0.703376
0.82996
0.850745
0.98382
21.138
2.78179
0.86822
0.292443
0.147462
0.153744
0.212196
0.224753
0.210266
0.179042
0.151933
0.126616
0.110701
0.0945429
0.0796776
0.0838456
0.0872968
0.131068
0.13931
0.141401
0.172985
0.228295
0.23224
0.26938
0.312051
0.396383
0.387768
0.353152
0.353154
0.359295
0.36925
0.336339
0.37743
0.398007
0.438806
0.449044
0.453222
0.424896
0.42783
0.438719
0.406437
0.472531
0.51709
0.545186
0.566349
0.562418
0.53598
0.261726
0.320431
0.368327
0.575741
0.876342
1.11397
1.4332
21.1381
2.80814
0.797951
0.400939
0.149471
0.127442
0.188544
0.214105
0.20712
0.179817
0.152882
0.125563
0.108861
0.0922343
0.0864582
0.0981001
0.1166
0.103224
0.111488
0.101099
0.109171
0.132175
0.175447
0.188469
0.171762
0.196457
0.201503
0.204148
0.228785
0.258667
0.295313
0.314569
0.335064
0.353263
0.377741
0.38071
0.364609
0.389447
0.388815
0.38152
0.338376
0.368766
0.431255
0.425296
0.474802
0.448993
0.33512
0.264606
0.383818
0.443785
0.592541
0.79542
1.04837
1.28369
21.1375
2.80903
0.777326
0.487355
0.134274
0.200411
0.249184
0.225762
0.19936
0.171522
0.147558
0.125062
0.110132
0.0937807
0.0805086
0.0798643
0.0942418
0.0997728
0.196128
0.256727
0.210127
0.220997
0.232651
0.246224
0.269203
0.29355
0.287798
0.245993
0.264338
0.270127
0.286003
0.294352
0.326336
0.34423
0.358826
0.34999
0.340691
0.339946
0.347457
0.398241
0.425399
0.481135
0.520068
0.525121
0.546825
0.566636
0.376151
0.220891
0.264442
0.285431
0.353307
0.693198
0.906705
1.26192
21.139
2.81028
0.781762
0.425289
0.325405
0.27717
0.241552
0.225364
0.199579
0.173514
0.151117
0.126514
0.110481
0.0917117
0.0841978
0.0966907
0.114841
0.110006
0.0922426
0.0776563
0.06807
0.0797082
0.127656
0.150341
0.167208
0.18636
0.200902
0.215843
0.234648
0.256327
0.282581
0.300819
0.324011
0.331886
0.341354
0.33518
0.355106
0.360287
0.308444
0.376818
0.376253
0.364461
0.397963
0.397211
0.416024
0.377534
0.303525
0.230608
0.309508
0.460921
0.522676
0.701797
0.880323
1.11861
21.138
2.81353
0.806126
0.322108
0.247104
0.27788
0.255356
0.246105
0.21546
0.179137
0.150424
0.126965
0.109285
0.0964942
0.0813351
0.0795471
0.0822455
0.146155
0.1742
0.162388
0.162572
0.184453
0.195731
0.205039
0.213868
0.228759
0.235082
0.22424
0.23738
0.245506
0.251476
0.263583
0.298596
0.329488
0.330978
0.343884
0.3693
0.351182
0.394326
0.431835
0.434187
0.508332
0.492496
0.497238
0.527349
0.382085
0.226575
0.186463
0.23033
0.324759
0.561973
0.523189
0.717183
0.763679
21.1394
2.81532
0.787692
0.40699
0.305938
0.304029
0.275771
0.223327
0.194501
0.167859
0.147217
0.126924
0.110814
0.0948541
0.0843573
0.0876902
0.112579
0.129865
0.132364
0.129546
0.137155
0.146186
0.158862
0.172824
0.184486
0.196317
0.207714
0.213752
0.223045
0.23613
0.252912
0.259614
0.28122
0.307876
0.327156
0.341331
0.358962
0.33397
0.340785
0.34318
0.350257
0.41365
0.406936
0.396147
0.364397
0.294289
0.237036
0.186332
0.300114
0.404466
0.465211
0.591992
0.955496
1.14666
21.1416
2.78354
0.859624
0.303833
0.14261
0.16872
0.223141
0.227917
0.211478
0.182861
0.155234
0.130566
0.111117
0.0979178
0.0851802
0.0778053
0.07956
0.115205
0.173231
0.14177
0.148691
0.155773
0.172264
0.185708
0.19017
0.20752
0.215504
0.21563
0.220671
0.224989
0.238784
0.263146
0.309024
0.330094
0.342035
0.371944
0.35842
0.375242
0.412139
0.443953
0.465682
0.573604
0.559938
0.443585
0.32882
0.165775
0.201072
0.165532
0.224107
0.282461
0.481328
0.843215
1.07013
1.1963
21.1436
2.77777
0.856862
0.294803
0.149473
0.157793
0.218096
0.225509
0.208527
0.176543
0.149879
0.129733
0.111734
0.0976398
0.0855586
0.085054
0.0965737
0.1183
0.138516
0.130582
0.142399
0.146851
0.157915
0.171838
0.180083
0.190814
0.197622
0.202501
0.208665
0.21402
0.2349
0.245668
0.267466
0.29004
0.306041
0.309747
0.295786
0.304692
0.322149
0.343199
0.364632
0.378006
0.364762
0.252266
0.180389
0.165272
0.14423
0.171989
0.262256
0.328687
0.481429
0.541036
0.783953
1.08237
21.1406
2.81748
0.765352
0.468727
0.124624
0.162763
0.237084
0.241445
0.215176
0.182348
0.15433
0.131062
0.113225
0.0997148
0.0873823
0.0792037
0.076188
0.0871491
0.123931
0.148424
0.139261
0.144028
0.153133
0.162874
0.16766
0.178764
0.192456
0.20224
0.204659
0.221168
0.239301
0.259559
0.305767
0.329345
0.360505
0.387483
0.366624
0.389003
0.364716
0.412914
0.501732
0.436691
0.347868
0.261847
0.19893
0.14775
0.143598
0.13778
0.259386
0.305341
0.556061
0.763593
0.665211
0.746717
21.1431
2.795
0.81355
0.381879
0.275208
0.243536
0.230688
0.210579
0.188614
0.166456
0.145438
0.128458
0.112153
0.100224
0.0866941
0.0816071
0.0870731
0.102587
0.117062
0.126367
0.140074
0.143867
0.14878
0.155822
0.161026
0.177837
0.188037
0.199873
0.208593
0.21666
0.230971
0.228819
0.264017
0.282204
0.288707
0.295872
0.285017
0.280582
0.286545
0.309713
0.310965
0.312499
0.229817
0.166322
0.149328
0.145449
0.128476
0.15865
0.240336
0.430589
0.627809
1.15379
1.88928
1.15125
21.1435
2.80643
0.784103
0.407116
0.266871
0.249662
0.233977
0.238207
0.211135
0.178365
0.152961
0.131743
0.114566
0.103101
0.0920207
0.0820341
0.0773217
0.0701462
0.114066
0.115735
0.133124
0.138417
0.138399
0.145368
0.154844
0.170881
0.182408
0.197785
0.198511
0.196331
0.21902
0.218327
0.244429
0.281423
0.295781
0.312534
0.276962
0.362885
0.295643
0.285725
0.232674
0.196694
0.165614
0.138832
0.127375
0.123641
0.140177
0.13317
0.214568
0.345658
0.336462
1.17482
0.795706
0.687189
21.144
2.8091
0.794278
0.37807
0.332703
0.299347
0.267609
0.229493
0.193125
0.16513
0.143265
0.127472
0.112203
0.102261
0.0916288
0.083575
0.0802495
0.0875849
0.090903
0.103392
0.110718
0.121028
0.133989
0.146469
0.169107
0.169991
0.182465
0.196913
0.200965
0.220106
0.22766
0.247481
0.228348
0.254376
0.260937
0.277943
0.257026
0.303701
0.298431
0.25702
0.213966
0.165122
0.133062
0.105012
0.0940967
0.110947
0.107054
0.147277
0.295869
0.580126
0.759427
0.847514
0.712157
0.933948
21.1437
2.80431
0.787848
0.481695
0.165443
0.249578
0.259799
0.236939
0.203962
0.177773
0.152077
0.133109
0.116649
0.105642
0.0954589
0.0875735
0.0801955
0.0749348
0.0916534
0.0952243
0.0978169
0.112582
0.128248
0.136069
0.135319
0.147194
0.151402
0.159638
0.158714
0.164324
0.182427
0.206117
0.212718
0.195598
0.229601
0.233563
0.214948
0.207591
0.400661
0.325318
0.232239
0.156482
0.114956
0.08603
0.0841519
0.0858104
0.106821
0.114807
0.169995
0.332432
0.514703
0.509264
1.11861
1.11875
21.145
2.80479
0.786776
0.49914
0.174998
0.26968
0.249604
0.23071
0.195818
0.167815
0.144691
0.128292
0.11395
0.103983
0.0947447
0.087303
0.0823625
0.0805003
0.0799381
0.0810599
0.0899499
0.0933736
0.0983026
0.119145
0.118795
0.152633
0.155567
0.15053
0.152795
0.163776
0.188024
0.184864
0.210785
0.227102
0.220088
0.201064
0.235729
0.204018
0.155878
0.220585
0.201767
0.141926
0.100103
0.0841244
0.0817874
0.0864235
0.091766
0.117781
0.261294
0.573273
0.676666
0.903915
1.06756
0.888598
21.1468
2.80606
0.768313
0.465049
0.146006
0.201781
0.260932
0.239954
0.210313
0.18111
0.154203
0.13442
0.118026
0.106308
0.0962567
0.0888248
0.0832281
0.0757535
0.0808812
0.0759885
0.0826122
0.0913915
0.098044
0.100873
0.162376
0.124689
0.127854
0.140317
0.138269
0.147627
0.151933
0.166954
0.187198
0.191584
0.170461
0.159634
0.163104
0.205212
0.217248
0.154736
0.107217
0.0846565
0.0773416
0.0736824
0.0748515
0.0786125
0.0937776
0.107722
0.126638
0.166291
0.273656
0.56627
0.528061
1.11293
21.147
2.80963
0.779948
0.433594
0.339726
0.291509
0.251872
0.237332
0.199904
0.170996
0.147252
0.130159
0.115307
0.10493
0.0956475
0.0886569
0.0830823
0.0793312
0.0770837
0.0734514
0.0764452
0.0795685
0.0839577
0.084428
0.108997
0.0994041
0.120575
0.108972
0.107597
0.106974
0.142331
0.152021
0.163747
0.142732
0.130056
0.114065
0.140716
0.123405
0.107099
0.0951525
0.0815508
0.0738141
0.0703768
0.0693496
0.0745575
0.0747969
0.0921896
0.100721
0.134042
0.222724
0.728397
1.39435
2.0825
1.26542
21.1477
2.79297
0.788825
0.48821
0.151766
0.225515
0.248056
0.229294
0.209073
0.180837
0.155142
0.13548
0.119655
0.106765
0.0972714
0.088893
0.0837894
0.0774705
0.0762749
0.0717884
0.0700794
0.0695014
0.078135
0.0751808
0.136675
0.122757
0.126599
0.117664
0.118683
0.106587
0.123302
0.122182
0.118219
0.122008
0.151518
0.126558
0.114618
0.0927314
0.115138
0.104206
0.0934796
0.0787989
0.0724578
0.0710778
0.0712551
0.0806344
0.0863
0.105319
0.115018
0.147932
0.158612
0.250773
0.245854
0.494113
21.1473
2.81218
0.791377
0.39657
0.300149
0.278096
0.254322
0.231208
0.206194
0.183901
0.156985
0.136708
0.11907
0.106949
0.0974826
0.0900152
0.0841202
0.0791513
0.0767042
0.0717734
0.0687442
0.0692965
0.0683554
0.0740135
0.0827443
0.103287
0.0894017
0.0984804
0.0971183
0.0840227
0.104813
0.0991889
0.114125
0.117246
0.116906
0.0989444
0.0925771
0.0854687
0.0798738
0.0702854
0.0702995
0.067046
0.0662546
0.0672812
0.0697614
0.0758771
0.0847976
0.10096
0.122776
0.145338
0.226933
0.426293
0.548356
1.0293
21.1488
2.80706
0.797087
0.378972
0.321964
0.305589
0.256436
0.21852
0.194226
0.173119
0.1538
0.136976
0.121628
0.109111
0.0981801
0.0898483
0.0841993
0.0782261
0.0754602
0.0703078
0.0664098
0.0652322
0.0656446
0.0687413
0.109271
0.101115
0.0824255
0.112898
0.117991
0.119767
0.112123
0.0883356
0.119214
0.114465
0.116129
0.115139
0.0950633
0.0806137
0.0748207
0.0681145
0.0703208
0.0682017
0.0673843
0.0689551
0.0706636
0.0759455
0.0801835
0.0926499
0.101086
0.120802
0.13927
0.171098
0.205755
0.228224
21.1502
2.80674
0.768763
0.452503
0.2962
0.303276
0.26082
0.218007
0.20002
0.182056
0.161641
0.142453
0.122831
0.109374
0.097952
0.0904738
0.0831329
0.0783451
0.0754657
0.0711539
0.0676451
0.0654379
0.0649007
0.0721157
0.0859838
0.0874779
0.0787913
0.0714853
0.0873187
0.0877724
0.0798216
0.0833269
0.0780451
0.0701078
0.0819547
0.0744386
0.0697566
0.0638328
0.0664928
0.0637831
0.0628471
0.062723
0.0642863
0.0657357
0.0675566
0.0736628
0.0794246
0.0978431
0.106758
0.126775
0.140953
0.198956
0.230242
0.376861
21.1491
2.80909
0.786159
0.394363
0.309234
0.298538
0.25703
0.227293
0.197414
0.173716
0.153771
0.136871
0.122989
0.110223
0.101253
0.0908754
0.0843826
0.0792032
0.0750379
0.0706244
0.0664023
0.0634553
0.0634758
0.0852881
0.235957
0.104886
0.0946069
0.089638
0.087773
0.0862866
0.0806748
0.0751468
0.074575
0.0886393
0.0843391
0.0860898
0.0737684
0.0754104
0.0698212
0.0685672
0.069593
0.0722956
0.0753181
0.0784881
0.0821092
0.0859555
0.0941569
0.105836
0.118136
0.125215
0.143114
0.155039
0.183248
0.19798
21.1496
2.81387
0.796825
0.333217
0.258702
0.295982
0.310676
0.246443
0.20477
0.179084
0.16009
0.142656
0.125249
0.11063
0.0995738
0.0914791
0.0838113
0.0774637
0.0732031
0.0688414
0.0651277
0.0633191
0.0636337
0.0846747
0.232688
0.103793
0.0915508
0.0809431
0.0755088
0.0743694
0.0695576
0.0664659
0.066564
0.0678768
0.0679239
0.0640397
0.0639457
0.0623963
0.0623252
0.063637
0.0651093
0.0673253
0.0693458
0.0724249
0.0800735
0.0882255
0.094785
0.100303
0.108645
0.124335
0.136268
0.158486
0.17554
0.20977
21.1522
2.80114
0.785329
0.414147
0.317417
0.278014
0.240748
0.215087
0.192086
0.17187
0.153393
0.136981
0.123361
0.110901
0.100558
0.0928274
0.0858988
0.0792679
0.0750968
0.0713309
0.0665948
0.0638588
0.0651382
0.162092
0.544803
0.208089
0.159014
0.140122
0.121935
0.106181
0.0947696
0.0890612
0.0852744
0.0831472
0.0804326
0.0790522
0.0776079
0.0776572
0.0779685
0.0790021
0.0789304
0.0809397
0.0843379
0.0888726
0.0973613
0.110036
0.121516
0.132639
0.145047
0.15599
0.166635
0.17136
0.198942
21.1526
2.80509
0.770675
0.455871
0.286247
0.317276
0.287731
0.261559
0.227728
0.192157
0.164456
0.144242
0.126791
0.111856
0.0997459
0.0919745
0.0837787
0.0782252
0.0730046
0.0692849
0.0641868
0.0629335
0.064194
0.178175
0.559167
0.209901
0.160518
0.136134
0.116926
0.100798
0.0902484
0.0822679
0.0771515
0.0734809
0.0720265
0.0708183
0.0714228
0.0730132
0.0737539
0.0742897
0.075913
0.077318
0.0823763
0.0899127
0.0958495
0.106538
0.115878
0.133947
0.14505
0.159894
0.17025
0.178547
0.204764
21.1521
2.8041
0.802849
0.366137
0.308947
0.272782
0.243479
0.21474
0.199344
0.17927
0.159512
0.140939
0.124898
0.111795
0.10167
0.0931422
0.0861892
0.080204
0.0750278
0.0714941
0.0669056
0.0666605
0.0685875
0.0801669
0.119256
0.204171
0.19538
0.173584
0.158524
0.144918
0.133449
0.123416
0.115317
0.108559
0.1026
0.0977203
0.0934286
0.0899063
0.0866412
0.0830202
0.0824456
0.0789168
0.0836955
0.0862541
0.0979531
0.111386
0.127679
0.146989
0.166643
0.187372
0.198045
0.210042
0.214512
0.226333
21.1525
2.81084
0.793382
0.394292
0.282955
0.317413
0.266974
0.256429
0.228182
0.195796
0.171128
0.148255
0.129674
0.113459
0.101782
0.0921177
0.0846232
0.0785606
0.0729228
0.0692507
0.0646301
0.0645125
0.0666969
0.0800775
0.149701
0.298795
0.235531
0.185353
0.163715
0.148442
0.135477
0.12447
0.115034
0.107447
0.10063
0.0954867
0.0914982
0.0881448
0.0847297
0.0824275
0.0799502
0.0792941
0.0803801
0.0878366
0.096364
0.1106
0.124423
0.143082
0.157115
0.170189
0.181966
0.196643
0.20051
0.219812
21.1552
2.80372
0.778146
0.420675
0.337233
0.278415
0.240335
0.214061
0.194984
0.179948
0.162784
0.145547
0.129177
0.114599
0.103165
0.0932285
0.0872088
0.0803827
0.0750389
0.0712357
0.0670288
0.0659739
0.0663401
0.0694314
0.0725689
0.0814353
0.0927184
0.107578
0.114364
0.127636
0.123714
0.118064
0.111694
0.106277
0.0996207
0.0953444
0.0898742
0.085886
0.0820516
0.0747532
0.0741578
0.0733347
0.0811175
0.0833495
0.0984719
0.126147
0.152894
0.185822
0.206135
0.226267
0.224336
0.250736
0.245818
0.252507
21.1556
2.8084
0.759526
0.499607
0.155789
0.2064
0.259553
0.251298
0.223688
0.193729
0.171068
0.149396
0.132201
0.115624
0.103811
0.0938144
0.0857081
0.079151
0.0738315
0.0695581
0.0650521
0.0638822
0.0644431
0.068619
0.0698785
0.0958775
0.120429
0.126997
0.126482
0.134884
0.129075
0.119821
0.112059
0.105402
0.0987012
0.0934577
0.0888197
0.0840835
0.0809141
0.0767484
0.0707627
0.0728224
0.0790577
0.0900607
0.0987986
0.119993
0.144622
0.167297
0.185367
0.207176
0.218431
0.233409
0.223762
0.254102
21.1542
2.81327
0.773255
0.449151
0.226703
0.252016
0.25477
0.228737
0.206444
0.184657
0.165382
0.146956
0.132173
0.116976
0.106543
0.0952822
0.0879716
0.0814241
0.0759706
0.0719841
0.0674985
0.0649053
0.0648377
0.0652533
0.0670666
0.0686504
0.0715146
0.074649
0.0749646
0.0772618
0.0841124
0.0837764
0.0883894
0.0877685
0.0850566
0.0801589
0.0765569
0.0698483
0.066303
0.0601279
0.0663834
0.0665723
0.0739911
0.0836605
0.105751
0.143934
0.176557
0.212715
0.230659
0.259591
0.258516
0.299218
0.290906
0.323181
21.1551
2.81516
0.765287
0.483552
0.141341
0.22707
0.248929
0.237967
0.216328
0.191075
0.168974
0.149219
0.132926
0.118787
0.107149
0.0970414
0.088192
0.0816031
0.0756278
0.0717816
0.0668499
0.0646332
0.0642818
0.064913
0.068081
0.0718965
0.0730819
0.0804503
0.0787586
0.0913884
0.0949569
0.0965868
0.0916784
0.0879736
0.0843866
0.0803857
0.0769871
0.070964
0.0680493
0.0617978
0.0625491
0.0691403
0.0768574
0.0888362
0.10035
0.131278
0.170356
0.202537
0.22318
0.246291
0.246123
0.273502
0.254902
0.324676
21.1572
2.80459
0.804321
0.358184
0.289411
0.269443
0.252121
0.230561
0.206812
0.18434
0.165451
0.148229
0.134545
0.121767
0.111352
0.102307
0.0937056
0.0867383
0.0803008
0.0755689
0.0707803
0.0661357
0.0645805
0.063287
0.0634468
0.0617577
0.0622641
0.0632397
0.0619492
0.0619032
0.0620302
0.0641224
0.0627604
0.0613878
0.0596962
0.0583061
0.0564166
0.0543572
0.0534556
0.0538817
0.058037
0.0688577
0.0825192
0.102885
0.128496
0.16988
0.202021
0.247623
0.274527
0.321254
0.337268
0.400574
0.403751
0.4796
21.1578
2.80427
0.799503
0.366207
0.290529
0.26574
0.240687
0.219306
0.19993
0.183064
0.165316
0.148518
0.134272
0.12179
0.111819
0.102667
0.0948795
0.0879306
0.0820386
0.0768572
0.0731271
0.0682572
0.0652823
0.0646329
0.0633029
0.0647421
0.0627939
0.0658769
0.0630878
0.0675286
0.0688108
0.0693372
0.0692119
0.0673074
0.0645501
0.0617974
0.0584389
0.056031
0.0539414
0.0563143
0.0601901
0.0662244
0.0785037
0.0948301
0.123872
0.157272
0.211038
0.251178
0.28813
0.317897
0.332294
0.377505
0.372666
0.508255
21.1575
2.81007
0.777191
0.431825
0.289322
0.293909
0.254756
0.230805
0.205518
0.182558
0.163351
0.147178
0.132379
0.119925
0.109334
0.100974
0.0938109
0.0875279
0.0822504
0.0776385
0.0735337
0.0699088
0.0662558
0.063774
0.0625933
0.0607463
0.0592496
0.0573308
0.0579904
0.057819
0.0561674
0.0543875
0.0538746
0.0536056
0.0526997
0.0514386
0.0507647
0.0509764
0.052493
0.05212
0.0598752
0.06872
0.0826628
0.107947
0.137532
0.183192
0.233823
0.294889
0.358012
0.455565
0.519164
0.585033
0.650584
0.646657
21.1591
2.80303
0.779266
0.438369
0.286797
0.296837
0.258844
0.233245
0.20287
0.181042
0.161972
0.146896
0.132949
0.120013
0.109903
0.100953
0.0945892
0.0881258
0.0828557
0.0773388
0.0736839
0.0699237
0.0661295
0.0640536
0.062557
0.0609684
0.0592036
0.0578688
0.056548
0.0556329
0.0554251
0.0546162
0.0542819
0.0529887
0.0525673
0.0513527
0.050186
0.0507586
0.0501391
0.0544411
0.0601251
0.0713711
0.0818832
0.10007
0.131356
0.18042
0.268171
0.339329
0.417087
0.495652
0.548266
0.576286
0.663389
0.565162
21.1603
2.80817
0.784252
0.4039
0.285511
0.275067
0.2647
0.237169
0.208369
0.18365
0.163599
0.146913
0.132042
0.119672
0.108729
0.0981298
0.0897844
0.0831572
0.077423
0.0736332
0.0700687
0.067361
0.0644235
0.0623416
0.0604598
0.0589427
0.0567733
0.0555224
0.0540999
0.0530056
0.0522068
0.0514911
0.05105
0.050522
0.0500148
0.0495051
0.0490724
0.0495998
0.0527439
0.0536466
0.0609608
0.0688056
0.081283
0.108965
0.156212
0.205012
0.289515
0.391745
0.488346
0.636658
0.743758
0.858919
0.942196
1.06168
21.1607
2.80158
0.796937
0.440666
0.299152
0.302721
0.280636
0.244532
0.208826
0.184465
0.164605
0.148402
0.13324
0.120025
0.10839
0.0984452
0.0907461
0.0831037
0.077806
0.07236
0.0688435
0.0658215
0.0630852
0.0604066
0.0592909
0.0579752
0.0562621
0.0546997
0.0530264
0.0518215
0.0508059
0.0499941
0.0490478
0.0483431
0.0474203
0.0468554
0.0466565
0.0480046
0.0484645
0.0543313
0.0602004
0.0735006
0.0769203
0.0988642
0.142522
0.229741
0.361726
0.469444
0.606257
0.707071
0.778937
0.850732
0.936445
1.06214
21.1604
2.8085
0.792835
0.382579
0.305071
0.270638
0.243663
0.218319
0.195398
0.176899
0.160414
0.145986
0.131771
0.119724
0.108617
0.0986731
0.0900895
0.0825664
0.0764883
0.0713608
0.0672383
0.0642538
0.0608407
0.058521
0.0569546
0.0554581
0.0539555
0.0526331
0.0517247
0.0508421
0.0503112
0.049785
0.049354
0.0488123
0.0483319
0.0479347
0.0475693
0.0473115
0.0516462
0.052149
0.0631489
0.0624582
0.0784155
0.119207
0.184405
0.218371
0.347358
0.409082
0.449556
0.597317
0.761399
0.935644
1.21098
1.45098
21.161
2.81165
0.777963
0.424029
0.293713
0.276645
0.267122
0.238115
0.206323
0.182453
0.163991
0.1484
0.133679
0.120497
0.109404
0.0988005
0.0901798
0.0826392
0.0767868
0.0713617
0.067033
0.0634197
0.0606336
0.0576346
0.0554719
0.0540159
0.0530394
0.0520589
0.050998
0.049957
0.0490136
0.0482986
0.047435
0.0466763
0.046285
0.0456348
0.0458199
0.0452514
0.0474544
0.0501445
0.056177
0.0672872
0.0776272
0.119425
0.158422
0.2947
0.388822
0.45898
0.600013
0.71612
0.829583
0.972761
1.22627
1.44857
21.1638
2.80046
0.800732
0.398869
0.32037
0.28492
0.265857
0.239019
0.207034
0.181608
0.162977
0.147209
0.133812
0.121914
0.110999
0.101226
0.0928604
0.0842827
0.0787417
0.0721899
0.0685205
0.0639294
0.0608099
0.0580874
0.0560217
0.0540364
0.0525903
0.0514482
0.0500677
0.0491148
0.0480104
0.0470288
0.0464831
0.0459453
0.0456497
0.0447245
0.0452116
0.0465488
0.0494997
0.0529962
0.062197
0.059839
0.0844516
0.134353
0.171988
0.23468
0.256365
0.375523
0.461925
0.558236
0.670311
0.731391
0.916775
1.27771
21.1637
2.80395
0.790438
0.433909
0.293639
0.277284
0.254916
0.24172
0.21204
0.186328
0.16715
0.149855
0.136512
0.123221
0.111919
0.100817
0.0916757
0.083854
0.0774814
0.0722905
0.0672723
0.0633728
0.06013
0.0574811
0.0551416
0.0532949
0.0517226
0.0502985
0.0492899
0.0480686
0.0471872
0.04625
0.0457657
0.0449277
0.0442717
0.0438985
0.043567
0.0445504
0.047905
0.0514842
0.0602916
0.0667532
0.0805795
0.119848
0.184151
0.259795
0.27596
0.385214
0.562554
0.656991
0.746261
0.833825
0.952987
0.958111
21.1638
2.80762
0.786048
0.406635
0.314586
0.281698
0.256427
0.234607
0.212685
0.190339
0.170162
0.152646
0.137373
0.122491
0.111563
0.100998
0.0927125
0.0850015
0.0787997
0.0733354
0.0684476
0.0645078
0.0614195
0.0583919
0.0561287
0.0539185
0.0524657
0.051322
0.0498847
0.0489687
0.0478083
0.046782
0.0458471
0.0455449
0.0444231
0.0441341
0.0438526
0.043911
0.0465601
0.0546417
0.0555536
0.0630787
0.0914256
0.134959
0.179904
0.181709
0.212676
0.314837
0.403284
0.60965
0.682983
0.7288
0.733038
0.657074
21.1649
2.80508
0.784035
0.403296
0.279119
0.265569
0.263342
0.239754
0.21315
0.188298
0.167681
0.150462
0.135482
0.122757
0.111454
0.101331
0.0921518
0.0844689
0.0776386
0.0730302
0.0678599
0.0637233
0.060486
0.0576744
0.0553028
0.0533461
0.0518007
0.0501984
0.0492832
0.0479898
0.0470843
0.046094
0.0450315
0.0442431
0.0437559
0.0432979
0.0423414
0.0428058
0.0459877
0.0499552
0.0607696
0.0616701
0.0836598
0.12496
0.15102
0.214625
0.241321
0.295513
0.446793
0.519812
0.645942
0.753924
0.756189
0.60492
21.166
2.8097
0.788052
0.400186
0.288049
0.270632
0.26209
0.236159
0.212202
0.190112
0.168899
0.151789
0.136906
0.122733
0.111834
0.101106
0.0926157
0.0853999
0.0788613
0.0735542
0.0683722
0.0644066
0.0611996
0.0581875
0.0557286
0.0538095
0.0519321
0.0506581
0.0492138
0.0480899
0.0469679
0.0462297
0.0454854
0.044837
0.0443654
0.0430432
0.0428534
0.0427667
0.0442574
0.0515599
0.0481968
0.0632379
0.0994833
0.121462
0.170829
0.137595
0.22591
0.414373
0.504123
0.686744
0.672137
0.676942
0.877641
0.797372
21.1665
2.8094
0.784071
0.404241
0.274323
0.27079
0.266427
0.23994
0.211484
0.187339
0.166254
0.149929
0.134789
0.122371
0.1112
0.101438
0.0927057
0.0851412
0.0785015
0.0731631
0.0682027
0.0647201
0.0616394
0.0589717
0.0567038
0.0547662
0.0530664
0.0512661
0.0498797
0.048427
0.0473807
0.0463449
0.0451501
0.0444069
0.0436239
0.0432645
0.042192
0.042091
0.0420084
0.0432048
0.0437094
0.0688569
0.090321
0.133298
0.109129
0.182253
0.240754
0.305686
0.541178
0.79298
0.724733
0.80845
0.822232
0.90866
21.1669
2.80459
0.802948
0.359573
0.295688
0.265333
0.238737
0.213908
0.194401
0.178349
0.164289
0.150435
0.137567
0.124407
0.113321
0.10305
0.0941183
0.086992
0.0803057
0.0744495
0.0697136
0.0648614
0.0613055
0.0581795
0.05574
0.0537187
0.0524103
0.0506322
0.0494681
0.0479559
0.0467847
0.0455286
0.0444743
0.0435684
0.0432582
0.0418704
0.0421388
0.0438245
0.0412142
0.0413445
0.0472936
0.067546
0.0634876
0.121279
0.0932765
0.111153
0.24807
0.434282
0.455406
0.693415
0.776185
0.753623
1.63117
0.757059
21.1672
2.81128
0.779946
0.412208
0.285224
0.277214
0.259646
0.23904
0.213177
0.189772
0.169681
0.15366
0.138337
0.12556
0.113438
0.103595
0.0945164
0.0870196
0.0804844
0.0740134
0.0689817
0.0647585
0.0610835
0.0580355
0.0557448
0.0537949
0.0522439
0.0504296
0.0490628
0.0473811
0.0462537
0.0450274
0.0438689
0.0431085
0.0424707
0.0419837
0.0407424
0.0407186
0.0406421
0.0475736
0.0452522
0.0651057
0.10924
0.1376
0.159317
0.177149
0.271801
0.285009
0.42908
1.00349
0.990073
1.14878
1.22962
1.04458
21.1686
2.80934
0.790589
0.390862
0.29174
0.277251
0.265844
0.239018
0.209043
0.185192
0.165802
0.149661
0.135836
0.122893
0.11158
0.101484
0.0923128
0.0848982
0.0783055
0.0729523
0.0684417
0.064586
0.0613558
0.0585754
0.0562262
0.0542528
0.052406
0.0508714
0.0493363
0.0481253
0.0468271
0.0458279
0.0447905
0.0439683
0.0428206
0.0424536
0.0411967
0.0409164
0.0404382
0.0400297
0.056362
0.0767435
0.0777677
0.0991591
0.154829
0.216125
0.293453
0.581227
0.522732
0.731674
0.949963
1.18481
1.34957
1.24675
21.1689
2.81228
0.777713
0.423041
0.268867
0.26409
0.248463
0.232425
0.209966
0.187434
0.167749
0.151405
0.136922
0.12421
0.112641
0.102956
0.0938327
0.0864578
0.0798502
0.0742026
0.0693478
0.0652416
0.0618015
0.0589991
0.0563837
0.0543481
0.0525867
0.051015
0.0494787
0.0481225
0.0469897
0.0460852
0.0452283
0.0445942
0.043605
0.042963
0.0421908
0.041433
0.0414703
0.040145
0.0427305
0.0681435
0.0788042
0.113347
0.165525
0.1963
0.325491
0.274346
0.50809
1.31539
1.21636
1.30143
1.39771
1.66054
21.1764
2.75833
0.863512
0.320224
0.0375912
0.136418
0.205026
0.228096
0.221375
0.19997
0.176448
0.156146
0.138858
0.124971
0.113284
0.103812
0.0955774
0.0887197
0.0825857
0.0771254
0.0721795
0.0680789
0.0647112
0.0618285
0.0593741
0.0573124
0.0552743
0.0537739
0.0521382
0.0508982
0.0493057
0.0479962
0.046788
0.0457718
0.0451267
0.0438435
0.0425914
0.0415263
0.0410699
0.03951
0.0424941
0.0503872
0.0690567
0.0915914
0.0822974
0.118496
0.251414
0.56094
0.294617
0.42099
0.521722
1.19683
1.31745
2.03967
21.1736
2.81064
0.781524
0.411031
0.272879
0.25671
0.257105
0.247975
0.221362
0.194471
0.17127
0.153073
0.138135
0.125834
0.115181
0.105914
0.097428
0.090377
0.0836549
0.0777637
0.0725908
0.0684282
0.0647414
0.0617147
0.0588211
0.0564558
0.0541807
0.0523624
0.050603
0.048881
0.047688
0.0460048
0.0451382
0.043463
0.0424645
0.0408733
0.0390621
0.0381815
0.0365341
0.0365143
0.0373359
0.0380381
0.04582
0.0850896
0.122359
0.153903
0.272396
0.332389
0.446513
0.33237
0.54462
0.771794
1.59057
1.83636
0.011115
0.0114077
0.0116136
0.0118772
0.0121603
0.0125278
0.0128308
0.0132017
0.0134757
0.0137988
0.0140549
0.0143038
0.0145176
0.0146942
0.0148652
0.0150127
0.0152008
0.0153512
0.0155305
0.0157576
0.016081
0.0163413
0.0168974
0.0172712
0.0177455
0.018134
0.0188187
0.0191374
0.0202696
0.0203294
0.020934
0.0214429
0.0218625
0.0223522
0.0227139
0.0230866
0.0233697
0.0214725
0.0214368
0.0210636
0.0222948
0.0246309
0.0255015
0.0247365
0.0262692
0.0263453
0.0249937
0.0224529
0.0198344
0.0143901
0.0266406
0.0176607
0.017314
0.0279026
0.0111181
0.0114056
0.0116579
0.0119112
0.0122268
0.0125249
0.0129125
0.0132155
0.0135288
0.0138208
0.0140698
0.0143076
0.0145668
0.0147946
0.0150386
0.0153495
0.0156182
0.016061
0.0163488
0.0166827
0.0169824
0.0170754
0.0171591
0.0173224
0.0176608
0.0180112
0.0185984
0.0191731
0.0195
0.0206299
0.0201493
0.021207
0.0210742
0.0208691
0.0220255
0.0217164
0.019974
0.0202783
0.020182
0.0199803
0.0219358
0.025061
0.0275702
0.0273602
0.0259088
0.0255336
0.0248361
0.0219154
0.0157413
0.0121031
0.0239723
0.0158
0.0432108
0.0389048
0.210971
0.0859877
0.236909
0.155209
0.158321
0.126598
0.245659
0.129951
0.548933
0.757839
0.21874
0.0904335
0.202435
0.179052
0.168351
0.125156
0.236323
0.120617
0.687263
0.395833
0.174004
0.0929816
0.119321
0.0946481
0.129006
0.471956
0.401704
0.196919
0.733911
0.262246
0.616473
0.181858
0.092161
0.126343
0.092507
0.140274
0.512872
0.503442
0.20792
0.666677
0.409755
0.465223
0.0858967
0.0778627
0.0812282
0.0708948
0.103682
0.0735394
0.104335
0.119113
0.0845955
0.121328
0.101224
0.101956
0.102625
0.103244
0.0730105
0.0721032
0.0746006
0.070621
0.0987395
0.0718181
0.0990527
0.0904953
0.080935
0.0877928
0.0957109
0.0888978
0.0971165
0.0904347
0.0671689
0.0641899
0.0666073
0.0638388
0.0774377
0.0643023
0.0775691
0.154715
0.203064
0.264496
0.223181
0.143159
0.094206
0.103754
0.0868286
0.226447
0.132929
0.255026
0.140001
0.0672276
0.0642629
0.0686586
0.0631309
0.0807152
0.0644735
0.0776912
0.160908
0.200927
0.249358
0.213627
0.144476
0.0879834
0.106893
0.0886637
0.25085
0.136846
0.203741
0.140861
0.080722
0.0650384
0.0784611
0.0652608
0.0759915
0.0652202
0.0752311
0.135181
0.177914
0.151336
0.166095
0.110131
0.173499
0.498463
0.309573
0.549804
0.313482
0.367003
0.389238
0.291537
0.38606
0.078731
0.0647655
0.0805953
0.064719
0.0749209
0.0647746
0.0755138
0.126512
0.16628
0.165181
0.126457
0.167324
0.526586
0.398029
0.316742
0.441652
0.257312
0.324497
0.388424
0.378011
0.381556
0.0991092
0.0811298
0.0936765
0.0724655
0.0782988
0.0727352
0.0784972
0.251281
0.14292
0.228219
0.0897956
0.0848136
0.0923221
0.0886235
0.0880804
0.0782606
0.0892099
0.0713438
0.072938
0.0744534
0.0783784
0.277603
0.218881
0.441145
0.0895428
0.0791407
0.0886598
0.144303
0.435864
0.19434
0.224305
0.190684
0.36736
0.42234
0.210668
0.181954
0.185071
0.453187
0.652956
0.124259
0.164638
0.142924
0.419198
0.0993747
0.0419534
0.533558
0.137142
0.151062
0.134764
0.612836
0.0919903
0.1076
0.164536
0.26953
0.213666
0.229442
0.148126
0.0950935
0.0371107
0.225801
0.241512
0.632626
0.287028
0.170974
0.0903531
0.0841268
0.230987
0.307154
0.695658
0.32986
0.218176
0.420036
0.188471
0.221093
0.196772
0.433727
0.436455
0.221038
0.19908
0.189361
0.35088
0.560849
0.144017
0.163477
0.64973
0.145389
0.0901008
0.0887388
0.730546
0.142928
0.202015
0.167717
0.443377
0.108192
0.0486143
0.166677
0.269323
0.206719
0.224507
0.136596
0.0976854
0.0804174
0.22316
0.295421
0.64611
0.226093
0.287365
0.0998012
0.0538806
0.226492
0.260548
0.601893
0.262235
0.195936
0.0940763
0.0321856
0.128718
0.162584
0.167089
0.160057
0.128263
0.084225
0.078279
0.167062
0.136764
0.136385
0.143505
0.122349
0.1463
0.131299
0.136203
0.140542
0.13918
0.525614
0.4557
0.364396
0.487473
1.00335
0.107658
0.434586
0.461203
0.419548
0.462712
0.429906
0.485158
0.361199
0.405792
0.284633
0.646071
1.10225
0.287973
0.273362
0.569804
0.42037
0.47693
0.0804418
0.0866872
0.132839
0.199414
0.162334
0.17646
0.113185
0.092024
0.0371076
0.150244
0.135631
0.120456
0.152004
0.135788
0.15573
0.141739
0.137887
0.13729
0.120887
0.854084
0.500041
0.550116
0.548262
0.452161
0.787671
0.734483
0.769647
0.789582
0.668932
0.665107
2.0062
0.752282
0.54086
0.22803
0.510344
0.580032
0.698947
0.362099
1.03905
0.992876
1.53405
0.191693
0.104474
0.0794405
0.103174
0.107425
0.100653
0.185357
0.195269
0.116965
0.0909701
0.110507
0.0996607
0.204973
0.101366
0.185132
0.0851464
0.100713
0.109834
0.0966648
0.100288
0.205188
0.154036
0.154928
0.132139
0.141673
0.163521
0.139012
0.141641
0.158978
0.133103
0.158505
0.139727
0.16604
0.140574
0.14832
0.200997
0.0896424
0.0999539
0.106383
0.10409
0.100894
0.196023
0.147385
0.152464
0.126109
0.136704
0.158261
0.14476
0.138861
0.157721
0.127286
0.152397
0.143794
0.16803
0.150263
0.143265
0.148326
0.116035
0.125354
0.0946541
0.121972
0.12884
0.143888
0.14823
0.122743
0.0949974
0.13028
0.123943
0.146069
0.130641
0.324081
0.484064
0.529291
0.70489
0.250906
0.682651
0.733138
0.265671
0.248437
0.588466
0.55653
0.151249
0.352303
0.566604
0.144093
0.116892
0.125747
0.0917259
0.143142
0.118451
0.124447
0.149935
0.120174
0.09351
0.118772
0.127086
0.125957
0.140388
0.663388
0.488491
0.597326
0.54436
0.533042
0.447297
0.88932
0.539186
0.397244
0.51577
0.349139
0.433358
0.705024
0.598805
0.0878698
0.144273
0.0829364
0.159214
0.141077
0.0875862
0.0824944
0.0524922
0.0229067
0.0659598
0.023284
0.059292
0.0698478
0.0763825
0.0567729
0.0736274
0.15312
0.144288
0.0533716
0.127262
0.0796426
0.09567
0.0797643
0.141585
0.155076
0.10347
0.138017
0.0837176
0.0803625
0.0506268
0.0674168
0.0527001
0.0625896
0.0787949
0.140076
0.133781
0.077952
0.079433
0.129733
0.0776824
0.0531777
0.0707828
0.0666205
0.0573254
0.0773697
0.0700631
0.149666
0.139247
0.0728701
0.0743376
0.153329
0.0238343
0.0139494
0.0262846
0.011174
0.0332081
0.0392517
0.042871
0.031935
0.0674998
0.126763
0.0258107
0.144683
0.063718
0.145873
0.07926
0.365304
0.5697
0.0736604
0.0622788
0.130484
0.146754
0.0658228
0.0740648
0.147982
0.0282571
0.0343742
0.0368607
0.027454
0.0289562
0.0370442
0.0375137
0.0291855
0.0807406
0.126605
0.0664734
0.143361
0.0723503
0.0644702
0.145597
0.27718
0.478786
0.416043
0.350183
0.0986069
0.479678
0.330389
0.404734
0.0998029
0.0478524
0.0202277
0.0611845
0.0150508
0.0516721
0.0580082
0.0642384
0.0473284
0.420136
0.470889
0.334443
0.0374822
0.35055
0.080875
0.39086
0.399711
0.334715
0.0929816
0.483645
0.420503
0.343425
0.100106
0.045913
0.064534
0.0612233
0.043763
0.0514179
0.0627373
0.0412315
0.0644065
0.421864
0.493547
0.362171
0.10137
0.364471
0.106044
0.418069
0.60816
0.25917
0.108262
0.866735
0.317154
0.0888783
0.405216
0.0330983
0.0134318
0.0287729
0.0120061
0.0470154
0.0384844
0.0424449
0.0320902
0.467982
0.750553
0.316228
0.0325618
0.369915
0.0475167
0.403253
0.11013
0.0840554
0.446687
0.243044
0.636302
0.0939596
0.233502
0.384504
0.10341
0.048468
0.0415743
0.0363296
0.045755
0.598356
0.847568
0.259091
0.1196
0.273844
0.109052
0.523612
0.0463061
0.037251
0.030784
0.0428109
0.11231
0.122649
0.0850972
0.147316
0.0816146
0.168724
0.0860753
0.150115
0.0800935
0.0547787
0.0699806
0.0557821
0.0679704
0.0576044
0.0685696
0.0554197
0.0742336
0.0816442
0.156952
0.140047
0.0820583
0.0820441
0.141439
0.0837056
0.102062
0.0959758
0.497379
0.221843
0.0997382
0.205371
0.213812
0.0911175
0.530174
0.163805
0.143952
0.207144
0.103259
0.137529
0.12359
0.120826
0.186276
0.601281
0.227342
0.170742
0.0519106
0.218237
0.112567
0.387726
0.0972902
0.0993412
0.601862
0.228709
0.215389
0.100121
0.222013
0.638898
0.096759
0.116403
0.139308
0.129243
0.140898
0.654809
0.212508
0.222717
0.0681838
0.223415
0.0860038
0.643996
0.11904
0.137299
0.121584
0.143117
0.40967
0.339814
0.465495
0.0901052
0.34525
0.409056
0.090545
0.0398346
0.0573115
0.0564458
0.0460181
0.419984
0.458223
0.361194
0.0883597
0.365632
0.398278
0.0894629
0.0415468
0.0676891
0.0605803
0.0530878
0.420194
0.354557
0.104083
0.469462
0.421838
0.344655
0.114603
0.0496851
0.0241343
0.0598251
0.018866
0.0553099
0.073446
0.0501996
0.0694056
0.416561
0.45169
0.34873
0.0428786
0.354209
0.0946807
0.393427
0.448888
0.720845
0.269099
0.102053
0.268486
0.115052
0.422146
0.0419924
0.0338663
0.0382156
0.0303333
0.641097
0.85345
0.284764
0.115556
0.293792
0.501479
0.107251
0.0396407
0.0373259
0.038305
0.027252
0.0978066
0.0948204
0.58718
0.282112
0.11392
0.943393
0.44516
0.480231
0.0945734
0.0476066
0.0180138
0.0358023
0.0207357
0.0565404
0.0495734
0.0456534
0.0534675
0.579788
0.764249
0.328009
0.0453769
0.403179
0.0698002
0.458777
0.126475
0.0998897
0.0878455
0.148215
0.10475
0.162362
0.0841571
0.147792
0.0838755
0.0560843
0.0271243
0.0695532
0.0257673
0.0606583
0.069348
0.0564856
0.0790745
0.0779731
0.156754
0.153698
0.0519969
0.129356
0.0916035
0.0951802
0.100789
0.0957207
0.537541
0.208201
0.191344
0.104824
0.203472
0.0987695
0.544731
0.102045
0.154199
0.130405
0.142511
0.539476
0.203796
0.214579
0.0777386
0.568109
0.207967
0.0727122
0.111407
0.231544
0.101702
0.184813
0.110434
0.11641
0.52453
0.22362
0.116881
0.214653
0.215976
0.574907
0.102592
0.138893
0.199343
0.460485
0.0881621
0.209188
0.550821
0.132402
0.678035
0.563622
0.246521
0.174548
0.0634491
0.215379
0.127545
0.402379
0.0974236
0.0843286
0.0735775
0.0611755
0.148717
0.128205
0.0740085
0.0628628
0.147962
0.0289153
0.037497
0.0284496
0.040441
0.0292977
0.0369465
0.0295966
0.0393345
0.0796205
0.12807
0.0631303
0.147077
0.0748194
0.0651528
0.147197
0.0830712
0.0794401
0.151146
0.097257
0.151411
0.16088
0.0993509
0.151056
0.149833
0.0429031
0.0309796
0.0590776
0.0221347
0.0466906
0.0595057
0.048029
0.0771123
0.143965
0.1476
0.0423947
0.141817
0.0885975
0.143141
0.120919
0.137923
0.0856172
0.146459
0.143395
0.0844705
0.13882
0.147032
0.0404925
0.0652881
0.0536982
0.0313871
0.0425816
0.0602823
0.0427003
0.0507228
0.136619
0.142561
0.0780708
0.14129
0.0792363
0.144917
0.134824
0.344879
0.350249
0.413121
0.722947
0.508851
0.317546
0.445533
0.23081
0.17202
0.258627
0.160032
0.174036
0.130428
0.196631
0.147277
0.373375
0.907938
0.339765
0.665693
0.701397
0.515581
0.328921
0.13174
0.148066
0.319825
0.292855
0.457065
0.421093
0.335447
0.228344
0.549351
0.159598
0.199249
0.151672
0.239519
0.128375
0.147446
0.14899
0.143289
0.543903
0.46624
0.403798
0.456905
0.366292
0.503907
0.600904
0.72796
0.228413
0.690736
0.647357
0.54774
0.759295
0.614672
0.344116
0.0396069
0.0630158
0.035069
0.40964
0.0791654
0.0244806
0.49969
1.02309
0.693568
0.729881
0.900582
0.708086
0.699908
1.38997
0.49603
0.291147
0.230525
0.493607
0.318628
0.519916
0.525936
0.346695
0.118572
0.0532755
0.314922
0.194363
0.0449312
0.0794521
0.286907
0.691104
0.290881
0.478537
1.06805
0.478614
0.558376
0.785661
0.0833989
0.0847283
0.0835343
0.0678431
0.153747
0.140892
0.0790816
0.076153
0.155595
0.0269661
0.0193145
0.0349315
0.0160332
0.0380841
0.0432258
0.0344333
0.0510759
0.0691586
0.130953
0.0293292
0.150487
0.0678557
0.149698
0.0877248
0.0947182
0.0890335
0.133979
0.143591
0.0843019
0.139232
0.0860976
0.140428
0.136997
0.0420431
0.0558478
0.0445774
0.0548955
0.136565
0.151741
0.0847648
0.141798
0.137173
0.0858887
0.143434
0.042055
0.0525722
0.0431022
0.0559159
0.151307
0.0935227
0.143126
0.156391
0.0949247
0.14813
0.144877
0.0424561
0.0469829
0.0784813
0.0363681
0.0459507
0.0619342
0.0427982
0.0732587
0.158879
0.146423
0.0483472
0.138075
0.094467
0.15176
0.126054
0.675482
0.781015
0.863508
0.642323
0.387473
0.895078
0.638319
0.211427
0.181465
0.206492
0.218402
0.199889
0.282935
0.222132
0.24802
0.548029
0.53547
0.3927
0.503906
0.407389
0.54829
0.502635
0.832735
0.907547
1.12152
1.34579
1.06708
1.15676
1.21588
1.22369
1.03687
0.492553
0.29642
0.485679
0.172148
0.700355
0.655717
0.760701
0.534385
1.50906
1.26735
0.43875
1.12492
1.16188
0.894143
1.54727
0.679859
0.44448
0.608101
0.989102
0.489436
0.719741
0.70692
0.174098
0.0482661
0.123162
0.0512935
0.81084
0.520892
0.551416
1.12161
0.492392
0.719864
0.901351
0.133942
0.101024
0.0707561
0.319269
0.726576
0.819921
0.876659
0.992861
0.753962
0.840373
0.746736
0.670319
0.220264
0.485527
0.38137
0.554541
0.144427
0.339891
0.396038
1.26588
0.930924
0.908806
1.19406
1.10979
0.876109
1.27823
)
;

boundaryField
{
    inlet
    {
        type            fixedValue;
        value           uniform 440.15;
    }
    outlet
    {
        type            zeroGradient;
    }
    rightSide
    {
        type            symmetryPlane;
    }
    leftSide
    {
        type            symmetryPlane;
    }
    duct
    {
        Cmu             0.09;
        kappa           0.41;
        E               9.8;
        beta1           0.075;
        type            omegaWallFunction;
        value           nonuniform List<scalar> 
216
(
0.0110755
0.0110838
0.0114402
0.0114355
0.0117854
0.0118074
0.0121567
0.0121358
0.0125264
0.0125193
0.0128696
0.0128197
0.0132446
0.0132002
0.0135281
0.0134572
0.0138314
0.0137603
0.0139733
0.0139027
0.0141743
0.0140867
0.0138996
0.0139303
0.0137539
0.0138678
0.0136459
0.0136789
0.0128555
0.0129568
0.0126737
0.0131692
0.0170936
0.0229261
0.0264592
0.0316077
0.0316414
0.0357475
0.0348611
0.0377385
0.0409793
0.0444848
0.045397
0.0458775
0.0487419
0.0461369
0.0457655
0.0451611
0.0426954
0.0444797
0.0433833
0.0431973
0.0398476
0.0391106
0.0384814
0.036765
0.0384452
0.0323148
0.0349261
0.0284615
0.0313327
0.0292026
0.0293979
0.0294872
0.030094
0.0289255
0.0282739
0.0288243
0.0273158
0.0281333
0.0267852
0.0271661
0.0258509
0.0255923
0.022863
0.0234553
0.0221793
0.0210397
0.020973
0.01927
0.0201765
0.0182336
0.0189567
0.016606
0.0176436
0.0153867
0.016078
0.0138482
0.0142259
0.0125405
0.0126949
0.0112876
0.0108217
0.00949941
0.0105174
0.00972542
0.0105163
0.00971675
0.0108039
0.0112119
0.00701935
0.00520774
0.00600392
0.00695489
0.00883869
0.00921143
0.0155099
0.0160376
0.011115
0.0111181
0.0114077
0.0114056
0.0116136
0.0116579
0.0118772
0.0119112
0.0121603
0.0122268
0.0125278
0.0125249
0.0128308
0.0129125
0.0132017
0.0132155
0.0134757
0.0135288
0.0137988
0.0138208
0.0140549
0.0140698
0.0143038
0.0143076
0.0145176
0.0145668
0.0146942
0.0147946
0.0148652
0.0150386
0.0150127
0.0153495
0.0152008
0.0156182
0.0153512
0.016061
0.0155305
0.0163488
0.0157576
0.0166827
0.016081
0.0169824
0.0163413
0.0170754
0.0168974
0.0171591
0.0172712
0.0173224
0.0177455
0.0176608
0.018134
0.0180112
0.0188187
0.0185984
0.0191374
0.0191731
0.0202696
0.0195
0.0203294
0.0206299
0.020934
0.0201493
0.0214429
0.021207
0.0218625
0.0210742
0.0223522
0.0208691
0.0227139
0.0220255
0.0230866
0.0217164
0.0233697
0.019974
0.0214725
0.0202783
0.0214368
0.020182
0.0210636
0.0199803
0.0222948
0.0219358
0.0246309
0.025061
0.0255015
0.0275702
0.0247365
0.0273602
0.0262692
0.0259088
0.0263453
0.0255336
0.0249937
0.0248361
0.0224529
0.0219154
0.0198344
0.0157413
0.0143901
0.0121031
0.0266406
0.0239723
0.0176607
0.0158
0.017314
0.0432108
0.0279026
0.0389048
)
;
    }
    cylinder
    {
        Cmu             0.09;
        kappa           0.41;
        E               9.8;
        beta1           0.075;
        type            omegaWallFunction;
        value           nonuniform List<scalar> 
448
(
0.173499
0.498463
0.526586
0.398029
0.0993747
0.0419534
0.0919903
0.1076
0.0950935
0.0371107
0.0903531
0.0841268
0.0901008
0.0887388
0.108192
0.0486143
0.0976854
0.0804174
0.0998012
0.0538806
0.0940763
0.0321856
0.084225
0.078279
0.107658
0.434586
0.0804418
0.0866872
0.092024
0.0371076
0.787671
0.734483
0.0829364
0.0824944
0.0524922
0.059292
0.0533716
0.0796426
0.10347
0.0803625
0.0506268
0.077952
0.0776824
0.0531777
0.0700631
0.0728701
0.0238343
0.0332081
0.365304
0.5697
0.0622788
0.0658228
0.0282571
0.0289562
0.27718
0.478786
0.0986069
0.0998029
0.0478524
0.0516721
0.0374822
0.080875
0.0929816
0.100106
0.045913
0.0514179
0.10137
0.106044
0.108262
0.0888783
0.0330983
0.0470154
0.11013
0.0840554
0.0939596
0.10341
0.048468
0.1196
0.0463061
0.11231
0.122649
0.0816146
0.0800935
0.0547787
0.0576044
0.0820583
0.0837056
0.102062
0.0959758
0.0997382
0.0911175
0.163805
0.137529
0.0972902
0.0993412
0.100121
0.096759
0.116403
0.11904
0.0901052
0.090545
0.0398346
0.0883597
0.0415468
0.104083
0.114603
0.0496851
0.0553099
0.0428786
0.0946807
0.102053
0.115052
0.0419924
0.115556
0.107251
0.0396407
0.0978066
0.0948204
0.11392
0.0945734
0.0476066
0.0565404
0.126475
0.0998897
0.10475
0.0838755
0.0560843
0.0606583
0.100789
0.0957207
0.104824
0.0987695
0.102045
0.111407
0.110434
0.11641
0.116881
0.102592
0.138893
0.209188
0.0974236
0.0843286
0.0611755
0.0628628
0.0289153
0.0292977
0.0830712
0.0794401
0.0429031
0.0466906
0.0856172
0.0844705
0.0404925
0.0425816
0.350249
0.23081
0.174036
0.13174
0.148066
0.159598
0.128375
0.228413
0.344116
0.40964
0.346695
0.194363
0.0833989
0.0847283
0.0678431
0.076153
0.0269661
0.0380841
0.0947182
0.0890335
0.0843019
0.0860976
0.0420431
0.042055
0.0424561
0.0459507
0.781015
0.387473
0.211427
0.199889
0.832735
0.907547
1.34579
1.22369
0.492553
0.700355
0.608101
0.489436
0.174098
0.133942
0.819921
0.753962
0.670319
0.554541
0.0229067
0.0698478
0.0674168
0.0707828
0.0139494
0.0392517
0.0343742
0.0370442
0.0202277
0.0580082
0.064534
0.0627373
0.0134318
0.0384844
0.0415743
0.037251
0.0699806
0.0685696
0.143952
0.12359
0.139308
0.137299
0.0573115
0.0676891
0.0241343
0.073446
0.0338663
0.0373259
0.0180138
0.0495734
0.0271243
0.069348
0.154199
0.231544
0.199343
0.550821
0.037497
0.0369465
0.0309796
0.0595057
0.0652881
0.0602823
0.17202
0.130428
0.199249
0.147446
0.0396069
0.0791654
0.118572
0.0449312
0.0193145
0.0432258
0.0558478
0.0525722
0.0469829
0.0619342
0.181465
0.282935
0.29642
0.655717
0.0482661
0.101024
0.220264
0.144427
0.0659598
0.023284
0.0567729
0.0763825
0.0527001
0.0625896
0.0573254
0.0666205
0.0262846
0.011174
0.0258107
0.063718
0.031935
0.042871
0.508851
0.54774
0.339765
0.701397
0.0368607
0.027454
0.0664734
0.0644702
0.0291855
0.0375137
0.3927
0.407389
0.0611845
0.0150508
0.0473284
0.0642384
0.0612233
0.043763
0.0412315
0.0644065
0.0287729
0.0120061
0.0325618
0.0475167
0.0320902
0.0424449
0.0363296
0.045755
0.109052
0.030784
0.0428109
0.0679704
0.0557821
0.0554197
0.0742336
0.207144
0.103259
0.0519106
0.112567
0.120826
0.186276
0.129243
0.0681838
0.140898
0.0860038
0.121584
0.143117
0.0460181
0.0564458
0.0894629
0.0530878
0.0605803
0.0598251
0.018866
0.0501996
0.0694056
0.0303333
0.0382156
0.027252
0.038305
0.0358023
0.0207357
0.0453769
0.0698002
0.0456534
0.0534675
0.0695532
0.0257673
0.0519969
0.0916035
0.0564856
0.0790745
0.130405
0.0777386
0.142511
0.0727122
0.101702
0.184813
0.0634491
0.127545
0.460485
0.0881621
0.132402
0.678035
0.097257
0.0993509
0.040441
0.0284496
0.0631303
0.0651528
0.0295966
0.0393345
0.0780708
0.0792363
0.0590776
0.0221347
0.0423947
0.0885975
0.048029
0.0771123
0.0536982
0.0313871
0.0427003
0.0507228
0.258627
0.160032
0.147277
0.196631
0.292855
0.291147
0.228344
0.318628
0.478537
0.151672
0.239519
0.403798
0.366292
0.143289
0.14899
0.0630158
0.035069
0.729881
0.708086
0.49969
0.0244806
0.0532755
0.314922
0.478614
0.286907
0.0794521
0.0349315
0.0160332
0.0293292
0.0678557
0.0344333
0.0510759
0.0935227
0.0949247
0.0445774
0.0847648
0.0548955
0.0858887
0.0431022
0.0559159
0.0784813
0.0363681
0.0483472
0.094467
0.0427982
0.0732587
0.206492
0.218402
0.24802
0.222132
1.16188
0.485679
0.172148
0.43875
0.534385
0.760701
0.123162
0.551416
0.0512935
0.492392
0.319269
0.0707561
0.485527
0.38137
0.908806
1.10979
0.396038
0.339891
)
;
    }
}


// ************************************************************************* //
