/*--------------------------------*- C++ -*----------------------------------*\
| =========                 |                                                 |
| \\      /  F ield         | OpenFOAM: The Open Source CFD Toolbox           |
|  \\    /   O peration     | Version:  4.1                                   |
|   \\  /    A nd           | Web:      www.OpenFOAM.org                      |
|    \\/     M anipulation  |                                                 |
\*---------------------------------------------------------------------------*/
FoamFile
{
    version     2.0;
    format      ascii;
    class       volScalarField;
    location    "73";
    object      omega;
}
// * * * * * * * * * * * * * * * * * * * * * * * * * * * * * * * * * * * * * //

dimensions      [0 0 -1 0 0 0 0];

internalField   nonuniform List<scalar> 
4432
(
0.0111078
0.011435
0.011824
0.0121458
0.0125203
0.0128353
0.0131965
0.0135028
0.0138525
0.0141471
0.0144855
0.0147666
0.0150946
0.0153605
0.0156786
0.0159278
0.0162366
0.0164684
0.0167674
0.016984
0.017271
0.0174793
0.0177519
0.0179584
0.0182147
0.0184282
0.0186706
0.0188979
0.0191254
0.0193631
0.0195773
0.0198083
0.0200053
0.0202275
0.0204175
0.0206334
0.0208221
0.0210341
0.0212166
0.021425
0.021594
0.0217868
0.0219366
0.0221073
0.0222419
0.0223881
0.0225077
0.0226379
0.0227588
0.0228705
0.0229701
0.0230759
0.0231387
0.0233336
0.0111315
0.0114125
0.0118468
0.0121259
0.0125406
0.0128189
0.0132134
0.01349
0.013866
0.0141373
0.0144964
0.0147591
0.0151034
0.0153546
0.0156855
0.0159234
0.0162411
0.0164657
0.0167695
0.0169831
0.0172705
0.0174805
0.0177496
0.0179624
0.0182115
0.0184345
0.0186662
0.0189023
0.0191209
0.0193641
0.019579
0.0198068
0.020017
0.0202252
0.0204382
0.02063
0.0208461
0.0210263
0.021241
0.0214093
0.0216141
0.0217687
0.0219538
0.0220958
0.0222587
0.022383
0.0225269
0.0226433
0.0227835
0.0228864
0.0230066
0.0230869
0.0231744
0.02333
21.7962
3.38023
1.22843
0.663221
0.436335
0.320352
0.251518
0.206442
0.174807
0.151452
0.133531
0.11937
0.1079
0.0984384
0.0904895
0.0837385
0.0779147
0.0728661
0.0684203
0.0645106
0.0610092
0.0578994
0.0550734
0.0525457
0.050217
0.0481227
0.0461675
0.0444017
0.0427327
0.0412207
0.0397775
0.0384491
0.0371817
0.0360132
0.0349053
0.0338783
0.0329158
0.0320104
0.0311699
0.0303615
0.0296208
0.0288826
0.0282222
0.0275418
0.0269546
0.0263202
0.0257949
0.0252096
0.0247348
0.0242123
0.0237952
0.0233238
0.0229742
0.0223719
21.7962
3.38023
1.22843
0.663221
0.436334
0.320351
0.251517
0.206441
0.174806
0.15145
0.133529
0.119369
0.107899
0.0984373
0.0904875
0.0837377
0.0779122
0.072866
0.0684178
0.0645116
0.061007
0.0579016
0.0550712
0.0525481
0.0502131
0.048124
0.0461608
0.0444022
0.0427244
0.0412221
0.0397696
0.0384524
0.0371751
0.0360221
0.0349014
0.0338924
0.0329107
0.0320261
0.0311577
0.0303702
0.0295952
0.0288866
0.0281906
0.0275478
0.0269236
0.0263247
0.0257711
0.0252034
0.0247355
0.0241963
0.0237964
0.023325
0.0228286
0.0223003
21.7959
3.38041
1.22869
0.66349
0.436595
0.320597
0.251749
0.206651
0.174998
0.151634
0.133712
0.119551
0.108084
0.0986229
0.0906787
0.0839276
0.0781085
0.0730591
0.0686186
0.0647075
0.0612119
0.0581002
0.0552789
0.0527463
0.0504209
0.0483199
0.0463699
0.0445969
0.0429365
0.0414149
0.0399826
0.0386583
0.0374119
0.0362472
0.0351583
0.0341259
0.0331733
0.0322506
0.0314155
0.0305773
0.0298414
0.0290722
0.0284203
0.0277111
0.0271268
0.0264756
0.0259516
0.0253474
0.0248854
0.0243208
0.0239401
0.0233457
0.0231544
0.022217
21.7959
3.38041
1.22869
0.663488
0.436593
0.320595
0.251748
0.20665
0.174996
0.151633
0.13371
0.11955
0.108082
0.0986226
0.0906757
0.0839275
0.0781052
0.0730597
0.0686153
0.0647092
0.0612092
0.0581025
0.0552753
0.0527482
0.0504154
0.0483212
0.0463629
0.0445988
0.0429287
0.0414188
0.0399752
0.0386653
0.0374063
0.0362581
0.035154
0.0341385
0.0331669
0.0322599
0.0314011
0.0305833
0.029821
0.0290756
0.028395
0.0277105
0.0271033
0.0264722
0.0259315
0.0253472
0.0248723
0.0243195
0.0239271
0.0233183
0.0231591
0.0222434
21.796
3.38034
1.22862
0.66343
0.436542
0.320549
0.251705
0.206609
0.174959
0.151596
0.133676
0.119515
0.10805
0.0985874
0.0906451
0.0838924
0.0780763
0.0730249
0.0685895
0.0646767
0.0611886
0.0580716
0.0552586
0.0527168
0.0504035
0.0482921
0.0463611
0.0445768
0.0429394
0.0414036
0.0399945
0.0386547
0.0374302
0.0362507
0.0351771
0.0341293
0.0331826
0.0322463
0.0314099
0.0305688
0.0298297
0.0290621
0.0284048
0.0277003
0.027119
0.0264715
0.0259546
0.0253581
0.0248989
0.0243255
0.0239272
0.02332
0.0231374
0.0222196
21.796
3.38033
1.22862
0.663429
0.43654
0.320548
0.251704
0.206609
0.174957
0.151596
0.133674
0.119515
0.108047
0.0985881
0.090641
0.0838935
0.0780715
0.0730266
0.0685847
0.0646787
0.0611833
0.0580729
0.0552534
0.0527189
0.0504001
0.0482956
0.0463581
0.0445792
0.0429344
0.0414049
0.0399884
0.0386571
0.0374239
0.0362542
0.0351707
0.0341345
0.0331778
0.0322513
0.031407
0.0305702
0.0298229
0.0290595
0.0283944
0.0276998
0.0271034
0.0264722
0.0259357
0.0253536
0.0248763
0.0243147
0.0238978
0.0233849
0.0228636
0.022319
21.7961
3.38032
1.2286
0.663409
0.436522
0.320531
0.251687
0.206591
0.17494
0.151576
0.133655
0.119492
0.108026
0.0985627
0.0906185
0.0838656
0.0780473
0.0729972
0.0685601
0.0646491
0.0611587
0.0580451
0.0552314
0.0526962
0.0503845
0.0482809
0.0463521
0.0445736
0.042939
0.0414052
0.0400012
0.0386575
0.0374416
0.0362514
0.0351915
0.0341284
0.033198
0.0322428
0.0314227
0.0305637
0.0298354
0.0290582
0.0284075
0.027703
0.0271215
0.0264784
0.0259595
0.025362
0.0248937
0.0243244
0.023888
0.0234034
0.0227721
0.0222703
21.7961
3.38031
1.2286
0.663408
0.436521
0.32053
0.251686
0.206589
0.174939
0.151575
0.133654
0.119491
0.108025
0.0985609
0.0906175
0.0838636
0.0780461
0.0729957
0.0685582
0.0646479
0.0611553
0.0580449
0.0552275
0.0526993
0.0503803
0.0482874
0.0463449
0.0445816
0.0429269
0.0414152
0.0399864
0.0386698
0.037426
0.0362635
0.0351773
0.0341383
0.0331882
0.0322496
0.0314174
0.0305638
0.0298322
0.0290533
0.0284056
0.0276949
0.0271176
0.0264672
0.0259478
0.0253452
0.0248729
0.0243087
0.0238676
0.0233634
0.0229251
0.0223608
21.7961
3.38031
1.22858
0.663392
0.436504
0.320511
0.251666
0.206567
0.174916
0.151549
0.133628
0.119461
0.107996
0.0985256
0.0905862
0.0838238
0.0780139
0.0729517
0.0685261
0.0646006
0.0611259
0.0579976
0.055206
0.0526586
0.0503719
0.0482566
0.0463505
0.0445616
0.0429456
0.0414052
0.040013
0.0386651
0.0374516
0.0362612
0.0351979
0.0341402
0.0332019
0.0322548
0.0314236
0.0305724
0.0298365
0.0290686
0.0284156
0.0277161
0.0271327
0.0264896
0.0259624
0.0253599
0.024876
0.0243123
0.0238593
0.0233407
0.0229539
0.0223292
21.7961
3.38031
1.22858
0.663391
0.436503
0.32051
0.251665
0.206566
0.174915
0.151547
0.133627
0.119459
0.107995
0.0985237
0.0905856
0.0838211
0.0780136
0.0729481
0.0685263
0.064596
0.0611273
0.0579932
0.0552095
0.0526535
0.0503772
0.0482504
0.0463572
0.0445527
0.0429522
0.0413926
0.0400192
0.0386511
0.03746
0.0362484
0.0352092
0.0341273
0.0332155
0.0322412
0.0314385
0.0305573
0.0298507
0.0290486
0.0284253
0.0276905
0.0271373
0.0264573
0.0259616
0.0253264
0.024876
0.0242811
0.0238697
0.0233438
0.022879
0.0223248
21.7961
3.3803
1.22857
0.663377
0.436486
0.320491
0.251644
0.206544
0.17489
0.151522
0.133598
0.11943
0.107961
0.0984909
0.0905457
0.0837838
0.0779681
0.0729071
0.0684769
0.0645532
0.0610776
0.0579527
0.0551666
0.0526223
0.0503478
0.0482326
0.0463434
0.044549
0.0429533
0.0414019
0.0400323
0.0386692
0.0374793
0.0362689
0.0352286
0.0341453
0.0332317
0.0322555
0.0314502
0.0305681
0.0298612
0.0290615
0.0284379
0.0277072
0.0271505
0.0264732
0.0259713
0.0253369
0.0248791
0.0242836
0.0238746
0.0233368
0.0228831
0.0223181
21.7961
3.3803
1.22857
0.663376
0.436485
0.32049
0.251643
0.206543
0.174889
0.15152
0.133598
0.119428
0.107962
0.0984877
0.0905464
0.0837799
0.0779692
0.0729022
0.0684782
0.0645483
0.0610794
0.057949
0.0551683
0.0526199
0.0503489
0.048231
0.0463434
0.0445469
0.0429513
0.0413983
0.0400297
0.0386661
0.037478
0.0362682
0.035227
0.0341468
0.0332272
0.0322588
0.0314434
0.0305736
0.0298497
0.0290644
0.0284214
0.0277033
0.0271289
0.0264636
0.0259486
0.0253237
0.0248604
0.0242784
0.0238651
0.0233059
0.0230266
0.0220912
21.7961
3.3803
1.22856
0.663364
0.436469
0.320471
0.251622
0.20652
0.174864
0.151494
0.133566
0.119397
0.107923
0.0984512
0.0904993
0.0837379
0.0779126
0.0728555
0.0684135
0.0645
0.0610114
0.0579046
0.0551054
0.0525886
0.0503021
0.0482195
0.0463175
0.044555
0.0429458
0.0414233
0.0400428
0.0387026
0.0375025
0.0363047
0.0352516
0.034174
0.0332465
0.0322757
0.0314589
0.0305848
0.0298647
0.0290752
0.028438
0.0277157
0.0271447
0.0264748
0.0259587
0.0253313
0.0248684
0.0242851
0.0238679
0.0233437
0.0228791
0.0223182
21.7961
3.3803
1.22856
0.663362
0.436468
0.32047
0.251621
0.206519
0.174863
0.151493
0.133565
0.119395
0.107922
0.0984487
0.0904995
0.0837339
0.077914
0.0728498
0.0684164
0.0644923
0.061016
0.0578962
0.0551118
0.0525796
0.0503094
0.0482111
0.046326
0.0445468
0.0429531
0.0414127
0.0400466
0.0386894
0.0375033
0.0362915
0.0352528
0.0341641
0.0332497
0.0322701
0.0314625
0.0305804
0.0298655
0.0290688
0.0284326
0.0277052
0.0271345
0.0264617
0.0259466
0.0253199
0.0248595
0.0242777
0.0238626
0.0233436
0.0228739
0.022319
21.7962
3.3803
1.22855
0.66335
0.436452
0.320451
0.2516
0.206496
0.174837
0.151464
0.133534
0.11936
0.107884
0.0984053
0.090452
0.0836813
0.0778559
0.0727878
0.0683478
0.0644237
0.0609406
0.0578291
0.0550426
0.0525329
0.0502653
0.0481995
0.0463109
0.0445628
0.0429553
0.0414473
0.0400625
0.0387383
0.0375272
0.0363443
0.0352754
0.0342112
0.033266
0.032307
0.0314727
0.0306058
0.0298723
0.0290851
0.0284406
0.0277179
0.0271444
0.0264719
0.0259557
0.0253308
0.0248679
0.0242934
0.023872
0.0233527
0.0228851
0.0223203
21.7962
3.38029
1.22855
0.663348
0.43645
0.32045
0.251599
0.206495
0.174836
0.151462
0.133533
0.119358
0.107883
0.0984035
0.090451
0.0836791
0.0778553
0.0727849
0.0683475
0.0644199
0.0609414
0.0578252
0.0550444
0.0525284
0.0502675
0.0481941
0.0463136
0.044557
0.0429575
0.0414391
0.0400618
0.038726
0.0375252
0.0363312
0.035276
0.0341992
0.0332702
0.0322959
0.031478
0.0305952
0.0298756
0.0290736
0.0284386
0.0277037
0.0271378
0.0264561
0.0259496
0.0253169
0.0248661
0.0242823
0.02387
0.0233468
0.0228776
0.0223188
21.7962
3.38029
1.22855
0.663338
0.436436
0.320432
0.251579
0.206472
0.174811
0.151434
0.133501
0.119322
0.107842
0.0983589
0.0903991
0.0836231
0.0777893
0.0727155
0.0682658
0.0643375
0.0608485
0.0577405
0.0549604
0.052469
0.0502244
0.0481895
0.0463201
0.0445887
0.0429821
0.0414887
0.0400978
0.0387905
0.037566
0.0364037
0.0353164
0.0342714
0.0333069
0.0323589
0.0315117
0.0306429
0.0299095
0.029108
0.028475
0.0277342
0.0271748
0.0264892
0.0259854
0.0253523
0.0249058
0.0243152
0.0239186
0.023336
0.0230687
0.0221281
21.7962
3.38029
1.22854
0.663337
0.436435
0.320431
0.251578
0.20647
0.17481
0.151432
0.1335
0.11932
0.107842
0.0983564
0.0903989
0.0836206
0.077789
0.0727128
0.0682655
0.0643348
0.0608482
0.0577384
0.054959
0.0524663
0.050219
0.0481885
0.0463153
0.0445911
0.0429781
0.0414909
0.0400914
0.0387876
0.0375585
0.0363957
0.0353123
0.0342627
0.0333092
0.0323537
0.0315172
0.0306445
0.0299115
0.029115
0.0284697
0.0277398
0.0271642
0.0264894
0.0259752
0.0253505
0.0248961
0.0243109
0.0239057
0.0233395
0.0230545
0.0221134
21.7962
3.38029
1.22854
0.663325
0.43642
0.320415
0.251558
0.206451
0.174783
0.151408
0.133465
0.119291
0.107796
0.0983187
0.0903391
0.0835709
0.0777114
0.0726466
0.0681667
0.0642497
0.0607306
0.0576417
0.0548443
0.0524046
0.0501881
0.0482278
0.0463685
0.0446745
0.0430476
0.0415863
0.0401681
0.0388872
0.0376321
0.0364879
0.0353805
0.0343403
0.0333731
0.0324101
0.031577
0.0306808
0.0299661
0.0291377
0.0285179
0.0277586
0.0272072
0.0265117
0.0260153
0.0253819
0.0249364
0.024357
0.0239448
0.0234314
0.0229651
0.0224031
21.7962
3.38029
1.22854
0.663324
0.436419
0.320414
0.251557
0.206449
0.174783
0.151405
0.133466
0.119286
0.107799
0.0983126
0.0903434
0.083563
0.0777176
0.0726365
0.0681749
0.064237
0.0607412
0.057627
0.0548564
0.0523872
0.0502014
0.0482084
0.0463808
0.0446558
0.0430654
0.0415667
0.0401843
0.0388654
0.0376453
0.0364687
0.0353894
0.0343289
0.0333762
0.0324095
0.0315752
0.0306873
0.0299605
0.0291455
0.0285082
0.0277619
0.0271932
0.0265109
0.026
0.0253772
0.0249193
0.0243419
0.0239386
0.0233668
0.0231154
0.0221712
21.7962
3.38028
1.22853
0.663316
0.436405
0.320403
0.251534
0.206439
0.174748
0.151399
0.133415
0.119284
0.107725
0.0983139
0.0902417
0.0835649
0.0775793
0.0726326
0.0679929
0.0642165
0.0605209
0.0575832
0.0546664
0.0523923
0.0502766
0.0484682
0.0466913
0.0450456
0.0434297
0.0419839
0.0405637
0.0392984
0.0380315
0.0369018
0.0357721
0.0347489
0.0337426
0.0328075
0.031918
0.0310658
0.0302849
0.0295145
0.0288301
0.0281348
0.0275318
0.026906
0.02637
0.025817
0.025342
0.0248463
0.0245113
0.0237982
0.0235627
0.0226249
21.7962
3.38028
1.22853
0.663314
0.436404
0.320402
0.251534
0.206438
0.174748
0.151396
0.133417
0.119279
0.10773
0.0983051
0.0902505
0.0835514
0.0775933
0.0726137
0.0680121
0.0641931
0.0605431
0.0575591
0.054685
0.0523843
0.0502813
0.0484574
0.046688
0.0450267
0.0434378
0.0419754
0.0405826
0.0392887
0.0380416
0.0368838
0.0357609
0.0347229
0.0337109
0.0327793
0.0318751
0.0310356
0.0302371
0.0294752
0.0287758
0.0280761
0.0274702
0.0268251
0.0262916
0.0257205
0.0252273
0.0247487
0.0242759
0.0239556
0.0232636
0.0227507
21.7962
3.38028
1.22853
0.663309
0.436392
0.320394
0.251514
0.206432
0.174716
0.151395
0.133368
0.119286
0.107657
0.0983221
0.0901427
0.083581
0.0774339
0.0726598
0.0677706
0.0642692
0.0601833
0.0577378
0.0543071
0.0530237
0.0510434
0.0507747
0.0500407
0.0487662
0.047303
0.0456268
0.0439485
0.0424117
0.0409054
0.0396104
0.0382498
0.0372029
0.0359631
0.0350552
0.0340946
0.0331469
0.0322576
0.0313822
0.0305408
0.0297359
0.0288991
0.0283249
0.0273728
0.0270063
0.0258092
0.0263885
0.0252443
0.0258111
0.0249903
0.0249426
21.7962
3.38028
1.22853
0.663307
0.436391
0.320392
0.251513
0.206429
0.174718
0.15139
0.133372
0.119277
0.107666
0.0983069
0.0901602
0.0835554
0.0774647
0.0726172
0.067824
0.0641973
0.0602701
0.0576333
0.0544187
0.0529707
0.0510816
0.0504971
0.0492123
0.0479659
0.0462691
0.0446351
0.0430347
0.0415189
0.0401013
0.0387643
0.0375246
0.036362
0.0352846
0.0342659
0.0333591
0.0324385
0.0316936
0.030879
0.0302365
0.0294787
0.0290146
0.0278633
0.0270479
0.0265175
0.0259007
0.0259698
0.0248835
0.0247209
0.0253931
0.0246875
21.7962
3.38028
1.22853
0.663302
0.436395
0.320368
0.251533
0.206376
0.174765
0.151297
0.133457
0.119131
0.107799
0.0980932
0.0903487
0.0832569
0.0777139
0.0722089
0.0681314
0.0636465
0.0606021
0.0569582
0.0551852
0.0547186
0.0634094
0.112653
0.111054
0.111325
0.107261
0.106385
0.103279
0.0998293
0.09625
0.0926864
0.0891955
0.0859719
0.0829047
0.0801752
0.0776211
0.0753688
0.0732941
0.0714562
0.0698139
0.0683505
0.0671382
0.0659475
0.0649715
0.063917
0.0630327
0.0620846
0.0611207
0.0606525
0.0586883
0.0571171
21.7962
3.38028
1.22853
0.6633
0.436394
0.320367
0.251531
0.206376
0.174763
0.151298
0.133454
0.119134
0.107792
0.0981013
0.090335
0.0832742
0.0776894
0.0722397
0.068094
0.0636839
0.0605793
0.0569837
0.055141
0.0543932
0.0591277
0.087717
0.0895738
0.0939648
0.095616
0.0955013
0.0944416
0.0927311
0.0906035
0.0882139
0.0856633
0.0831963
0.080769
0.0785734
0.0764606
0.0745947
0.0728456
0.0712825
0.0698927
0.068608
0.0676296
0.0665192
0.0657723
0.0646957
0.0640191
0.0629278
0.0623102
0.0611226
0.0608244
0.0583421
21.7962
3.38028
1.22853
0.663298
0.436394
0.320358
0.251536
0.206357
0.174776
0.151264
0.133481
0.119079
0.107837
0.0980164
0.090406
0.0831435
0.0777978
0.0720439
0.0682035
0.0635881
0.0600095
0.0568028
0.0559446
0.0697786
0.302953
0.355061
0.2048
0.128772
0.111521
0.102732
0.097412
0.0934814
0.089658
0.0857736
0.0819483
0.0783263
0.0749054
0.0717192
0.0687097
0.0658922
0.0632403
0.0607309
0.0584007
0.056152
0.054097
0.0520185
0.0501526
0.0482233
0.0464941
0.044749
0.0430229
0.0415483
0.0396912
0.038511
21.7962
3.38028
1.22852
0.663296
0.436394
0.320354
0.251541
0.206347
0.174788
0.151245
0.133504
0.119047
0.107872
0.0979746
0.0904485
0.0830986
0.0778438
0.0719772
0.0683526
0.0631719
0.0611707
0.0558591
0.0562194
0.0676323
0.20923
0.315572
0.178413
0.144226
0.119061
0.103905
0.0958638
0.091427
0.0878413
0.0843448
0.0808866
0.0775905
0.0744299
0.0714718
0.0686272
0.0659819
0.0634422
0.0610669
0.0588121
0.0566696
0.0546688
0.0526419
0.0507958
0.0488637
0.0471559
0.0453889
0.0436618
0.0422154
0.0402732
0.0391713
21.7962
3.38028
1.22853
0.6633
0.436396
0.320357
0.251538
0.206353
0.174781
0.151257
0.133489
0.119067
0.10785
0.097999
0.0904239
0.083123
0.0778122
0.0720349
0.0682179
0.0634455
0.0607604
0.0559527
0.0586937
0.110558
0.198857
0.205806
0.120914
0.105571
0.099863
0.0964497
0.0934173
0.0901315
0.0865814
0.0830099
0.0795811
0.076355
0.0734059
0.0706701
0.0682226
0.0659325
0.0639136
0.0619897
0.0603166
0.0586928
0.0573749
0.0560129
0.0551631
0.0537234
0.0538715
0.0508807
0.0500589
0.0499573
0.0479309
21.7962
3.38028
1.22853
0.663299
0.436393
0.320359
0.251531
0.206361
0.174768
0.151272
0.133468
0.119089
0.107824
0.0980235
0.0904009
0.0831383
0.0778084
0.0720204
0.0682441
0.063489
0.0602753
0.0567436
0.0548166
0.122694
0.169171
0.181739
0.147739
0.122048
0.107517
0.10008
0.0957838
0.0922271
0.0887223
0.0852913
0.082052
0.0790191
0.0762736
0.0737189
0.0714734
0.0693434
0.067507
0.0657199
0.0641997
0.0626976
0.0614312
0.06023
0.0591688
0.0582548
0.0573127
0.0565866
0.055807
0.0549201
0.0530156
21.7962
3.38028
1.22853
0.663306
0.436397
0.320368
0.251533
0.206374
0.174765
0.151294
0.133458
0.119127
0.107799
0.0980904
0.0903462
0.0832568
0.0777069
0.0722141
0.0681135
0.0636644
0.0605732
0.056964
0.0551764
0.057485
0.104771
0.113628
0.110377
0.109905
0.109177
0.1053
0.103061
0.0994
0.0955426
0.0915289
0.0876253
0.0838489
0.0803482
0.0770462
0.0740014
0.0711789
0.0685254
0.0661494
0.0637733
0.0617918
0.0595413
0.0578858
0.0555848
0.0541903
0.0516835
0.0504105
0.047677
0.0464355
0.0434723
0.0424353
21.7962
3.38028
1.22853
0.663304
0.436394
0.320368
0.251529
0.206378
0.174758
0.151301
0.133447
0.119138
0.107784
0.0981041
0.0903309
0.0832705
0.0776941
0.0722233
0.0681118
0.0636555
0.0605862
0.0569692
0.0551657
0.0567311
0.0850158
0.0876438
0.0887264
0.0924832
0.0937448
0.0929921
0.0908237
0.088207
0.0854583
0.0824872
0.079563
0.0765912
0.073805
0.0710167
0.0684488
0.0658993
0.0635607
0.0612654
0.0591023
0.0570409
0.05495
0.0530824
0.0509203
0.0492341
0.0468291
0.0453562
0.0425068
0.0413842
0.0381313
0.0374736
21.7962
3.38028
1.22854
0.663318
0.436395
0.320396
0.251511
0.206434
0.17471
0.1514
0.133357
0.119294
0.10764
0.0983357
0.0901185
0.0836001
0.0774021
0.0726824
0.0677344
0.0642869
0.0601475
0.0577625
0.0542318
0.0531532
0.0508776
0.0506639
0.0498084
0.0486777
0.0469975
0.0452563
0.0436114
0.0419697
0.0405065
0.0390452
0.037778
0.0364811
0.0353905
0.0342358
0.0332999
0.0322635
0.0314571
0.0305155
0.0298117
0.0289416
0.0283145
0.0274994
0.0269352
0.0261646
0.0256547
0.0249182
0.024451
0.0237571
0.0232935
0.0226483
21.7962
3.38028
1.22854
0.663315
0.436395
0.320392
0.251513
0.206427
0.174717
0.151387
0.133371
0.119273
0.107665
0.098303
0.0901569
0.083553
0.0774572
0.0726178
0.0678097
0.064202
0.0602487
0.0576395
0.0543889
0.052969
0.0510496
0.050328
0.0492052
0.0477421
0.0460401
0.0443383
0.0427508
0.0411761
0.0397676
0.0383631
0.0371364
0.0358854
0.0348219
0.0337038
0.0327842
0.0317776
0.0309826
0.0300687
0.0293787
0.0285402
0.0279364
0.0271603
0.026628
0.0259043
0.0254297
0.0247493
0.024318
0.0236973
0.0232238
0.0226453
21.7962
3.38029
1.22855
0.663327
0.436409
0.320403
0.251533
0.206438
0.174745
0.151397
0.13341
0.119282
0.107719
0.0983117
0.0902343
0.0835618
0.0775705
0.0726272
0.0679821
0.0642069
0.0605091
0.0575676
0.0546564
0.0523676
0.0502629
0.0484187
0.0466749
0.0449888
0.0434314
0.0419337
0.04058
0.0392348
0.0380229
0.0367965
0.0357137
0.0345974
0.0336376
0.0326223
0.0317764
0.0308496
0.0301061
0.0292552
0.028602
0.0278153
0.0272402
0.0265084
0.0260008
0.0253157
0.0248647
0.0242169
0.0238108
0.0232163
0.0227562
0.0221929
21.7962
3.38029
1.22855
0.663324
0.436408
0.320401
0.251533
0.206434
0.174748
0.151391
0.133417
0.119272
0.10773
0.0982967
0.0902507
0.0835418
0.0775927
0.0726027
0.0680094
0.0641797
0.0605391
0.0575417
0.0546814
0.0523555
0.0502703
0.0484184
0.0466742
0.0449854
0.0434286
0.0419299
0.0405714
0.039222
0.0380073
0.0367773
0.0356947
0.0345762
0.0336181
0.0326008
0.0317552
0.0308276
0.0300813
0.0292331
0.0285729
0.0277938
0.0272082
0.0264882
0.0259683
0.0252972
0.0248337
0.0242054
0.0237838
0.0232138
0.0227536
0.0221902
21.7962
3.38029
1.22856
0.66334
0.436425
0.320416
0.251556
0.206448
0.17478
0.151404
0.133462
0.119285
0.107792
0.0983119
0.0903345
0.0835618
0.0777066
0.0726341
0.0681624
0.0642317
0.0607267
0.0576157
0.0548395
0.0523668
0.0501789
0.048176
0.0463563
0.044624
0.04305
0.0415369
0.0401687
0.0388202
0.0376112
0.0363986
0.0353328
0.0342424
0.0333031
0.0323159
0.0314828
0.0305828
0.0298418
0.029018
0.0283581
0.0276008
0.0270129
0.0263126
0.0257886
0.0251371
0.0246711
0.0240636
0.0236588
0.023053
0.0228041
0.021901
21.7962
3.38029
1.22856
0.663338
0.436424
0.320414
0.251555
0.206447
0.174779
0.151403
0.133461
0.119284
0.107792
0.0983094
0.0903359
0.0835588
0.0777085
0.0726311
0.0681637
0.0642294
0.0607261
0.0576148
0.0548356
0.0523669
0.0501737
0.0481768
0.046354
0.0446291
0.0430526
0.0415427
0.0401716
0.0388239
0.0376159
0.0364017
0.0353408
0.0342434
0.0333126
0.0323138
0.031494
0.0305802
0.029855
0.0290174
0.0283728
0.0276038
0.0270286
0.0263194
0.0258062
0.0251465
0.0246926
0.0240729
0.023678
0.0230734
0.0228075
0.0218863
21.7962
3.38029
1.22857
0.663355
0.436442
0.320433
0.251577
0.206468
0.174808
0.151429
0.133497
0.119316
0.107838
0.0983506
0.090394
0.0836126
0.077783
0.0727022
0.0682579
0.0643209
0.0608378
0.0577175
0.0549429
0.0524361
0.0501999
0.0481505
0.0462948
0.0445442
0.0429549
0.0414296
0.0400556
0.0387044
0.037505
0.0362944
0.0352452
0.034153
0.0332321
0.0322383
0.0314248
0.0305151
0.0297926
0.0289571
0.028314
0.0275451
0.0269729
0.0262615
0.0257523
0.0250878
0.0246372
0.0240154
0.0236081
0.0230493
0.0225958
0.0220412
21.7962
3.38029
1.22857
0.663353
0.43644
0.320432
0.251576
0.206468
0.174806
0.151429
0.133495
0.119316
0.107836
0.0983513
0.0903918
0.0836143
0.0777805
0.0727051
0.068255
0.0643252
0.0608347
0.0577229
0.0549394
0.052442
0.050196
0.048157
0.0462914
0.0445528
0.0429534
0.0414388
0.0400547
0.0387141
0.0375067
0.0363054
0.0352495
0.0341631
0.033237
0.0322464
0.0314308
0.0305223
0.0298006
0.0289651
0.0283245
0.0275551
0.0269856
0.0262742
0.0257665
0.0251044
0.0246521
0.0240303
0.0236332
0.0230215
0.0227507
0.0218331
21.7962
3.3803
1.22858
0.66337
0.436459
0.320452
0.251598
0.206492
0.174833
0.151459
0.133529
0.119354
0.107877
0.0983983
0.0904435
0.0836728
0.0778452
0.0727769
0.0683341
0.0644093
0.0609238
0.0578103
0.0550208
0.0525062
0.0502389
0.0481669
0.0462794
0.0445201
0.0429103
0.0413843
0.0399958
0.0386506
0.0374426
0.0362383
0.0351831
0.0340927
0.0331702
0.0321747
0.031366
0.0304503
0.0297373
0.028892
0.0282617
0.0274815
0.0269233
0.0262012
0.0257023
0.0250295
0.0245798
0.0239454
0.0235383
0.022956
0.0225049
0.0219503
21.7962
3.3803
1.22858
0.663368
0.436457
0.320451
0.251597
0.206491
0.174832
0.151458
0.133528
0.119353
0.107876
0.0983977
0.0904425
0.083673
0.0778438
0.0727783
0.068332
0.0644122
0.0609209
0.0578151
0.0550166
0.052513
0.0502338
0.0481743
0.0462743
0.0445293
0.0429073
0.0413951
0.039995
0.0386617
0.0374437
0.0362496
0.0351861
0.0341044
0.0331745
0.0321863
0.0313707
0.0304621
0.0297438
0.0289054
0.0282718
0.0274963
0.0269363
0.0262161
0.0257177
0.0250447
0.0245979
0.0239641
0.0235661
0.022944
0.022671
0.0217787
21.7962
3.3803
1.2286
0.663385
0.436477
0.320472
0.25162
0.206516
0.17486
0.151488
0.133561
0.119389
0.107917
0.0984414
0.0904929
0.0837247
0.0779055
0.0728377
0.0684053
0.0644764
0.0610016
0.0578749
0.0550928
0.0525536
0.0502854
0.0481812
0.0462926
0.0445062
0.0428994
0.041355
0.0399688
0.0386154
0.0374068
0.0362049
0.0351432
0.0340636
0.0331287
0.0321495
0.0313253
0.0304283
0.0297
0.0288721
0.0282287
0.0274609
0.0268925
0.0261767
0.0256737
0.0250015
0.0245495
0.0239186
0.0235061
0.0229232
0.0224818
0.0219209
21.7962
3.3803
1.22859
0.663383
0.436475
0.320471
0.251619
0.206515
0.174858
0.151487
0.13356
0.119389
0.107916
0.0984418
0.0904908
0.0837261
0.0779025
0.0728408
0.0684011
0.0644816
0.060996
0.0578823
0.0550866
0.0525622
0.0502785
0.04819
0.0462859
0.0445148
0.0428962
0.0413636
0.0399696
0.0386227
0.0374108
0.0362105
0.0351498
0.0340689
0.0331366
0.0321558
0.031333
0.0304371
0.0297078
0.0288845
0.0282376
0.0274758
0.0269025
0.0261929
0.0256844
0.0250184
0.0245654
0.0239371
0.0235249
0.0229555
0.0224997
0.0219555
21.7961
3.38031
1.22861
0.663401
0.436495
0.320492
0.251642
0.20654
0.174885
0.151517
0.133592
0.119424
0.107953
0.0984836
0.0905353
0.0837745
0.0779548
0.0728946
0.0684603
0.0645374
0.0610582
0.0579336
0.0551428
0.0525975
0.0503176
0.0482004
0.0463021
0.0445022
0.0428933
0.0413352
0.039954
0.038586
0.0373877
0.0361711
0.0351218
0.0340283
0.0331041
0.0321144
0.0312974
0.0303956
0.0296698
0.028842
0.0281954
0.0274301
0.0268547
0.0261431
0.0256323
0.0249648
0.0245127
0.023882
0.0234807
0.0228627
0.0225966
0.0217066
21.7961
3.38031
1.22861
0.663399
0.436493
0.320491
0.25164
0.206539
0.174884
0.151516
0.133591
0.119423
0.107953
0.0984819
0.0905359
0.0837727
0.077956
0.0728928
0.0684621
0.0645359
0.0610606
0.0579327
0.0551454
0.0525972
0.0503211
0.0481995
0.0463066
0.0445023
0.0428994
0.0413376
0.0399607
0.0385908
0.0373938
0.036178
0.0351273
0.0340378
0.0331106
0.0321262
0.0313054
0.0304087
0.02968
0.0288564
0.0282083
0.0274471
0.0268707
0.0261621
0.0256506
0.0249862
0.0245316
0.023905
0.0234967
0.0229297
0.0224753
0.0219299
21.7961
3.38031
1.22862
0.663417
0.436512
0.320512
0.251663
0.206564
0.17491
0.151544
0.13362
0.119456
0.107986
0.0985198
0.0905735
0.0838159
0.0779976
0.0729405
0.0685061
0.0645854
0.0611034
0.0579786
0.0551805
0.0526335
0.0503401
0.0482211
0.0463068
0.0445089
0.0428841
0.0413321
0.0399358
0.0385759
0.037365
0.0361563
0.0350984
0.0340109
0.0330819
0.0320956
0.0312768
0.0303759
0.0296511
0.0288224
0.0281781
0.0274121
0.0268366
0.0261239
0.0256121
0.0249461
0.0244929
0.0238595
0.0234566
0.022882
0.022431
0.0218831
21.7961
3.38031
1.22862
0.663415
0.436511
0.320511
0.251662
0.206563
0.174909
0.151543
0.133619
0.119455
0.107986
0.0985187
0.0905735
0.0838145
0.0779986
0.0729386
0.0685084
0.0645831
0.061107
0.0579758
0.055186
0.0526299
0.0503468
0.0482178
0.0463141
0.044507
0.0428916
0.0413336
0.0399421
0.0385815
0.0373686
0.0361657
0.0351002
0.0340236
0.0330846
0.0321098
0.031282
0.0303905
0.0296584
0.0288382
0.0281879
0.0274299
0.0268487
0.026145
0.0256258
0.0249692
0.0245058
0.0238904
0.0234731
0.0229066
0.0224585
0.0219058
21.7961
3.38032
1.22864
0.663435
0.436532
0.320532
0.251685
0.206587
0.174934
0.151571
0.133648
0.119486
0.108017
0.0985543
0.0906071
0.0838543
0.0780333
0.0729821
0.0685423
0.0646283
0.0611363
0.05802
0.0552055
0.0526679
0.0503521
0.0482459
0.0463038
0.0445248
0.0428695
0.0413409
0.0399138
0.0385789
0.037339
0.036155
0.0350712
0.0340073
0.0330548
0.0320898
0.0312502
0.0303667
0.0296267
0.0288092
0.0281581
0.0273937
0.0268174
0.0261025
0.0255905
0.0249239
0.0244651
0.0238434
0.0234252
0.0228486
0.0224027
0.0218476
21.7961
3.38032
1.22863
0.663434
0.436531
0.320531
0.251683
0.206586
0.174933
0.15157
0.133646
0.119486
0.108016
0.0985534
0.090607
0.0838527
0.0780352
0.0729792
0.0685467
0.0646239
0.0611435
0.0580141
0.0552146
0.0526615
0.0503626
0.0482399
0.0463145
0.0445214
0.0428783
0.0413426
0.039919
0.0385866
0.0373404
0.0361672
0.0350715
0.0340206
0.0330594
0.0321004
0.0312629
0.0303729
0.0296467
0.028814
0.028181
0.0274012
0.0268417
0.0261143
0.0256173
0.0249388
0.0244961
0.0238579
0.0234537
0.0228719
0.0224326
0.0218711
21.796
3.38034
1.22866
0.663456
0.436551
0.32055
0.251703
0.206605
0.174954
0.15159
0.133669
0.119507
0.108041
0.0985771
0.0906347
0.0838789
0.0780641
0.0730073
0.068575
0.0646521
0.0611691
0.0580391
0.0552347
0.0526798
0.0503743
0.0482484
0.046318
0.0445191
0.042876
0.0413305
0.0399134
0.0385665
0.0373325
0.0361431
0.0350602
0.0339978
0.0330412
0.0320828
0.031236
0.0303598
0.0296149
0.0287995
0.0281493
0.0273803
0.0268128
0.0260885
0.0255874
0.0249089
0.0244628
0.0238207
0.0234176
0.0228331
0.0223932
0.0218319
21.796
3.38034
1.22866
0.663454
0.436549
0.320549
0.251702
0.206604
0.174952
0.15159
0.133667
0.119507
0.10804
0.0985769
0.0906337
0.0838788
0.0780639
0.0730073
0.0685756
0.0646525
0.0611702
0.0580401
0.0552361
0.0526821
0.0503752
0.0482532
0.0463178
0.0445267
0.0428744
0.0413411
0.0399106
0.0385799
0.0373291
0.0361578
0.0350583
0.0340116
0.0330442
0.0320936
0.0312455
0.0303682
0.0296289
0.0288083
0.0281639
0.0273934
0.0268265
0.0261074
0.0256026
0.0249306
0.0244782
0.0238421
0.0234472
0.0228197
0.0225457
0.0216476
21.7959
3.38041
1.22873
0.663516
0.436603
0.320595
0.251745
0.206643
0.174991
0.151624
0.133705
0.119539
0.108076
0.0986093
0.0906692
0.0839116
0.0780975
0.0730404
0.0686058
0.0646848
0.0611953
0.0580699
0.0552546
0.0527062
0.050386
0.0482693
0.0463203
0.0445346
0.0428701
0.0413416
0.0399008
0.0385741
0.0373144
0.0361478
0.0350374
0.0340013
0.033014
0.0320883
0.0312032
0.0303715
0.0295768
0.0288172
0.0281129
0.0274019
0.0267903
0.0261142
0.0255879
0.0249416
0.0244813
0.0238732
0.0234828
0.0228879
0.0226287
0.0217629
21.7959
3.38041
1.22873
0.663514
0.436602
0.320595
0.251743
0.206643
0.174989
0.151624
0.133703
0.11954
0.108075
0.0986101
0.0906677
0.0839125
0.0780964
0.0730415
0.0686054
0.0646863
0.0611955
0.058072
0.0552549
0.0527095
0.0503867
0.0482741
0.0463212
0.0445411
0.042871
0.0413492
0.0399028
0.038581
0.03732
0.036151
0.0350503
0.0339977
0.0330369
0.0320772
0.0312354
0.0303566
0.0296128
0.0288058
0.028146
0.0273997
0.0268174
0.0261214
0.0256075
0.0249561
0.0244999
0.0238954
0.023496
0.0229117
0.0226495
0.0217821
21.7962
3.38026
1.22853
0.663285
0.436356
0.320346
0.251507
0.206419
0.174793
0.151437
0.133523
0.119358
0.107896
0.0984252
0.0904854
0.0837231
0.0779101
0.072848
0.0684154
0.0644897
0.0610023
0.0578734
0.0550587
0.0525103
0.0501868
0.0480753
0.0461178
0.0443435
0.0426648
0.0411529
0.0396934
0.0383548
0.0370656
0.0358646
0.0347347
0.0336453
0.0326614
0.0316689
0.0308072
0.0299094
0.0291392
0.0283372
0.0276342
0.0269222
0.0262738
0.0256496
0.0250493
0.0244978
0.0239779
0.0234772
0.0230463
0.0226821
0.0220978
0.0216928
21.7962
3.38026
1.22853
0.663283
0.436354
0.320345
0.251506
0.206418
0.174792
0.151437
0.133523
0.119357
0.107895
0.0984246
0.0904851
0.0837226
0.0779102
0.0728478
0.068416
0.0644897
0.0610041
0.0578729
0.0550626
0.0525081
0.0501945
0.0480702
0.046131
0.0443341
0.0426841
0.0411397
0.0397182
0.0383416
0.0370924
0.035856
0.0347586
0.0336467
0.0326784
0.0316827
0.0308183
0.0299314
0.0291517
0.0283586
0.0276567
0.0269353
0.0263153
0.0256413
0.0251174
0.0244754
0.0240484
0.0234716
0.0230909
0.0226852
0.0221692
0.021759
0.0110892
0.0114522
0.0118079
0.01216
0.0125063
0.0128468
0.0131841
0.0135123
0.0138408
0.0141559
0.0144745
0.0147763
0.0150826
0.0153723
0.0156643
0.015943
0.0162194
0.0164873
0.0167494
0.0170056
0.0172564
0.0175016
0.0177437
0.0179824
0.0182159
0.0184556
0.0186804
0.0189253
0.0191441
0.0193934
0.0196085
0.0198475
0.0200514
0.0202761
0.0204703
0.0206756
0.0208604
0.021045
0.0212152
0.0213798
0.0215298
0.0216745
0.0217952
0.0219242
0.0220048
0.0221071
0.0221663
0.0222494
0.0223025
0.0224002
0.0224539
0.0225616
0.0226152
0.0227625
0.0110801
0.0114606
0.0118022
0.0121645
0.0125031
0.012848
0.0131826
0.0135116
0.0138401
0.0141549
0.0144743
0.0147757
0.0150831
0.015372
0.0156659
0.0159426
0.0162225
0.0164866
0.0167538
0.0170047
0.0172615
0.0175008
0.0177494
0.0179816
0.0182227
0.0184546
0.0186887
0.0189249
0.0191536
0.0193944
0.0196198
0.0198503
0.0200656
0.0202808
0.0204878
0.0206833
0.0208821
0.0210563
0.0212412
0.0213972
0.0215584
0.0217
0.0218247
0.0219581
0.022042
0.0221491
0.0222028
0.0222905
0.0223359
0.0224279
0.0224801
0.0225876
0.0226336
0.0227917
0.27526
0.0593076
0.302241
0.111244
0.102432
0.398319
0.347849
0.412334
0.149309
0.152013
0.186041
0.0669941
0.12386
0.115239
0.104755
0.351793
0.119735
0.293623
0.152457
0.150862
0.101229
0.0688554
0.272685
0.0635655
0.313941
0.134178
0.136747
0.300993
0.399937
0.346933
0.418722
0.128247
0.0686797
0.190585
0.0614753
0.103014
0.159859
0.145039
0.209953
0.361226
0.129074
0.282469
0.0555571
0.0546798
0.0552784
0.0580853
0.084881
0.0579147
0.0863336
0.0473942
0.0645418
0.0490998
0.115816
0.1756
0.118939
0.18283
0.0563017
0.0544027
0.0558901
0.0565904
0.0777061
0.0567799
0.0740223
0.0516483
0.0576189
0.0498066
0.0902053
0.134105
0.0773032
0.116727
0.0607589
0.0560482
0.0596875
0.0553083
0.0689275
0.0558142
0.0674286
0.445637
0.360953
0.379678
0.440874
0.458426
0.340305
0.354907
0.333763
0.19883
0.232946
0.190529
0.225496
0.0580197
0.0565174
0.0574959
0.0564598
0.0624093
0.0582697
0.0583964
0.407258
0.278547
0.167247
0.229311
0.426801
0.261454
0.284115
0.265567
0.172031
0.198041
0.172212
0.201119
0.0609812
0.0573105
0.0631872
0.0567192
0.0588424
0.05643
0.0591203
0.614353
0.0987932
0.115952
0.0993446
0.456393
0.551294
0.425273
0.228323
0.194735
0.227069
0.353386
0.338994
0.355089
0.337232
0.0695633
0.0555186
0.0645577
0.0563025
0.0592851
0.0563378
0.0585728
0.183445
0.125662
0.0974493
0.362364
0.111789
0.475842
0.500916
0.200015
0.174056
0.202725
0.320104
0.262164
0.28338
0.264697
0.086141
0.0566794
0.0899945
0.0546833
0.0561843
0.0546991
0.056108
0.178121
0.10486
0.193439
0.0609123
0.0467976
0.0615402
0.0490952
0.0783567
0.0573622
0.0728762
0.0546296
0.0556914
0.054547
0.0551934
0.141873
0.0767712
0.112713
0.0588439
0.0521834
0.0576246
0.0499052
0.663065
0.169714
0.330948
0.186572
0.474398
0.650017
0.318343
0.170058
0.1859
0.620826
0.599943
0.0903451
0.10395
0.0915295
0.428307
1.26728
1.02907
0.581245
0.0912838
0.100533
0.0949903
0.559088
1.26014
1.21646
0.44486
0.351989
0.407275
0.426693
0.438597
0.54298
0.417885
0.396433
0.147854
0.122027
0.153958
0.305563
0.536198
0.516801
0.383348
0.147511
0.127546
0.150351
0.369592
0.219024
0.16252
0.133424
0.146911
0.42819
0.166571
0.121455
0.131831
0.133656
0.128218
0.180316
0.0918033
0.120748
0.330104
0.119183
0.23268
0.797498
0.148143
0.124983
0.122847
0.123025
0.151651
0.136084
0.0946399
0.424244
0.126213
0.19422
0.198203
0.432472
0.482203
0.516682
0.395655
0.134361
0.160108
0.377455
0.143922
0.484238
0.431081
0.405461
0.154691
0.155302
0.141532
0.339212
1.28292
1.0106
0.605521
0.101588
0.085017
0.0940677
0.551811
1.30028
1.25009
0.669112
0.172537
0.325839
0.180445
0.476576
0.663103
0.327184
0.185818
0.632556
0.187159
0.386483
0.116313
0.157145
0.151874
0.298312
0.525365
0.491307
0.379567
0.114902
0.146706
0.146134
0.370953
0.434488
0.365732
0.379201
0.443112
0.432704
0.427191
0.361297
0.421428
0.426836
0.438134
0.239678
0.831547
0.142645
0.128251
0.104142
0.108948
0.135257
0.134133
0.0540455
0.225031
0.16868
0.147425
0.443789
0.147593
0.166827
0.119911
0.117875
0.133582
0.110722
0.396167
0.164049
0.140986
0.375414
0.142959
0.475151
0.362336
0.40346
0.156126
0.150839
0.150993
0.346044
0.408592
0.294171
0.147272
0.417166
0.233705
0.41308
0.124894
0.178955
0.19675
0.378316
0.189001
0.0763445
0.0550237
0.0731258
0.0979857
0.0723207
0.167434
0.120303
0.070003
0.0670114
0.0727732
0.0683997
0.135468
0.0722405
0.19342
0.0665429
0.0885656
0.0722838
0.0790927
0.0678382
0.179965
0.450474
0.385714
0.432024
0.386825
0.442247
0.358485
0.45065
0.441592
0.431498
0.409338
0.36948
0.435458
0.36007
0.442897
0.128116
0.0668924
0.0710807
0.0723984
0.0723993
0.0731437
0.120354
0.408755
0.314737
0.321248
0.363948
0.278001
0.415242
0.364456
0.410684
0.300518
0.225091
0.382176
0.237091
0.35405
0.431625
0.190408
0.0739736
0.0757649
0.0673738
0.0710242
0.0804352
0.163509
0.190478
0.0723748
0.0657625
0.0692478
0.0667515
0.180602
0.079016
0.438194
0.37928
0.386956
0.432162
0.351208
0.442151
0.447912
0.437866
0.367321
0.430634
0.417615
0.351018
0.438087
0.434109
0.121763
0.0746906
0.0698781
0.069035
0.13885
0.0764965
0.0677893
0.130075
0.0742166
0.0677164
0.0826332
0.074987
0.0741848
0.122748
0.408377
0.3748
0.325615
0.32046
0.418962
0.36609
0.272921
0.412736
0.37546
0.298836
0.214869
0.3599
0.235381
0.429259
0.51556
0.575637
0.479817
0.437261
0.582982
0.510201
0.488149
0.470645
0.511034
0.629155
0.381129
0.471894
0.649606
0.653442
0.473893
0.531096
0.442048
0.590333
0.525532
0.587743
0.465462
0.489049
0.273232
0.44909
0.400949
0.512954
0.473699
0.229484
0.446031
0.145195
0.432391
0.348661
0.20092
0.278062
0.396668
0.543432
0.469346
0.439554
0.479518
0.429077
0.152121
0.146966
0.196045
0.106662
0.328411
1.1672
0.178879
0.624481
1.18231
0.327592
0.173337
0.602676
0.56451
0.679854
0.483008
0.632953
0.766524
0.761389
0.639583
0.329295
0.602549
0.835021
0.152585
1.07805
0.158756
0.261686
0.530899
0.527974
0.113457
0.186384
0.187146
0.145
0.195424
0.108116
0.141686
0.165137
0.358745
0.198374
0.293034
0.0785668
0.0851365
0.0952362
0.0707629
0.171614
0.24193
0.599743
0.196379
0.196937
0.294475
0.173574
0.477106
0.481243
0.775893
0.299877
1.13857
0.659664
0.304414
0.775747
1.146
0.597764
0.54086
0.665313
0.488997
0.606788
0.696038
0.700446
0.611037
0.783136
0.673209
0.251503
0.848024
0.257162
1.11001
0.506927
0.755574
0.292102
1.12771
0.64175
0.762408
0.291984
1.12372
0.588751
0.640456
0.674497
0.563903
0.596469
0.687467
0.602791
0.682352
0.743523
0.643838
0.283717
1.0691
0.288637
1.1022
0.720926
0.321999
0.186742
1.14452
0.602068
0.187177
1.15018
0.327076
0.557051
0.54036
0.658962
0.448623
0.620788
0.746657
0.74349
0.627721
0.279741
0.605024
0.189215
0.871961
0.176388
1.11164
0.228949
1.28213
1.26481
0.306314
0.185342
0.595705
1.11065
0.170311
0.326189
1.12863
0.55182
0.673686
0.55516
0.676051
0.290987
0.578747
0.177166
1.06956
0.173907
1.1011
0.28898
0.58884
0.714306
0.610981
0.717988
1.24239
1.26829
0.501821
0.571272
0.500747
0.438603
0.508726
0.570071
0.51303
0.463364
0.60437
0.437868
0.636645
0.464426
0.644984
0.471071
0.636826
0.508855
0.438319
0.563745
0.540501
0.485559
0.570144
0.540374
0.539371
0.531862
0.263576
0.154008
0.603932
0.389637
0.139424
0.594184
0.259088
0.379899
0.379856
0.456063
0.303208
0.377738
0.468861
0.386652
0.459937
0.249557
0.403031
0.193101
0.468436
0.212123
0.581934
0.212965
0.532883
0.519355
0.256122
0.153987
0.378478
0.594838
0.142926
0.251571
0.590968
0.388364
0.413241
0.378302
0.445025
0.267776
0.369751
0.163527
0.577909
0.151522
0.580631
0.267774
0.375106
0.45458
0.377228
0.454872
0.241311
0.177271
0.243429
0.225418
0.151337
0.211186
0.275198
0.168759
0.437089
0.204982
0.352207
0.284273
0.320661
0.198489
0.685133
0.198361
0.486224
0.346771
0.150796
0.146453
0.18776
0.118329
0.145686
0.156292
0.129119
0.140683
0.158875
0.151758
0.110559
0.0979387
0.0848241
0.121073
0.0639722
0.0680812
0.0970123
0.073151
0.0932602
0.190711
0.204851
0.143768
0.109718
0.17001
0.188096
0.139879
0.107133
0.194818
0.136166
0.183274
0.137625
0.221532
0.103345
0.166087
0.344785
0.199967
0.272823
0.16809
0.254861
0.179659
0.538792
0.172241
0.189255
0.339161
0.0751588
0.0822697
0.0939281
0.0696222
0.305704
0.419159
0.0927855
0.150957
0.0858869
0.142524
0.152052
0.0990987
0.0709102
0.0290182
0.0169002
0.0302631
0.0128676
0.0231833
0.0414742
0.0339973
0.0291129
0.0796096
0.170255
0.14215
0.0673754
0.137033
0.153024
0.10728
0.110488
0.210687
0.221923
0.434949
0.610399
0.428457
0.196927
0.466201
0.578311
0.165244
0.104947
0.159407
0.0255265
0.0970511
0.107021
0.0853854
0.0975808
0.334068
0.430151
0.470401
0.447691
0.507511
0.426295
0.234943
0.47342
0.468705
0.28552
0.38815
0.170138
0.610237
0.153426
0.596849
0.294222
0.413804
0.40279
0.389289
0.455158
0.276199
0.388131
0.21796
0.584541
0.27393
0.218679
0.590698
0.404368
0.48267
0.432182
0.422576
0.501914
0.521661
0.293392
0.234489
0.612742
0.405718
0.238062
0.295068
0.62468
0.470941
0.415681
0.519788
0.392766
0.448126
0.471525
0.434112
0.502111
0.306634
0.458763
0.185568
0.540468
0.203537
0.670655
0.252818
1.27241
1.24973
0.30774
1.14239
0.158219
0.605173
0.307314
1.1461
0.157965
0.575838
0.691236
0.574824
0.694399
0.603927
0.730742
0.606667
0.726564
0.299664
0.572783
1.08096
0.188559
0.297508
1.10625
0.187025
1.28194
1.2904
0.776849
1.14123
0.296
0.655342
1.14561
0.296695
0.779386
0.59382
0.541095
0.663063
0.486305
0.606537
0.699867
0.613184
0.702488
0.77417
0.666108
0.833756
0.257367
1.09764
0.257783
0.492258
0.773752
1.16052
0.657141
0.29578
1.15711
0.778263
0.295242
0.611699
0.665635
0.69951
0.586209
0.623289
0.710343
0.625455
0.711349
0.758836
0.6509
1.10827
0.276238
1.13521
0.280216
0.73864
0.259825
0.610554
0.167665
0.382359
0.597219
0.256195
0.170957
0.389568
0.386079
0.458843
0.321622
0.389886
0.467204
0.471606
0.388367
0.250818
0.408326
0.479519
0.148201
0.604451
0.165405
0.213234
0.511686
0.496093
0.242206
0.590011
0.21161
0.377077
0.24952
0.586568
0.201556
0.37915
0.421811
0.469724
0.369442
0.367877
0.469495
0.447862
0.38366
0.25152
0.368508
0.579412
0.198379
0.572547
0.202603
0.247349
0.508356
0.446551
0.565471
0.428479
0.457949
0.57313
0.507119
0.468644
0.512388
0.628325
0.380137
0.471234
0.656462
0.654209
0.475608
0.525282
0.442243
0.486804
0.584507
0.46524
0.583875
0.492878
0.513486
0.506018
0.42276
0.562228
0.533948
0.514625
0.564889
0.47861
0.629474
0.659195
0.450466
0.480698
0.664028
0.661363
0.482853
0.518592
0.425186
0.562155
0.558237
0.569453
0.565807
0.495545
0.28921
0.390051
0.087555
0.0791982
0.144537
0.13364
0.0948272
0.0638711
0.142172
0.0116674
0.0135256
0.0211817
0.010529
0.0168497
0.0377142
0.0305496
0.0212463
0.0805133
0.138925
0.0372247
0.13458
0.0775983
0.139584
0.0998753
0.0929655
0.112882
0.236056
0.241152
0.229409
0.179059
0.266955
0.152777
0.21466
0.164572
0.463765
0.379665
0.198594
0.283004
0.316272
0.712641
0.201973
0.502562
0.342528
0.201462
0.150189
0.148355
0.119684
0.188011
0.136731
0.127616
0.156483
0.126282
0.0984721
0.158262
0.147088
0.060218
0.0517641
0.0791281
0.0389351
0.0536334
0.0972559
0.0742156
0.0720691
0.142155
0.140004
0.0672402
0.14239
0.110529
0.155777
0.12732
0.280502
0.606527
0.388522
0.228344
0.60001
0.290496
0.225532
0.413055
0.405871
0.436518
0.391765
0.40459
0.477203
0.404453
0.43586
0.278072
0.38148
0.588417
0.214828
0.590964
0.272054
0.21962
0.467231
0.481112
0.289992
0.60829
0.180487
0.406745
0.3098
0.609933
0.167382
0.45897
0.408442
0.506592
0.351082
0.428452
0.449395
0.496594
0.433153
0.307848
0.446471
0.505712
0.167238
0.633995
0.193759
0.242689
0.267455
0.405561
0.529633
0.448768
0.493452
0.474866
0.230027
0.144564
0.459845
0.368748
0.18753
0.271219
0.405351
0.498028
0.543546
0.465578
0.451244
0.486108
0.147952
0.147036
0.191765
0.107211
0.219901
0.590124
0.433522
0.409721
0.582305
0.202221
0.452978
0.164523
0.0742812
0.130573
0.073889
0.0792851
0.108105
0.0740364
0.0851903
0.360252
0.395274
0.412542
0.482025
0.433874
0.499414
0.28793
)
;

boundaryField
{
    inlet
    {
        type            fixedValue;
        value           uniform 440.15;
    }
    outlet
    {
        type            zeroGradient;
    }
    rightSide
    {
        type            symmetryPlane;
    }
    leftSide
    {
        type            symmetryPlane;
    }
    duct
    {
        Cmu             0.09;
        kappa           0.41;
        E               9.8;
        beta1           0.075;
        type            omegaWallFunction;
        value           nonuniform List<scalar> 
216
(
0.0111078
0.0111315
0.011435
0.0114125
0.011824
0.0118468
0.0121458
0.0121259
0.0125203
0.0125406
0.0128353
0.0128189
0.0131965
0.0132134
0.0135028
0.01349
0.0138525
0.013866
0.0141471
0.0141373
0.0144855
0.0144964
0.0147666
0.0147591
0.0150946
0.0151034
0.0153605
0.0153546
0.0156786
0.0156855
0.0159278
0.0159234
0.0162366
0.0162411
0.0164684
0.0164657
0.0167674
0.0167695
0.016984
0.0169831
0.017271
0.0172705
0.0174793
0.0174805
0.0177519
0.0177496
0.0179584
0.0179624
0.0182147
0.0182115
0.0184282
0.0184345
0.0186706
0.0186662
0.0188979
0.0189023
0.0191254
0.0191209
0.0193631
0.0193641
0.0195773
0.019579
0.0198083
0.0198068
0.0200053
0.020017
0.0202275
0.0202252
0.0204175
0.0204382
0.0206334
0.02063
0.0208221
0.0208461
0.0210341
0.0210263
0.0212166
0.021241
0.021425
0.0214093
0.021594
0.0216141
0.0217868
0.0217687
0.0219366
0.0219538
0.0221073
0.0220958
0.0222419
0.0222587
0.0223881
0.022383
0.0225077
0.0225269
0.0226379
0.0226433
0.0227588
0.0227835
0.0228705
0.0228864
0.0229701
0.0230066
0.0230759
0.0230869
0.0231387
0.0231744
0.0233336
0.02333
0.0110892
0.0110801
0.0114522
0.0114606
0.0118079
0.0118022
0.01216
0.0121645
0.0125063
0.0125031
0.0128468
0.012848
0.0131841
0.0131826
0.0135123
0.0135116
0.0138408
0.0138401
0.0141559
0.0141549
0.0144745
0.0144743
0.0147763
0.0147757
0.0150826
0.0150831
0.0153723
0.015372
0.0156643
0.0156659
0.015943
0.0159426
0.0162194
0.0162225
0.0164873
0.0164866
0.0167494
0.0167538
0.0170056
0.0170047
0.0172564
0.0172615
0.0175016
0.0175008
0.0177437
0.0177494
0.0179824
0.0179816
0.0182159
0.0182227
0.0184556
0.0184546
0.0186804
0.0186887
0.0189253
0.0189249
0.0191441
0.0191536
0.0193934
0.0193944
0.0196085
0.0196198
0.0198475
0.0198503
0.0200514
0.0200656
0.0202761
0.0202808
0.0204703
0.0204878
0.0206756
0.0206833
0.0208604
0.0208821
0.021045
0.0210563
0.0212152
0.0212412
0.0213798
0.0213972
0.0215298
0.0215584
0.0216745
0.0217
0.0217952
0.0218247
0.0219242
0.0219581
0.0220048
0.022042
0.0221071
0.0221491
0.0221663
0.0222028
0.0222494
0.0222905
0.0223025
0.0223359
0.0224002
0.0224279
0.0224539
0.0224801
0.0225616
0.0225876
0.0226152
0.0226336
0.0227625
0.0227917
)
;
    }
    cylinder
    {
        Cmu             0.09;
        kappa           0.41;
        E               9.8;
        beta1           0.075;
        type            omegaWallFunction;
        value           nonuniform List<scalar> 
448
(
0.551294
0.425273
0.475842
0.500916
1.26728
1.02907
1.26014
1.21646
0.54298
0.417885
0.536198
0.516801
0.23268
0.797498
0.136084
0.0946399
0.482203
0.516682
0.484238
0.431081
1.28292
1.0106
1.30028
1.25009
0.525365
0.491307
0.239678
0.831547
0.134133
0.0540455
0.475151
0.362336
0.479817
0.488149
0.470645
0.471894
0.525532
0.465462
0.512954
0.446031
0.145195
0.469346
0.429077
0.152121
1.1672
1.18231
0.602676
0.632953
0.530899
0.527974
0.186384
0.195424
0.165137
0.0785668
0.477106
0.481243
1.13857
1.146
0.597764
0.606788
0.848024
1.11001
1.12771
1.12372
0.588751
0.596469
1.0691
1.1022
1.14452
1.15018
0.557051
0.620788
1.28213
1.26481
1.11065
1.12863
0.55182
1.06956
0.58884
1.24239
1.26829
0.500747
0.51303
0.463364
0.464426
0.540501
0.540374
0.539371
0.531862
0.603932
0.594184
0.379899
0.377738
0.532883
0.519355
0.594838
0.590968
0.388364
0.375106
0.225418
0.275198
0.168759
0.685133
0.150796
0.129119
0.110559
0.0979387
0.0680812
0.109718
0.188096
0.183274
0.221532
0.166087
0.538792
0.339161
0.0751588
0.305704
0.419159
0.0858869
0.0709102
0.0290182
0.0231833
0.110488
0.210687
0.610399
0.578311
0.165244
0.0970511
0.47342
0.468705
0.610237
0.596849
0.413804
0.404368
0.501914
0.521661
0.612742
0.62468
0.470941
0.448126
1.27241
1.24973
1.14239
1.1461
0.575838
0.603927
1.28194
1.2904
0.59382
0.606537
1.16052
1.15711
0.611699
0.623289
0.610554
0.389568
0.389886
0.511686
0.496093
0.37915
0.367877
0.446551
0.468644
0.471234
0.47861
0.480698
0.28921
0.390051
0.0791982
0.0638711
0.0116674
0.0168497
0.0929655
0.112882
0.229409
0.266955
0.164572
0.150189
0.060218
0.0536334
0.606527
0.60001
0.413055
0.40459
0.467231
0.481112
0.60829
0.609933
0.45897
0.428452
0.529633
0.493452
0.144564
0.147952
0.590124
0.582305
0.164523
0.0792851
0.511034
0.649606
0.432391
0.146966
0.56451
0.766524
0.358745
0.0851365
0.54086
0.696038
0.640456
0.687467
0.54036
0.746657
0.673686
0.714306
0.60437
0.644984
0.379856
0.468861
0.413241
0.45458
0.437089
0.146453
0.0848241
0.0970123
0.344785
0.0822697
0.0169002
0.0414742
0.104947
0.107021
0.40279
0.48267
0.415681
0.471525
0.691236
0.730742
0.541095
0.699867
0.665635
0.710343
0.386079
0.467204
0.421811
0.469495
0.512388
0.656462
0.629474
0.664028
0.0135256
0.0377142
0.463765
0.148355
0.0517641
0.0972559
0.405871
0.477203
0.408442
0.449395
0.459845
0.147036
0.0742812
0.108105
0.629155
0.381129
0.473893
0.653442
0.348661
0.20092
0.106662
0.196045
0.679854
0.483008
0.835021
1.07805
0.639583
0.761389
0.597219
0.457949
0.479519
0.604451
0.198374
0.293034
0.599743
0.294475
0.0707629
0.0952362
0.588417
0.590964
0.665313
0.488997
0.611037
0.700446
0.674497
0.563903
0.602791
0.682352
0.658962
0.448623
0.871961
1.11164
0.627721
0.74349
0.55516
0.676051
1.1011
0.610981
0.717988
0.636645
0.437868
0.471071
0.636826
0.456063
0.303208
0.468436
0.581934
0.386652
0.459937
0.378302
0.577909
0.445025
0.580631
0.377228
0.454872
0.352207
0.204982
0.346771
0.118329
0.18776
0.121073
0.0639722
0.073151
0.0932602
0.272823
0.199967
0.0696222
0.0939281
0.0302631
0.0128676
0.0673754
0.153024
0.0339973
0.0291129
0.159407
0.0255265
0.447691
0.426295
0.0853854
0.0975808
0.389289
0.584541
0.455158
0.590698
0.432182
0.422576
0.540468
0.670655
0.519788
0.392766
0.434112
0.502111
1.14123
1.14561
0.694399
0.574824
1.08096
1.10625
0.606667
0.726564
1.10827
1.13521
0.663063
0.486305
0.833756
1.09764
0.613184
0.702488
0.69951
0.586209
0.625455
0.711349
0.458843
0.321622
0.388367
0.471606
0.590011
0.506018
0.586568
0.533948
0.562155
0.469724
0.369442
0.579412
0.572547
0.38366
0.447862
0.628325
0.380137
0.486804
0.46524
0.475608
0.654209
0.659195
0.450466
0.569453
0.482853
0.661363
0.0211817
0.010529
0.0372247
0.0775983
0.0305496
0.0212463
0.127616
0.0984721
0.379665
0.712641
0.198594
0.342528
0.119684
0.188011
0.0791281
0.0389351
0.0672402
0.110529
0.0742156
0.0720691
0.436518
0.391765
0.43586
0.404453
0.633995
0.506592
0.351082
0.505712
0.433153
0.496594
0.368748
0.498028
0.18753
0.465578
0.107211
0.191765
0.130573
0.073889
0.412542
0.433874
0.0851903
0.0740364
)
;
    }
}


// ************************************************************************* //
