/*--------------------------------*- C++ -*----------------------------------*\
| =========                 |                                                 |
| \\      /  F ield         | OpenFOAM: The Open Source CFD Toolbox           |
|  \\    /   O peration     | Version:  4.1                                   |
|   \\  /    A nd           | Web:      www.OpenFOAM.org                      |
|    \\/     M anipulation  |                                                 |
\*---------------------------------------------------------------------------*/
FoamFile
{
    version     2.0;
    format      ascii;
    class       volScalarField;
    location    "21";
    object      p;
}
// * * * * * * * * * * * * * * * * * * * * * * * * * * * * * * * * * * * * * //

dimensions      [0 2 -2 0 0 0 0];

internalField   nonuniform List<scalar> 
4432
(
-1.22359e+10
-1.19264e+10
-2.99036e+09
1.90948e+10
6.0384e+09
-6.86774e+09
-4.35014e+09
-3.74257e+09
-4.11075e+09
-4.64107e+09
-4.81149e+09
-4.97003e+09
-5.2975e+09
-5.71518e+09
-6.14639e+09
-6.42134e+09
-6.38116e+09
-6.30339e+09
-6.31694e+09
-6.40132e+09
-6.47579e+09
-6.54616e+09
-6.60778e+09
-6.6612e+09
-6.7069e+09
-6.74561e+09
-6.77828e+09
-6.80617e+09
-6.83066e+09
-6.85335e+09
-6.87563e+09
-6.89948e+09
-6.92645e+09
-6.95424e+09
-6.97942e+09
-7.00106e+09
-7.01549e+09
-7.0202e+09
-7.01395e+09
-6.99472e+09
-6.9617e+09
-6.91477e+09
-6.85148e+09
-6.77132e+09
-6.6871e+09
-6.61812e+09
-6.56423e+09
-6.54778e+09
-6.64753e+09
-7.04954e+09
-8.25287e+09
-1.10309e+10
-1.42315e+10
-9.4857e+09
-1.06859e+10
-6.96684e+09
-2.05395e+09
3.78197e+09
4.14398e+09
-6.69041e+09
-6.49045e+09
-5.10897e+09
-5.0705e+09
-5.37294e+09
-5.2264e+09
-5.09454e+09
-5.29577e+09
-5.72933e+09
-6.17221e+09
-6.41533e+09
-6.34104e+09
-6.25949e+09
-6.29537e+09
-6.37839e+09
-6.44948e+09
-6.51881e+09
-6.57908e+09
-6.63132e+09
-6.6757e+09
-6.71315e+09
-6.74471e+09
-6.7717e+09
-6.79554e+09
-6.81781e+09
-6.84006e+09
-6.86426e+09
-6.8921e+09
-6.92242e+09
-6.95239e+09
-6.9785e+09
-6.99692e+09
-7.00609e+09
-7.00475e+09
-6.99066e+09
-6.96254e+09
-6.91994e+09
-6.85974e+09
-6.78009e+09
-6.6898e+09
-6.60646e+09
-6.53339e+09
-6.48303e+09
-6.55939e+09
-6.95416e+09
-8.23433e+09
-1.14001e+10
-1.48629e+10
-9.67159e+09
-2.74625e+09
-1.14366e+09
-2.14813e+08
-5.8544e+09
-1.63292e+09
-7.24736e+09
-1.02072e+10
-7.96351e+09
-6.6524e+09
-6.14242e+09
-5.4414e+09
-5.14187e+09
-5.21518e+09
-5.50879e+09
-5.94138e+09
-6.37438e+09
-6.48905e+09
-6.38873e+09
-6.36993e+09
-6.41514e+09
-6.48736e+09
-6.55753e+09
-6.62017e+09
-6.6735e+09
-6.7185e+09
-6.75615e+09
-6.78774e+09
-6.81494e+09
-6.83925e+09
-6.86235e+09
-6.88534e+09
-6.91015e+09
-6.94057e+09
-6.9713e+09
-6.99021e+09
-7.00187e+09
-7.00985e+09
-7.01082e+09
-7.00154e+09
-6.97604e+09
-6.93053e+09
-6.86639e+09
-6.78652e+09
-6.69098e+09
-6.58844e+09
-6.52342e+09
-6.49733e+09
-6.48477e+09
-6.62837e+09
-7.19627e+09
-8.78662e+09
-1.20787e+10
-1.45223e+10
-7.3787e+09
-4.4823e+09
-3.20974e+09
-1.09941e+09
-1.71997e+09
-2.77534e+09
-8.05545e+09
-1.04648e+10
-7.86109e+09
-6.75369e+09
-6.11069e+09
-5.42483e+09
-5.08571e+09
-5.14649e+09
-5.47134e+09
-5.95676e+09
-6.41828e+09
-6.47592e+09
-6.33369e+09
-6.34759e+09
-6.40014e+09
-6.47286e+09
-6.54182e+09
-6.60357e+09
-6.65601e+09
-6.7002e+09
-6.73713e+09
-6.76819e+09
-6.79499e+09
-6.81899e+09
-6.84161e+09
-6.86389e+09
-6.88735e+09
-6.91414e+09
-6.94247e+09
-6.96682e+09
-6.98429e+09
-6.99279e+09
-6.99371e+09
-6.98692e+09
-6.96439e+09
-6.92117e+09
-6.85887e+09
-6.77928e+09
-6.68276e+09
-6.57818e+09
-6.49639e+09
-6.44872e+09
-6.44559e+09
-6.60792e+09
-7.19575e+09
-8.85976e+09
-1.23638e+10
-1.50557e+10
-7.64151e+09
-2.17587e+09
1.72349e+08
2.83635e+09
-6.72844e+09
-3.76321e+09
-5.97586e+09
-8.52769e+09
-8.64268e+09
-7.92102e+09
-6.93772e+09
-5.86675e+09
-5.33404e+09
-5.17888e+09
-5.33104e+09
-5.77908e+09
-6.23815e+09
-6.38984e+09
-6.34903e+09
-6.37274e+09
-6.4242e+09
-6.49586e+09
-6.56528e+09
-6.62766e+09
-6.68043e+09
-6.72481e+09
-6.76213e+09
-6.79422e+09
-6.82289e+09
-6.84917e+09
-6.87387e+09
-6.89707e+09
-6.91759e+09
-6.93922e+09
-6.97164e+09
-6.99616e+09
-6.99945e+09
-7.00534e+09
-7.00123e+09
-6.98272e+09
-6.9385e+09
-6.86842e+09
-6.78201e+09
-6.68599e+09
-6.58049e+09
-6.47954e+09
-6.41387e+09
-6.40317e+09
-6.48561e+09
-6.76906e+09
-7.45737e+09
-9.04781e+09
-1.21298e+10
-1.47961e+10
-7.8488e+09
-1.72041e+09
-1.86968e+09
-3.86123e+08
-6.25151e+08
-4.88623e+09
-7.35725e+09
-8.18444e+09
-7.68745e+09
-7.45005e+09
-6.54038e+09
-5.61774e+09
-5.16476e+09
-5.12109e+09
-5.35428e+09
-5.80213e+09
-6.28199e+09
-6.37684e+09
-6.31534e+09
-6.35498e+09
-6.41741e+09
-6.49341e+09
-6.56482e+09
-6.62857e+09
-6.68282e+09
-6.72866e+09
-6.76743e+09
-6.80091e+09
-6.83093e+09
-6.85886e+09
-6.88532e+09
-6.90966e+09
-6.9312e+09
-6.95297e+09
-6.97807e+09
-6.99874e+09
-7.01318e+09
-7.01969e+09
-7.01547e+09
-6.99564e+09
-6.94847e+09
-6.87331e+09
-6.78068e+09
-6.67595e+09
-6.56038e+09
-6.44425e+09
-6.35837e+09
-6.33477e+09
-6.41381e+09
-6.70477e+09
-7.43451e+09
-9.10834e+09
-1.22522e+10
-1.46631e+10
-7.29205e+09
-2.72514e+09
-3.50276e+09
-2.6543e+09
-2.77713e+09
-5.59718e+09
-6.5072e+09
-7.53118e+09
-7.75778e+09
-7.51867e+09
-6.71506e+09
-5.8183e+09
-5.38779e+09
-5.27816e+09
-5.43143e+09
-5.80935e+09
-6.17745e+09
-6.29964e+09
-6.30715e+09
-6.36162e+09
-6.43237e+09
-6.51e+09
-6.58159e+09
-6.64454e+09
-6.69811e+09
-6.74401e+09
-6.78414e+09
-6.82028e+09
-6.85391e+09
-6.88483e+09
-6.91178e+09
-6.93439e+09
-6.94712e+09
-6.95241e+09
-7.02178e+09
-7.13547e+09
-7.11379e+09
-7.0786e+09
-7.06795e+09
-7.0373e+09
-6.9811e+09
-6.89208e+09
-6.78132e+09
-6.65493e+09
-6.50596e+09
-6.3522e+09
-6.23051e+09
-6.17007e+09
-6.24435e+09
-6.56033e+09
-7.29109e+09
-8.88006e+09
-1.19082e+10
-1.48119e+10
-8.89075e+09
-2.40511e+09
-2.41839e+09
-2.67577e+09
-3.73286e+09
-7.60614e+09
-7.48165e+09
-6.46843e+09
-6.50231e+09
-6.84909e+09
-6.29362e+09
-5.64082e+09
-5.30485e+09
-5.26826e+09
-5.47649e+09
-5.85978e+09
-6.19736e+09
-6.27206e+09
-6.27933e+09
-6.34325e+09
-6.42117e+09
-6.50213e+09
-6.57539e+09
-6.63945e+09
-6.69371e+09
-6.73999e+09
-6.78049e+09
-6.81749e+09
-6.85283e+09
-6.8871e+09
-6.91974e+09
-6.94949e+09
-6.9756e+09
-7.00358e+09
-7.04268e+09
-7.07816e+09
-7.10468e+09
-7.10845e+09
-7.08682e+09
-7.05828e+09
-7.00406e+09
-6.91555e+09
-6.80398e+09
-6.67793e+09
-6.53226e+09
-6.37685e+09
-6.25535e+09
-6.20642e+09
-6.29929e+09
-6.64685e+09
-7.45122e+09
-9.19575e+09
-1.23375e+10
-1.46565e+10
-7.31604e+09
-3.68913e+09
-4.69332e+09
-5.17062e+09
-4.55458e+09
-6.50102e+09
-6.21386e+09
-6.30211e+09
-6.63978e+09
-6.89854e+09
-6.61469e+09
-5.94317e+09
-5.42034e+09
-5.3707e+09
-5.55351e+09
-5.87735e+09
-6.12265e+09
-6.21652e+09
-6.26479e+09
-6.33781e+09
-6.41812e+09
-6.49788e+09
-6.5692e+09
-6.62951e+09
-6.67943e+09
-6.72135e+09
-6.75845e+09
-6.79263e+09
-6.82559e+09
-6.85759e+09
-6.8838e+09
-6.90456e+09
-6.92153e+09
-6.94387e+09
-7.00162e+09
-7.06884e+09
-7.08366e+09
-7.07399e+09
-7.05968e+09
-7.02478e+09
-6.96363e+09
-6.8716e+09
-6.74657e+09
-6.58847e+09
-6.39976e+09
-6.1989e+09
-6.02135e+09
-5.90886e+09
-5.92806e+09
-6.17465e+09
-6.82366e+09
-8.35129e+09
-1.14917e+10
-1.48231e+10
-9.84638e+09
-3.99517e+09
-4.06131e+09
-4.63904e+09
-5.34649e+09
-7.38714e+09
-6.07232e+09
-5.29046e+09
-5.59827e+09
-6.04659e+09
-6.03828e+09
-5.72873e+09
-5.43282e+09
-5.40241e+09
-5.58555e+09
-5.89013e+09
-6.11906e+09
-6.19753e+09
-6.24945e+09
-6.32825e+09
-6.41236e+09
-6.49391e+09
-6.56565e+09
-6.62602e+09
-6.67533e+09
-6.71659e+09
-6.75325e+09
-6.78783e+09
-6.82135e+09
-6.8536e+09
-6.88548e+09
-6.92074e+09
-6.95643e+09
-6.98607e+09
-7.02269e+09
-7.0624e+09
-7.08944e+09
-7.10084e+09
-7.0934e+09
-7.06642e+09
-7.01353e+09
-6.9335e+09
-6.82364e+09
-6.68323e+09
-6.5188e+09
-6.34759e+09
-6.20324e+09
-6.13323e+09
-6.20668e+09
-6.52168e+09
-7.27415e+09
-8.97644e+09
-1.21793e+10
-1.48186e+10
-8.04815e+09
-5.21488e+09
-5.78553e+09
-5.94104e+09
-5.80338e+09
-6.3978e+09
-5.8895e+09
-5.64248e+09
-5.83828e+09
-6.16271e+09
-6.26465e+09
-6.03165e+09
-5.58147e+09
-5.49884e+09
-5.68408e+09
-5.92798e+09
-6.0911e+09
-6.18083e+09
-6.25458e+09
-6.34156e+09
-6.42985e+09
-6.51391e+09
-6.58627e+09
-6.64407e+09
-6.68756e+09
-6.72168e+09
-6.75257e+09
-6.78159e+09
-6.80501e+09
-6.82736e+09
-6.85301e+09
-6.88261e+09
-6.91788e+09
-6.95985e+09
-7.00413e+09
-7.03051e+09
-7.04205e+09
-7.04697e+09
-7.03799e+09
-7.00608e+09
-6.94677e+09
-6.85495e+09
-6.72592e+09
-6.55813e+09
-6.35833e+09
-6.14702e+09
-5.95643e+09
-5.83257e+09
-5.84017e+09
-6.05936e+09
-6.64627e+09
-8.09838e+09
-1.1309e+10
-1.50226e+10
-1.08542e+10
-5.75095e+09
-5.70048e+09
-5.66333e+09
-5.43722e+09
-6.42058e+09
-5.5889e+09
-5.24616e+09
-5.58832e+09
-5.8719e+09
-5.9408e+09
-5.76157e+09
-5.52225e+09
-5.50479e+09
-5.68936e+09
-5.92007e+09
-6.07803e+09
-6.16573e+09
-6.24566e+09
-6.33702e+09
-6.4281e+09
-6.5129e+09
-6.58549e+09
-6.64362e+09
-6.6884e+09
-6.72401e+09
-6.75499e+09
-6.78386e+09
-6.81169e+09
-6.83963e+09
-6.86759e+09
-6.90025e+09
-6.93765e+09
-6.97174e+09
-7.00623e+09
-7.03802e+09
-7.05891e+09
-7.07093e+09
-7.06869e+09
-7.04403e+09
-6.99371e+09
-6.91576e+09
-6.80431e+09
-6.65908e+09
-6.48781e+09
-6.31148e+09
-6.16303e+09
-6.09027e+09
-6.15598e+09
-6.44234e+09
-7.11922e+09
-8.68616e+09
-1.18488e+10
-1.50005e+10
-9.44898e+09
-6.18447e+09
-6.6338e+09
-6.42796e+09
-6.32663e+09
-5.96764e+09
-5.61216e+09
-5.50984e+09
-5.66605e+09
-5.9679e+09
-6.14917e+09
-5.9071e+09
-5.617e+09
-5.62086e+09
-5.78358e+09
-5.94154e+09
-6.05895e+09
-6.15104e+09
-6.24189e+09
-6.34173e+09
-6.44159e+09
-6.5343e+09
-6.61007e+09
-6.66499e+09
-6.70107e+09
-6.72648e+09
-6.74746e+09
-6.76631e+09
-6.78633e+09
-6.81048e+09
-6.83788e+09
-6.87044e+09
-6.91211e+09
-6.9624e+09
-7.00827e+09
-7.03656e+09
-7.05452e+09
-7.06514e+09
-7.06241e+09
-7.04046e+09
-6.99262e+09
-6.91289e+09
-6.79875e+09
-6.65237e+09
-6.48387e+09
-6.3136e+09
-6.17585e+09
-6.12149e+09
-6.21282e+09
-6.51637e+09
-7.15513e+09
-8.52423e+09
-1.12909e+10
-1.44316e+10
-9.31381e+09
-6.67517e+09
-6.61809e+09
-6.50657e+09
-5.56536e+09
-5.26831e+09
-5.1769e+09
-5.54648e+09
-5.86176e+09
-6.01374e+09
-5.95649e+09
-5.73253e+09
-5.58134e+09
-5.6244e+09
-5.78084e+09
-5.93451e+09
-6.04841e+09
-6.14073e+09
-6.2348e+09
-6.33604e+09
-6.43629e+09
-6.52808e+09
-6.6035e+09
-6.65924e+09
-6.69734e+09
-6.72298e+09
-6.74259e+09
-6.76222e+09
-6.785e+09
-6.81159e+09
-6.84087e+09
-6.87244e+09
-6.90733e+09
-6.9487e+09
-6.98834e+09
-7.01763e+09
-7.03773e+09
-7.04861e+09
-7.04509e+09
-7.02216e+09
-6.97491e+09
-6.89779e+09
-6.78801e+09
-6.64838e+09
-6.48969e+09
-6.33406e+09
-6.21535e+09
-6.18424e+09
-6.30134e+09
-6.6331e+09
-7.30926e+09
-8.72524e+09
-1.15109e+10
-1.43765e+10
-8.14039e+09
-6.59745e+09
-6.8064e+09
-6.70046e+09
-6.459e+09
-5.718e+09
-5.09358e+09
-5.13128e+09
-5.48381e+09
-5.94013e+09
-6.1715e+09
-5.91349e+09
-5.70638e+09
-5.72649e+09
-5.83081e+09
-5.9357e+09
-6.02905e+09
-6.12156e+09
-6.2232e+09
-6.33422e+09
-6.44709e+09
-6.54881e+09
-6.62652e+09
-6.67461e+09
-6.69796e+09
-6.70619e+09
-6.71033e+09
-6.71741e+09
-6.73195e+09
-6.75504e+09
-6.78053e+09
-6.81325e+09
-6.86143e+09
-6.90492e+09
-6.93958e+09
-6.96774e+09
-6.99233e+09
-7.00858e+09
-7.00799e+09
-6.98594e+09
-6.93767e+09
-6.85929e+09
-6.75047e+09
-6.6149e+09
-6.46418e+09
-6.32244e+09
-6.22885e+09
-6.23857e+09
-6.41747e+09
-6.83191e+09
-7.60566e+09
-9.10801e+09
-1.17459e+10
-1.37402e+10
-7.16562e+09
-6.87909e+09
-6.80049e+09
-6.85794e+09
-6.09724e+09
-4.99352e+09
-4.61464e+09
-5.17195e+09
-5.5801e+09
-5.83535e+09
-5.92977e+09
-5.79666e+09
-5.70188e+09
-5.73755e+09
-5.83651e+09
-5.93558e+09
-6.02687e+09
-6.12006e+09
-6.22224e+09
-6.3333e+09
-6.44522e+09
-6.54659e+09
-6.62452e+09
-6.67308e+09
-6.69606e+09
-6.70268e+09
-6.70466e+09
-6.71081e+09
-6.72442e+09
-6.74927e+09
-6.78161e+09
-6.81354e+09
-6.85126e+09
-6.89146e+09
-6.92726e+09
-6.95676e+09
-6.98171e+09
-6.99669e+09
-6.99341e+09
-6.96811e+09
-6.91696e+09
-6.83557e+09
-6.72437e+09
-6.58728e+09
-6.4363e+09
-6.29605e+09
-6.20594e+09
-6.22105e+09
-6.40533e+09
-6.82415e+09
-7.60296e+09
-9.1151e+09
-1.18024e+10
-1.38626e+10
-7.11698e+09
-6.4756e+09
-6.41895e+09
-6.49557e+09
-6.33816e+09
-5.82096e+09
-5.07038e+09
-5.03991e+09
-5.49737e+09
-5.93356e+09
-6.00412e+09
-5.8389e+09
-5.75818e+09
-5.7878e+09
-5.85923e+09
-5.94044e+09
-6.02612e+09
-6.1226e+09
-6.23464e+09
-6.36051e+09
-6.49151e+09
-6.60981e+09
-6.69597e+09
-6.73698e+09
-6.73885e+09
-6.72123e+09
-6.70464e+09
-6.69843e+09
-6.70506e+09
-6.72777e+09
-6.75981e+09
-6.79274e+09
-6.83682e+09
-6.88311e+09
-6.92224e+09
-6.95622e+09
-6.98129e+09
-6.99205e+09
-6.98325e+09
-6.94993e+09
-6.88604e+09
-6.78679e+09
-6.65147e+09
-6.48477e+09
-6.29961e+09
-6.12152e+09
-5.99176e+09
-5.9669e+09
-6.11449e+09
-6.50322e+09
-7.25435e+09
-8.73284e+09
-1.14424e+10
-1.37934e+10
-7.65939e+09
-6.41724e+09
-6.34252e+09
-6.55129e+09
-6.32649e+09
-5.37942e+09
-4.78468e+09
-5.10385e+09
-5.46418e+09
-5.67996e+09
-5.78094e+09
-5.76311e+09
-5.75851e+09
-5.79531e+09
-5.86409e+09
-5.9407e+09
-6.02529e+09
-6.12166e+09
-6.23322e+09
-6.35864e+09
-6.48899e+09
-6.60795e+09
-6.69425e+09
-6.73488e+09
-6.73558e+09
-6.71635e+09
-6.69716e+09
-6.68753e+09
-6.6906e+09
-6.71411e+09
-6.75364e+09
-6.78778e+09
-6.82839e+09
-6.87123e+09
-6.91061e+09
-6.94755e+09
-6.97421e+09
-6.98505e+09
-6.9757e+09
-6.94101e+09
-6.8758e+09
-6.77548e+09
-6.63904e+09
-6.47102e+09
-6.28495e+09
-6.10647e+09
-5.97638e+09
-5.9501e+09
-6.0918e+09
-6.46669e+09
-7.19284e+09
-8.64028e+09
-1.13837e+10
-1.39834e+10
-7.79061e+09
-5.83705e+09
-5.78913e+09
-5.83765e+09
-6.04567e+09
-6.14525e+09
-5.63076e+09
-5.40733e+09
-5.64662e+09
-5.81566e+09
-5.76894e+09
-5.76005e+09
-5.78251e+09
-5.82471e+09
-5.88548e+09
-5.95852e+09
-6.04395e+09
-6.14661e+09
-6.27014e+09
-6.41495e+09
-6.57071e+09
-6.71748e+09
-6.82112e+09
-6.85044e+09
-6.8092e+09
-6.74403e+09
-6.69349e+09
-6.66842e+09
-6.66784e+09
-6.68983e+09
-6.73168e+09
-6.78587e+09
-6.84524e+09
-6.90296e+09
-6.95468e+09
-6.9992e+09
-7.0306e+09
-7.04268e+09
-7.03058e+09
-6.98843e+09
-6.90905e+09
-6.7862e+09
-6.61773e+09
-6.40752e+09
-6.16872e+09
-5.92752e+09
-5.72604e+09
-5.62181e+09
-5.68106e+09
-5.97148e+09
-6.62229e+09
-8.04867e+09
-1.09819e+10
-1.43864e+10
-1.06587e+10
-5.60906e+09
-5.65553e+09
-5.95347e+09
-6.28828e+09
-6.08644e+09
-5.68217e+09
-5.36496e+09
-5.43335e+09
-5.57815e+09
-5.68346e+09
-5.74415e+09
-5.78444e+09
-5.8257e+09
-5.88538e+09
-5.95612e+09
-6.04133e+09
-6.14401e+09
-6.26755e+09
-6.41141e+09
-6.56725e+09
-6.71422e+09
-6.81858e+09
-6.84885e+09
-6.81038e+09
-6.74793e+09
-6.69843e+09
-6.67224e+09
-6.66992e+09
-6.69494e+09
-6.74125e+09
-6.79134e+09
-6.84598e+09
-6.90154e+09
-6.95262e+09
-6.99945e+09
-7.03403e+09
-7.04868e+09
-7.03872e+09
-6.99868e+09
-6.92209e+09
-6.8035e+09
-6.64103e+09
-6.43863e+09
-6.20944e+09
-5.97947e+09
-5.78993e+09
-5.69609e+09
-5.76071e+09
-6.05019e+09
-6.69827e+09
-8.12562e+09
-1.10409e+10
-1.42535e+10
-9.45911e+09
-5.16304e+09
-5.2291e+09
-5.29763e+09
-5.99227e+09
-6.40275e+09
-6.15713e+09
-5.83785e+09
-5.71004e+09
-5.69185e+09
-5.73091e+09
-5.7802e+09
-5.8192e+09
-5.86016e+09
-5.91404e+09
-5.9823e+09
-6.06765e+09
-6.1746e+09
-6.30866e+09
-6.47231e+09
-6.65888e+09
-6.84775e+09
-6.98791e+09
-7.00466e+09
-6.88607e+09
-6.72661e+09
-6.6155e+09
-6.56183e+09
-6.55462e+09
-6.58407e+09
-6.64383e+09
-6.72119e+09
-6.80144e+09
-6.87751e+09
-6.94746e+09
-7.00908e+09
-7.05616e+09
-7.08191e+09
-7.08113e+09
-7.04762e+09
-6.97371e+09
-6.85304e+09
-6.68289e+09
-6.46692e+09
-6.21883e+09
-5.9661e+09
-5.75315e+09
-5.6412e+09
-5.70083e+09
-6.00991e+09
-6.74646e+09
-8.41145e+09
-1.15341e+10
-1.40711e+10
-8.29479e+09
-4.92679e+09
-5.20059e+09
-5.64763e+09
-6.25881e+09
-6.52086e+09
-6.09297e+09
-5.57765e+09
-5.56941e+09
-5.65128e+09
-5.71848e+09
-5.77518e+09
-5.8203e+09
-5.86198e+09
-5.91539e+09
-5.98327e+09
-6.0694e+09
-6.17801e+09
-6.313e+09
-6.47603e+09
-6.66134e+09
-6.84822e+09
-6.98622e+09
-7.00051e+09
-6.88129e+09
-6.7236e+09
-6.61538e+09
-6.56296e+09
-6.5574e+09
-6.59072e+09
-6.6515e+09
-6.72584e+09
-6.80301e+09
-6.87826e+09
-6.94829e+09
-7.01121e+09
-7.06012e+09
-7.08756e+09
-7.08832e+09
-7.05658e+09
-6.98508e+09
-6.86788e+09
-6.70257e+09
-6.49294e+09
-6.25232e+09
-6.0077e+09
-5.80296e+09
-5.69815e+09
-5.7618e+09
-6.07169e+09
-6.81308e+09
-8.52935e+09
-1.17169e+10
-1.39209e+10
-7.1262e+09
-4.87676e+09
-5.07578e+09
-5.41441e+09
-6.04883e+09
-6.2663e+09
-6.16387e+09
-5.96938e+09
-5.8311e+09
-5.78421e+09
-5.79253e+09
-5.82196e+09
-5.86011e+09
-5.89927e+09
-5.94588e+09
-6.00754e+09
-6.08912e+09
-6.19782e+09
-6.34036e+09
-6.52253e+09
-6.74655e+09
-7.00017e+09
-7.22553e+09
-7.28099e+09
-7.06473e+09
-6.75447e+09
-6.55982e+09
-6.47747e+09
-6.4678e+09
-6.51044e+09
-6.58521e+09
-6.67681e+09
-6.76965e+09
-6.85585e+09
-6.93308e+09
-6.99877e+09
-7.04837e+09
-7.07612e+09
-7.07645e+09
-7.04319e+09
-6.9693e+09
-6.84893e+09
-6.67983e+09
-6.4669e+09
-6.22617e+09
-5.98805e+09
-5.79977e+09
-5.72558e+09
-5.83929e+09
-6.22324e+09
-7.04961e+09
-8.77313e+09
-1.1775e+10
-1.38813e+10
-7.13472e+09
-4.80082e+09
-5.27784e+09
-5.7875e+09
-6.19583e+09
-6.21127e+09
-5.93589e+09
-5.80741e+09
-5.78708e+09
-5.78602e+09
-5.80186e+09
-5.82902e+09
-5.86527e+09
-5.90398e+09
-5.94993e+09
-6.01147e+09
-6.09435e+09
-6.20611e+09
-6.35174e+09
-6.5353e+09
-6.75713e+09
-7.00594e+09
-7.22594e+09
-7.27746e+09
-7.05205e+09
-6.7416e+09
-6.55106e+09
-6.47213e+09
-6.46607e+09
-6.51357e+09
-6.58946e+09
-6.6788e+09
-6.76967e+09
-6.85484e+09
-6.9313e+09
-6.99639e+09
-7.0453e+09
-7.07192e+09
-7.07045e+09
-7.03466e+09
-6.95747e+09
-6.83313e+09
-6.65976e+09
-6.44259e+09
-6.19682e+09
-5.95151e+09
-5.75372e+09
-5.66652e+09
-5.76036e+09
-6.11357e+09
-6.894e+09
-8.54579e+09
-1.15442e+10
-1.40309e+10
-8.19698e+09
-5.01768e+09
-5.24657e+09
-5.75533e+09
-6.02034e+09
-5.97721e+09
-5.91506e+09
-5.88587e+09
-5.86373e+09
-5.85025e+09
-5.85469e+09
-5.8696e+09
-5.89373e+09
-5.92335e+09
-5.961e+09
-6.0154e+09
-6.09358e+09
-6.20744e+09
-6.36676e+09
-6.57777e+09
-6.84844e+09
-7.1873e+09
-7.57005e+09
-7.78636e+09
-7.43005e+09
-6.79567e+09
-6.41681e+09
-6.30004e+09
-6.31733e+09
-6.40541e+09
-6.51221e+09
-6.6226e+09
-6.72613e+09
-6.81761e+09
-6.89417e+09
-6.95407e+09
-6.99463e+09
-7.0112e+09
-6.99827e+09
-6.94967e+09
-6.85843e+09
-6.71877e+09
-6.52907e+09
-6.29603e+09
-6.03853e+09
-5.79029e+09
-5.60113e+09
-5.53591e+09
-5.66693e+09
-6.07391e+09
-6.91721e+09
-8.61231e+09
-1.15832e+10
-1.37466e+10
-7.10178e+09
-5.06617e+09
-5.53636e+09
-5.87818e+09
-5.98359e+09
-5.85517e+09
-5.80253e+09
-5.82969e+09
-5.84527e+09
-5.8542e+09
-5.86415e+09
-5.87892e+09
-5.90069e+09
-5.92844e+09
-5.96436e+09
-6.01773e+09
-6.09691e+09
-6.21483e+09
-6.38143e+09
-6.59734e+09
-6.86526e+09
-7.19094e+09
-7.55743e+09
-7.77597e+09
-7.39986e+09
-6.76013e+09
-6.39289e+09
-6.28872e+09
-6.31421e+09
-6.40878e+09
-6.5188e+09
-6.63007e+09
-6.73513e+09
-6.82845e+09
-6.90666e+09
-6.96828e+09
-7.01099e+09
-7.02954e+09
-7.01797e+09
-6.96996e+09
-6.87851e+09
-6.73778e+09
-6.54636e+09
-6.311e+09
-6.04934e+09
-5.79325e+09
-5.5923e+09
-5.51085e+09
-5.62046e+09
-6.00413e+09
-6.83705e+09
-8.59175e+09
-1.1682e+10
-1.36693e+10
-6.89989e+09
-5.2663e+09
-5.42512e+09
-5.81189e+09
-5.83877e+09
-5.8018e+09
-5.80609e+09
-5.84318e+09
-5.87388e+09
-5.89883e+09
-5.92188e+09
-5.94575e+09
-5.97455e+09
-6.00846e+09
-6.05012e+09
-6.10968e+09
-6.19719e+09
-6.32922e+09
-6.52067e+09
-6.76811e+09
-7.07947e+09
-7.48583e+09
-8.04696e+09
-8.67957e+09
-8.37884e+09
-7.16554e+09
-5.91537e+09
-5.90198e+09
-6.08645e+09
-6.28607e+09
-6.45345e+09
-6.59715e+09
-6.71949e+09
-6.82281e+09
-6.90683e+09
-6.97128e+09
-7.01415e+09
-7.03124e+09
-7.0172e+09
-6.96549e+09
-6.86896e+09
-6.72217e+09
-6.52475e+09
-6.28539e+09
-6.02503e+09
-5.77874e+09
-5.59782e+09
-5.54777e+09
-5.69895e+09
-6.12591e+09
-6.97801e+09
-8.65771e+09
-1.15182e+10
-1.35589e+10
-6.98673e+09
-5.3123e+09
-5.62372e+09
-5.79562e+09
-5.76414e+09
-5.72066e+09
-5.76352e+09
-5.82182e+09
-5.86532e+09
-5.89565e+09
-5.91926e+09
-5.9413e+09
-5.96558e+09
-5.99396e+09
-6.03049e+09
-6.08664e+09
-6.17396e+09
-6.31203e+09
-6.52529e+09
-6.7964e+09
-7.11648e+09
-7.49661e+09
-7.9826e+09
-8.66765e+09
-8.38368e+09
-7.13597e+09
-5.8637e+09
-5.88499e+09
-6.07856e+09
-6.28071e+09
-6.44775e+09
-6.59007e+09
-6.71096e+09
-6.81235e+09
-6.89398e+09
-6.95662e+09
-6.99817e+09
-7.01347e+09
-6.99675e+09
-6.9414e+09
-6.84027e+09
-6.68788e+09
-6.48417e+09
-6.23796e+09
-5.96874e+09
-5.70992e+09
-5.51181e+09
-5.43865e+09
-5.55964e+09
-5.94905e+09
-6.76044e+09
-8.40776e+09
-1.13345e+10
-1.36369e+10
-7.2222e+09
-5.50783e+09
-5.5888e+09
-5.74389e+09
-5.72969e+09
-5.74202e+09
-5.79094e+09
-5.84828e+09
-5.90053e+09
-5.94554e+09
-5.98513e+09
-6.02128e+09
-6.05621e+09
-6.09188e+09
-6.13123e+09
-6.18425e+09
-6.26248e+09
-6.38271e+09
-6.56663e+09
-6.81277e+09
-7.12226e+09
-7.53422e+09
-8.16804e+09
-8.92376e+09
-9.48485e+09
-9.6603e+09
-4.37759e+09
-5.32873e+09
-5.85301e+09
-6.18605e+09
-6.40913e+09
-6.58231e+09
-6.72082e+09
-6.83494e+09
-6.92778e+09
-6.99969e+09
-7.04792e+09
-7.06799e+09
-7.05427e+09
-6.99965e+09
-6.89673e+09
-6.7406e+09
-6.53174e+09
-6.27899e+09
-6.00253e+09
-5.7374e+09
-5.5348e+09
-5.45809e+09
-5.57404e+09
-5.94858e+09
-6.70846e+09
-8.24491e+09
-1.11075e+10
-1.38211e+10
-8.06568e+09
-5.57876e+09
-5.64579e+09
-5.71816e+09
-5.68936e+09
-5.70623e+09
-5.76688e+09
-5.82842e+09
-5.88432e+09
-5.93197e+09
-5.97279e+09
-6.00869e+09
-6.04241e+09
-6.07667e+09
-6.11502e+09
-6.16743e+09
-6.2461e+09
-6.37047e+09
-6.57483e+09
-6.85325e+09
-7.19822e+09
-7.58975e+09
-8.05967e+09
-8.7211e+09
-9.516e+09
-9.24914e+09
-4.42007e+09
-5.3095e+09
-5.82544e+09
-6.1575e+09
-6.37958e+09
-6.5507e+09
-6.68594e+09
-6.7964e+09
-6.88621e+09
-6.95563e+09
-7.00129e+09
-7.01872e+09
-7.00254e+09
-6.94587e+09
-6.84176e+09
-6.68584e+09
-6.47943e+09
-6.23209e+09
-5.96378e+09
-5.70886e+09
-5.5172e+09
-5.45243e+09
-5.58324e+09
-5.98196e+09
-6.80922e+09
-8.53101e+09
-1.15607e+10
-1.36471e+10
-6.84897e+09
-5.79269e+09
-5.76336e+09
-5.75971e+09
-5.74926e+09
-5.76893e+09
-5.80778e+09
-5.85538e+09
-5.91016e+09
-5.96391e+09
-6.01238e+09
-6.05518e+09
-6.09446e+09
-6.13238e+09
-6.17259e+09
-6.22292e+09
-6.29236e+09
-6.39654e+09
-6.56043e+09
-6.79132e+09
-7.0874e+09
-7.50346e+09
-8.20549e+09
-9.11499e+09
-9.32385e+09
-2.97657e+09
-5.33606e+09
-5.85927e+09
-6.19278e+09
-6.41942e+09
-6.59373e+09
-6.73206e+09
-6.8456e+09
-6.93753e+09
-7.00707e+09
-7.05065e+09
-7.06307e+09
-7.03781e+09
-6.96724e+09
-6.84431e+09
-6.66463e+09
-6.42851e+09
-6.14341e+09
-5.82857e+09
-5.52025e+09
-5.27029e+09
-5.13871e+09
-5.18906e+09
-5.48251e+09
-6.12505e+09
-7.48609e+09
-1.02998e+10
-1.37661e+10
-9.83774e+09
-5.8824e+09
-5.75646e+09
-5.74834e+09
-5.72922e+09
-5.75219e+09
-5.79525e+09
-5.84452e+09
-5.89894e+09
-5.95224e+09
-6.00236e+09
-6.04751e+09
-6.08818e+09
-6.12581e+09
-6.16347e+09
-6.20943e+09
-6.27503e+09
-6.37777e+09
-6.54951e+09
-6.8043e+09
-7.12515e+09
-7.53117e+09
-8.15262e+09
-9.00748e+09
-9.33306e+09
-3.43644e+09
-5.31964e+09
-5.81801e+09
-6.14263e+09
-6.36648e+09
-6.538e+09
-6.6731e+09
-6.78356e+09
-6.87233e+09
-6.93904e+09
-6.98082e+09
-6.99292e+09
-6.96926e+09
-6.90307e+09
-6.7883e+09
-6.62186e+09
-6.40552e+09
-6.14808e+09
-5.87004e+09
-5.60822e+09
-5.41347e+09
-5.34736e+09
-5.47637e+09
-5.86648e+09
-6.66119e+09
-8.30267e+09
-1.13035e+10
-1.38815e+10
-8.05797e+09
-5.95738e+09
-5.86151e+09
-5.84008e+09
-5.8338e+09
-5.84697e+09
-5.87338e+09
-5.91196e+09
-5.96064e+09
-6.0144e+09
-6.06762e+09
-6.11609e+09
-6.15902e+09
-6.19695e+09
-6.23371e+09
-6.27843e+09
-6.34156e+09
-6.43354e+09
-6.57036e+09
-6.76349e+09
-7.02067e+09
-7.39423e+09
-7.96303e+09
-8.53477e+09
-8.81004e+09
-7.16095e+09
-5.88961e+09
-5.89336e+09
-6.08546e+09
-6.29177e+09
-6.46794e+09
-6.61605e+09
-6.7405e+09
-6.84563e+09
-6.93189e+09
-6.99678e+09
-7.03584e+09
-7.0433e+09
-7.01234e+09
-6.93584e+09
-6.80794e+09
-6.62525e+09
-6.3879e+09
-6.1029e+09
-5.79077e+09
-5.49078e+09
-5.25624e+09
-5.1453e+09
-5.2197e+09
-5.53823e+09
-6.21128e+09
-7.62475e+09
-1.04584e+10
-1.34344e+10
-8.33421e+09
-5.96844e+09
-5.85379e+09
-5.83518e+09
-5.82922e+09
-5.84582e+09
-5.87551e+09
-5.91698e+09
-5.96666e+09
-6.01959e+09
-6.0726e+09
-6.12229e+09
-6.16725e+09
-6.20774e+09
-6.24595e+09
-6.28834e+09
-6.34515e+09
-6.42876e+09
-6.56008e+09
-6.75597e+09
-7.02058e+09
-7.39184e+09
-7.93749e+09
-8.50553e+09
-8.89717e+09
-7.52859e+09
-5.88209e+09
-5.85424e+09
-6.04438e+09
-6.25122e+09
-6.42935e+09
-6.57955e+09
-6.70359e+09
-6.80684e+09
-6.89082e+09
-6.95361e+09
-6.99131e+09
-6.99842e+09
-6.96862e+09
-6.89564e+09
-6.77454e+09
-6.60287e+09
-6.38175e+09
-6.11932e+09
-5.83748e+09
-5.57597e+09
-5.38744e+09
-5.33192e+09
-5.4741e+09
-5.8784e+09
-6.67916e+09
-8.28685e+09
-1.11548e+10
-1.33568e+10
-6.77372e+09
-5.98054e+09
-5.91684e+09
-5.90927e+09
-5.90832e+09
-5.92039e+09
-5.94414e+09
-5.97914e+09
-6.02216e+09
-6.07106e+09
-6.12203e+09
-6.17037e+09
-6.21305e+09
-6.24953e+09
-6.2825e+09
-6.31934e+09
-6.36957e+09
-6.44074e+09
-6.54227e+09
-6.68484e+09
-6.88068e+09
-7.15588e+09
-7.50409e+09
-7.70821e+09
-7.40059e+09
-6.79898e+09
-6.42714e+09
-6.31541e+09
-6.33204e+09
-6.42247e+09
-6.5322e+09
-6.64322e+09
-6.74625e+09
-6.83813e+09
-6.91574e+09
-6.97467e+09
-7.00934e+09
-7.01356e+09
-6.98083e+09
-6.90518e+09
-6.78209e+09
-6.60876e+09
-6.38559e+09
-6.12011e+09
-5.83451e+09
-5.57065e+09
-5.38422e+09
-5.33346e+09
-5.4791e+09
-5.87993e+09
-6.64576e+09
-8.13765e+09
-1.08249e+10
-1.30837e+10
-6.92306e+09
-5.96333e+09
-5.91033e+09
-5.90123e+09
-5.90152e+09
-5.91497e+09
-5.94058e+09
-5.97867e+09
-6.02519e+09
-6.07667e+09
-6.12967e+09
-6.18059e+09
-6.22699e+09
-6.26846e+09
-6.30682e+09
-6.34656e+09
-6.39511e+09
-6.46262e+09
-6.56216e+09
-6.70668e+09
-6.90686e+09
-7.18347e+09
-7.52579e+09
-7.71734e+09
-7.40026e+09
-6.77948e+09
-6.38713e+09
-6.27452e+09
-6.29869e+09
-6.39399e+09
-6.50807e+09
-6.62324e+09
-6.72782e+09
-6.81936e+09
-6.89568e+09
-6.95268e+09
-6.98496e+09
-6.98645e+09
-6.95098e+09
-6.87304e+09
-6.74832e+09
-6.57406e+09
-6.35091e+09
-6.08725e+09
-5.80563e+09
-5.54723e+09
-5.36656e+09
-5.3221e+09
-5.47463e+09
-5.88194e+09
-6.65425e+09
-8.14713e+09
-1.08346e+10
-1.30775e+10
-6.55293e+09
-6.0015e+09
-5.96554e+09
-5.96135e+09
-5.96255e+09
-5.97682e+09
-6.00039e+09
-6.03398e+09
-6.0757e+09
-6.12309e+09
-6.17306e+09
-6.2217e+09
-6.26501e+09
-6.30219e+09
-6.3369e+09
-6.37494e+09
-6.42231e+09
-6.48456e+09
-6.56731e+09
-6.67801e+09
-6.82521e+09
-7.01097e+09
-7.19324e+09
-7.24397e+09
-7.05977e+09
-6.77845e+09
-6.59113e+09
-6.50905e+09
-6.49735e+09
-6.53828e+09
-6.60772e+09
-6.6893e+09
-6.77257e+09
-6.85101e+09
-6.91884e+09
-6.96984e+09
-6.9972e+09
-6.99434e+09
-6.955e+09
-6.87376e+09
-6.74614e+09
-6.56906e+09
-6.3425e+09
-6.07354e+09
-5.78392e+09
-5.51561e+09
-5.32515e+09
-5.27073e+09
-5.41008e+09
-5.79809e+09
-6.53976e+09
-7.97857e+09
-1.05661e+10
-1.26603e+10
-6.39846e+09
-5.99866e+09
-5.96098e+09
-5.95683e+09
-5.95725e+09
-5.97097e+09
-5.99484e+09
-6.02996e+09
-6.07411e+09
-6.12399e+09
-6.17628e+09
-6.22764e+09
-6.2747e+09
-6.31689e+09
-6.35676e+09
-6.39814e+09
-6.44568e+09
-6.50652e+09
-6.58979e+09
-6.7039e+09
-6.85591e+09
-7.04455e+09
-7.22396e+09
-7.26532e+09
-7.06271e+09
-6.76136e+09
-6.56683e+09
-6.49142e+09
-6.48883e+09
-6.53559e+09
-6.61016e+09
-6.69672e+09
-6.78355e+09
-6.86414e+09
-6.93294e+09
-6.98378e+09
-7.00987e+09
-7.00454e+09
-6.96161e+09
-6.87552e+09
-6.74129e+09
-6.55508e+09
-6.31647e+09
-6.03273e+09
-5.72486e+09
-5.4327e+09
-5.21071e+09
-5.11611e+09
-5.20324e+09
-5.51935e+09
-6.15857e+09
-7.44737e+09
-9.95218e+09
-1.25711e+10
-7.32423e+09
-6.04509e+09
-6.01165e+09
-6.01184e+09
-6.01427e+09
-6.02731e+09
-6.04827e+09
-6.07864e+09
-6.1171e+09
-6.16145e+09
-6.20919e+09
-6.25675e+09
-6.29935e+09
-6.33518e+09
-6.36853e+09
-6.4053e+09
-6.44838e+09
-6.50162e+09
-6.56929e+09
-6.65648e+09
-6.76735e+09
-6.89303e+09
-6.9949e+09
-7.00763e+09
-6.90953e+09
-6.77075e+09
-6.66705e+09
-6.6134e+09
-6.60359e+09
-6.63038e+09
-6.68322e+09
-6.75024e+09
-6.82313e+09
-6.89519e+09
-6.95902e+09
-7.00717e+09
-7.03213e+09
-7.02703e+09
-6.98572e+09
-6.90284e+09
-6.77341e+09
-6.59331e+09
-6.36142e+09
-6.08387e+09
-5.78094e+09
-5.49359e+09
-5.27943e+09
-5.19681e+09
-5.29845e+09
-5.63463e+09
-6.3189e+09
-7.70282e+09
-1.02499e+10
-1.24475e+10
-6.53134e+09
-6.04445e+09
-6.01079e+09
-6.01151e+09
-6.01328e+09
-6.02552e+09
-6.04621e+09
-6.07759e+09
-6.11826e+09
-6.16511e+09
-6.21501e+09
-6.26472e+09
-6.31027e+09
-6.35042e+09
-6.38801e+09
-6.42708e+09
-6.47086e+09
-6.52429e+09
-6.59435e+09
-6.68676e+09
-6.80276e+09
-6.9309e+09
-7.03069e+09
-7.03556e+09
-6.92669e+09
-6.77888e+09
-6.67606e+09
-6.63224e+09
-6.63281e+09
-6.66595e+09
-6.72416e+09
-6.79616e+09
-6.873e+09
-6.9481e+09
-7.01396e+09
-7.0629e+09
-7.0872e+09
-7.07972e+09
-7.03402e+09
-6.94405e+09
-6.80373e+09
-6.6078e+09
-6.35422e+09
-6.04837e+09
-5.70905e+09
-5.37419e+09
-5.09813e+09
-4.93712e+09
-4.93838e+09
-5.13955e+09
-5.63664e+09
-6.77001e+09
-9.20534e+09
-1.20814e+10
-7.54115e+09
-6.08832e+09
-6.06274e+09
-6.0656e+09
-6.06906e+09
-6.08181e+09
-6.10142e+09
-6.12949e+09
-6.16521e+09
-6.20685e+09
-6.25199e+09
-6.29708e+09
-6.33735e+09
-6.3702e+09
-6.39903e+09
-6.43e+09
-6.46671e+09
-6.51097e+09
-6.56488e+09
-6.63232e+09
-6.71322e+09
-6.7962e+09
-6.85527e+09
-6.86096e+09
-6.8124e+09
-6.74306e+09
-6.68798e+09
-6.66058e+09
-6.66161e+09
-6.68893e+09
-6.73834e+09
-6.80181e+09
-6.87215e+09
-6.94321e+09
-7.0075e+09
-7.05706e+09
-7.08421e+09
-7.08201e+09
-7.04439e+09
-6.96595e+09
-6.84158e+09
-6.66617e+09
-6.43704e+09
-6.15976e+09
-5.85489e+09
-5.56432e+09
-5.3466e+09
-5.26057e+09
-5.35539e+09
-5.67832e+09
-6.36131e+09
-7.78529e+09
-1.03656e+10
-1.24334e+10
-6.37209e+09
-6.08953e+09
-6.06178e+09
-6.06541e+09
-6.06832e+09
-6.08012e+09
-6.09878e+09
-6.12675e+09
-6.16345e+09
-6.20649e+09
-6.25297e+09
-6.29966e+09
-6.34248e+09
-6.37911e+09
-6.41177e+09
-6.44475e+09
-6.48182e+09
-6.52648e+09
-6.58236e+09
-6.65304e+09
-6.73782e+09
-6.82412e+09
-6.8836e+09
-6.88658e+09
-6.833e+09
-6.76076e+09
-6.70904e+09
-6.69044e+09
-6.69983e+09
-6.73178e+09
-6.78434e+09
-6.85027e+09
-6.92206e+09
-6.99405e+09
-7.05879e+09
-7.10812e+09
-7.13427e+09
-7.13e+09
-7.08876e+09
-7.00414e+09
-6.86985e+09
-6.68026e+09
-6.43218e+09
-6.12972e+09
-5.79155e+09
-5.45692e+09
-5.1826e+09
-5.02458e+09
-5.03054e+09
-5.24197e+09
-5.79224e+09
-7.09831e+09
-9.73319e+09
-1.2392e+10
-7.19271e+09
-6.12867e+09
-6.10798e+09
-6.11416e+09
-6.11943e+09
-6.13217e+09
-6.15026e+09
-6.17541e+09
-6.20744e+09
-6.24527e+09
-6.28673e+09
-6.32848e+09
-6.36604e+09
-6.39657e+09
-6.42249e+09
-6.44964e+09
-6.48167e+09
-6.51859e+09
-6.5614e+09
-6.61296e+09
-6.67199e+09
-6.72969e+09
-6.77133e+09
-6.7834e+09
-6.76681e+09
-6.73879e+09
-6.71772e+09
-6.71326e+09
-6.72713e+09
-6.75846e+09
-6.80657e+09
-6.86733e+09
-6.9344e+09
-7.00198e+09
-7.06317e+09
-7.10989e+09
-7.13461e+09
-7.1304e+09
-7.09109e+09
-7.01115e+09
-6.88499e+09
-6.70712e+09
-6.47503e+09
-6.19416e+09
-5.88525e+09
-5.59168e+09
-5.37e+09
-5.27767e+09
-5.36325e+09
-5.67468e+09
-6.34932e+09
-7.80071e+09
-1.05163e+10
-1.28638e+10
-7.04362e+09
-6.12943e+09
-6.10628e+09
-6.11279e+09
-6.11758e+09
-6.12955e+09
-6.14662e+09
-6.17114e+09
-6.20326e+09
-6.24148e+09
-6.28307e+09
-6.32515e+09
-6.36422e+09
-6.39754e+09
-6.42593e+09
-6.45306e+09
-6.48283e+09
-6.51827e+09
-6.56145e+09
-6.61419e+09
-6.67536e+09
-6.73524e+09
-6.77725e+09
-6.78772e+09
-6.76938e+09
-6.74084e+09
-6.7219e+09
-6.72232e+09
-6.7409e+09
-6.77377e+09
-6.82129e+09
-6.88055e+09
-6.94508e+09
-7.00981e+09
-7.06824e+09
-7.1123e+09
-7.13471e+09
-7.12844e+09
-7.08693e+09
-7.00362e+09
-6.87241e+09
-6.68846e+09
-6.44922e+09
-6.15862e+09
-5.83693e+09
-5.52744e+09
-5.28856e+09
-5.17657e+09
-5.2424e+09
-5.53857e+09
-6.23308e+09
-7.82649e+09
-1.08074e+10
-1.29928e+10
-6.36415e+09
-6.16014e+09
-6.14421e+09
-6.15169e+09
-6.15807e+09
-6.17058e+09
-6.18721e+09
-6.20947e+09
-6.23741e+09
-6.27049e+09
-6.30693e+09
-6.34394e+09
-6.3779e+09
-6.40622e+09
-6.42999e+09
-6.45347e+09
-6.47974e+09
-6.509e+09
-6.54253e+09
-6.58211e+09
-6.62647e+09
-6.67077e+09
-6.7067e+09
-6.72744e+09
-6.734e+09
-6.73443e+09
-6.73839e+09
-6.75243e+09
-6.77798e+09
-6.81409e+09
-6.86166e+09
-6.91957e+09
-6.98232e+09
-7.04429e+09
-7.09909e+09
-7.13886e+09
-7.15595e+09
-7.14328e+09
-7.09435e+09
-7.00331e+09
-6.86395e+09
-6.67117e+09
-6.42421e+09
-6.12837e+09
-5.80269e+09
-5.48964e+09
-5.24776e+09
-5.13617e+09
-5.20107e+09
-5.5016e+09
-6.17255e+09
-7.63039e+09
-1.04765e+10
-1.33516e+10
-8.383e+09
-6.15949e+09
-6.14227e+09
-6.15003e+09
-6.15624e+09
-6.16837e+09
-6.18431e+09
-6.20594e+09
-6.23372e+09
-6.26694e+09
-6.3032e+09
-6.3398e+09
-6.37416e+09
-6.40412e+09
-6.4294e+09
-6.45221e+09
-6.47606e+09
-6.50381e+09
-6.53701e+09
-6.57643e+09
-6.62137e+09
-6.66623e+09
-6.70155e+09
-6.72107e+09
-6.72672e+09
-6.72683e+09
-6.7312e+09
-6.74723e+09
-6.77622e+09
-6.8141e+09
-6.86051e+09
-6.91666e+09
-6.97713e+09
-7.03685e+09
-7.09001e+09
-7.12915e+09
-7.14712e+09
-7.13693e+09
-7.09178e+09
-7.00471e+09
-6.86968e+09
-6.68297e+09
-6.44362e+09
-6.1558e+09
-5.84098e+09
-5.54393e+09
-5.32341e+09
-5.23559e+09
-5.33232e+09
-5.67833e+09
-6.44922e+09
-8.14376e+09
-1.12067e+10
-1.32806e+10
-6.52842e+09
-6.17943e+09
-6.1695e+09
-6.17821e+09
-6.18595e+09
-6.1989e+09
-6.21534e+09
-6.23658e+09
-6.26278e+09
-6.29367e+09
-6.32773e+09
-6.36251e+09
-6.39503e+09
-6.42308e+09
-6.44711e+09
-6.47014e+09
-6.49386e+09
-6.51868e+09
-6.54661e+09
-6.57864e+09
-6.61389e+09
-6.65014e+09
-6.68349e+09
-6.71073e+09
-6.73256e+09
-6.75302e+09
-6.7769e+09
-6.80809e+09
-6.84755e+09
-6.89417e+09
-6.94854e+09
-7.01142e+09
-7.07898e+09
-7.1454e+09
-7.20414e+09
-7.24759e+09
-7.26802e+09
-7.25872e+09
-7.21363e+09
-7.12613e+09
-6.98872e+09
-6.79657e+09
-6.55058e+09
-6.25704e+09
-5.9303e+09
-5.60982e+09
-5.36674e+09
-5.26023e+09
-5.32358e+09
-5.6354e+09
-6.35116e+09
-7.88712e+09
-1.06939e+10
-1.29647e+10
-7.00805e+09
-6.17868e+09
-6.16837e+09
-6.17722e+09
-6.18499e+09
-6.19783e+09
-6.21386e+09
-6.23446e+09
-6.26004e+09
-6.2904e+09
-6.32368e+09
-6.35718e+09
-6.38859e+09
-6.41651e+09
-6.4408e+09
-6.46282e+09
-6.48467e+09
-6.50834e+09
-6.53552e+09
-6.56659e+09
-6.60116e+09
-6.63722e+09
-6.67015e+09
-6.69631e+09
-6.71661e+09
-6.73526e+09
-6.75707e+09
-6.78673e+09
-6.8268e+09
-6.87482e+09
-6.92823e+09
-6.98803e+09
-7.05159e+09
-7.11364e+09
-7.16831e+09
-7.20863e+09
-7.22718e+09
-7.21703e+09
-7.17104e+09
-7.08168e+09
-6.94215e+09
-6.74922e+09
-6.50489e+09
-6.21645e+09
-5.90227e+09
-5.60276e+09
-5.37622e+09
-5.28037e+09
-5.36354e+09
-5.70313e+09
-6.46734e+09
-8.0898e+09
-1.09606e+10
-1.28723e+10
-6.38247e+09
-6.19192e+09
-6.18329e+09
-6.1931e+09
-6.20149e+09
-6.21452e+09
-6.23059e+09
-6.25089e+09
-6.27558e+09
-6.30451e+09
-6.33646e+09
-6.36919e+09
-6.40001e+09
-6.42708e+09
-6.4507e+09
-6.47307e+09
-6.49493e+09
-6.51675e+09
-6.54066e+09
-6.56769e+09
-6.59714e+09
-6.62779e+09
-6.65807e+09
-6.68672e+09
-6.71454e+09
-6.74376e+09
-6.77733e+09
-6.81749e+09
-6.86469e+09
-6.91776e+09
-6.97613e+09
-7.04046e+09
-7.10857e+09
-7.17457e+09
-7.2314e+09
-7.27175e+09
-7.28859e+09
-7.27568e+09
-7.22696e+09
-7.13435e+09
-6.98861e+09
-6.78507e+09
-6.52668e+09
-6.22107e+09
-5.87973e+09
-5.54146e+09
-5.28577e+09
-5.16136e+09
-5.18049e+09
-5.45772e+09
-6.15946e+09
-7.68227e+09
-1.06715e+10
-1.37489e+10
-8.61084e+09
-6.18893e+09
-6.18246e+09
-6.19197e+09
-6.20052e+09
-6.21353e+09
-6.22941e+09
-6.24925e+09
-6.27321e+09
-6.3013e+09
-6.3323e+09
-6.36372e+09
-6.39305e+09
-6.4191e+09
-6.44233e+09
-6.46389e+09
-6.48468e+09
-6.50587e+09
-6.52927e+09
-6.55552e+09
-6.58389e+09
-6.61373e+09
-6.64363e+09
-6.67184e+09
-6.69877e+09
-6.72654e+09
-6.75804e+09
-6.79556e+09
-6.84086e+09
-6.89391e+09
-6.95206e+09
-7.01401e+09
-7.07892e+09
-7.14157e+09
-7.19586e+09
-7.23534e+09
-7.25293e+09
-7.24174e+09
-7.1945e+09
-7.10285e+09
-6.95901e+09
-6.76023e+09
-6.5117e+09
-6.22497e+09
-5.91794e+09
-5.62736e+09
-5.41035e+09
-5.32235e+09
-5.40875e+09
-5.76687e+09
-6.57944e+09
-8.3005e+09
-1.13381e+10
-1.33929e+10
-6.67828e+09
-6.20943e+09
-6.20249e+09
-6.21333e+09
-6.22231e+09
-6.23544e+09
-6.25116e+09
-6.27063e+09
-6.29391e+09
-6.32095e+09
-6.35078e+09
-6.38145e+09
-6.41052e+09
-6.4363e+09
-6.45886e+09
-6.47984e+09
-6.49977e+09
-6.51902e+09
-6.5394e+09
-6.56226e+09
-6.58755e+09
-6.61454e+09
-6.64272e+09
-6.67184e+09
-6.70232e+09
-6.73558e+09
-6.77341e+09
-6.81709e+09
-6.86659e+09
-6.92072e+09
-6.9783e+09
-7.03947e+09
-7.10369e+09
-7.16569e+09
-7.21816e+09
-7.25411e+09
-7.26694e+09
-7.25086e+09
-7.19999e+09
-7.1048e+09
-6.9541e+09
-6.7421e+09
-6.47488e+09
-6.16788e+09
-5.8399e+09
-5.5165e+09
-5.25548e+09
-5.15629e+09
-5.19967e+09
-5.49794e+09
-6.22152e+09
-7.76106e+09
-1.08221e+10
-1.40368e+10
-8.85775e+09
-6.2051e+09
-6.20254e+09
-6.21246e+09
-6.22157e+09
-6.23468e+09
-6.25034e+09
-6.26958e+09
-6.29236e+09
-6.31864e+09
-6.34757e+09
-6.37722e+09
-6.40505e+09
-6.42959e+09
-6.45118e+09
-6.47098e+09
-6.48969e+09
-6.50818e+09
-6.52791e+09
-6.54978e+09
-6.57346e+09
-6.59871e+09
-6.62556e+09
-6.65338e+09
-6.68227e+09
-6.71367e+09
-6.74915e+09
-6.78984e+09
-6.83591e+09
-6.88798e+09
-6.9455e+09
-7.00559e+09
-7.06718e+09
-7.12636e+09
-7.17708e+09
-7.21355e+09
-7.22874e+09
-7.2159e+09
-7.16727e+09
-7.07319e+09
-6.92495e+09
-6.71917e+09
-6.46129e+09
-6.16744e+09
-5.86348e+09
-5.58441e+09
-5.38468e+09
-5.32089e+09
-5.41395e+09
-5.78655e+09
-6.61571e+09
-8.30775e+09
-1.13372e+10
-1.37119e+10
-7.52013e+09
-6.22407e+09
-6.22009e+09
-6.23046e+09
-6.23942e+09
-6.25215e+09
-6.26717e+09
-6.28551e+09
-6.30714e+09
-6.33196e+09
-6.35914e+09
-6.3871e+09
-6.41385e+09
-6.43774e+09
-6.45847e+09
-6.47702e+09
-6.49397e+09
-6.50978e+09
-6.52595e+09
-6.54393e+09
-6.56434e+09
-6.58702e+09
-6.61169e+09
-6.6384e+09
-6.66773e+09
-6.70085e+09
-6.73909e+09
-6.78348e+09
-6.83369e+09
-6.88854e+09
-6.94656e+09
-7.00748e+09
-7.0714e+09
-7.13405e+09
-7.18811e+09
-7.22641e+09
-7.24273e+09
-7.23214e+09
-7.18814e+09
-7.09835e+09
-6.9488e+09
-6.73228e+09
-6.45607e+09
-6.14878e+09
-5.83972e+09
-5.56109e+09
-5.38451e+09
-5.36872e+09
-5.43313e+09
-5.77899e+09
-6.61857e+09
-8.2743e+09
-1.12078e+10
-1.35479e+10
-7.19223e+09
-6.21888e+09
-6.21834e+09
-6.22815e+09
-6.23721e+09
-6.2501e+09
-6.2653e+09
-6.28382e+09
-6.30552e+09
-6.33025e+09
-6.35723e+09
-6.38503e+09
-6.41165e+09
-6.43542e+09
-6.45596e+09
-6.47397e+09
-6.49035e+09
-6.5061e+09
-6.52242e+09
-6.54031e+09
-6.56e+09
-6.58144e+09
-6.60491e+09
-6.63052e+09
-6.65885e+09
-6.69097e+09
-6.72839e+09
-6.77184e+09
-6.82066e+09
-6.87445e+09
-6.93365e+09
-6.9972e+09
-7.06303e+09
-7.12583e+09
-7.18042e+09
-7.22194e+09
-7.24352e+09
-7.23788e+09
-7.19585e+09
-7.10642e+09
-6.95982e+09
-6.75052e+09
-6.47959e+09
-6.16421e+09
-5.84659e+09
-5.57947e+09
-5.40133e+09
-5.36299e+09
-5.44857e+09
-5.83943e+09
-6.68663e+09
-8.34318e+09
-1.12192e+10
-1.33599e+10
-6.70833e+09
-6.23051e+09
-6.22677e+09
-6.2367e+09
-6.24503e+09
-6.25727e+09
-6.27154e+09
-6.28886e+09
-6.309e+09
-6.33179e+09
-6.3564e+09
-6.38152e+09
-6.40556e+09
-6.42722e+09
-6.44601e+09
-6.46234e+09
-6.47659e+09
-6.48937e+09
-6.50218e+09
-6.51651e+09
-6.53333e+09
-6.5528e+09
-6.57485e+09
-6.59961e+09
-6.62788e+09
-6.66077e+09
-6.6998e+09
-6.74573e+09
-6.79822e+09
-6.85582e+09
-6.91686e+09
-6.98055e+09
-7.04665e+09
-7.11123e+09
-7.16667e+09
-7.20533e+09
-7.22181e+09
-7.20976e+09
-7.15936e+09
-7.05697e+09
-6.88813e+09
-6.64482e+09
-6.33285e+09
-5.98739e+09
-5.64503e+09
-5.38291e+09
-5.34258e+09
-5.32254e+09
-5.26777e+09
-5.61865e+09
-6.46171e+09
-8.0875e+09
-1.09245e+10
-1.30883e+10
-6.56477e+09
-6.22618e+09
-6.22081e+09
-6.23143e+09
-6.23943e+09
-6.25175e+09
-6.26603e+09
-6.28346e+09
-6.30374e+09
-6.32665e+09
-6.35134e+09
-6.37657e+09
-6.40086e+09
-6.42298e+09
-6.44226e+09
-6.45876e+09
-6.47306e+09
-6.48625e+09
-6.49979e+09
-6.51492e+09
-6.53217e+09
-6.55167e+09
-6.57348e+09
-6.59801e+09
-6.62613e+09
-6.65889e+09
-6.69763e+09
-6.74325e+09
-6.79529e+09
-6.85244e+09
-6.91436e+09
-6.98136e+09
-7.05114e+09
-7.11729e+09
-7.17305e+09
-7.21335e+09
-7.23403e+09
-7.22682e+09
-7.18043e+09
-7.08319e+09
-6.92486e+09
-6.6977e+09
-6.39808e+09
-6.03683e+09
-5.66765e+09
-5.39623e+09
-5.24732e+09
-5.21937e+09
-5.25332e+09
-5.59643e+09
-6.38553e+09
-7.96953e+09
-1.0765e+10
-1.28726e+10
-6.43578e+09
-6.23939e+09
-6.2312e+09
-6.24118e+09
-6.24843e+09
-6.26024e+09
-6.27386e+09
-6.29032e+09
-6.30921e+09
-6.3303e+09
-6.35289e+09
-6.37589e+09
-6.39807e+09
-6.41845e+09
-6.43663e+09
-6.45269e+09
-6.4668e+09
-6.47962e+09
-6.49256e+09
-6.50708e+09
-6.52431e+09
-6.54477e+09
-6.56862e+09
-6.59591e+09
-6.62737e+09
-6.6641e+09
-6.70729e+09
-6.75777e+09
-6.81532e+09
-6.87828e+09
-6.94424e+09
-7.01182e+09
-7.08157e+09
-7.15016e+09
-7.2088e+09
-7.24897e+09
-7.26492e+09
-7.24982e+09
-7.19105e+09
-7.07674e+09
-6.90033e+09
-6.65683e+09
-6.34932e+09
-5.98823e+09
-5.57861e+09
-5.19328e+09
-5.15897e+09
-5.27405e+09
-5.06612e+09
-5.31818e+09
-6.05405e+09
-7.56686e+09
-1.04094e+10
-1.30873e+10
-7.19196e+09
-6.24061e+09
-6.22459e+09
-6.23605e+09
-6.2422e+09
-6.25365e+09
-6.26697e+09
-6.28342e+09
-6.30244e+09
-6.32373e+09
-6.34643e+09
-6.36943e+09
-6.39155e+09
-6.41188e+09
-6.43e+09
-6.4458e+09
-6.45957e+09
-6.47222e+09
-6.48515e+09
-6.49978e+09
-6.51706e+09
-6.53734e+09
-6.56065e+09
-6.58724e+09
-6.61799e+09
-6.65385e+09
-6.69588e+09
-6.74481e+09
-6.80059e+09
-6.86199e+09
-6.92699e+09
-6.99423e+09
-7.06358e+09
-7.13156e+09
-7.18869e+09
-7.22686e+09
-7.24198e+09
-7.22886e+09
-7.1757e+09
-7.06985e+09
-6.90359e+09
-6.67307e+09
-6.37716e+09
-6.02006e+09
-5.63374e+09
-5.28844e+09
-5.07166e+09
-5.02214e+09
-5.03597e+09
-5.32568e+09
-6.03429e+09
-7.53597e+09
-1.03229e+10
-1.27742e+10
-7.7263e+09
-6.25025e+09
-6.23527e+09
-6.24213e+09
-6.24532e+09
-6.25415e+09
-6.26576e+09
-6.28123e+09
-6.29984e+09
-6.32114e+09
-6.34412e+09
-6.36769e+09
-6.39061e+09
-6.41179e+09
-6.43075e+09
-6.44752e+09
-6.46249e+09
-6.47653e+09
-6.49091e+09
-6.50703e+09
-6.52603e+09
-6.54868e+09
-6.57516e+09
-6.60566e+09
-6.64081e+09
-6.68152e+09
-6.72882e+09
-6.78332e+09
-6.84499e+09
-6.91253e+09
-6.98323e+09
-7.055e+09
-7.12836e+09
-7.20225e+09
-7.26768e+09
-7.31518e+09
-7.33768e+09
-7.32864e+09
-7.27821e+09
-7.17701e+09
-7.02685e+09
-6.8288e+09
-6.57273e+09
-6.25881e+09
-5.87947e+09
-5.43177e+09
-5.02533e+09
-4.95371e+09
-5.00511e+09
-5.27199e+09
-5.97362e+09
-7.4605e+09
-1.00965e+10
-1.21446e+10
-6.04835e+09
-6.25381e+09
-6.23688e+09
-6.24253e+09
-6.24504e+09
-6.253e+09
-6.26371e+09
-6.2782e+09
-6.29581e+09
-6.31608e+09
-6.33806e+09
-6.36064e+09
-6.38256e+09
-6.40285e+09
-6.42103e+09
-6.43708e+09
-6.45137e+09
-6.46474e+09
-6.47839e+09
-6.49367e+09
-6.51173e+09
-6.53323e+09
-6.55839e+09
-6.58745e+09
-6.62106e+09
-6.66008e+09
-6.70552e+09
-6.75802e+09
-6.81801e+09
-6.88506e+09
-6.95657e+09
-7.02897e+09
-7.10105e+09
-7.17137e+09
-7.23275e+09
-7.27646e+09
-7.29654e+09
-7.28922e+09
-7.24647e+09
-7.15741e+09
-7.01642e+09
-6.81974e+09
-6.56345e+09
-6.24683e+09
-5.86926e+09
-5.4628e+09
-5.1658e+09
-5.03924e+09
-5.07274e+09
-5.37176e+09
-6.10681e+09
-7.70845e+09
-1.04829e+10
-1.23312e+10
-6.21487e+09
-1.01535e+10
-9.60665e+09
-9.95087e+09
-9.41789e+09
-9.41696e+09
-5.23598e+09
-9.49114e+09
-5.35529e+09
-1.31565e+09
-1.64013e+09
-9.82337e+09
-9.82016e+09
-8.6665e+09
-9.38007e+09
-9.24203e+09
-5.23839e+09
-8.39138e+09
-4.98821e+09
-1.80995e+09
-1.89109e+09
-9.34781e+09
-9.45685e+09
-9.5987e+09
-9.57465e+09
-1.01372e+10
-1.16152e+09
-1.67171e+09
-9.00697e+09
-4.94865e+09
-9.55544e+09
-5.45061e+09
-9.27877e+09
-9.49541e+09
-1.03206e+10
-9.59568e+09
-1.01691e+10
-1.94843e+09
-2.13134e+09
-9.69355e+09
-5.58139e+09
-9.48834e+09
-5.3891e+09
-7.91982e+09
-8.40645e+09
-7.94192e+09
-9.04751e+09
-8.62154e+09
-9.11562e+09
-8.61981e+09
-6.56681e+09
-7.20745e+09
-6.61775e+09
-7.47247e+09
-6.3495e+09
-7.48211e+09
-6.41112e+09
-7.9102e+09
-8.39479e+09
-7.85774e+09
-9.10326e+09
-8.54904e+09
-9.3855e+09
-8.50846e+09
-6.54953e+09
-7.05068e+09
-6.45895e+09
-7.33786e+09
-6.27811e+09
-7.14131e+09
-6.11871e+09
-9.53764e+09
-8.88245e+09
-9.50684e+09
-9.12872e+09
-9.49405e+09
-9.11323e+09
-9.46961e+09
-7.51254e+09
-8.05625e+09
-9.79711e+09
-8.19399e+09
-7.248e+09
-4.83207e+09
-4.48341e+09
-4.9319e+09
-3.01304e+09
-4.19669e+09
-3.17822e+09
-4.33778e+09
-9.44782e+09
-8.69374e+09
-9.32805e+09
-8.95956e+09
-9.3832e+09
-8.8191e+09
-9.21463e+09
-6.54759e+09
-7.71243e+09
-9.04561e+09
-7.57077e+09
-6.88587e+09
-4.89611e+09
-4.33043e+09
-4.81462e+09
-3.25624e+09
-4.31959e+09
-3.22391e+09
-4.22504e+09
-9.46059e+09
-9.10288e+09
-9.43196e+09
-8.8774e+09
-9.51381e+09
-8.84733e+09
-9.50902e+09
-9.79069e+09
-9.3787e+09
-9.46426e+09
-9.56242e+09
-9.51358e+09
-4.82517e+09
-4.36e+09
-4.2015e+09
-3.21802e+09
-4.37578e+09
-4.29957e+09
-4.83141e+09
-4.54773e+09
-4.98756e+09
-9.34944e+09
-8.89036e+09
-9.23109e+09
-8.73989e+09
-9.41172e+09
-8.69318e+09
-9.41995e+09
-1.03953e+10
-9.31681e+09
-9.49759e+09
-1.02668e+10
-9.53289e+09
-6.63162e+09
-6.05487e+09
-4.43316e+09
-3.41293e+09
-4.31513e+09
-4.66134e+09
-5.01325e+09
-4.56449e+09
-4.87429e+09
-8.31995e+09
-8.90924e+09
-8.49573e+09
-8.22275e+09
-7.73789e+09
-8.33759e+09
-7.88818e+09
-6.1398e+09
-7.41525e+09
-6.37868e+09
-7.00825e+09
-6.46117e+09
-7.19796e+09
-6.62229e+09
-8.59551e+09
-8.90989e+09
-8.50409e+09
-8.32405e+09
-7.90798e+09
-8.28515e+09
-7.82652e+09
-6.4612e+09
-7.40444e+09
-6.28613e+09
-7.23095e+09
-6.65481e+09
-7.1109e+09
-6.50462e+09
-1.06592e+10
-9.65979e+09
-1.01408e+10
-9.49447e+09
-1.06079e+10
-1.06522e+10
-1.00993e+10
-9.48491e+09
-9.54812e+09
-1.06357e+10
-9.88653e+09
-9.55069e+09
-9.45004e+09
-9.56702e+09
-9.73756e+09
-1.0801e+10
-1.03951e+10
-9.79861e+09
-9.50103e+09
-9.43013e+09
-9.53957e+09
-9.89758e+09
-1.05921e+10
-1.11777e+10
-7.36878e+09
-9.71513e+09
-7.93035e+09
-8.12576e+09
-7.02084e+09
-5.98513e+09
-5.69045e+09
-4.0043e+09
-2.33574e+09
-1.2462e+09
-2.33663e+09
-3.79794e+09
-5.819e+09
-5.4812e+09
-3.92301e+09
-2.56241e+09
-1.41948e+09
-2.44726e+09
-3.75928e+09
-1.02654e+10
-9.50776e+09
-9.57773e+09
-9.39065e+09
-1.05689e+10
-1.04801e+10
-9.20157e+09
-8.73531e+09
-9.17206e+09
-1.08407e+10
-9.86877e+09
-9.5345e+09
-9.36326e+09
-9.89843e+09
-9.5442e+09
-1.01701e+10
-1.05602e+10
-9.88812e+09
-9.31699e+09
-9.2784e+09
-9.38087e+09
-9.76557e+09
-1.05133e+10
-1.07503e+10
-6.50177e+09
-8.78184e+09
-7.15862e+09
-7.38231e+09
-6.18329e+09
-5.15251e+09
-5.41625e+09
-3.6084e+09
-2.61855e+09
-1.80944e+09
-3.73603e+09
-2.57716e+09
-5.12565e+09
-4.79832e+09
-3.56223e+09
-2.53092e+09
-1.77414e+09
-2.50239e+09
-3.37615e+09
-1.01191e+10
-9.83002e+09
-1.00574e+10
-9.39409e+09
-9.52936e+09
-9.61033e+09
-1.01199e+10
-1.04361e+10
-1.15732e+10
-1.03157e+10
-9.34273e+09
-9.67446e+09
-9.34318e+09
-1.01287e+10
-1.05369e+10
-9.91988e+09
-9.80152e+09
-1.09059e+10
-9.63542e+09
-3.12083e+09
-1.11778e+09
-2.04002e+09
-2.08043e+09
-2.80039e+09
-4.97523e+09
-5.63098e+09
-3.29709e+09
-1.37279e+09
-2.64929e+09
-2.35216e+09
-3.91887e+09
-6.57959e+09
-7.43521e+09
-9.219e+09
-7.6323e+09
-6.14088e+09
-6.69006e+09
-9.39148e+09
-7.97122e+09
-7.21795e+09
-7.80606e+09
-1.09514e+10
-1.12423e+10
-1.03782e+10
-9.21019e+09
-9.48958e+09
-9.40586e+09
-1.03259e+10
-1.16019e+10
-1.14114e+10
-1.09218e+10
-1.00158e+10
-1.03139e+10
-1.09395e+10
-1.00126e+10
-1.09109e+10
-1.01956e+10
-9.90674e+09
-9.77776e+09
-1.12029e+10
-4.80159e+09
-2.01382e+09
-2.96054e+09
-4.31052e+09
-3.02476e+09
-6.80574e+09
-6.528e+09
-4.93477e+09
-2.02303e+09
-3.05383e+09
-3.03709e+09
-4.72446e+09
-7.80685e+09
-8.12972e+09
-9.69691e+09
-7.53304e+09
-8.1601e+09
-7.9259e+09
-9.64818e+09
-7.99987e+09
-8.12978e+09
-7.60824e+09
-9.68303e+09
-9.59291e+09
-9.49703e+09
-9.79383e+09
-9.50231e+09
-9.77308e+09
-9.73788e+09
-9.8272e+09
-9.56981e+09
-9.59114e+09
-9.78994e+09
-9.57046e+09
-9.81652e+09
-9.83309e+09
-9.68765e+09
-9.5492e+09
-9.56666e+09
-9.80688e+09
-9.61747e+09
-9.75881e+09
-9.70659e+09
-5.24375e+09
-6.19523e+09
-5.29055e+09
-4.05074e+09
-6.29773e+09
-4.0793e+09
-5.14492e+09
-5.20902e+09
-5.34551e+09
-6.22244e+09
-4.1714e+09
-6.30091e+09
-4.14243e+09
-5.10575e+09
-9.95743e+09
-9.76869e+09
-1.00171e+10
-9.73988e+09
-9.69533e+09
-9.80642e+09
-9.86877e+09
-4.83372e+09
-6.05415e+09
-5.13882e+09
-4.091e+09
-5.93847e+09
-4.96454e+09
-3.99749e+09
-4.72305e+09
-5.0271e+09
-5.67626e+09
-3.87764e+09
-5.79457e+09
-3.89932e+09
-4.60643e+09
-9.81389e+09
-9.85524e+09
-9.51885e+09
-9.45491e+09
-9.88577e+09
-9.49252e+09
-9.74177e+09
-1.00001e+10
-1.00127e+10
-9.55235e+09
-9.74056e+09
-9.9775e+09
-9.89721e+09
-9.6726e+09
-4.69396e+09
-3.71424e+09
-5.7477e+09
-5.06572e+09
-3.80373e+09
-5.91313e+09
-4.50816e+09
-4.9418e+09
-4.29998e+09
-5.29726e+09
-6.32288e+09
-4.06004e+09
-5.23967e+09
-6.12617e+09
-1.00854e+10
-9.94577e+09
-9.76115e+09
-9.48365e+09
-1.00116e+10
-1.00273e+10
-9.6996e+09
-9.98789e+09
-1.00296e+10
-9.60391e+09
-9.72345e+09
-1.01855e+10
-9.59589e+09
-9.96855e+09
-5.67543e+09
-4.53125e+09
-6.48771e+09
-5.53218e+09
-5.57566e+09
-4.5347e+09
-6.49394e+09
-5.72131e+09
-4.47696e+09
-5.46505e+09
-6.32945e+09
-4.51577e+09
-6.44503e+09
-5.60155e+09
-1.09352e+10
-8.0094e+09
-1.08003e+10
-7.6251e+09
-8.00592e+09
-1.09011e+10
-1.09768e+10
-1.24021e+10
-1.29775e+10
-1.32909e+10
-1.20637e+10
-1.25513e+10
-1.32191e+10
-1.34491e+10
-1.23656e+10
-1.09269e+10
-7.56065e+09
-7.84085e+09
-1.03937e+10
-7.94939e+09
-1.09085e+10
-1.04154e+10
-9.58503e+09
-7.11848e+09
-6.62624e+09
-9.33148e+09
-7.15745e+09
-9.5517e+09
-9.458e+09
-1.11603e+10
-1.23156e+10
-1.1413e+10
-1.20866e+10
-9.72867e+09
-6.7539e+09
-7.40758e+09
-9.81773e+09
-9.98745e+09
-7.26566e+09
-9.60512e+09
-1.10557e+10
-1.17612e+10
-1.19389e+10
-1.09329e+10
-9.19959e+09
-9.28689e+09
-9.65083e+09
-9.68258e+09
-9.03428e+09
-9.35096e+09
-9.53449e+09
-8.94547e+09
-8.96337e+09
-8.96493e+09
-8.94943e+09
-9.04275e+09
-9.15241e+09
-9.05886e+09
-9.1575e+09
-9.09065e+09
-9.49666e+09
-9.03493e+09
-9.41246e+09
-9.01006e+09
-9.42799e+09
-9.09095e+09
-4.80369e+09
-4.55691e+09
-9.46088e+09
-9.87499e+09
-1.02794e+10
-9.79935e+09
-9.91672e+09
-9.5718e+09
-9.67989e+09
-9.25396e+09
-9.20967e+09
-9.22914e+09
-9.23014e+09
-9.27608e+09
-9.25114e+09
-9.24385e+09
-9.30633e+09
-9.45515e+09
-1.02296e+10
-9.89032e+09
-9.61975e+09
-9.45202e+09
-9.81886e+09
-9.64479e+09
-6.51587e+09
-6.31198e+09
-1.07295e+10
-9.86792e+09
-1.1568e+10
-1.05117e+10
-9.75635e+09
-1.08847e+10
-1.16392e+10
-1.22637e+10
-1.29026e+10
-1.31216e+10
-1.22219e+10
-1.23077e+10
-1.30547e+10
-1.3194e+10
-1.22611e+10
-1.08732e+10
-1.06384e+10
-9.92703e+09
-1.14615e+10
-9.88629e+09
-1.15192e+10
-1.08535e+10
-1.10303e+10
-9.86408e+09
-1.20375e+10
-1.0652e+10
-1.10024e+10
-9.68644e+09
-1.24974e+10
-1.25813e+10
-1.28387e+10
-1.3158e+10
-1.2251e+10
-1.26054e+10
-1.32356e+10
-1.25199e+10
-1.3274e+10
-1.08943e+10
-1.04067e+10
-9.67673e+09
-1.20211e+10
-9.51625e+09
-1.26841e+10
-1.06954e+10
-9.38297e+09
-9.54644e+09
-9.44877e+09
-9.77435e+09
-9.54171e+09
-9.37231e+09
-9.42106e+09
-9.23275e+09
-9.12483e+09
-9.11832e+09
-9.23912e+09
-9.27411e+09
-9.23629e+09
-9.16875e+09
-9.32233e+09
-9.33967e+09
-9.78422e+09
-9.5246e+09
-9.32524e+09
-9.54977e+09
-9.42551e+09
-9.3434e+09
-1.06345e+10
-1.04415e+10
-9.42835e+09
-9.55016e+09
-9.80283e+09
-9.48173e+09
-9.49902e+09
-9.45113e+09
-9.50196e+09
-9.31112e+09
-9.24783e+09
-9.32412e+09
-9.25719e+09
-9.39893e+09
-9.88207e+09
-9.52311e+09
-9.58465e+09
-9.45778e+09
-9.74439e+09
-9.43242e+09
-9.33813e+09
-9.27787e+09
-9.34306e+09
-9.28939e+09
-1.09525e+10
-1.16349e+10
-1.05497e+10
-7.92034e+09
-1.06072e+10
-7.27486e+09
-1.07695e+10
-7.80802e+09
-1.04557e+10
-1.19372e+10
-1.27495e+10
-1.17455e+10
-1.30987e+10
-1.2205e+10
-1.32507e+10
-1.22946e+10
-1.32895e+10
-1.0353e+10
-7.14237e+09
-7.57326e+09
-1.00515e+10
-1.02514e+10
-7.6511e+09
-1.0241e+10
-6.10521e+09
-5.9447e+09
-1.61568e+09
-3.17892e+09
-2.22943e+09
-4.04015e+09
-3.1575e+09
-2.1987e+09
-1.67027e+09
-4.74985e+08
-4.75133e+07
9.55349e+07
-5.91149e+08
-6.29068e+08
-2.69765e+08
-7.30702e+08
-8.89727e+07
-1.47818e+09
-3.8889e+09
-3.06008e+09
-1.93915e+09
-3.07512e+09
-1.92567e+09
-1.6085e+09
-5.70768e+09
-5.59656e+09
-1.67196e+09
-3.16612e+09
-3.86043e+09
-2.15484e+09
-3.15739e+09
-1.67146e+09
-2.05928e+09
-8.53521e+08
-5.59422e+08
-9.07159e+08
-4.82084e+08
-1.6683e+09
-3.7787e+09
-3.14809e+09
-1.97571e+09
-3.12813e+09
-2.00395e+09
-1.70458e+09
-8.15251e+08
-3.77033e+08
-7.86149e+08
-4.15793e+08
-1.02961e+10
-9.78292e+09
-1.03118e+10
-1.08369e+10
-9.83e+09
-1.02672e+10
-1.08516e+10
-1.1396e+10
-1.23965e+10
-1.2076e+10
-1.17847e+10
-1.04292e+10
-1.04294e+10
-9.86945e+09
-1.13545e+10
-9.89544e+09
-1.06054e+10
-1.1018e+10
-1.12259e+10
-1.17783e+10
-1.19028e+10
-1.12359e+10
-1.09038e+10
-9.78069e+09
-1.13083e+10
-1.05757e+10
-1.03365e+10
-9.98043e+09
-1.23432e+10
-1.10717e+10
-1.07035e+10
-1.09521e+10
-1.09037e+10
-1.1123e+10
-1.17019e+10
-1.12816e+10
-1.13286e+10
-1.28469e+10
-1.05102e+10
-8.94683e+09
-1.45582e+10
-9.62922e+09
-1.51728e+10
-1.27364e+10
-9.52204e+09
-9.85981e+09
-9.67775e+09
-9.62021e+09
-9.65851e+09
-9.6246e+09
-9.53412e+09
-9.35049e+09
-9.2455e+09
-9.26088e+09
-9.33635e+09
-9.4969e+09
-9.88513e+09
-9.60264e+09
-9.52497e+09
-9.63061e+09
-9.47637e+09
-9.56468e+09
-9.3694e+09
-9.27936e+09
-9.27325e+09
-9.37951e+09
-1.02009e+10
-1.03567e+10
-9.32458e+09
-9.60381e+09
-9.54242e+09
-9.93015e+09
-9.49539e+09
-9.45432e+09
-9.42539e+09
-9.21323e+09
-9.2146e+09
-9.21132e+09
-9.21371e+09
-9.25012e+09
-9.23774e+09
-9.33145e+09
-9.19061e+09
-9.23866e+09
-9.81986e+09
-9.37329e+09
-9.34662e+09
-9.32301e+09
-9.34772e+09
-9.2588e+09
-1.07283e+10
-1.07798e+10
-9.35643e+09
-7.03144e+09
-9.26736e+09
-6.50185e+09
-9.46348e+09
-6.9572e+09
-9.25893e+09
-1.04984e+10
-1.09791e+10
-1.12263e+10
-1.02222e+10
-1.07573e+10
-1.16772e+10
-1.08299e+10
-1.15398e+10
-9.26636e+09
-6.41331e+09
-6.77706e+09
-8.72849e+09
-6.86506e+09
-9.12184e+09
-8.85517e+09
-5.24509e+09
-5.33737e+09
-1.83373e+09
-3.62455e+09
-3.06688e+09
-2.10687e+09
-3.06267e+09
-2.10363e+09
-1.82892e+09
-1.13246e+09
-7.52459e+08
-1.04578e+09
-8.63881e+08
-1.80423e+09
-3.69123e+09
-3.13807e+09
-2.0536e+09
-1.77128e+09
-3.1084e+09
-2.0773e+09
-1.20551e+09
-1.01132e+09
-1.20862e+09
-9.71455e+08
-5.13791e+09
-4.97523e+09
-1.75325e+09
-3.00239e+09
-2.09339e+09
-3.53717e+09
-2.96131e+09
-1.79011e+09
-2.03232e+09
-1.04644e+09
-9.52417e+08
-8.33581e+08
-1.15328e+09
-1.15632e+09
-1.0236e+09
-1.20109e+09
-9.43885e+08
-1.64027e+09
-3.41117e+09
-2.90582e+09
-1.86491e+09
-2.89275e+09
-1.81864e+09
-1.7568e+09
-1.01596e+10
-9.87565e+09
-9.52124e+09
-9.58179e+09
-9.79681e+09
-1.02672e+10
-9.52125e+09
-9.84216e+09
-9.73515e+09
-9.23471e+09
-9.20408e+09
-9.21391e+09
-9.21783e+09
-9.27004e+09
-9.24082e+09
-9.27101e+09
-9.25673e+09
-9.43044e+09
-9.93107e+09
-1.00787e+10
-9.4734e+09
-9.43485e+09
-1.02116e+10
-9.45775e+09
-1.09299e+10
-1.17533e+10
-1.01897e+10
-1.07068e+10
-9.85939e+09
-1.01667e+10
-1.06158e+10
-9.72841e+09
-1.0283e+10
-1.1162e+10
-1.17116e+10
-1.1872e+10
-1.11162e+10
-1.11586e+10
-1.17096e+10
-1.11389e+10
-1.18637e+10
-1.01688e+10
-1.02233e+10
-1.05804e+10
-9.67357e+09
-1.08042e+10
-9.6836e+09
-1.00927e+10
-1.08264e+10
-1.08836e+10
-1.06845e+10
-1.0139e+10
-1.14445e+10
-1.05819e+10
-1.01394e+10
-1.21791e+10
-1.26686e+10
-1.25504e+10
-1.23471e+10
-1.17926e+10
-1.19106e+10
-1.14036e+10
-1.22372e+10
-1.11528e+10
-1.08144e+10
-1.2112e+10
-1.0177e+10
-1.20126e+10
-1.01236e+10
-1.12502e+10
-8.74737e+08
-1.23514e+09
-2.60601e+09
-3.03476e+09
-1.08468e+09
-1.01396e+09
-2.4968e+09
-1.56909e+07
1.0248e+08
2.50362e+08
-1.7125e+08
-1.79266e+08
-1.16495e+08
7.74812e+07
-3.38605e+08
-6.79002e+08
-2.80836e+09
-8.70377e+08
-2.37712e+09
-7.83536e+08
-2.35494e+09
-8.90941e+08
-5.11848e+09
-5.38152e+09
-1.34144e+09
-1.42553e+09
-2.79291e+09
-3.43596e+09
-1.20396e+09
-1.54058e+09
-2.91634e+09
-7.6792e+08
-5.62597e+08
-4.47551e+08
-9.41677e+08
-6.2084e+08
-2.78894e+08
-3.45766e+08
-5.12243e+08
-1.52567e+09
-3.65965e+09
-2.02122e+09
-3.32294e+09
-1.76931e+09
-3.11806e+09
-1.75516e+09
-9.86028e+09
-9.60367e+09
-7.23723e+09
-6.5635e+09
-9.63534e+09
-7.15987e+09
-9.89707e+09
-1.10927e+10
-1.16884e+10
-1.19415e+10
-1.08149e+10
-1.12801e+10
-1.185e+10
-1.20599e+10
-1.11378e+10
-9.76732e+09
-6.39599e+09
-9.02114e+09
-6.92543e+09
-9.47279e+09
-7.0302e+09
-9.28436e+09
-1.00051e+10
-9.68537e+09
-6.81903e+09
-7.36028e+09
-9.79649e+09
-9.96555e+09
-7.42907e+09
-1.14711e+10
-1.24737e+10
-1.2457e+10
-1.15618e+10
-1.13975e+10
-1.19802e+10
-1.22771e+10
-1.12276e+10
-1.01274e+10
-7.01883e+09
-1.01271e+10
-7.72279e+09
-9.9395e+09
-7.5699e+09
-1.02973e+10
-1.12495e+10
-1.11984e+10
-9.3274e+09
-1.01966e+10
-9.53542e+09
-8.43865e+09
-9.51037e+09
-1.12558e+10
-9.02286e+09
-9.22288e+09
-9.21443e+09
-9.20938e+09
-9.23707e+09
-9.13008e+09
-9.18775e+09
-9.21664e+09
-9.13399e+09
-9.41938e+09
-1.01578e+10
-9.94616e+09
-9.62031e+09
-9.93391e+09
-9.48884e+09
-9.46754e+09
-1.31689e+10
-1.1635e+10
-1.12549e+10
-1.10015e+10
-1.14186e+10
-1.05124e+10
-1.15169e+10
-1.05815e+10
-1.12182e+10
-1.22017e+10
-1.26792e+10
-1.23751e+10
-1.26056e+10
-1.13033e+10
-1.10036e+10
-1.19116e+10
-1.03961e+10
-1.1384e+10
-1.17511e+10
-1.04911e+10
-1.20979e+10
-1.24739e+10
-1.2095e+10
-1.2535e+10
-1.12463e+10
-1.19762e+10
-1.02878e+10
-1.10956e+10
-1.18011e+10
-1.12356e+10
-1.03329e+10
-1.24151e+10
-1.26416e+10
-1.28147e+10
-1.23693e+10
-1.22608e+10
-1.24644e+10
-1.22447e+10
-1.27062e+10
-1.14786e+10
-1.12286e+10
-1.18599e+10
-1.0479e+10
-1.18664e+10
-1.05211e+10
-1.14743e+10
-2.46741e+09
-3.22933e+09
-4.6792e+09
-3.93587e+09
-3.05682e+09
-2.5731e+09
-3.85619e+09
-1.45747e+09
-8.45597e+08
-1.00061e+09
-1.26563e+09
-1.59852e+09
-1.19148e+09
-1.1258e+09
-1.67504e+09
-2.30017e+09
-4.51162e+09
-2.49747e+09
-3.64158e+09
-2.82099e+09
-2.10729e+09
-3.74579e+09
-6.92223e+09
-6.83014e+09
-2.65806e+09
-3.39384e+09
-3.99889e+09
-4.99975e+09
-2.64546e+09
-3.46123e+09
-4.00684e+09
-1.66432e+09
-1.2063e+09
-1.09667e+09
-1.71676e+09
-1.70074e+09
-1.22759e+09
-1.16332e+09
-1.72225e+09
-2.59926e+09
-4.88705e+09
-3.23751e+09
-3.89978e+09
-3.33023e+09
-3.94446e+09
-2.66837e+09
-1.03893e+10
-7.73478e+09
-1.05474e+10
-8.07146e+09
-1.04861e+10
-8.00487e+09
-1.04748e+10
-1.1572e+10
-1.24988e+10
-1.1621e+10
-1.24623e+10
-1.03518e+10
-7.61398e+09
-1.03511e+10
-7.93781e+09
-1.03806e+10
-1.04089e+10
-7.92353e+09
-1.15989e+10
-1.23288e+10
-1.24152e+10
-1.1554e+10
-1.05214e+10
-1.0629e+10
-8.11399e+09
-7.96544e+09
-1.0694e+10
-1.05163e+10
-8.06875e+09
-1.16974e+10
-1.23556e+10
-1.25873e+10
-1.14659e+10
-1.17645e+10
-1.23642e+10
-1.26044e+10
-1.15821e+10
-1.0546e+10
-7.93358e+09
-1.02705e+10
-7.9331e+09
-1.06764e+10
-8.02519e+09
-1.01122e+10
)
;

boundaryField
{
    inlet
    {
        type            zeroGradient;
    }
    outlet
    {
        type            fixedValue;
        value           uniform 101325;
    }
    rightSide
    {
        type            symmetryPlane;
    }
    leftSide
    {
        type            symmetryPlane;
    }
    duct
    {
        type            zeroGradient;
    }
    cylinder
    {
        type            zeroGradient;
    }
}


// ************************************************************************* //
