/*--------------------------------*- C++ -*----------------------------------*\
| =========                 |                                                 |
| \\      /  F ield         | OpenFOAM: The Open Source CFD Toolbox           |
|  \\    /   O peration     | Version:  4.1                                   |
|   \\  /    A nd           | Web:      www.OpenFOAM.org                      |
|    \\/     M anipulation  |                                                 |
\*---------------------------------------------------------------------------*/
FoamFile
{
    version     2.0;
    format      ascii;
    class       volScalarField;
    location    "28";
    object      omega;
}
// * * * * * * * * * * * * * * * * * * * * * * * * * * * * * * * * * * * * * //

dimensions      [0 0 -1 0 0 0 0];

internalField   nonuniform List<scalar> 
4432
(
0.011097
0.0114423
0.0118182
0.0121299
0.0125217
0.0128038
0.0131726
0.0134339
0.013746
0.0140053
0.0142648
0.0145372
0.0147749
0.015039
0.0152833
0.0155453
0.0157907
0.016075
0.0163491
0.0165952
0.0168228
0.0170004
0.0171504
0.017275
0.0174431
0.0176532
0.0180027
0.0194279
0.0219552
0.0251307
0.0281398
0.0311285
0.0337621
0.0359293
0.0378784
0.0394898
0.0409457
0.0427194
0.0424861
0.0420241
0.0416275
0.0411768
0.0408846
0.042079
0.0423868
0.0426508
0.0395789
0.03891
0.0362364
0.033849
0.0479999
0.0405859
0.0342852
0.0278378
0.0110636
0.0114755
0.011766
0.0121825
0.0124663
0.0128561
0.0131371
0.013467
0.013748
0.0140246
0.0143026
0.0145637
0.0148291
0.0150902
0.0153405
0.0155934
0.015846
0.0161204
0.016373
0.0166565
0.0168208
0.0170316
0.017168
0.01738
0.0176721
0.0179405
0.018619
0.0207143
0.0229418
0.0256344
0.0283358
0.0310244
0.033745
0.0358394
0.0376947
0.0388998
0.0398016
0.0404916
0.0404154
0.0401261
0.0398007
0.0402242
0.0393423
0.0388646
0.0386193
0.0384175
0.0373974
0.0353733
0.0332389
0.0303086
0.0327865
0.0381033
0.0378572
0.033332
21.7636
3.36895
1.20086
0.64483
0.428373
0.317507
0.250627
0.206241
0.174841
0.151615
0.133755
0.119699
0.108272
0.0989463
0.0910605
0.0845103
0.0788253
0.0740775
0.0696659
0.0662766
0.0626331
0.060106
0.0570717
0.0547448
0.052412
0.050435
0.0481524
0.046611
0.0448788
0.0435923
0.0418931
0.0408592
0.0394033
0.0385134
0.0374754
0.0374051
0.0355634
0.0361465
0.0346424
0.0344984
0.0341489
0.0359696
0.0339126
0.033957
0.034765
0.0362033
0.0371575
0.0392036
0.0394429
0.0551175
0.06386
0.293938
0.652206
0.595415
21.7632
3.36892
1.20051
0.644597
0.428291
0.31749
0.25063
0.206253
0.174837
0.15163
0.133745
0.119704
0.108282
0.0989324
0.0911242
0.0844749
0.0789408
0.0739268
0.0697207
0.0659429
0.0626587
0.059762
0.0570483
0.0546739
0.0523902
0.0504391
0.0487263
0.0469881
0.0455152
0.0438886
0.0426005
0.0412242
0.0398792
0.0388189
0.0383878
0.036674
0.0362922
0.03584
0.0352715
0.0339249
0.0334506
0.033341
0.0333311
0.0325393
0.0329718
0.034777
0.0361338
0.0375552
0.0428808
0.04662
0.0363407
0.163191
0.300973
0.263961
21.7689
3.372
1.2038
0.646759
0.429439
0.318107
0.251016
0.20654
0.175092
0.151854
0.133967
0.119934
0.108466
0.0992228
0.0912226
0.084844
0.0789706
0.0745174
0.0701075
0.0669228
0.0634769
0.0609949
0.0582009
0.0560042
0.0537829
0.0518291
0.0497851
0.0480016
0.0463981
0.0446096
0.0430702
0.0415686
0.0405167
0.0379472
0.0371212
0.0362588
0.0356535
0.0350049
0.0345646
0.0340685
0.0336331
0.0330245
0.032919
0.0346927
0.0332805
0.0335896
0.0341761
0.0356529
0.0390976
0.0390404
0.0546835
0.179055
0.357322
0.270242
21.7686
3.37197
1.20355
0.646616
0.429404
0.318099
0.251041
0.206532
0.175118
0.151841
0.133992
0.119919
0.108505
0.0991869
0.0913237
0.0848149
0.0792165
0.0745591
0.0704804
0.0670696
0.0638557
0.0612577
0.0585911
0.0562779
0.0542346
0.0521856
0.0500264
0.0484911
0.0462578
0.0448194
0.0429703
0.0411909
0.0400038
0.0385307
0.0387573
0.0361396
0.03546
0.0355401
0.0350822
0.0336194
0.0358894
0.0328192
0.0322828
0.0344813
0.0322297
0.0317581
0.0319353
0.0330522
0.0350141
0.0386259
0.0423547
0.151562
0.330109
0.277173
21.77
3.37256
1.20452
0.647249
0.429689
0.318207
0.251088
0.206541
0.175144
0.151821
0.134028
0.119873
0.108558
0.0991579
0.091411
0.0848218
0.07935
0.0745401
0.0707434
0.0669956
0.0643608
0.0613034
0.059099
0.0565941
0.0546596
0.0523586
0.0505094
0.0478912
0.0462704
0.0435464
0.0422277
0.0392127
0.0382558
0.0373005
0.037823
0.0363691
0.0361667
0.0371718
0.0414639
0.0388427
0.0371536
0.0365272
0.0366078
0.03993
0.0432609
0.0383042
0.0373049
0.0376304
0.0388033
0.0391674
0.135993
0.321599
0.310916
0.440577
21.7696
3.37251
1.20474
0.647402
0.429769
0.31825
0.25113
0.206561
0.175183
0.151823
0.134077
0.119862
0.108612
0.0991213
0.0914838
0.0848015
0.0795013
0.0746233
0.0709457
0.06723
0.0644723
0.0616386
0.0591667
0.0569783
0.0546346
0.0528477
0.0506922
0.0475744
0.046042
0.0436386
0.0434808
0.0401841
0.0393406
0.0383181
0.0376034
0.0383844
0.0394057
0.0363601
0.039902
0.035199
0.0380833
0.0387327
0.0397928
0.0369015
0.0363011
0.0353461
0.0348698
0.0345838
0.0386899
0.0291695
0.110891
0.248984
0.248183
0.377399
21.7707
3.37293
1.20627
0.648438
0.430218
0.318401
0.251181
0.20656
0.175187
0.15179
0.134062
0.119816
0.108607
0.0991541
0.0915066
0.0850107
0.0794379
0.0750148
0.0707487
0.067685
0.0644766
0.0617969
0.0596051
0.0568308
0.0542197
0.0516668
0.0475709
0.0459603
0.0461979
0.0426118
0.041498
0.0411383
0.038327
0.0386934
0.0371507
0.0368483
0.0375998
0.0369373
0.0432031
0.0388567
0.038604
0.0392052
0.0391085
0.0459824
0.0433829
0.0476873
0.0562429
0.0487934
0.0530031
0.055699
0.102478
0.254123
0.282199
0.48784
21.7706
3.37314
1.20493
0.647483
0.429829
0.318306
0.251146
0.206602
0.175169
0.151853
0.134046
0.119872
0.108589
0.0991141
0.0914584
0.0847292
0.0793405
0.0743455
0.070507
0.0666578
0.0638364
0.0607453
0.0584725
0.0560586
0.0529265
0.0518176
0.0474597
0.0458269
0.0442729
0.043576
0.040233
0.0392935
0.0402218
0.0372664
0.0369309
0.0363686
0.0359124
0.0362623
0.0354534
0.0353236
0.0352612
0.044391
0.038656
0.0450876
0.0421381
0.0415319
0.0421875
0.0441085
0.0478753
0.0490029
0.0706288
0.174075
0.254866
0.570378
21.7724
3.37382
1.20626
0.648372
0.430222
0.318451
0.251199
0.206593
0.175182
0.15178
0.134084
0.11975
0.108675
0.0989684
0.0915695
0.0846155
0.0794595
0.0744141
0.0707176
0.0671375
0.0643033
0.0615806
0.0590058
0.0569818
0.0537199
0.0512297
0.0481616
0.0463544
0.0429461
0.0417016
0.0403967
0.0424276
0.0385722
0.0377751
0.0374489
0.0402768
0.0509321
0.0420266
0.0421209
0.0428515
0.0427264
0.0430124
0.0427003
0.0431782
0.0493547
0.0453743
0.0460691
0.0470572
0.0500335
0.0528531
0.0749324
0.0980222
0.172463
0.132895
21.7721
3.37397
1.2059
0.648172
0.43017
0.318463
0.251204
0.20665
0.175175
0.1519
0.134034
0.119938
0.108575
0.0991824
0.0914279
0.0847287
0.0791958
0.0742529
0.0702111
0.0664886
0.0636612
0.0604192
0.0582229
0.0553728
0.0524662
0.0491753
0.0472536
0.0438627
0.0426045
0.04205
0.0413368
0.0399352
0.0406903
0.0372459
0.0407925
0.0364191
0.036394
0.0365687
0.0432491
0.0370908
0.0371546
0.0373383
0.0375832
0.0386199
0.0390373
0.0396032
0.0414839
0.0423278
0.0446123
0.0516796
0.0653173
0.0762471
0.146673
0.162235
21.7736
3.37426
1.20682
0.648806
0.430454
0.318582
0.251213
0.20668
0.175117
0.151921
0.133928
0.119948
0.108425
0.09918
0.0912676
0.0847277
0.0791557
0.0742692
0.0704308
0.0667905
0.0640198
0.0610549
0.0588605
0.0561841
0.0535308
0.0507951
0.0480678
0.0456146
0.0441988
0.0408802
0.0399468
0.0389893
0.0386219
0.0379301
0.0378349
0.0416264
0.0452378
0.0481598
0.0503054
0.0535466
0.0492867
0.0502634
0.0499317
0.0526385
0.047753
0.0520132
0.0555474
0.0503661
0.0497244
0.0530114
0.0643982
0.0743314
0.0756824
0.0754903
21.7733
3.37456
1.20669
0.64871
0.430442
0.318593
0.251264
0.206688
0.175187
0.151916
0.134019
0.11994
0.108523
0.0991727
0.091339
0.0847262
0.0791113
0.074273
0.0701307
0.0665496
0.0635877
0.06047
0.058287
0.0550442
0.0522735
0.0499323
0.047648
0.0458073
0.0425359
0.0416247
0.0403992
0.0395426
0.0386686
0.038157
0.0443578
0.038693
0.0394017
0.0406988
0.0408616
0.0415611
0.0414673
0.0411904
0.0408184
0.0495256
0.0424868
0.0428379
0.0502208
0.0475954
0.0462098
0.051248
0.0633771
0.0633003
0.0928916
0.0877936
21.7754
3.3755
1.20862
0.649968
0.430992
0.318803
0.251344
0.206722
0.175185
0.151918
0.133968
0.119921
0.108423
0.0991708
0.0911902
0.0848612
0.0789148
0.0745505
0.0701052
0.0668531
0.0637185
0.0612983
0.0583792
0.0562962
0.0534057
0.0502785
0.048532
0.0456668
0.0457195
0.0419328
0.0426476
0.0404661
0.0405198
0.0419798
0.053339
0.0457845
0.0485662
0.0513229
0.0621831
0.0560943
0.0673037
0.0581801
0.0577202
0.0571872
0.0604836
0.0646476
0.0574534
0.0561411
0.0602871
0.0552898
0.057511
0.0589893
0.0611527
0.0632015
21.7751
3.37555
1.20845
0.64983
0.430948
0.318831
0.251363
0.206791
0.175206
0.152004
0.134003
0.120011
0.108485
0.0992004
0.0912965
0.0847093
0.0790587
0.0742175
0.0699752
0.0666161
0.0630293
0.0607258
0.0576706
0.0550171
0.0523699
0.0483204
0.0466519
0.0450838
0.0437296
0.0438
0.0404456
0.039957
0.0392666
0.0398936
0.0440704
0.0502518
0.0514286
0.0596506
0.050752
0.0502921
0.0500607
0.0532208
0.0535533
0.0551739
0.0491793
0.0485111
0.0476584
0.0476787
0.0472651
0.0479054
0.0575277
0.0550029
0.0593183
0.06099
21.7765
3.37603
1.209
0.650209
0.431142
0.318884
0.251402
0.206739
0.175203
0.151893
0.133951
0.11986
0.108377
0.0990754
0.0911162
0.0847104
0.0787029
0.0742969
0.0695412
0.0663571
0.0629335
0.0605961
0.0578124
0.0556546
0.0529442
0.050445
0.0481397
0.0471322
0.0437421
0.0437332
0.0473024
0.0501704
0.0613092
0.0616549
0.057851
0.0588434
0.0594736
0.0649202
0.0720652
0.0637232
0.0630873
0.062078
0.0610827
0.0639198
0.068458
0.0610064
0.0600275
0.0643197
0.0600244
0.0585282
0.0584012
0.0625533
0.0720702
0.065816
21.7764
3.37624
1.20862
0.649905
0.431027
0.318908
0.251415
0.206848
0.175207
0.152053
0.133929
0.120071
0.108329
0.099288
0.0910225
0.0847636
0.0785918
0.0740869
0.0693539
0.0660965
0.0624247
0.0601709
0.0571209
0.0547609
0.0519642
0.0501654
0.0465709
0.0457125
0.042204
0.0410463
0.040304
0.0400691
0.0401225
0.0431244
0.0488588
0.0432329
0.0517192
0.0480497
0.0579576
0.0499414
0.0496718
0.0600339
0.0522816
0.0585411
0.0633361
0.0616652
0.0623256
0.0558547
0.054751
0.0529261
0.0523321
0.0593688
0.0739794
0.0704746
21.7786
3.37721
1.21024
0.651006
0.431532
0.319046
0.25148
0.206754
0.175225
0.151869
0.133945
0.119811
0.10832
0.0989618
0.0909265
0.0844342
0.0783684
0.0737674
0.0692442
0.0656102
0.0628415
0.0600185
0.0576108
0.0547835
0.0525833
0.049892
0.0480963
0.0492307
0.0503916
0.0583271
0.0589855
0.0523192
0.0543765
0.0664753
0.0648068
0.0664874
0.0668566
0.0667186
0.0664097
0.0653864
0.0644776
0.0659491
0.0690661
0.060705
0.0595406
0.0585301
0.0585166
0.0582465
0.0585204
0.065688
0.062606
0.0751998
0.0972711
0.0916105
21.7782
3.37744
1.21014
0.650955
0.431536
0.319121
0.251509
0.206875
0.175234
0.152038
0.133941
0.120034
0.108297
0.0992192
0.0908949
0.0846625
0.0783841
0.0739486
0.0691767
0.0659187
0.0623716
0.0596735
0.0567743
0.0541197
0.0520857
0.0498709
0.0462113
0.0447861
0.0444795
0.0467562
0.0432909
0.0453942
0.0525069
0.058124
0.058798
0.0639208
0.0562424
0.0561158
0.0671354
0.0570708
0.0565142
0.0567435
0.0561326
0.0685768
0.0598241
0.0684301
0.0669519
0.0674921
0.0623115
0.0610801
0.0602827
0.0814857
0.107164
0.138382
21.7794
3.37744
1.21144
0.651867
0.431947
0.319218
0.25159
0.206781
0.175294
0.151854
0.133992
0.119769
0.108308
0.0988718
0.0908781
0.0842818
0.0784053
0.0735329
0.0693592
0.0652688
0.0628044
0.0596905
0.057052
0.0543567
0.0517359
0.0476134
0.0497709
0.0449523
0.0448155
0.0496701
0.0551725
0.0618159
0.0673397
0.0729701
0.0792868
0.0813385
0.0783639
0.0775638
0.0772852
0.0802263
0.0807711
0.0789163
0.0749415
0.0736802
0.0648354
0.0625536
0.0603371
0.0595885
0.0585003
0.0586142
0.0610137
0.0812968
0.112048
0.145254
21.7793
3.37762
1.21084
0.651454
0.431795
0.319234
0.251608
0.206906
0.175325
0.152023
0.134031
0.119953
0.108361
0.0990612
0.0908913
0.0844387
0.0782919
0.0735907
0.0690766
0.0652129
0.0622365
0.0590462
0.0566389
0.054837
0.0502207
0.0495428
0.0509136
0.0534537
0.0582407
0.0652293
0.0537582
0.0548574
0.0629591
0.0676281
0.0639403
0.0642026
0.0635843
0.0673231
0.0633737
0.0623132
0.0612496
0.0667453
0.0701024
0.0694005
0.0709453
0.0647999
0.0640893
0.0629428
0.066374
0.0620373
0.0626729
0.164065
0.156293
0.211117
21.7813
3.37841
1.21248
0.652515
0.432265
0.319337
0.251659
0.206776
0.175323
0.151788
0.133988
0.119659
0.108215
0.0987656
0.0906175
0.0842128
0.0779667
0.0735055
0.0686196
0.0653657
0.0616743
0.059016
0.0565665
0.0529473
0.0523507
0.0479652
0.0488034
0.0485374
0.05109
0.0592854
0.0806266
0.0868671
0.098708
0.0878989
0.0938391
0.0902857
0.0953116
0.0923406
0.101526
0.088989
0.0991519
0.0836817
0.089878
0.0876723
0.0883459
0.0761171
0.0719491
0.0683214
0.0659767
0.063536
0.078829
0.152344
0.107122
0.132459
21.7811
3.3788
1.21181
0.652044
0.432097
0.319371
0.251689
0.206926
0.175345
0.151987
0.134003
0.119872
0.108274
0.0989257
0.0907289
0.084187
0.0780367
0.0731397
0.0686363
0.0646319
0.0615088
0.0584726
0.0556931
0.0538533
0.0503238
0.0489615
0.0472758
0.0457285
0.0553492
0.046387
0.0485884
0.0608936
0.0541678
0.0572516
0.0608372
0.061908
0.0810026
0.0677722
0.0671988
0.0665749
0.0651303
0.0645553
0.0740823
0.0654841
0.0807864
0.0681271
0.0672468
0.0789446
0.0788196
0.0731984
0.0963227
0.172358
0.0955858
0.17485
21.7821
3.37881
1.21332
0.653001
0.432492
0.31947
0.251733
0.20684
0.175372
0.151786
0.134077
0.11952
0.10841
0.0984061
0.0909401
0.0835984
0.0782804
0.0726902
0.0685765
0.0643796
0.0608317
0.0580254
0.0549547
0.0521064
0.0522567
0.0518421
0.0520195
0.0570655
0.0665997
0.083508
0.102315
0.0976808
0.0906359
0.0915518
0.0905409
0.10495
0.0902006
0.092767
0.112819
0.117816
0.100854
0.0978399
0.09369
0.0904465
0.0878035
0.090744
0.0907556
0.0805505
0.0778152
0.0720992
0.0694121
0.0979528
0.124513
0.151983
21.782
3.37919
1.21245
0.652447
0.432303
0.31948
0.251743
0.206969
0.175371
0.152006
0.134021
0.119859
0.10827
0.0988585
0.0906682
0.0840502
0.0778389
0.0729759
0.0681632
0.0644598
0.06081
0.0579522
0.0554544
0.0528099
0.0519818
0.0530764
0.0493762
0.0541096
0.0687405
0.0659537
0.0732006
0.0833641
0.0713198
0.0750105
0.0869998
0.0844227
0.0816577
0.0803256
0.0804328
0.0890358
0.0780876
0.0892435
0.0733552
0.0703268
0.0858443
0.0737003
0.0825387
0.0883355
0.0889371
0.0798352
0.0888093
0.125317
0.131814
0.230038
21.7837
3.38002
1.21385
0.653277
0.432635
0.31957
0.251748
0.206904
0.175324
0.151846
0.133974
0.119565
0.108245
0.0983999
0.0906403
0.0834005
0.0777348
0.0720545
0.0678597
0.0630499
0.0601349
0.0558905
0.0553853
0.0549761
0.0755116
0.0897308
0.103858
0.115879
0.118304
0.102032
0.100547
0.110493
0.0955338
0.108437
0.114828
0.125394
0.121584
0.129336
0.118471
0.127891
0.11815
0.113539
0.106078
0.0957948
0.0819857
0.078572
0.0801871
0.0767947
0.0756265
0.0727021
0.0706768
0.0851927
0.100386
0.193258
21.7835
3.37993
1.2138
0.653358
0.432733
0.319669
0.251835
0.207022
0.175408
0.152001
0.134039
0.119792
0.108271
0.0987015
0.0906747
0.0837179
0.0779488
0.0723775
0.0683305
0.0636748
0.0606451
0.0572105
0.0555203
0.055279
0.062696
0.0775488
0.0883564
0.0866417
0.0842793
0.0811674
0.0940652
0.108915
0.0921136
0.0984255
0.111859
0.103578
0.107581
0.102844
0.104974
0.123827
0.105818
0.117139
0.116516
0.100426
0.0921248
0.0871383
0.0796878
0.0804595
0.0803346
0.0754229
0.087585
0.0902516
0.155539
0.309659
21.7843
3.38028
1.2143
0.65366
0.432865
0.31967
0.251855
0.206904
0.175438
0.151789
0.134117
0.119451
0.108418
0.0982008
0.0908435
0.0830996
0.0779065
0.0717645
0.0678171
0.0629505
0.0598636
0.0544918
0.0570415
0.0682481
0.219975
0.258763
0.191586
0.154384
0.126298
0.110572
0.101837
0.0984666
0.095991
0.101634
0.127783
0.1083
0.122728
0.119384
0.121767
0.127467
0.122598
0.120231
0.115977
0.0958844
0.0895936
0.0913762
0.0923678
0.0867716
0.0854236
0.0805136
0.0819663
0.0898524
0.14759
0.213392
21.7841
3.38022
1.2141
0.653529
0.432826
0.319732
0.251883
0.207067
0.175453
0.152031
0.13409
0.119771
0.108344
0.0985831
0.090777
0.0835011
0.0780316
0.0720782
0.0684208
0.063154
0.0608737
0.0562535
0.0573086
0.066183
0.154552
0.304392
0.187776
0.153903
0.136082
0.110774
0.11534
0.104073
0.096619
0.102727
0.115268
0.120755
0.113991
0.116349
0.119329
0.120603
0.120022
0.13209
0.14137
0.117092
0.112292
0.119324
0.118637
0.113994
0.104301
0.0980436
0.0888353
0.101288
0.315546
0.343609
21.7856
3.38097
1.21482
0.65392
0.432988
0.319734
0.251893
0.206933
0.175447
0.151815
0.13409
0.11948
0.108346
0.0982062
0.0907531
0.0830395
0.0778238
0.071577
0.0678501
0.0624769
0.0598095
0.055272
0.0546609
0.0996467
0.375534
0.202941
0.158846
0.124745
0.0913631
0.0917685
0.0958707
0.105148
0.114061
0.131094
0.110364
0.128523
0.124954
0.129127
0.130164
0.132829
0.12842
0.129683
0.117271
0.111464
0.110304
0.107763
0.102727
0.0968518
0.0938437
0.0877171
0.0901967
0.106965
0.159725
21.7852
3.38116
1.21514
0.654214
0.43317
0.319883
0.251975
0.207113
0.175499
0.152061
0.134108
0.119804
0.108329
0.0986078
0.0907586
0.0834662
0.0780655
0.0720183
0.0685012
0.0630999
0.0612661
0.0556354
0.0573807
0.129858
0.254482
0.186532
0.153461
0.124931
0.0915579
0.0890381
0.094866
0.10475
0.133169
0.114012
0.118158
0.137821
0.132858
0.134416
0.135827
0.15529
0.132198
0.141882
0.153465
0.133106
0.130016
0.137963
0.141585
0.13607
0.126088
0.111674
0.107131
0.110747
0.234389
21.7858
3.38096
1.21535
0.654368
0.433216
0.319859
0.251933
0.207034
0.175432
0.151955
0.133998
0.119703
0.108126
0.0985866
0.0903436
0.0836182
0.0772379
0.0723793
0.0670279
0.0636503
0.0588591
0.0566205
0.05287
0.0564654
0.0838323
0.0666466
0.0638732
0.0575302
0.0594737
0.0567449
0.0762566
0.0935961
0.105067
0.109098
0.116148
0.120753
0.129585
0.131226
0.134481
0.131897
0.125086
0.118819
0.11194
0.113679
0.111617
0.111538
0.108477
0.107301
0.100848
0.0960419
0.0863732
0.0915731
0.115272
0.220983
21.7856
3.38118
1.2155
0.654448
0.433272
0.319956
0.252009
0.207173
0.175497
0.152149
0.134056
0.119941
0.108223
0.0988283
0.0906123
0.0839038
0.077797
0.0729344
0.067902
0.0646653
0.0601215
0.0581774
0.0549662
0.0581816
0.0831794
0.0631673
0.0591228
0.0564556
0.0491891
0.0497992
0.0750203
0.0961107
0.116602
0.123803
0.133005
0.14238
0.150931
0.146985
0.146085
0.143577
0.144644
0.1389
0.135981
0.135073
0.128346
0.1278
0.122445
0.117597
0.108454
0.104253
0.100504
0.102042
0.203407
0.365052
21.7867
3.38146
1.21574
0.654571
0.433306
0.319928
0.251955
0.207106
0.175423
0.152062
0.133976
0.119837
0.10814
0.0986783
0.0904943
0.0835564
0.0776402
0.0720936
0.0677575
0.0632561
0.0595842
0.0565963
0.0532818
0.0510988
0.0496742
0.0497311
0.0443668
0.0432095
0.0453821
0.0497195
0.0722163
0.103415
0.107468
0.110785
0.128357
0.133714
0.145332
0.143976
0.144587
0.140146
0.136674
0.116924
0.112288
0.109914
0.107145
0.109601
0.104161
0.110015
0.105903
0.0956618
0.0819134
0.0881811
0.0997673
0.123134
21.786
3.3815
1.2176
0.655881
0.433901
0.320199
0.252127
0.207233
0.175585
0.152175
0.134169
0.119933
0.108389
0.0988639
0.0909172
0.0841242
0.0783672
0.073302
0.0688949
0.0648459
0.0615941
0.0578089
0.0559338
0.0530536
0.0509131
0.0482012
0.0463364
0.0446192
0.043064
0.0464643
0.0666573
0.0928225
0.110674
0.13004
0.132422
0.138729
0.146186
0.148549
0.147789
0.147339
0.143003
0.138041
0.132862
0.129577
0.123687
0.121714
0.117174
0.1109
0.10139
0.0930722
0.0903751
0.0926614
0.134634
0.159677
21.7866
3.38148
1.21601
0.654814
0.433449
0.320003
0.252023
0.207147
0.175502
0.152076
0.13409
0.119804
0.10831
0.0986056
0.0907235
0.083513
0.0779009
0.0721939
0.0680751
0.0634297
0.0603039
0.0564245
0.0539462
0.0504251
0.0474522
0.0459166
0.0427271
0.0420012
0.0411101
0.043364
0.0717251
0.0913755
0.130606
0.155712
0.155543
0.163195
0.175127
0.166721
0.163838
0.156125
0.13836
0.129515
0.130225
0.126145
0.123087
0.11837
0.0995705
0.116283
0.108993
0.0812853
0.087126
0.0794899
0.0803146
0.0854501
21.7863
3.38161
1.21652
0.655202
0.433657
0.320158
0.252136
0.207282
0.175612
0.152239
0.134207
0.120008
0.10841
0.0988975
0.0907922
0.0840225
0.0780146
0.0730483
0.0684212
0.0646372
0.0610788
0.0578949
0.0553117
0.0524133
0.0495593
0.0478204
0.0443903
0.0433763
0.0403294
0.0413073
0.0551271
0.0770785
0.0999882
0.121321
0.131047
0.150348
0.155898
0.151868
0.150853
0.145185
0.142717
0.134143
0.133296
0.129345
0.121592
0.109088
0.0984413
0.0795915
0.0854221
0.081013
0.0763901
0.0664702
0.0792116
0.0966399
21.7872
3.38186
1.21645
0.655075
0.433576
0.320071
0.252075
0.207184
0.175562
0.152117
0.134168
0.119873
0.10837
0.0987624
0.0906942
0.0838318
0.0777521
0.0726577
0.0679108
0.0639643
0.060206
0.0571307
0.0539639
0.0511329
0.0484767
0.0459096
0.0438753
0.0491987
0.0419854
0.0416235
0.0548782
0.0947257
0.112223
0.140428
0.186956
0.202562
0.188191
0.159483
0.159865
0.169137
0.158677
0.139714
0.137521
0.13551
0.132111
0.120985
0.086428
0.104389
0.0955527
0.0744596
0.0554645
0.0657846
0.0598447
0.0781338
21.7869
3.38203
1.21656
0.655128
0.433622
0.320175
0.252176
0.207325
0.175664
0.152305
0.134255
0.120111
0.108446
0.0990264
0.0908249
0.0840646
0.0780228
0.0728309
0.0683098
0.0641803
0.0606456
0.0575095
0.054614
0.0523363
0.0500726
0.0476339
0.0446876
0.0443431
0.0408492
0.041101
0.0516794
0.0711582
0.0913647
0.106422
0.120746
0.134171
0.135116
0.145314
0.139409
0.133051
0.138741
0.133004
0.123058
0.111653
0.0972725
0.0827266
0.0702647
0.0601071
0.0523235
0.0492121
0.0448664
0.0501932
0.0508646
0.0692044
21.787
3.38167
1.21661
0.655171
0.433611
0.320111
0.252116
0.207232
0.175619
0.152181
0.134245
0.119944
0.108486
0.0988294
0.0908793
0.0839059
0.0780395
0.0727534
0.0683827
0.0640218
0.0609787
0.0572436
0.054814
0.0520676
0.0494383
0.047779
0.0439503
0.0434262
0.0397955
0.0463259
0.0518866
0.0712838
0.0987089
0.111097
0.123794
0.142372
0.145664
0.139372
0.162945
0.196433
0.192304
0.198011
0.167634
0.141338
0.110578
0.0862992
0.063576
0.0651483
0.0601822
0.0563439
0.0540032
0.05684
0.0672507
0.0739742
21.7868
3.38191
1.21664
0.655211
0.433684
0.3202
0.252222
0.207348
0.175744
0.152318
0.134381
0.120103
0.108623
0.099013
0.0910217
0.0841246
0.0781908
0.0730749
0.0684439
0.0645843
0.0609078
0.05783
0.0550832
0.0525819
0.0503663
0.0487432
0.0451844
0.0438702
0.040661
0.0404083
0.0396763
0.044488
0.0587703
0.0756259
0.089996
0.090801
0.0923795
0.0979479
0.100979
0.105232
0.107864
0.100994
0.0888582
0.0750755
0.0634298
0.0542155
0.0484767
0.0436265
0.041572
0.0409721
0.0403594
0.0525049
0.0738393
0.0826177
21.7873
3.38196
1.21646
0.655139
0.433629
0.320145
0.252146
0.207286
0.175647
0.152267
0.13426
0.120081
0.108479
0.0990361
0.0908608
0.0841763
0.0780246
0.0730833
0.0683369
0.0644898
0.0608924
0.0577191
0.0551293
0.0524997
0.0501673
0.0485866
0.0448455
0.0436782
0.0402637
0.0396281
0.0390718
0.0449137
0.0622147
0.0809253
0.0927784
0.104572
0.106199
0.113071
0.113057
0.124422
0.132052
0.124067
0.100085
0.077369
0.0606043
0.0502804
0.0439401
0.0409739
0.0397499
0.0393789
0.0412088
0.0481804
0.0729757
0.0828645
21.787
3.38215
1.2166
0.655204
0.433716
0.320239
0.252262
0.207394
0.17579
0.152383
0.134432
0.120204
0.108662
0.099183
0.0910128
0.0844201
0.078125
0.0734684
0.0685045
0.0648321
0.0613457
0.0580664
0.055431
0.052355
0.050452
0.0481385
0.0461126
0.0443423
0.0417772
0.0402082
0.0411623
0.0490025
0.0629012
0.0583471
0.0618775
0.072513
0.0715441
0.0753796
0.076589
0.0746112
0.0687412
0.0607063
0.0530722
0.0472168
0.0434155
0.040576
0.0393063
0.0374939
0.037413
0.0381109
0.0438814
0.0636531
0.133626
0.166973
21.787
3.38185
1.21652
0.65509
0.433603
0.32014
0.252171
0.20731
0.1757
0.152301
0.134347
0.120115
0.108619
0.0990517
0.0910872
0.0841602
0.07835
0.0730517
0.0686685
0.0645393
0.0610603
0.0579112
0.0553135
0.052439
0.0505915
0.0479648
0.0466579
0.0435948
0.0424557
0.0392807
0.0411734
0.0434846
0.0617243
0.0546422
0.0580044
0.0681866
0.0793509
0.0749682
0.0777826
0.0769444
0.0695042
0.0595352
0.0505396
0.0444031
0.0407287
0.0386525
0.0374851
0.0357746
0.0355549
0.0364572
0.0418812
0.0554958
0.124925
0.15144
21.7868
3.38194
1.21647
0.655139
0.43369
0.320249
0.252272
0.207441
0.175811
0.152456
0.134469
0.120284
0.108753
0.0992261
0.0912242
0.0843598
0.0784735
0.0733335
0.0687512
0.0649832
0.0610717
0.0586046
0.0554001
0.0527
0.0503229
0.0480188
0.0464516
0.0440279
0.0427855
0.0396816
0.0395352
0.0413106
0.0489515
0.046404
0.0478546
0.0493686
0.0528305
0.0544356
0.0535647
0.0508927
0.04748
0.0442102
0.0416756
0.0398979
0.0386122
0.0377313
0.0371147
0.0359753
0.0358338
0.0393681
0.0548967
0.112455
0.245485
0.193545
21.7871
3.38189
1.21673
0.655234
0.433674
0.320174
0.252202
0.207342
0.175743
0.152351
0.134406
0.120185
0.108698
0.0991458
0.0911915
0.084288
0.0784878
0.0732288
0.0688667
0.0647314
0.0614136
0.0580828
0.0556258
0.053089
0.0507799
0.048283
0.0470384
0.0438396
0.0424032
0.0408912
0.0400993
0.0405321
0.046301
0.0427996
0.0435983
0.0445077
0.0469398
0.0486456
0.0477386
0.0456223
0.0431598
0.0411847
0.0395981
0.0385606
0.0377169
0.0371495
0.0365872
0.0352501
0.0351232
0.0382294
0.0464656
0.0929667
0.228879
0.207954
21.7869
3.3821
1.21652
0.655111
0.43367
0.320243
0.252296
0.20746
0.175861
0.152489
0.134535
0.120342
0.108824
0.099329
0.0912979
0.0845065
0.0785727
0.0734649
0.0689466
0.0649623
0.0615019
0.0583434
0.0556903
0.0535806
0.0498916
0.0482996
0.0461784
0.0449225
0.0433333
0.0427331
0.0390369
0.0380237
0.0384806
0.0378108
0.0372293
0.0371975
0.0404476
0.0384318
0.0402281
0.0406955
0.0402974
0.0395514
0.0387649
0.038197
0.037547
0.0369338
0.0361306
0.0348885
0.0349995
0.0438578
0.0635371
0.226427
0.471468
0.365623
21.7868
3.38174
1.21645
0.655066
0.433601
0.320169
0.252215
0.207369
0.175777
0.152393
0.134455
0.120245
0.10876
0.0992321
0.0912673
0.0844161
0.0785766
0.0734009
0.068974
0.0649324
0.061548
0.0583656
0.0556905
0.053709
0.0498814
0.0483315
0.0462577
0.0449239
0.0435467
0.0425292
0.0398148
0.0387448
0.038832
0.0364845
0.036362
0.0361654
0.0392399
0.0369794
0.038889
0.0397999
0.0395802
0.0392496
0.0386425
0.038126
0.0373713
0.036452
0.034387
0.034145
0.0344149
0.0405587
0.0532469
0.120117
0.221997
0.216728
21.7866
3.38191
1.2165
0.655131
0.433679
0.320248
0.252308
0.207478
0.175891
0.152523
0.134584
0.120392
0.108893
0.0993956
0.0913938
0.0845965
0.0786938
0.0735838
0.0690742
0.0651093
0.0616183
0.0585234
0.0558205
0.0534358
0.0513525
0.0495055
0.0478776
0.0464854
0.0452179
0.0441875
0.0430626
0.0424682
0.0413023
0.0418877
0.039392
0.0401369
0.040581
0.0403754
0.0400153
0.0394256
0.0388959
0.0381952
0.0376448
0.0370309
0.0365203
0.0355807
0.0341673
0.0344312
0.0348764
0.0458396
0.0838729
0.300798
0.455905
0.398234
21.7867
3.38169
1.21648
0.655091
0.433611
0.32018
0.25223
0.207392
0.175807
0.152433
0.134501
0.120302
0.108822
0.0993108
0.0913488
0.0845278
0.0786831
0.0735561
0.0690959
0.0651354
0.061665
0.0585636
0.0558835
0.0534724
0.0513816
0.0495558
0.047931
0.0464727
0.0453191
0.0440717
0.043207
0.0420565
0.0414397
0.0406789
0.0403752
0.0399984
0.0396516
0.0393148
0.0387687
0.0382479
0.0376094
0.0369375
0.0362545
0.0355119
0.0343495
0.0335343
0.0331067
0.0339357
0.0374684
0.0456901
0.0776994
0.150057
0.194451
0.218479
21.7865
3.38189
1.21641
0.655085
0.433672
0.320266
0.252331
0.207507
0.175925
0.152563
0.134628
0.120445
0.108949
0.0994648
0.0914661
0.0846877
0.0787821
0.0737038
0.0691661
0.0652523
0.0616962
0.058654
0.055884
0.0535295
0.0513852
0.0495867
0.0479157
0.0465534
0.0452271
0.0442149
0.0432616
0.042535
0.0418225
0.0413527
0.0408183
0.04038
0.0398514
0.0393247
0.0387402
0.0381456
0.0375995
0.0370095
0.0364253
0.0358702
0.0350759
0.0335284
0.0337768
0.0342762
0.040825
0.0636116
0.093967
0.162744
0.217277
0.244635
21.7864
3.38155
1.2162
0.654913
0.433537
0.320157
0.252233
0.207407
0.17583
0.15246
0.134535
0.120339
0.108866
0.0993612
0.091406
0.084595
0.0787541
0.0736333
0.0691675
0.0651983
0.0617039
0.0585948
0.0558734
0.0534694
0.0513971
0.0495609
0.0479858
0.0465441
0.0453265
0.0442176
0.0432635
0.0424152
0.0416423
0.0409793
0.0403071
0.0397062
0.0390418
0.0383302
0.0377199
0.0369351
0.036352
0.0356705
0.0347906
0.033956
0.0328907
0.0327162
0.0341593
0.0366743
0.0488265
0.0813171
0.189039
0.279547
0.35345
0.339437
21.7862
3.38173
1.21631
0.654968
0.433623
0.320244
0.252328
0.207515
0.175941
0.152585
0.134658
0.120476
0.108997
0.0995042
0.0915377
0.0847391
0.078884
0.0737763
0.0693008
0.0653502
0.061861
0.0587863
0.0560615
0.0537033
0.0515917
0.0497772
0.0481519
0.0467519
0.0454871
0.044372
0.0433942
0.0425671
0.0418112
0.0411755
0.0404891
0.0398941
0.0392163
0.0385498
0.0379156
0.0372415
0.0365817
0.0360185
0.0350808
0.0341455
0.0334358
0.0328708
0.0350179
0.0351784
0.0533857
0.109034
0.252061
0.205137
0.396097
0.279744
21.7863
3.38166
1.2163
0.654975
0.433568
0.320171
0.252246
0.207428
0.175852
0.152494
0.134568
0.120388
0.108912
0.0994265
0.0914678
0.0846832
0.0788424
0.0737547
0.0692965
0.0653583
0.061874
0.0587791
0.056062
0.0536492
0.0515494
0.0496656
0.048049
0.0465532
0.0453118
0.0441159
0.0431649
0.0421691
0.0414153
0.0405401
0.039852
0.0390775
0.0382967
0.0376645
0.0367433
0.0361797
0.0352882
0.0345676
0.0336875
0.0326289
0.0337781
0.0343595
0.0435755
0.0397357
0.0865318
0.156075
0.310226
0.489584
0.445525
0.607363
21.7862
3.38185
1.21631
0.65499
0.43362
0.320246
0.252336
0.207529
0.17596
0.152611
0.134687
0.120516
0.109035
0.0995599
0.0915871
0.0848155
0.0789513
0.0738762
0.0693906
0.0654669
0.0619683
0.058898
0.056186
0.0537884
0.0517042
0.0498353
0.0482327
0.0467681
0.0455429
0.0443684
0.043419
0.0424508
0.0417006
0.0408369
0.0401877
0.0393553
0.0387125
0.0379255
0.0371736
0.0365278
0.0356125
0.0348286
0.033855
0.0327515
0.0335073
0.0349827
0.0415557
0.0443385
0.0870593
0.116775
0.435407
0.462749
0.50287
0.669125
21.7887
3.38255
1.21693
0.655216
0.43354
0.320013
0.252032
0.207199
0.175612
0.152262
0.134329
0.120162
0.108681
0.0992211
0.091286
0.0845689
0.0788166
0.0738469
0.069538
0.0657279
0.0624047
0.0593986
0.0567964
0.0543866
0.0523319
0.0503674
0.0487237
0.0471213
0.0458228
0.0445101
0.043509
0.0423965
0.0416075
0.0406731
0.0398887
0.0391845
0.038351
0.0375274
0.0363295
0.0351574
0.0344023
0.0331572
0.0332344
0.03424
0.0378695
0.0398574
0.0565433
0.0420911
0.194352
0.178886
0.48982
0.58316
0.72442
0.708214
21.7882
3.38244
1.21671
0.655111
0.433537
0.320064
0.252111
0.207292
0.175718
0.152369
0.13445
0.120277
0.108812
0.0993306
0.0913908
0.0846124
0.0788014
0.0737338
0.0693205
0.0654282
0.0620064
0.058987
0.0563249
0.0539765
0.0519099
0.0500549
0.048457
0.0469722
0.045753
0.0445383
0.0436111
0.0425824
0.0418278
0.040982
0.0401691
0.0395629
0.0386624
0.0378983
0.0366727
0.0354233
0.0346081
0.0333227
0.0333241
0.034346
0.0376635
0.0418968
0.0536144
0.0523961
0.146194
0.187487
0.313508
0.339687
0.399292
0.587837
0.0110962
0.0114417
0.0118082
0.0121316
0.0124946
0.0127994
0.0131616
0.013454
0.0138193
0.0140971
0.0144485
0.014702
0.015015
0.0152482
0.0155147
0.0157426
0.0159673
0.0161949
0.016383
0.0165961
0.01675
0.0169239
0.0170398
0.0171697
0.0172464
0.0173511
0.0174105
0.017521
0.0175971
0.0177388
0.0178896
0.0181457
0.018476
0.0188717
0.0194048
0.020095
0.02087
0.0215248
0.0221517
0.0227703
0.0231634
0.0233895
0.0234023
0.0232858
0.0229414
0.0221617
0.0215362
0.0232798
0.0513392
0.0456562
0.0475276
0.0516794
0.04749
0.0265244
0.0110794
0.0114588
0.0117848
0.0121601
0.012472
0.0128358
0.0131506
0.0134914
0.0138205
0.0141317
0.0144521
0.0147378
0.0150143
0.0152876
0.0155135
0.015782
0.0159736
0.0162292
0.0163968
0.0166224
0.0167639
0.0169525
0.0170598
0.0172191
0.0173166
0.0174738
0.017592
0.0177448
0.0179339
0.0181116
0.0183628
0.0186359
0.0189549
0.019364
0.0197749
0.0205068
0.0210668
0.0218115
0.0223527
0.0228874
0.0234223
0.0237922
0.0238299
0.023771
0.0236093
0.0230477
0.0226263
0.025756
0.0634487
0.0484284
0.0483999
0.048221
0.0389324
0.0530271
0.225856
0.0714285
0.150581
0.108584
0.106965
0.215594
0.162695
0.215829
0.300868
0.236708
0.136939
0.0650905
0.120218
0.129753
0.132213
0.233132
0.131501
0.309942
0.299787
0.186605
0.112112
0.0577382
0.229285
0.0620814
0.177496
0.326557
0.286556
0.224863
0.136801
0.171482
0.121349
0.119321
0.0626215
0.157607
0.0651953
0.129868
0.278313
0.221338
0.160465
0.116813
0.12727
0.0923496
0.0569036
0.0547111
0.0577936
0.0579515
0.0890091
0.0574773
0.0873567
0.0790479
0.0619367
0.0662757
0.114744
0.148906
0.0981568
0.111265
0.056564
0.0553352
0.0565871
0.0582151
0.0742139
0.0580718
0.0740541
0.064639
0.0594017
0.0529307
0.0872486
0.111239
0.0825862
0.100778
0.0604947
0.0575911
0.0609085
0.0587528
0.0689812
0.0579459
0.0693682
0.462475
0.22801
0.214011
0.224998
0.328972
0.253089
0.304199
0.296511
0.23343
0.244995
0.225637
0.254376
0.0590091
0.0567758
0.0601708
0.0573602
0.0605909
0.0567591
0.0648139
0.604175
0.175964
0.145462
0.214064
0.62401
0.268594
0.258747
0.23176
0.200849
0.234479
0.182469
0.198578
0.0665772
0.0556096
0.0655178
0.0524232
0.0570476
0.0551828
0.0567414
0.37648
0.112191
0.0898308
0.10538
0.24745
0.827545
0.514965
0.32836
0.329205
0.322219
0.272822
0.189401
0.306648
0.227806
0.0625116
0.0580003
0.0584066
0.0560624
0.0578429
0.0561669
0.0574632
0.175372
0.111172
0.122846
0.202337
0.118182
0.717042
0.831787
0.251277
0.251296
0.259454
0.272223
0.226331
0.243639
0.211931
0.0830906
0.0562913
0.0919258
0.0535674
0.0550143
0.0537411
0.0555773
0.0870869
0.0955543
0.111403
0.0553416
0.0480147
0.0558439
0.0473544
0.0816482
0.0575226
0.0775522
0.0550941
0.0564419
0.0547571
0.0556537
0.0953189
0.0791491
0.0850131
0.0568688
0.0513509
0.0561694
0.049788
0.466502
0.177854
0.218261
0.186601
0.372826
0.386064
0.181522
0.151661
0.177433
0.301443
0.396667
0.109136
0.147676
0.122432
0.248819
0.585524
0.539593
0.348233
0.111587
0.11579
0.127668
0.276922
0.458568
0.316245
0.534442
0.200369
0.181952
0.20034
0.733645
0.259564
0.312257
0.343658
0.383066
0.247028
0.323832
0.352272
0.273245
0.455759
0.380965
0.344412
0.242695
0.32429
0.439225
0.201237
0.139999
0.131313
0.131087
0.254477
0.201516
0.135253
0.123365
0.138568
0.16088
0.178844
0.129727
0.122942
0.251663
0.121207
0.169984
0.252356
0.181552
0.115185
0.161659
0.135597
0.183576
0.167851
0.0917054
0.565641
0.187517
0.188945
0.265543
0.640559
0.487579
0.373142
0.34464
0.314008
0.249838
0.424621
0.237363
0.573416
0.770953
0.258514
0.196671
0.204637
0.203694
0.455814
0.852043
0.641242
0.386697
0.11176
0.109204
0.114811
0.259146
0.811145
0.36161
0.585262
0.141731
0.284843
0.178463
0.350309
0.582042
0.321057
0.158233
0.290978
0.219683
0.812492
0.394193
0.649434
0.579167
1.00419
0.768052
0.847472
0.805086
0.381502
0.47711
0.523977
0.777948
1.27104
0.217355
0.303564
0.275052
0.556842
1.21984
0.295414
0.167179
1.22899
0.304964
0.16678
0.274082
0.160304
0.132009
0.13711
0.1232
0.149646
0.129176
0.0790002
0.189232
0.156261
0.153086
0.267095
0.150288
0.163667
0.144799
0.131794
0.149966
0.128313
0.444952
0.251005
0.396212
0.669485
0.314246
0.908937
1.08915
0.537235
0.211918
0.36016
0.348057
0.796019
1.01731
0.163416
0.15918
1.15229
0.166355
1.01733
0.153234
0.132443
0.158037
1.06013
0.143733
0.0893227
0.071884
0.0822291
0.0802053
0.0842884
0.124922
0.117903
0.0814623
0.0721436
0.0781152
0.0837365
0.128422
0.0716185
0.149365
0.0704344
0.0764508
0.0783218
0.0906004
0.0876852
0.128912
0.289222
0.218135
0.243528
0.298163
0.235184
0.31998
0.279503
0.372749
0.228705
0.201889
0.526157
0.213652
0.361345
0.470215
0.132744
0.0641231
0.0757023
0.07354
0.0883307
0.0770306
0.120329
0.611272
0.187554
0.266699
0.532433
0.218398
0.525965
0.463822
0.592277
0.347617
0.216465
0.473366
0.29977
0.439988
0.552873
0.172845
0.0725265
0.0835087
0.0573484
0.0765766
0.0904052
0.129819
0.155045
0.0796169
0.0581758
0.0774008
0.082087
0.137536
0.0903171
0.742044
0.359865
0.19056
0.202575
0.614821
0.259793
0.471869
0.636859
0.521439
0.227745
0.161254
0.555121
0.579417
0.25113
0.137773
0.0835966
0.0915791
0.0595517
0.130082
0.0756114
0.0845728
0.152977
0.0730658
0.0621831
0.0703321
0.0782799
0.0853167
0.136569
0.565066
0.532502
0.156922
0.136343
0.538851
0.501117
0.172069
0.607258
0.531114
0.133727
0.135859
0.530964
0.169165
0.640191
0.232783
0.189194
0.293212
0.411962
0.224066
0.208765
0.315062
0.23848
0.242125
0.336724
0.194257
0.206575
0.219807
0.310474
0.180727
0.249096
0.516765
0.203684
0.267971
0.236917
0.417516
0.217953
0.462811
1.04595
0.635932
0.726766
0.671561
0.979529
0.498661
0.102629
0.138402
0.112356
0.129114
0.254998
0.671541
0.438357
0.243552
0.250945
0.454917
0.273123
0.107333
0.124129
0.131562
0.106736
0.181892
0.604778
0.193329
0.360949
0.603207
0.216266
0.15302
0.231889
0.195082
0.257704
0.148018
0.232846
0.318743
0.271517
0.237598
0.188043
0.363814
0.471861
0.152556
0.59563
0.159451
0.152265
0.720663
0.815853
0.097583
0.11584
0.179261
0.145795
0.130844
0.0965812
0.145098
0.0928533
0.112119
0.0993644
0.0967265
0.0516495
0.0621088
0.0631299
0.0508815
0.114259
0.191426
0.191978
0.150428
0.114657
0.18547
0.144765
0.732502
0.7742
0.528208
0.298759
0.54354
0.472444
0.256246
0.473892
0.617358
0.352035
0.322674
0.407521
0.307136
0.317257
0.270284
0.361832
0.250565
0.536067
0.542311
0.26748
0.4745
0.282082
0.642028
0.434108
0.330691
0.300817
0.403038
0.380464
0.40734
0.273635
0.34899
0.149934
0.146205
0.165229
0.133504
0.162529
0.220368
0.212173
0.180898
0.293127
0.333747
0.221506
0.260017
0.229355
0.301345
0.270479
0.175463
0.15217
0.590243
0.34804
0.16358
0.55902
0.149175
0.207874
0.170799
0.24165
0.110372
0.230138
0.285305
0.223844
0.181407
0.151891
0.371639
0.133965
0.461272
0.160105
0.569012
0.142163
0.671282
0.698077
0.160881
0.16622
0.32565
0.4126
0.160297
0.154565
0.404058
0.144769
0.138002
0.105481
0.157922
0.169869
0.300754
0.16231
0.282843
0.161715
0.33027
0.17461
0.143338
0.189604
0.139749
0.15813
0.402813
0.344917
0.158321
0.188073
0.271512
0.799443
0.206301
0.155998
0.196355
0.124739
0.141417
0.113115
0.162559
0.127875
0.196263
0.159721
0.175526
0.168981
0.793327
0.406745
0.214884
0.202719
0.245374
0.185672
0.31329
0.387946
0.32035
0.368337
0.191299
0.3312
0.3517
0.249457
0.248619
0.193153
0.183797
0.208084
0.189975
0.175879
0.164984
0.144118
0.214253
0.471554
0.516611
0.374663
0.304521
0.485528
0.318184
0.376987
0.330572
0.40535
0.244853
0.405651
0.456216
0.213162
0.513961
0.287832
0.364837
0.17057
0.226684
0.181515
0.199269
0.258192
0.430909
0.367173
0.487638
0.301895
0.425067
0.358213
0.1593
0.199418
0.172446
0.192329
0.19967
0.178445
0.213736
0.163791
0.179135
0.188322
0.180812
0.103962
0.146956
0.1283
0.122552
0.214904
0.230914
0.213377
0.225824
0.195069
0.244569
0.199
0.10327
0.122454
0.130617
0.0955129
0.182904
0.182543
0.152437
0.189419
0.180618
0.181112
0.155582
0.0879822
0.0864002
0.135202
0.056122
0.0793765
0.122089
0.0867254
0.160477
0.184609
0.192977
0.163189
0.102874
0.175356
0.164181
0.158147
0.13531
0.181805
0.146945
0.0946599
0.141855
0.105513
0.136805
0.0645549
0.0882197
0.0770859
0.0707454
0.17316
0.207909
0.171861
0.217873
0.156143
0.178101
0.147576
0.0394671
0.0488464
0.0511149
0.0391007
0.186563
0.212387
0.12601
0.169817
0.116478
0.181729
0.18344
0.132684
0.105093
0.0325292
0.0369463
0.0449405
0.02806
0.0368816
0.0601823
0.0433355
0.0519972
0.125179
0.175437
0.165482
0.0611728
0.16871
0.110977
0.175797
0.16182
0.168474
0.890915
1.07477
0.74472
0.537694
0.759505
0.803072
0.998615
0.204815
0.171359
0.11739
0.206947
0.512113
0.120446
0.227608
0.200791
0.766505
0.524619
0.958985
1.41388
0.672276
1.45567
0.691987
0.468414
0.456585
0.268615
0.426868
0.379112
0.383692
0.383307
0.45915
0.292761
0.263506
0.281475
0.246743
0.318111
0.320116
0.468468
0.36662
0.419495
0.276595
0.392125
0.484036
0.275056
0.335741
0.278479
0.324069
0.593413
0.354109
0.228244
0.280919
0.225431
0.32173
0.232555
0.240423
0.367503
0.378302
0.403337
0.451283
0.35578
0.317107
0.37028
0.297432
0.406729
0.368973
0.424216
0.310032
0.451468
0.257779
0.504662
0.42874
0.857017
0.8604
0.17543
0.624324
0.168457
0.289535
0.163614
0.386011
0.152979
0.165563
0.177408
0.151191
0.191684
0.187443
0.230985
0.196838
0.209783
0.156153
0.255494
0.319722
0.157845
0.14146
0.32942
0.146999
0.609056
0.445642
0.633492
0.81937
0.297032
0.571879
0.809973
0.272287
0.659469
0.499347
0.39751
0.544364
0.345063
0.476214
0.557285
0.482094
0.563828
0.630328
0.602658
0.575954
0.210181
0.815916
0.232195
0.384365
0.488248
0.759372
0.494624
0.362289
0.589112
0.63819
0.338238
0.227009
0.169014
0.255579
0.15113
0.341951
0.596017
0.53286
0.391085
0.380221
0.342243
0.330186
0.213997
0.419236
0.225127
0.305397
0.518474
0.859985
0.663326
0.869378
0.826813
0.480655
0.749774
0.309403
0.17379
0.337781
0.207359
0.339686
0.415183
0.38404
0.34252
0.526245
1.03581
0.47382
0.761852
0.843999
0.975034
0.880721
0.772066
0.730087
0.432365
0.768268
0.654398
0.761064
0.420399
0.778054
0.62087
0.283137
0.270995
0.294844
0.254951
0.332859
0.371435
0.332829
0.326913
0.367437
0.745479
0.799811
0.555598
0.734166
0.57417
0.325702
0.455797
0.697609
0.383352
0.984154
0.733544
0.300351
0.45777
0.420953
0.377709
0.529553
0.300643
0.458445
0.532129
0.578976
0.441613
0.395194
1.05801
0.495176
0.254544
0.753803
0.309469
0.321536
0.3239
0.716482
1.17343
0.442227
0.527419
0.46645
0.25719
0.177506
0.173336
0.228768
0.140126
0.302314
0.574981
0.400743
0.458135
0.193346
1.01911
0.322276
0.0968821
0.108098
0.146879
0.172342
0.18717
0.234534
0.0907728
0.084027
0.16438
0.151928
0.0952624
0.0674858
0.159198
0.0262586
0.027446
0.0343031
0.0156517
0.0272036
0.0491499
0.0328184
0.0362516
0.0909552
0.179761
0.0439685
0.154849
0.101908
0.154161
0.108955
0.117275
0.149364
0.211723
0.209946
0.168801
0.18916
0.189068
0.196607
0.196795
0.110301
0.143284
0.124157
0.133758
0.227331
0.231594
0.248713
0.216318
0.257298
0.210042
0.205855
0.104738
0.117112
0.0950021
0.130048
0.173689
0.136389
0.183434
0.157023
0.131521
0.176822
0.180999
0.0910072
0.0740817
0.11157
0.056393
0.081613
0.105788
0.0821809
0.104306
0.179798
0.182468
0.0956839
0.158695
0.151206
0.178472
0.150776
0.29111
0.580198
0.413294
0.333287
0.550465
0.289502
0.324496
0.259619
0.281465
0.282645
0.248118
0.275532
0.344308
0.315414
0.288801
0.276037
0.507388
0.72377
0.444954
0.601954
0.288749
0.406805
1.19168
1.35401
0.323474
0.701739
0.37275
0.754311
0.311479
0.980712
0.379009
0.345531
0.380462
0.457869
0.275318
0.343601
0.382488
0.419462
0.319451
0.287336
0.889549
0.848859
0.478473
1.06808
0.426577
0.342046
0.161993
1.13732
0.4379
0.352138
0.362898
0.253729
0.099573
0.112769
0.147449
0.119829
0.138689
0.147943
1.21553
0.337562
0.0715265
0.359338
0.148513
0.125928
0.112012
0.124729
0.136868
0.10335
0.207511
0.562156
0.389762
1.33799
0.457438
0.159557
0.209902
0.082262
0.0766606
0.116917
0.0606457
0.0939809
0.11465
0.117728
0.0965806
0.254686
1.57078
0.216055
0.0639714
0.500161
0.317325
0.139024
)
;

boundaryField
{
    inlet
    {
        type            fixedValue;
        value           uniform 440.15;
    }
    outlet
    {
        type            zeroGradient;
    }
    rightSide
    {
        type            symmetryPlane;
    }
    leftSide
    {
        type            symmetryPlane;
    }
    duct
    {
        Cmu             0.09;
        kappa           0.41;
        E               9.8;
        beta1           0.075;
        type            omegaWallFunction;
        value           nonuniform List<scalar> 
216
(
0.011097
0.0110636
0.0114423
0.0114755
0.0118182
0.011766
0.0121299
0.0121825
0.0125217
0.0124663
0.0128038
0.0128561
0.0131726
0.0131371
0.0134339
0.013467
0.013746
0.013748
0.0140053
0.0140246
0.0142648
0.0143026
0.0145372
0.0145637
0.0147749
0.0148291
0.015039
0.0150902
0.0152833
0.0153405
0.0155453
0.0155934
0.0157907
0.015846
0.016075
0.0161204
0.0163491
0.016373
0.0165952
0.0166565
0.0168228
0.0168208
0.0170004
0.0170316
0.0171504
0.017168
0.017275
0.01738
0.0174431
0.0176721
0.0176532
0.0179405
0.0180027
0.018619
0.0194279
0.0207143
0.0219552
0.0229418
0.0251307
0.0256344
0.0281398
0.0283358
0.0311285
0.0310244
0.0337621
0.033745
0.0359293
0.0358394
0.0378784
0.0376947
0.0394898
0.0388998
0.0409457
0.0398016
0.0427194
0.0404916
0.0424861
0.0404154
0.0420241
0.0401261
0.0416275
0.0398007
0.0411768
0.0402242
0.0408846
0.0393423
0.042079
0.0388646
0.0423868
0.0386193
0.0426508
0.0384175
0.0395789
0.0373974
0.03891
0.0353733
0.0362364
0.0332389
0.033849
0.0303086
0.0479999
0.0327865
0.0405859
0.0381033
0.0342852
0.0378572
0.0278378
0.033332
0.0110962
0.0110794
0.0114417
0.0114588
0.0118082
0.0117848
0.0121316
0.0121601
0.0124946
0.012472
0.0127994
0.0128358
0.0131616
0.0131506
0.013454
0.0134914
0.0138193
0.0138205
0.0140971
0.0141317
0.0144485
0.0144521
0.014702
0.0147378
0.015015
0.0150143
0.0152482
0.0152876
0.0155147
0.0155135
0.0157426
0.015782
0.0159673
0.0159736
0.0161949
0.0162292
0.016383
0.0163968
0.0165961
0.0166224
0.01675
0.0167639
0.0169239
0.0169525
0.0170398
0.0170598
0.0171697
0.0172191
0.0172464
0.0173166
0.0173511
0.0174738
0.0174105
0.017592
0.017521
0.0177448
0.0175971
0.0179339
0.0177388
0.0181116
0.0178896
0.0183628
0.0181457
0.0186359
0.018476
0.0189549
0.0188717
0.019364
0.0194048
0.0197749
0.020095
0.0205068
0.02087
0.0210668
0.0215248
0.0218115
0.0221517
0.0223527
0.0227703
0.0228874
0.0231634
0.0234223
0.0233895
0.0237922
0.0234023
0.0238299
0.0232858
0.023771
0.0229414
0.0236093
0.0221617
0.0230477
0.0215362
0.0226263
0.0232798
0.025756
0.0513392
0.0634487
0.0456562
0.0484284
0.0475276
0.0483999
0.0516794
0.048221
0.04749
0.0389324
0.0265244
0.0530271
)
;
    }
    cylinder
    {
        Cmu             0.09;
        kappa           0.41;
        E               9.8;
        beta1           0.075;
        type            omegaWallFunction;
        value           nonuniform List<scalar> 
448
(
0.827545
0.514965
0.717042
0.831787
0.585524
0.539593
0.458568
0.316245
0.259564
0.312257
0.273245
0.455759
0.169984
0.252356
0.167851
0.0917054
0.487579
0.373142
0.573416
0.770953
0.852043
0.641242
0.811145
0.36161
0.768052
0.847472
0.16678
0.274082
0.129176
0.0790002
0.908937
1.08915
0.293212
0.315062
0.23848
0.206575
0.267971
0.417516
0.726766
0.498661
0.102629
0.243552
0.273123
0.107333
0.604778
0.603207
0.231889
0.232846
0.720663
0.815853
0.11584
0.130844
0.0928533
0.0516495
0.732502
0.7742
0.54354
0.617358
0.352035
0.317257
0.4745
0.642028
0.403038
0.34899
0.149934
0.162529
0.260017
0.301345
0.590243
0.55902
0.207874
0.230138
0.671282
0.698077
0.4126
0.404058
0.144769
0.282843
0.143338
0.402813
0.344917
0.271512
0.196355
0.124739
0.127875
0.214884
0.185672
0.31329
0.387946
0.191299
0.249457
0.193153
0.175879
0.330572
0.40535
0.213162
0.364837
0.17057
0.1593
0.163791
0.180812
0.103962
0.225824
0.10327
0.152437
0.155582
0.0879822
0.0793765
0.102874
0.164181
0.0946599
0.105513
0.0645549
0.217873
0.147576
0.0394671
0.186563
0.212387
0.116478
0.105093
0.0325292
0.0368816
0.16182
0.168474
0.74472
0.998615
0.204815
0.512113
0.468414
0.456585
0.383692
0.45915
0.263506
0.275056
0.593413
0.354109
0.225431
0.367503
0.378302
0.317107
0.857017
0.8604
0.624324
0.386011
0.165563
0.187443
0.609056
0.445642
0.499347
0.476214
0.759372
0.589112
0.227009
0.341951
0.859985
0.309403
0.339686
0.772066
0.730087
0.283137
0.332859
0.697609
0.420953
0.458445
0.177506
0.302314
0.18717
0.234534
0.084027
0.0674858
0.0262586
0.0272036
0.117275
0.149364
0.168801
0.189068
0.110301
0.104738
0.0910072
0.081613
0.580198
0.550465
0.259619
0.275532
1.19168
1.35401
0.701739
0.980712
0.345531
0.343601
0.4379
0.362898
0.112769
0.112012
0.562156
0.457438
0.082262
0.0939809
0.242125
0.219807
0.138402
0.124129
0.195082
0.318743
0.112119
0.0621088
0.322674
0.270284
0.146205
0.220368
0.170799
0.285305
0.138002
0.189604
0.141417
0.196263
0.183797
0.164984
0.226684
0.199418
0.146956
0.122454
0.0864002
0.122089
0.0882197
0.0488464
0.0369463
0.0601823
0.171359
0.120446
0.281475
0.335741
0.403337
0.37028
0.177408
0.230985
0.39751
0.557285
0.169014
0.596017
0.17379
0.415183
0.270995
0.371435
0.377709
0.532129
0.173336
0.574981
0.027446
0.0491499
0.143284
0.117112
0.0740817
0.105788
0.281465
0.344308
0.380462
0.382488
0.147449
0.124729
0.0766606
0.11465
0.336724
0.194257
0.180727
0.310474
0.112356
0.129114
0.106736
0.131562
0.257704
0.148018
0.471861
0.59563
0.237598
0.271517
0.826813
0.733544
0.47382
0.843999
0.0993644
0.0967265
0.191978
0.18547
0.0508815
0.0631299
0.72377
0.601954
0.407521
0.307136
0.250565
0.361832
0.165229
0.133504
0.212173
0.180898
0.24165
0.110372
0.461272
0.569012
0.181407
0.223844
0.105481
0.157922
0.33027
0.139749
0.15813
0.162559
0.113115
0.159721
0.175526
0.208084
0.189975
0.304521
0.318184
0.144118
0.214253
0.181515
0.487638
0.199269
0.425067
0.172446
0.192329
0.122552
0.1283
0.199
0.0955129
0.130617
0.135202
0.056122
0.0867254
0.160477
0.0707454
0.0770859
0.0391007
0.0511149
0.0449405
0.02806
0.0611728
0.110977
0.0433355
0.0519972
0.11739
0.206947
1.41388
1.45567
0.227608
0.200791
0.246743
0.419495
0.318111
0.484036
0.278479
0.324069
0.451468
0.504662
0.451283
0.35578
0.297432
0.406729
0.81937
0.809973
0.191684
0.151191
0.319722
0.32942
0.196838
0.209783
0.330186
0.419236
0.544364
0.345063
0.575954
0.815916
0.482094
0.563828
0.255579
0.15113
0.53286
0.391085
0.337781
0.207359
0.34252
0.38404
0.768268
0.716482
0.778054
0.527419
0.322276
0.294844
0.254951
0.799811
0.734166
0.326913
0.332829
0.529553
0.300643
0.495176
0.753803
0.441613
0.578976
0.228768
0.140126
0.108098
0.458135
0.400743
0.0343031
0.0156517
0.0439685
0.101908
0.0328184
0.0362516
0.136389
0.131521
0.124157
0.248713
0.133758
0.210042
0.0950021
0.130048
0.11157
0.056393
0.0956839
0.151206
0.0821809
0.104306
0.282645
0.248118
0.288801
0.315414
1.06808
0.457869
0.275318
0.848859
0.319451
0.419462
0.119829
0.337562
0.138689
0.359338
0.10335
0.136868
0.116917
0.0606457
0.216055
0.500161
0.0965806
0.117728
)
;
    }
}


// ************************************************************************* //
