/*--------------------------------*- C++ -*----------------------------------*\
| =========                 |                                                 |
| \\      /  F ield         | OpenFOAM: The Open Source CFD Toolbox           |
|  \\    /   O peration     | Version:  4.1                                   |
|   \\  /    A nd           | Web:      www.OpenFOAM.org                      |
|    \\/     M anipulation  |                                                 |
\*---------------------------------------------------------------------------*/
FoamFile
{
    version     2.0;
    format      ascii;
    class       volScalarField;
    location    "92";
    object      omega;
}
// * * * * * * * * * * * * * * * * * * * * * * * * * * * * * * * * * * * * * //

dimensions      [0 0 -1 0 0 0 0];

internalField   nonuniform List<scalar> 
4432
(
0.0111158
0.0114272
0.011833
0.0121375
0.0125282
0.0128283
0.0132008
0.0134995
0.0138511
0.0141497
0.0144777
0.0147758
0.0150804
0.015376
0.0156592
0.0159485
0.0162137
0.0164928
0.0167442
0.0170107
0.017251
0.0175063
0.0177381
0.017985
0.0182113
0.0184533
0.0186776
0.0189167
0.0191408
0.0193766
0.0196015
0.0198326
0.0200498
0.0202688
0.0204745
0.0206811
0.0208713
0.0210661
0.0212387
0.0214245
0.0215802
0.0217599
0.0219008
0.0220772
0.0222052
0.0223775
0.0224924
0.0226592
0.0227625
0.0229206
0.0230107
0.0231642
0.0232518
0.0234086
0.0111212
0.0114223
0.0118349
0.0121355
0.0125274
0.0128286
0.0131981
0.0135014
0.0138474
0.014152
0.0144744
0.0147773
0.0150789
0.0153754
0.0156609
0.0159449
0.0162194
0.0164858
0.0167537
0.0170007
0.0172633
0.0174944
0.0177519
0.0179724
0.0182252
0.0184412
0.0186902
0.0189061
0.0191514
0.0193683
0.0196101
0.0198261
0.0200558
0.0202628
0.0204779
0.0206752
0.0208731
0.0210615
0.0212405
0.0214227
0.0215827
0.0217608
0.0219038
0.022079
0.0222073
0.0223783
0.0224933
0.0226583
0.0227603
0.022918
0.0230083
0.0231627
0.0232295
0.023431
21.7962
3.38027
1.22854
0.663295
0.436369
0.320365
0.251523
0.206443
0.174809
0.151455
0.133533
0.119373
0.107902
0.0984397
0.0904902
0.0837387
0.0779148
0.0728659
0.0684208
0.0645103
0.0610101
0.0578977
0.0550724
0.0525394
0.050211
0.0481091
0.0461568
0.0443816
0.0427223
0.041197
0.0397725
0.0384413
0.0371847
0.0360029
0.034896
0.0338462
0.0328765
0.0319431
0.0310959
0.0302615
0.0295211
0.02877
0.0281192
0.0274367
0.0268614
0.0262364
0.0257229
0.025146
0.0246869
0.0241509
0.0237399
0.0232525
0.0229305
0.022057
21.7962
3.38027
1.22854
0.663295
0.436369
0.320365
0.251523
0.206443
0.174809
0.151455
0.133533
0.119373
0.107901
0.0984398
0.0904888
0.083739
0.0779128
0.0728664
0.0684184
0.0645113
0.0610073
0.0578993
0.0550689
0.0525413
0.0502065
0.0481113
0.0461513
0.0443844
0.0427157
0.0412007
0.0397647
0.0384463
0.0371757
0.0360106
0.034886
0.0338568
0.032865
0.0319558
0.0310822
0.0302733
0.0295043
0.0287776
0.0281029
0.0274383
0.0268503
0.0262305
0.0257173
0.0251338
0.0246829
0.0241373
0.0237479
0.0231998
0.0229724
0.0220807
21.7959
3.38042
1.22874
0.663523
0.436612
0.320606
0.251755
0.206655
0.175001
0.151637
0.133715
0.119553
0.108085
0.0986234
0.090678
0.0839267
0.078107
0.0730575
0.0686169
0.0647048
0.0612093
0.0580944
0.0552741
0.0527367
0.0504139
0.0483059
0.0463601
0.0445783
0.0429245
0.041394
0.0399711
0.0386376
0.0374017
0.0362249
0.035145
0.0340958
0.0331491
0.0322061
0.0313736
0.0305194
0.0297833
0.0290062
0.0283515
0.0276412
0.0270568
0.0264023
0.0258821
0.0252735
0.0248089
0.0242469
0.0238239
0.0233129
0.0228958
0.0223174
21.7959
3.38042
1.22874
0.663524
0.436612
0.320606
0.251755
0.206655
0.175001
0.151637
0.133714
0.119553
0.108084
0.0986239
0.0906761
0.0839274
0.0781047
0.0730584
0.0686141
0.0647062
0.0612063
0.0580963
0.0552701
0.0527388
0.0504088
0.0483086
0.0463541
0.0445818
0.0429174
0.0413984
0.0399632
0.038643
0.0373935
0.0362322
0.0351368
0.0341051
0.0331402
0.0322159
0.0313625
0.0305282
0.0297712
0.029012
0.0283389
0.0276422
0.0270437
0.0263998
0.0258681
0.0252703
0.0247957
0.024244
0.0238099
0.0232954
0.022924
0.0223031
21.796
3.38034
1.22866
0.663462
0.436559
0.320559
0.251712
0.206614
0.174963
0.1516
0.133679
0.119517
0.108051
0.0985877
0.0906447
0.0838909
0.0780749
0.0730219
0.0685872
0.0646707
0.0611841
0.0580626
0.0552541
0.0527081
0.0504003
0.0482825
0.046354
0.0445615
0.0429248
0.0413836
0.0399754
0.038633
0.0374084
0.0362262
0.0351526
0.0341008
0.0331548
0.032211
0.0313751
0.030522
0.0297822
0.0290046
0.0283472
0.0276343
0.0270502
0.0263933
0.0258737
0.0252661
0.024801
0.0242379
0.0238084
0.0232909
0.0228864
0.0222972
21.796
3.38035
1.22866
0.663463
0.436559
0.320559
0.251712
0.206615
0.174962
0.1516
0.133677
0.119518
0.108049
0.0985889
0.090642
0.0838923
0.0780718
0.0730233
0.0685839
0.0646721
0.0611806
0.0580638
0.0552503
0.0527095
0.0503966
0.0482845
0.0463502
0.0445637
0.0429202
0.0413859
0.0399702
0.0386354
0.0374031
0.0362286
0.0351477
0.0341031
0.0331507
0.0322134
0.0313711
0.0305249
0.0297752
0.0290078
0.0283374
0.027637
0.0270401
0.0263916
0.025867
0.0252557
0.0247988
0.0242154
0.0238229
0.023233
0.0230129
0.0220785
21.7961
3.38032
1.22864
0.663441
0.43654
0.320541
0.251694
0.206596
0.174944
0.15158
0.133657
0.119495
0.108027
0.0985631
0.0906178
0.083864
0.0780456
0.0729935
0.068557
0.0646423
0.0611548
0.0580365
0.055229
0.0526874
0.0503833
0.0482693
0.0463468
0.044555
0.0429266
0.0413813
0.0399842
0.0386329
0.0374214
0.0362271
0.0351668
0.0341031
0.0331678
0.0322145
0.031385
0.0305266
0.0297873
0.0290095
0.0283487
0.0276399
0.0270497
0.0263991
0.0258718
0.0252705
0.0247981
0.0242288
0.0238318
0.0232137
0.0230389
0.0221152
21.7961
3.38032
1.22864
0.663442
0.43654
0.320541
0.251694
0.206596
0.174944
0.151579
0.133657
0.119494
0.108027
0.0985625
0.0906171
0.0838636
0.0780442
0.0729936
0.0685546
0.0646434
0.0611508
0.058039
0.0552234
0.0526922
0.050376
0.0482766
0.0463376
0.0445638
0.0429155
0.0413905
0.039973
0.0386408
0.0374119
0.0362324
0.0351604
0.0341051
0.033165
0.0322141
0.0313845
0.0305237
0.0297871
0.029005
0.0283479
0.0276345
0.0270471
0.0263922
0.0258667
0.0252598
0.0247903
0.0242208
0.023803
0.0232516
0.0229701
0.0220379
21.7961
3.38032
1.22863
0.663422
0.43652
0.32052
0.251672
0.206572
0.17492
0.151552
0.133631
0.119462
0.107997
0.0985257
0.0905854
0.0838219
0.0780112
0.0729477
0.0685218
0.0645951
0.0611213
0.0579924
0.0552014
0.0526529
0.0503658
0.0482484
0.0463396
0.0445472
0.042927
0.0413841
0.0399892
0.0386426
0.0374282
0.0362401
0.0351742
0.0341173
0.0331756
0.0322278
0.0313923
0.0305367
0.0297935
0.0290171
0.0283553
0.0276462
0.0270559
0.0264035
0.0258768
0.0252686
0.0247994
0.024227
0.0238056
0.023263
0.0229492
0.0220239
21.7961
3.38032
1.22863
0.663423
0.436521
0.32052
0.251672
0.206572
0.17492
0.151551
0.133631
0.119461
0.107998
0.0985242
0.0905861
0.0838196
0.0780123
0.0729445
0.0685236
0.0645909
0.061124
0.0579874
0.0552055
0.0526466
0.0503711
0.0482409
0.046346
0.0445384
0.0429342
0.0413739
0.039997
0.0386314
0.037437
0.0362281
0.0351843
0.034104
0.0331867
0.0322135
0.0314038
0.0305216
0.029805
0.029001
0.0283651
0.0276288
0.0270631
0.0263846
0.0258795
0.0252506
0.0247982
0.0242102
0.0238095
0.0232356
0.0229729
0.0220375
21.7961
3.38031
1.22861
0.663406
0.436502
0.3205
0.25165
0.206549
0.174894
0.151525
0.133601
0.119432
0.107963
0.0984903
0.0905454
0.0837809
0.0779663
0.0729017
0.0684741
0.0645461
0.061075
0.057945
0.0551634
0.0526138
0.0503428
0.0482228
0.0463343
0.0445352
0.0429362
0.0413818
0.0400085
0.0386463
0.0374536
0.0362462
0.0352023
0.0341222
0.0332034
0.0322304
0.0314181
0.0305365
0.029817
0.0290147
0.0283758
0.0276414
0.027073
0.0263951
0.0258892
0.0252579
0.0248081
0.0242146
0.0238182
0.0232432
0.0229704
0.0220361
21.7961
3.38031
1.22861
0.663406
0.436502
0.3205
0.251651
0.206549
0.174895
0.151525
0.133602
0.11943
0.107964
0.0984882
0.0905466
0.0837784
0.0779676
0.0728989
0.068475
0.0645436
0.0610755
0.0579431
0.0551635
0.0526123
0.0503425
0.0482216
0.0463338
0.0445341
0.0429353
0.0413809
0.0400066
0.0386461
0.0374504
0.0362475
0.0351972
0.0341253
0.0331964
0.0322344
0.0314098
0.0305408
0.0298079
0.0290172
0.0283658
0.0276411
0.0270611
0.0263928
0.0258753
0.0252549
0.0247922
0.0242137
0.0237959
0.0232798
0.0227803
0.0222397
21.7961
3.38031
1.2286
0.663389
0.436484
0.32048
0.251628
0.206525
0.174868
0.151497
0.133569
0.119399
0.107923
0.0984513
0.0904978
0.0837359
0.0779097
0.0728511
0.0684096
0.064493
0.0610075
0.0578953
0.055102
0.0525772
0.0502996
0.0482076
0.0463148
0.0445394
0.0429358
0.0413988
0.0400209
0.0386708
0.037473
0.0362735
0.0352223
0.0341485
0.0332204
0.0322539
0.0314316
0.0305573
0.0298269
0.0290318
0.0283823
0.0276542
0.0270756
0.0264041
0.0258891
0.025264
0.0248068
0.0242201
0.0238193
0.0232438
0.0229801
0.0220429
21.7961
3.38031
1.2286
0.66339
0.436484
0.32048
0.251629
0.206525
0.174868
0.151497
0.133569
0.119397
0.107924
0.0984488
0.0904999
0.083732
0.0779128
0.0728459
0.0684137
0.0644866
0.0610123
0.0578884
0.0551074
0.05257
0.0503051
0.0482004
0.0463201
0.0445325
0.0429405
0.0413919
0.0400243
0.0386638
0.0374747
0.0362667
0.0352228
0.0341428
0.0332202
0.0322497
0.0314306
0.0305537
0.029825
0.0290281
0.0283791
0.0276496
0.0270713
0.0263985
0.025883
0.0252576
0.0247994
0.0242132
0.0238125
0.0232352
0.0229778
0.0220424
21.7961
3.3803
1.22859
0.663374
0.436466
0.32046
0.251607
0.206501
0.174841
0.151467
0.133537
0.119361
0.107884
0.0984053
0.0904508
0.0836797
0.0778529
0.0727846
0.068343
0.0644187
0.0609349
0.0578222
0.0550354
0.0525225
0.0502576
0.0481874
0.0463044
0.0445492
0.0429454
0.0414254
0.0400416
0.0387064
0.0374983
0.0363107
0.0352473
0.0341821
0.0332429
0.0322815
0.0314509
0.0305777
0.0298423
0.0290459
0.0283934
0.0276639
0.0270826
0.0264108
0.0258915
0.0252698
0.0248067
0.0242252
0.0238207
0.0232457
0.0229854
0.022049
21.7961
3.3803
1.22859
0.663374
0.436466
0.32046
0.251607
0.206501
0.174841
0.151467
0.133537
0.119361
0.107884
0.0984042
0.0904509
0.0836781
0.0778533
0.0727823
0.0683437
0.0644159
0.060936
0.0578191
0.055037
0.0525189
0.0502594
0.0481828
0.0463069
0.044544
0.0429483
0.041419
0.0400442
0.0386979
0.0375004
0.0363007
0.0352496
0.0341721
0.0332453
0.0322723
0.0314524
0.0305696
0.0298428
0.0290381
0.0283928
0.0276554
0.0270808
0.0264012
0.0258885
0.0252595
0.0248027
0.0242157
0.0238147
0.0232378
0.0229792
0.0220432
21.7962
3.3803
1.22857
0.663359
0.436449
0.320441
0.251585
0.206477
0.174815
0.151437
0.133503
0.119324
0.107843
0.0983592
0.0903981
0.0836219
0.0777866
0.0727127
0.0682616
0.0643333
0.0608425
0.0577335
0.0549502
0.052457
0.0502116
0.0481772
0.0463112
0.0445804
0.0429756
0.0414738
0.0400806
0.0387608
0.03754
0.0363646
0.0352916
0.0342323
0.0332902
0.0323252
0.0314991
0.0306146
0.0298882
0.0290779
0.0284342
0.0276926
0.0271182
0.0264358
0.0259237
0.0252916
0.0248362
0.0242495
0.023836
0.0233132
0.0228301
0.022281
21.7962
3.3803
1.22857
0.663359
0.436449
0.320441
0.251585
0.206477
0.174815
0.151437
0.133504
0.119323
0.107843
0.098358
0.0903983
0.0836205
0.0777868
0.0727112
0.0682615
0.0643319
0.0608423
0.0577325
0.0549493
0.0524563
0.0502081
0.0481778
0.0463076
0.0445806
0.0429729
0.0414723
0.0400792
0.0387569
0.0375402
0.0363594
0.0352924
0.0342281
0.0332896
0.0323244
0.0314956
0.0306175
0.0298827
0.0290817
0.0284286
0.0276944
0.0271129
0.0264354
0.0259183
0.0252896
0.0248313
0.0242441
0.023831
0.023311
0.0228083
0.0222667
21.7962
3.38029
1.22856
0.663344
0.436432
0.320423
0.251564
0.206456
0.174787
0.151412
0.133468
0.119293
0.107796
0.0983199
0.0903377
0.0835712
0.077708
0.072646
0.0681612
0.0642479
0.0607223
0.0576373
0.0548325
0.0523945
0.0501748
0.0482116
0.0463612
0.0446689
0.0430557
0.0415771
0.0401728
0.0388604
0.0376299
0.0364458
0.0353721
0.0342931
0.0333593
0.032371
0.0315557
0.0306522
0.0299331
0.0291101
0.0284695
0.0277205
0.0271461
0.0264616
0.0259462
0.0253172
0.0248578
0.0242729
0.0238689
0.0233008
0.0230368
0.0220952
21.7962
3.38029
1.22856
0.663344
0.436432
0.320423
0.251565
0.206455
0.174789
0.15141
0.13347
0.119289
0.1078
0.0983143
0.0903433
0.0835632
0.0777158
0.0726352
0.0681714
0.0642342
0.0607345
0.0576218
0.0548453
0.0523788
0.0501878
0.048196
0.0463727
0.0446538
0.0430664
0.0415644
0.040181
0.0388509
0.0376337
0.0364405
0.0353709
0.0342928
0.0333541
0.0323745
0.0315488
0.0306572
0.0299258
0.0291146
0.0284619
0.027723
0.027138
0.0264616
0.0259381
0.0253146
0.0248478
0.0242694
0.0238485
0.0233335
0.0228497
0.0223008
21.7962
3.38029
1.22855
0.663331
0.436416
0.320411
0.251541
0.206445
0.174753
0.151403
0.133418
0.119287
0.107726
0.0983154
0.0902414
0.0835651
0.0775778
0.0726317
0.0679886
0.0642163
0.06051
0.0575867
0.0546455
0.0523964
0.0502527
0.0484539
0.0466872
0.0450546
0.0434465
0.0419875
0.0405712
0.0392727
0.0380149
0.036843
0.0357282
0.034667
0.0336813
0.0327201
0.0318484
0.0309798
0.0302058
0.0294212
0.028732
0.0280228
0.0274106
0.0267635
0.0262297
0.0256211
0.0251768
0.0245958
0.024215
0.0237385
0.0232545
0.0226857
21.7962
3.38029
1.22855
0.663331
0.436416
0.320411
0.251542
0.206444
0.174755
0.1514
0.133422
0.11928
0.107734
0.098305
0.0902533
0.0835496
0.077595
0.0726102
0.0680121
0.0641878
0.0605406
0.0575532
0.0546767
0.0523762
0.0502678
0.0484454
0.0466898
0.045032
0.0434466
0.0419748
0.0405773
0.0392683
0.0380175
0.0368427
0.0357227
0.0346659
0.0336683
0.0327145
0.0318308
0.0309662
0.030185
0.0293987
0.0287055
0.0279946
0.0273687
0.026738
0.0261595
0.0256018
0.0250774
0.0245584
0.0241399
0.0235625
0.0234114
0.0224391
21.7962
3.38028
1.22854
0.663322
0.436402
0.320402
0.25152
0.206438
0.174721
0.1514
0.133371
0.11929
0.107657
0.098326
0.0901404
0.0835847
0.07743
0.0726623
0.0677657
0.0642745
0.0601611
0.0577735
0.0542118
0.0532346
0.0508095
0.0507877
0.0500111
0.0490203
0.0471662
0.0454754
0.0437662
0.0422496
0.0407075
0.0393939
0.0380481
0.0368889
0.0357615
0.0347199
0.0337519
0.0328754
0.0319975
0.0312472
0.0303993
0.0297541
0.028936
0.0283088
0.0276229
0.0269676
0.0263344
0.0257449
0.0250173
0.0244352
0.0241217
0.0231151
21.7962
3.38029
1.22854
0.663322
0.436403
0.320401
0.251522
0.206435
0.174725
0.151394
0.133379
0.119278
0.107672
0.0983056
0.0901656
0.0835517
0.0774699
0.072611
0.067829
0.0641886
0.0602732
0.0576282
0.0544092
0.0529567
0.0510811
0.0503587
0.0493491
0.0479971
0.0462536
0.044572
0.0429569
0.0414287
0.0400028
0.0386588
0.0374185
0.0362291
0.0351628
0.0341011
0.0331853
0.0322459
0.0314423
0.0306323
0.0299017
0.0292531
0.0285163
0.0280573
0.0272882
0.0267341
0.0259284
0.0254575
0.0246047
0.0241122
0.0233403
0.0228711
21.7962
3.38028
1.22854
0.663311
0.436403
0.320376
0.251539
0.206383
0.17477
0.151302
0.133461
0.119134
0.107801
0.0980963
0.090348
0.0832621
0.0777081
0.0722191
0.0681227
0.0636449
0.060632
0.0569305
0.055168
0.0546586
0.0610394
0.115926
0.110806
0.110472
0.108959
0.10613
0.102333
0.0987722
0.0952253
0.0917282
0.0882519
0.0849915
0.0819079
0.0790691
0.0764469
0.0740366
0.0718441
0.0698026
0.0679826
0.0662615
0.0647708
0.0633472
0.062149
0.0609385
0.0600771
0.0586285
0.0580826
0.0560235
0.0553933
0.052612
21.7962
3.38029
1.22854
0.663312
0.436404
0.320377
0.251539
0.206384
0.174768
0.151306
0.133456
0.119141
0.107791
0.0981085
0.0903322
0.0832801
0.0776864
0.0722442
0.0680893
0.0636903
0.0605748
0.0569745
0.0551174
0.0546766
0.059884
0.087858
0.0912137
0.0940519
0.0964811
0.0942629
0.093918
0.092382
0.0902459
0.087781
0.0851328
0.0825229
0.0799913
0.077606
0.0753908
0.0732976
0.0714347
0.0696115
0.068089
0.0664909
0.0653077
0.0638602
0.0631322
0.0614266
0.0618495
0.0582236
0.0572077
0.0561092
0.055155
0.0541096
21.7962
3.38028
1.22853
0.663306
0.436402
0.320366
0.251543
0.206364
0.174782
0.151269
0.133484
0.119083
0.107838
0.0980229
0.0904001
0.0831578
0.0777848
0.072039
0.0683093
0.0631662
0.0612974
0.0555026
0.0568468
0.0610958
0.327822
0.375948
0.190638
0.153895
0.122596
0.105627
0.0975147
0.0931171
0.0896035
0.0861581
0.0827111
0.0793784
0.0761887
0.073165
0.0703164
0.0676304
0.0651327
0.0627673
0.0605803
0.0584872
0.0565394
0.05468
0.0528812
0.0512522
0.0494905
0.0481158
0.0462934
0.0451928
0.0432206
0.0422981
21.7962
3.38028
1.22854
0.663306
0.436404
0.320363
0.251549
0.206355
0.174795
0.151253
0.133505
0.119059
0.107866
0.0979904
0.0904353
0.0831211
0.0778124
0.0720405
0.0682363
0.0633671
0.0609082
0.0562268
0.0559437
0.0589334
0.232311
0.309698
0.18818
0.124935
0.110287
0.102015
0.0968125
0.0930283
0.0895597
0.0860592
0.082585
0.079279
0.0761497
0.0732189
0.0704681
0.0678936
0.0655035
0.0632405
0.0611564
0.059149
0.0572989
0.0555017
0.0537832
0.0521956
0.0504969
0.0491762
0.0472867
0.0463448
0.0442712
0.043534
21.7962
3.38028
1.22853
0.663305
0.436402
0.320365
0.251545
0.20636
0.174787
0.151262
0.133494
0.119071
0.107853
0.098002
0.0904268
0.0831221
0.0778245
0.072012
0.0682553
0.0634757
0.0603125
0.0567272
0.0554946
0.112767
0.175993
0.191795
0.155544
0.12362
0.106277
0.0978455
0.093282
0.0897217
0.0862654
0.0828362
0.0795342
0.0763757
0.0734359
0.070651
0.0681175
0.0657072
0.063563
0.0614881
0.0596915
0.0578676
0.0565392
0.0542218
0.052565
0.0516139
0.0492837
0.0485443
0.0465938
0.0457548
0.0448124
21.7962
3.38028
1.22853
0.663306
0.436401
0.320368
0.251541
0.206367
0.174779
0.151272
0.133484
0.119081
0.107845
0.0980088
0.0904206
0.0831276
0.0778202
0.0720018
0.0683268
0.0632043
0.0611301
0.0559114
0.0584656
0.105646
0.185406
0.186907
0.125857
0.111283
0.102216
0.0968181
0.0932112
0.0899009
0.0865208
0.0831776
0.0800239
0.0770702
0.0743652
0.0718377
0.0695508
0.0674063
0.0654713
0.0636641
0.0619959
0.0605164
0.0589809
0.0579418
0.056182
0.0561478
0.0526718
0.0515754
0.0509025
0.0505558
0.0477505
21.7962
3.38028
1.22853
0.663309
0.436403
0.320376
0.25154
0.206382
0.174771
0.151302
0.133461
0.119134
0.107799
0.0980973
0.0903446
0.0832636
0.0777045
0.0722192
0.0681174
0.0636558
0.0605846
0.0569822
0.0551488
0.0583037
0.112179
0.114415
0.111899
0.110864
0.108306
0.105946
0.102254
0.0986236
0.095035
0.0913866
0.0878022
0.0843409
0.0810398
0.0779642
0.0750002
0.072353
0.0696921
0.0674724
0.0650399
0.0632171
0.0609338
0.0594565
0.0572679
0.0560414
0.0539318
0.052813
0.0507167
0.0496209
0.0475919
0.0464903
21.7962
3.38029
1.22854
0.66331
0.436403
0.320377
0.251538
0.206386
0.174766
0.151307
0.133454
0.119141
0.107792
0.0981038
0.0903384
0.0832689
0.0776989
0.0722251
0.0681109
0.0636581
0.0606009
0.0569616
0.0551923
0.0578622
0.0949611
0.0888051
0.0922906
0.0941992
0.0964936
0.095443
0.0932823
0.0908377
0.0881742
0.0852156
0.0822464
0.0792637
0.0764491
0.0737196
0.0711519
0.0687246
0.0663749
0.0642561
0.0620497
0.0602417
0.0580819
0.0565962
0.0543713
0.0532077
0.0508328
0.0498944
0.0475769
0.0468652
0.044333
0.0441779
21.7962
3.38028
1.22854
0.663318
0.4364
0.320403
0.251518
0.206442
0.174716
0.151407
0.133361
0.1193
0.107642
0.0983407
0.0901198
0.0836043
0.0774024
0.072688
0.0677302
0.0643014
0.0601325
0.0577802
0.0542219
0.0531809
0.0508045
0.0507749
0.0500136
0.0488908
0.0471017
0.0453136
0.0436582
0.0420104
0.0405516
0.0390887
0.0378266
0.0365291
0.0354412
0.0342851
0.0333472
0.0323106
0.0314991
0.0305623
0.0298559
0.0290003
0.0283808
0.0275883
0.0270409
0.0262945
0.0258078
0.025092
0.0246599
0.0239542
0.0236199
0.022726
21.7962
3.38029
1.22854
0.663319
0.436402
0.320401
0.251523
0.206435
0.174726
0.151394
0.133378
0.119278
0.10767
0.0983066
0.0901609
0.0835545
0.077462
0.0726161
0.0678163
0.0641992
0.0602524
0.057643
0.0543793
0.052989
0.0510011
0.0504944
0.0492435
0.0478767
0.0461467
0.0444134
0.0428139
0.0412292
0.0398235
0.0384174
0.037197
0.035946
0.0348876
0.033768
0.0328492
0.0318405
0.0310407
0.0301257
0.0294273
0.0285919
0.0279791
0.0272108
0.0266705
0.0259581
0.0254786
0.0248098
0.0243881
0.0237336
0.0234405
0.0225048
21.7962
3.38029
1.22854
0.663326
0.436414
0.320411
0.251541
0.206446
0.174752
0.151404
0.133416
0.119287
0.107723
0.0983153
0.0902373
0.0835643
0.0775727
0.0726296
0.0679831
0.0642105
0.060508
0.0575706
0.0546547
0.0523654
0.0502601
0.0484199
0.0466923
0.0450093
0.043455
0.0419433
0.0405802
0.0392251
0.0380132
0.0367854
0.0357081
0.034593
0.0336388
0.0326242
0.0317819
0.0308557
0.0301131
0.0292635
0.0286086
0.0278251
0.0272466
0.0265202
0.0260084
0.0253309
0.024877
0.024239
0.0238412
0.0232143
0.0229463
0.0220274
21.7962
3.38029
1.22855
0.663327
0.436415
0.32041
0.251543
0.206443
0.174757
0.151398
0.133424
0.119277
0.107735
0.0983008
0.0902541
0.0835447
0.077595
0.0726043
0.0680116
0.0641803
0.0605404
0.0575421
0.0546791
0.0523552
0.0502734
0.0484222
0.0466892
0.0450013
0.0434494
0.0419389
0.0405778
0.0392205
0.0380099
0.0367784
0.0357022
0.0345841
0.0336297
0.0326142
0.031769
0.030845
0.0300962
0.0292521
0.028588
0.0278127
0.0272233
0.0265066
0.0259833
0.0253164
0.0248513
0.024225
0.0238184
0.023201
0.022933
0.0220167
21.7962
3.38029
1.22855
0.663338
0.43643
0.320423
0.251565
0.206456
0.174788
0.151411
0.133468
0.119291
0.107796
0.0983156
0.0903377
0.0835643
0.0777089
0.0726358
0.0681638
0.064233
0.0607276
0.0576157
0.0548398
0.0523652
0.0501804
0.0481762
0.0463638
0.0446303
0.0430588
0.0415381
0.0401705
0.0388189
0.0376148
0.036403
0.0353407
0.0342502
0.0333107
0.032324
0.0314903
0.030593
0.0298518
0.0290313
0.0283711
0.0276162
0.0270276
0.0263289
0.0258039
0.0251535
0.0246857
0.0240789
0.023658
0.0231056
0.0226587
0.0220945
21.7962
3.38029
1.22855
0.663338
0.43643
0.320424
0.251566
0.206456
0.174789
0.15141
0.133469
0.119289
0.107798
0.0983134
0.0903397
0.0835614
0.0777112
0.0726324
0.0681658
0.0642295
0.0607278
0.0576135
0.0548379
0.0523647
0.0501784
0.0481765
0.0463624
0.0446307
0.0430597
0.0415391
0.0401741
0.0388196
0.0376206
0.0364025
0.035348
0.0342479
0.0333184
0.032321
0.0314984
0.0305908
0.0298601
0.0290308
0.0283798
0.0276175
0.0270376
0.0263317
0.0258159
0.0251581
0.0246995
0.0240857
0.023671
0.0231198
0.0226552
0.0221063
21.7962
3.3803
1.22856
0.663352
0.436447
0.320441
0.251586
0.206477
0.174815
0.151436
0.133503
0.119322
0.107842
0.0983546
0.0903971
0.0836153
0.0777853
0.0727037
0.0682598
0.0643213
0.06084
0.0577174
0.0549456
0.0524353
0.050204
0.0481503
0.0463022
0.0445462
0.0429638
0.0414302
0.0400631
0.0387062
0.0375145
0.036301
0.0352563
0.0341627
0.0332417
0.0322496
0.0314336
0.0305293
0.0298039
0.0289754
0.0283297
0.0275658
0.0269913
0.0262823
0.0257713
0.025109
0.0246552
0.0240335
0.0236344
0.0230279
0.0227604
0.0218444
21.7962
3.3803
1.22856
0.663353
0.436447
0.320441
0.251586
0.206478
0.174815
0.151437
0.133503
0.119323
0.107841
0.0983563
0.090395
0.0836177
0.0777826
0.0727071
0.0682567
0.0643256
0.0608373
0.0577222
0.054943
0.0524408
0.0502015
0.0481557
0.0463
0.0445517
0.0429623
0.041436
0.0400632
0.0387125
0.0375166
0.0363073
0.0352597
0.0341682
0.033246
0.0322546
0.0314389
0.0305344
0.0298101
0.0289814
0.0283364
0.0275735
0.0269983
0.0262922
0.0257788
0.0251214
0.0246633
0.0240489
0.0236352
0.0230786
0.0226179
0.0220689
21.7961
3.3803
1.22857
0.663365
0.436463
0.32046
0.251607
0.206501
0.174841
0.151467
0.133535
0.11936
0.107882
0.0984025
0.0904467
0.0836757
0.0778476
0.0727788
0.0683363
0.0644105
0.0609268
0.0578107
0.0550255
0.0525064
0.0502447
0.0481665
0.0462877
0.0445213
0.0429224
0.0413866
0.0400102
0.0386538
0.0374586
0.0362445
0.0352003
0.0341033
0.0331869
0.0321895
0.0313815
0.0304701
0.0297545
0.0289183
0.028282
0.0275118
0.0269446
0.0262311
0.0257248
0.0250586
0.0246078
0.0239782
0.0235831
0.0229643
0.0226953
0.0217877
21.7961
3.3803
1.22858
0.663366
0.436463
0.32046
0.251608
0.206502
0.174842
0.151467
0.133535
0.11936
0.107881
0.0984033
0.0904455
0.0836771
0.0778456
0.0727812
0.0683334
0.0644141
0.0609231
0.0578158
0.0550213
0.052512
0.0502408
0.0481724
0.0462841
0.0445273
0.0429201
0.041393
0.0400097
0.0386608
0.0374595
0.0362518
0.0352022
0.0341109
0.0331898
0.0321972
0.0313854
0.030478
0.02976
0.0289265
0.0282894
0.0275206
0.0269535
0.026241
0.0257348
0.0250709
0.024618
0.0239962
0.023586
0.0230191
0.0225684
0.0220121
21.7961
3.38031
1.22859
0.663381
0.436481
0.32048
0.251629
0.206526
0.174868
0.151496
0.133568
0.119395
0.107923
0.0984453
0.0904972
0.0837269
0.077909
0.072839
0.0684085
0.0644777
0.0610049
0.0578775
0.0550962
0.052557
0.0502888
0.0481854
0.046297
0.0445133
0.0429077
0.0413649
0.0399805
0.0386259
0.0374208
0.0362159
0.0351603
0.0340767
0.0331488
0.0321656
0.0313475
0.0304484
0.0297251
0.0288976
0.0282567
0.0274911
0.0269217
0.0262101
0.0257026
0.0250379
0.0245841
0.0239573
0.0235594
0.0229398
0.0226716
0.0217741
21.7961
3.38031
1.22859
0.663381
0.436481
0.32048
0.25163
0.206526
0.174868
0.151497
0.133568
0.119396
0.107921
0.098447
0.0904948
0.0837298
0.0779055
0.0728432
0.0684039
0.0644831
0.0609997
0.0578836
0.0550911
0.0525633
0.0502845
0.0481907
0.0462945
0.0445172
0.0429076
0.0413678
0.0399826
0.0386285
0.0374244
0.0362188
0.0351644
0.0340809
0.0331528
0.0321716
0.0313512
0.0304561
0.0297292
0.0289067
0.0282619
0.027501
0.0269285
0.0262205
0.0257112
0.025049
0.0245951
0.0239708
0.0235716
0.0229575
0.0226916
0.0217845
21.7961
3.38031
1.2286
0.663396
0.436499
0.3205
0.251651
0.20655
0.174894
0.151525
0.133599
0.11943
0.107959
0.0984873
0.0905405
0.0837764
0.0779597
0.0728952
0.0684655
0.0645376
0.0610641
0.0579341
0.0551494
0.0525995
0.0503246
0.0482043
0.0463107
0.0445098
0.0429049
0.0413466
0.0399675
0.0385997
0.037402
0.0361871
0.0351382
0.0340486
0.0331244
0.0321394
0.0313214
0.030424
0.0296978
0.0288739
0.0282285
0.0274663
0.0268925
0.0261831
0.0256724
0.0250086
0.0245531
0.0239309
0.0235177
0.0229511
0.0225057
0.0219503
21.7961
3.38031
1.2286
0.663397
0.436499
0.320501
0.251652
0.20655
0.174895
0.151525
0.1336
0.11943
0.10796
0.0984865
0.0905414
0.0837754
0.0779607
0.0728942
0.0684667
0.0645368
0.0610656
0.0579336
0.0551514
0.0525989
0.0503272
0.048204
0.0463133
0.0445105
0.0429073
0.041349
0.0399697
0.0386039
0.0374042
0.0361927
0.0351409
0.0340553
0.0331282
0.0321469
0.0313266
0.0304322
0.0297046
0.0288833
0.0282368
0.0274773
0.0269028
0.0261957
0.0256849
0.0250227
0.0245685
0.0239437
0.0235455
0.0229325
0.0226666
0.0217598
21.7961
3.38032
1.22861
0.663412
0.436517
0.32052
0.251673
0.206573
0.174919
0.151552
0.133628
0.119462
0.107993
0.0985239
0.0905789
0.0838183
0.0780028
0.0729419
0.0685116
0.0645867
0.0611094
0.0579808
0.0551871
0.0526368
0.050348
0.0482263
0.046317
0.0445167
0.0428978
0.0413424
0.0399526
0.0385882
0.0373835
0.0361713
0.035119
0.034031
0.033106
0.0321213
0.0313043
0.0304065
0.0296817
0.0288576
0.028213
0.0274511
0.0268777
0.0261674
0.0256583
0.024992
0.0245409
0.0239099
0.0235144
0.022898
0.0226289
0.0217262
21.7961
3.38032
1.22861
0.663413
0.436517
0.320521
0.251673
0.206574
0.17492
0.151552
0.133628
0.119461
0.107993
0.098523
0.09058
0.0838168
0.0780045
0.0729399
0.0685142
0.0645841
0.0611129
0.057978
0.0551912
0.0526344
0.0503519
0.0482251
0.04632
0.0445177
0.0428994
0.0413463
0.0399526
0.0385946
0.0373829
0.0361791
0.0351192
0.0340393
0.0331078
0.03213
0.0313075
0.0304161
0.029686
0.0288687
0.0282184
0.0274643
0.026884
0.0261833
0.0256657
0.02501
0.0245497
0.0239298
0.0235284
0.0229162
0.0226465
0.021742
21.7961
3.38032
1.22863
0.663431
0.436536
0.320541
0.251695
0.206597
0.174944
0.15158
0.133656
0.119493
0.108023
0.0985591
0.0906124
0.0838579
0.0780384
0.0729852
0.0685474
0.0646318
0.0611418
0.0580239
0.0552118
0.0526733
0.0503605
0.0482522
0.0463164
0.0445315
0.042887
0.0413483
0.0399353
0.038588
0.0373631
0.0361674
0.035098
0.0340244
0.0330862
0.032112
0.0312867
0.0303943
0.0296663
0.0288434
0.0281985
0.0274365
0.0268617
0.0261534
0.0256403
0.0249781
0.0245206
0.0238952
0.0234947
0.0228766
0.0226038
0.021704
21.7961
3.38033
1.22863
0.663431
0.436537
0.320542
0.251695
0.206598
0.174944
0.15158
0.133656
0.119492
0.108024
0.0985576
0.0906146
0.0838552
0.078042
0.0729812
0.0685525
0.0646269
0.061148
0.0580191
0.0552183
0.0526693
0.0503661
0.0482507
0.0463197
0.0445334
0.0428876
0.0413535
0.0399346
0.0385949
0.0373634
0.0361733
0.035102
0.0340275
0.0330952
0.0321127
0.0312995
0.0303948
0.0296809
0.028846
0.0282138
0.0274415
0.0268784
0.0261606
0.0256587
0.0249878
0.0245404
0.0239083
0.0235135
0.0228948
0.0226236
0.0217264
21.796
3.38035
1.22865
0.663452
0.436556
0.320559
0.251714
0.206616
0.174964
0.151599
0.133678
0.119514
0.108048
0.0985822
0.0906408
0.0838826
0.0780699
0.0730105
0.0685807
0.0646559
0.0611745
0.0580445
0.0552402
0.0526875
0.0503814
0.0482585
0.0463277
0.0445306
0.0428893
0.041343
0.0399306
0.0385807
0.0373533
0.0361597
0.0350856
0.0340166
0.0330738
0.0321033
0.0312766
0.0303837
0.0296596
0.0288314
0.0281941
0.0274241
0.0268588
0.0261413
0.0256382
0.0249658
0.0245187
0.023883
0.0234883
0.0228675
0.0225937
0.0216984
21.796
3.38035
1.22865
0.663453
0.436556
0.320559
0.251714
0.206616
0.174964
0.1516
0.133678
0.119514
0.108048
0.0985822
0.0906409
0.0838825
0.0780701
0.0730106
0.0685809
0.0646567
0.0611744
0.0580464
0.0552394
0.0526912
0.0503794
0.0482641
0.0463246
0.0445381
0.0428855
0.0413517
0.0399273
0.0385892
0.0373522
0.0361665
0.035088
0.0340211
0.0330797
0.0321069
0.0312842
0.0303889
0.0296669
0.0288397
0.0282009
0.0274353
0.026866
0.0261548
0.025647
0.0249813
0.0245281
0.023902
0.0234924
0.0229215
0.0224716
0.0219229
21.7959
3.38042
1.22872
0.663512
0.436608
0.320605
0.251756
0.206655
0.175002
0.151635
0.133713
0.119548
0.108083
0.0986164
0.0906742
0.0839173
0.0781019
0.0730456
0.0686103
0.0646903
0.0612
0.0580764
0.0552598
0.0527151
0.0503931
0.0482805
0.0463309
0.0445469
0.0428847
0.041355
0.0399197
0.03859
0.0373371
0.036168
0.0350637
0.0340257
0.0330464
0.0321143
0.0312456
0.0303954
0.02963
0.028841
0.0281715
0.0274318
0.0268456
0.0261518
0.0256344
0.0249842
0.0245244
0.0239148
0.023505
0.0229539
0.0224976
0.0219615
21.7959
3.38042
1.22872
0.663513
0.436609
0.320606
0.251756
0.206656
0.175002
0.151636
0.133713
0.119549
0.108082
0.0986172
0.0906738
0.083918
0.0781015
0.0730465
0.0686099
0.0646917
0.0611995
0.0580786
0.0552593
0.052718
0.0503927
0.048284
0.0463313
0.04455
0.0428874
0.0413559
0.0399267
0.0385867
0.0373501
0.0361593
0.0350831
0.034013
0.0330699
0.0321011
0.0312692
0.0303865
0.0296499
0.0288392
0.0281865
0.0274369
0.0268573
0.0261616
0.0256446
0.0249967
0.0245356
0.0239297
0.0235175
0.0229698
0.0225093
0.0219746
21.7962
3.38026
1.22849
0.663261
0.436357
0.320361
0.251525
0.206441
0.174808
0.151449
0.133531
0.119366
0.107901
0.0984316
0.0904895
0.0837291
0.0779137
0.0728545
0.0684186
0.0644975
0.0610048
0.0578833
0.0550612
0.0525223
0.0501921
0.0480882
0.0461295
0.0443537
0.042687
0.0411577
0.0397306
0.0383783
0.0371251
0.0359089
0.0348068
0.033713
0.0327385
0.0317608
0.0308892
0.0300214
0.0292329
0.0284643
0.0277459
0.0270608
0.0264082
0.0257861
0.0252028
0.0246253
0.0241143
0.023571
0.023158
0.0225814
0.0223958
0.021631
21.7962
3.38026
1.22849
0.663262
0.436357
0.320361
0.251525
0.206442
0.174808
0.151449
0.133532
0.119366
0.107901
0.0984315
0.0904899
0.0837286
0.0779145
0.0728535
0.0684205
0.0644954
0.0610089
0.0578792
0.0550684
0.0525154
0.050203
0.0480783
0.0461439
0.044342
0.0427031
0.0411471
0.0397454
0.0383723
0.0371363
0.03591
0.0348137
0.0337205
0.0327443
0.0317699
0.0309002
0.0300258
0.0292554
0.028459
0.0277834
0.0270455
0.0264567
0.0257705
0.0252479
0.0246249
0.0241474
0.0235851
0.0231826
0.0226065
0.0224152
0.0216197
0.0110914
0.0114503
0.0118083
0.0121593
0.0125053
0.0128477
0.0131815
0.0135154
0.0138362
0.0141613
0.0144676
0.0147836
0.0150743
0.0153803
0.0156562
0.0159499
0.0162132
0.0164921
0.0167454
0.0170087
0.0172533
0.0175037
0.0177408
0.0179829
0.0182138
0.0184529
0.0186788
0.0189189
0.0191405
0.0193823
0.019601
0.0198384
0.0200457
0.020272
0.0204683
0.0206813
0.0208672
0.0210651
0.0212415
0.0214235
0.0215908
0.0217571
0.0219134
0.0220675
0.0222095
0.0223558
0.0224808
0.0226224
0.0227292
0.0228663
0.0229559
0.0230854
0.0231621
0.0233159
0.0110941
0.0114476
0.0118118
0.0121561
0.0125093
0.012844
0.0131858
0.0135114
0.013841
0.0141572
0.0144727
0.0147795
0.0150797
0.015376
0.0156618
0.0159455
0.0162186
0.0164876
0.0167505
0.017004
0.0172578
0.0174993
0.0177444
0.0179794
0.0182163
0.0184508
0.0186801
0.0189185
0.0191411
0.0193832
0.0196014
0.0198399
0.0200468
0.0202736
0.0204702
0.0206828
0.02087
0.0210669
0.0212447
0.0214261
0.0215942
0.0217609
0.0219172
0.0220726
0.0222142
0.0223625
0.0224866
0.0226306
0.0227363
0.022876
0.0229643
0.0230964
0.0231766
0.0233238
0.291426
0.0677979
0.324985
0.109914
0.107714
0.408014
0.356228
0.429696
0.140998
0.131015
0.198901
0.0618662
0.115719
0.110084
0.131502
0.36422
0.14703
0.294944
0.128446
0.146048
0.10743
0.060252
0.284717
0.0539139
0.334427
0.151623
0.142839
0.328135
0.408101
0.390838
0.428564
0.105624
0.0598157
0.197994
0.0666278
0.109424
0.124585
0.150528
0.24153
0.370772
0.10889
0.289049
0.0570148
0.0546197
0.0572322
0.057749
0.0890823
0.0575429
0.089732
0.0472379
0.0613401
0.0493759
0.104103
0.18935
0.108147
0.19639
0.0550322
0.0546123
0.0548519
0.058353
0.0775238
0.0580444
0.0721189
0.0525546
0.0592675
0.049084
0.0900159
0.135479
0.0853976
0.112189
0.0596273
0.0568821
0.0568708
0.0588826
0.0619505
0.0590363
0.0628435
0.423475
0.375491
0.393097
0.47678
0.44355
0.28697
0.37141
0.286909
0.177734
0.21088
0.179243
0.209174
0.0589273
0.0559856
0.0590033
0.0567135
0.0601362
0.0570981
0.06188
0.422669
0.29279
0.152603
0.227886
0.418138
0.305793
0.288768
0.282486
0.183043
0.210927
0.179338
0.205857
0.0675364
0.0567559
0.0642147
0.0563639
0.059633
0.0565926
0.0566405
0.641239
0.110453
0.0922637
0.0911613
0.441765
0.489196
0.412141
0.210955
0.176673
0.211653
0.375965
0.286666
0.374489
0.28972
0.0608374
0.0571038
0.0587969
0.0566921
0.0590789
0.0563834
0.0586703
0.177765
0.120713
0.109021
0.463399
0.119147
0.5038
0.507048
0.212953
0.176851
0.203498
0.31169
0.309342
0.286567
0.278919
0.0868716
0.0586249
0.0881969
0.0546261
0.0561107
0.0546018
0.0566335
0.178587
0.123288
0.190429
0.0614842
0.0457997
0.0624968
0.0484085
0.0770574
0.0576133
0.0714078
0.0545052
0.0555714
0.0545385
0.0554165
0.138213
0.083857
0.108289
0.0594436
0.051576
0.057919
0.0479698
0.704675
0.16536
0.355013
0.204509
0.512671
0.698908
0.338949
0.181784
0.178399
0.661998
0.648926
0.112862
0.10431
0.0963036
0.486442
1.38504
1.09585
0.638804
0.0898702
0.108417
0.0926327
0.599384
1.36079
1.27922
0.425248
0.404421
0.438953
0.45189
0.424381
0.494533
0.41916
0.410133
0.165239
0.148687
0.146475
0.327951
0.492997
0.494347
0.401976
0.157175
0.143203
0.150509
0.388958
0.229099
0.158003
0.145514
0.139859
0.487674
0.16504
0.118807
0.124317
0.128688
0.129018
0.20829
0.109147
0.118923
0.415792
0.104223
0.280679
0.938817
0.149963
0.103465
0.12508
0.109781
0.151294
0.149879
0.0988637
0.424393
0.137957
0.192738
0.193929
0.427461
0.502112
0.510921
0.416966
0.153603
0.120227
0.398412
0.149632
0.499522
0.417096
0.426504
0.15682
0.128832
0.157169
0.356014
1.40079
1.08163
0.61837
0.101168
0.0909712
0.0834077
0.604954
1.41759
1.31442
0.720301
0.161456
0.348989
0.1868
0.505128
0.710255
0.345378
0.178514
0.663039
0.178488
0.407492
0.152514
0.156404
0.146621
0.329343
0.489539
0.485833
0.402495
0.156062
0.162217
0.152978
0.39199
0.419335
0.376201
0.390643
0.476041
0.440808
0.423528
0.404227
0.438799
0.421907
0.452367
0.207333
0.958393
0.14648
0.122251
0.115373
0.12191
0.137488
0.127324
0.0521888
0.19784
0.163837
0.134601
0.495366
0.137192
0.156401
0.11502
0.123062
0.127453
0.111512
0.416776
0.113901
0.149322
0.392673
0.148198
0.504071
0.423502
0.421302
0.128731
0.155983
0.148345
0.347605
0.415712
0.300982
0.151495
0.413693
0.223403
0.428473
0.133119
0.189441
0.191631
0.421116
0.199586
0.0960663
0.0652415
0.0768259
0.0718389
0.0757836
0.165687
0.120276
0.0909278
0.060631
0.0717438
0.0871488
0.138841
0.0741685
0.199253
0.0642168
0.0770056
0.0736566
0.0848051
0.0860425
0.187002
0.453926
0.399944
0.451797
0.387203
0.466142
0.370823
0.463503
0.449438
0.437176
0.433392
0.365239
0.448727
0.367351
0.445878
0.127828
0.0612938
0.0847376
0.0728106
0.0865359
0.073958
0.11845
0.416696
0.326498
0.323143
0.346209
0.27126
0.424705
0.337082
0.426556
0.300506
0.226337
0.369561
0.238261
0.34782
0.430852
0.196193
0.0761052
0.0898859
0.0588091
0.076257
0.0942095
0.168103
0.19791
0.0723157
0.0668149
0.095921
0.0831402
0.183661
0.0827231
0.450898
0.393244
0.400357
0.453411
0.372927
0.466634
0.458556
0.454036
0.368623
0.438746
0.435023
0.377028
0.450318
0.451233
0.122253
0.0743569
0.0927744
0.0620593
0.140719
0.0734986
0.0814918
0.128532
0.0715024
0.0611131
0.0733168
0.0732328
0.0883018
0.124811
0.418492
0.344372
0.334357
0.324466
0.423323
0.341735
0.273392
0.415288
0.376827
0.298671
0.223304
0.346448
0.2343
0.42576
0.555625
0.579621
0.581454
0.4142
0.588876
0.552526
0.58829
0.526889
0.581122
0.709773
0.430297
0.529707
0.738882
0.739813
0.532151
0.565661
0.412603
0.605824
0.535921
0.594644
0.538905
0.522564
0.295983
0.453871
0.414299
0.516665
0.483333
0.238839
0.463004
0.21399
0.522466
0.408699
0.277048
0.318419
0.406838
0.551319
0.502721
0.477927
0.498351
0.430136
0.182455
0.146481
0.230561
0.11036
0.37262
1.2029
0.209507
0.637123
1.2101
0.369836
0.215901
0.609002
0.580812
0.714326
0.483136
0.670226
0.796465
0.793459
0.672061
0.332721
0.61817
0.935467
0.209382
1.14731
0.215605
0.254335
0.493846
0.50658
0.116273
0.177961
0.183716
0.142652
0.211093
0.10639
0.142361
0.240207
0.424613
0.298259
0.355611
0.102741
0.100149
0.118933
0.0864748
0.193524
0.304709
0.682405
0.125058
0.231089
0.439087
0.141044
0.486123
0.485232
0.824823
0.300943
1.24484
0.701624
0.304878
0.828297
1.24586
0.666629
0.610024
0.744735
0.547325
0.679739
0.784124
0.785916
0.68595
0.818863
0.705139
0.279249
0.932034
0.27967
1.18595
0.524431
0.822797
0.307067
1.23326
0.708261
0.8245
0.312082
1.23768
0.663557
0.736819
0.766091
0.64385
0.67547
0.781337
0.68224
0.781593
0.805703
0.699036
0.285133
1.17619
0.296542
1.21363
0.785481
0.353849
0.187228
1.2574
0.636803
0.195898
1.23601
0.338489
0.642448
0.611121
0.747147
0.519795
0.681771
0.812803
0.81234
0.677864
0.329512
0.630888
0.156545
0.92433
0.168508
1.16647
0.261851
1.39961
1.34924
0.355303
0.191509
0.623517
1.22758
0.206953
0.338358
1.19918
0.641812
0.755518
0.636397
0.749824
0.346391
0.602321
0.196261
1.1383
0.207897
1.14032
0.342146
0.661744
0.787138
0.654452
0.784395
1.38633
1.40772
0.550679
0.577513
0.587891
0.421501
0.554475
0.577921
0.596161
0.52551
0.694608
0.497689
0.72865
0.531081
0.738708
0.532185
0.736333
0.548904
0.4229
0.570989
0.608365
0.526587
0.576738
0.633179
0.498318
0.509662
0.265057
0.226204
0.630889
0.405067
0.230821
0.629782
0.266879
0.460483
0.403093
0.512411
0.351496
0.443748
0.504249
0.431859
0.510022
0.277319
0.425547
0.151314
0.522242
0.175022
0.639532
0.226777
0.483948
0.485361
0.249959
0.218378
0.395911
0.628273
0.218281
0.261893
0.618185
0.402353
0.521478
0.41496
0.491943
0.228673
0.389899
0.210747
0.621261
0.212114
0.629433
0.250412
0.406634
0.509349
0.418696
0.46112
0.258287
0.175554
0.255663
0.251354
0.157677
0.216612
0.335588
0.244884
0.532701
0.291445
0.437908
0.350291
0.355238
0.222368
0.781477
0.178195
0.542409
0.507152
0.180403
0.147511
0.223526
0.12108
0.149004
0.167636
0.137272
0.142434
0.152933
0.155751
0.114566
0.104187
0.0879109
0.12792
0.0667043
0.0708012
0.0982289
0.0738171
0.0961758
0.203733
0.216177
0.148165
0.116233
0.170101
0.200637
0.144372
0.124316
0.206717
0.161935
0.259503
0.143344
0.318225
0.119981
0.239467
0.415262
0.277905
0.342247
0.192768
0.327627
0.130891
0.649807
0.126188
0.221325
0.461492
0.144075
0.149992
0.178455
0.124975
0.400839
0.577002
0.0924225
0.146328
0.107964
0.13849
0.143633
0.100494
0.0629543
0.0293431
0.0102903
0.0326707
0.00889124
0.015133
0.0567998
0.0472448
0.021107
0.0786454
0.176708
0.140633
0.0730214
0.134556
0.163649
0.100684
0.112473
0.2255
0.236935
0.449151
0.591707
0.423149
0.218107
0.471144
0.546751
0.1691
0.109516
0.163501
0.0365059
0.0977782
0.103458
0.0880263
0.101514
0.347913
0.432922
0.483807
0.431214
0.504204
0.405377
0.276529
0.486733
0.480944
0.263663
0.410446
0.221654
0.640126
0.22642
0.630929
0.26685
0.395735
0.490551
0.403477
0.474475
0.265073
0.402727
0.171425
0.622998
0.258229
0.165969
0.624008
0.410526
0.498219
0.419892
0.505241
0.505825
0.518556
0.283269
0.161659
0.644102
0.42776
0.159498
0.273941
0.642396
0.435573
0.448441
0.521984
0.353482
0.431615
0.512362
0.427656
0.504535
0.281237
0.470657
0.203608
0.543776
0.215653
0.659174
0.240871
1.37928
1.33366
0.338578
1.23023
0.204086
0.619328
0.353853
1.23979
0.201073
0.656634
0.764778
0.649785
0.766733
0.668223
0.798257
0.67657
0.797452
0.338913
0.60736
1.16658
0.188244
0.339168
1.16042
0.195308
1.38322
1.43221
0.828951
1.24701
0.310225
0.703283
1.24168
0.311313
0.838928
0.662573
0.604303
0.739959
0.543641
0.68287
0.791235
0.687632
0.789992
0.810847
0.700089
0.924419
0.27007
1.18147
0.272955
0.518928
0.828385
1.26381
0.696897
0.307024
1.25771
0.837159
0.305605
0.676586
0.749622
0.779839
0.655635
0.692221
0.7953
0.696494
0.793369
0.817872
0.70589
1.20264
0.294282
1.24407
0.306755
0.790364
0.26173
0.62016
0.224731
0.40509
0.625933
0.270506
0.228458
0.457204
0.398803
0.50633
0.348316
0.42838
0.496409
0.494064
0.441026
0.273659
0.424758
0.520125
0.20481
0.631488
0.226178
0.222176
0.480521
0.473465
0.275002
0.605671
0.154073
0.400852
0.273356
0.601307
0.151821
0.408337
0.510141
0.468299
0.408569
0.412879
0.485179
0.455843
0.422025
0.259806
0.389766
0.601942
0.1641
0.607102
0.153236
0.258461
0.550713
0.574095
0.578717
0.408878
0.582393
0.586809
0.546878
0.523509
0.575087
0.703905
0.424929
0.530097
0.743129
0.740734
0.534282
0.560342
0.408277
0.529335
0.603806
0.523762
0.592363
0.519186
0.558628
0.596049
0.422198
0.581857
0.609373
0.55874
0.583474
0.537064
0.703507
0.737554
0.503329
0.538837
0.750883
0.74778
0.538806
0.558095
0.423873
0.615039
0.575172
0.638495
0.582449
0.533772
0.280824
0.487237
0.0916884
0.0838122
0.152424
0.143196
0.0970218
0.0746915
0.151215
0.0147084
0.00603025
0.00898262
0.00060281
0.0238473
0.0413691
0.0346088
0.0269497
0.087842
0.140317
0.0329022
0.141827
0.0739557
0.14813
0.101576
0.102198
0.111412
0.230232
0.243088
0.191569
0.180099
0.245733
0.159247
0.18997
0.188259
0.533171
0.436526
0.223524
0.313653
0.354792
0.802452
0.229922
0.551186
0.402377
0.200046
0.136502
0.117843
0.0936914
0.175314
0.139042
0.122235
0.164054
0.128895
0.104758
0.149653
0.148138
0.0610454
0.0508127
0.0761052
0.0380409
0.0574959
0.0885844
0.0666511
0.074339
0.14448
0.140364
0.0658303
0.140906
0.110036
0.148765
0.126452
0.272406
0.634215
0.414153
0.152676
0.623185
0.270801
0.149956
0.399955
0.48595
0.461037
0.403319
0.408651
0.498997
0.498413
0.42186
0.266499
0.401411
0.614534
0.157877
0.62173
0.261679
0.15023
0.504955
0.52312
0.275213
0.648227
0.217835
0.419917
0.260427
0.64347
0.236278
0.438709
0.443715
0.515954
0.368966
0.436868
0.489263
0.520948
0.419926
0.274727
0.466321
0.541813
0.207718
0.667315
0.220754
0.237516
0.277947
0.404774
0.569982
0.448106
0.467215
0.478195
0.219901
0.161978
0.523339
0.408819
0.212071
0.292546
0.400727
0.49707
0.551058
0.42801
0.478404
0.491902
0.145455
0.118744
0.187136
0.0934958
0.237622
0.608083
0.441615
0.423985
0.546217
0.216983
0.472235
0.164299
0.100012
0.120884
0.0842442
0.0810688
0.0923894
0.0783839
0.0817766
0.363165
0.432741
0.398915
0.490271
0.389147
0.515032
0.289721
)
;

boundaryField
{
    inlet
    {
        type            fixedValue;
        value           uniform 440.15;
    }
    outlet
    {
        type            zeroGradient;
    }
    rightSide
    {
        type            symmetryPlane;
    }
    leftSide
    {
        type            symmetryPlane;
    }
    duct
    {
        Cmu             0.09;
        kappa           0.41;
        E               9.8;
        beta1           0.075;
        type            omegaWallFunction;
        value           nonuniform List<scalar> 
216
(
0.0111158
0.0111212
0.0114272
0.0114223
0.011833
0.0118349
0.0121375
0.0121355
0.0125282
0.0125274
0.0128283
0.0128286
0.0132008
0.0131981
0.0134995
0.0135014
0.0138511
0.0138474
0.0141497
0.014152
0.0144777
0.0144744
0.0147758
0.0147773
0.0150804
0.0150789
0.015376
0.0153754
0.0156592
0.0156609
0.0159485
0.0159449
0.0162137
0.0162194
0.0164928
0.0164858
0.0167442
0.0167537
0.0170107
0.0170007
0.017251
0.0172633
0.0175063
0.0174944
0.0177381
0.0177519
0.017985
0.0179724
0.0182113
0.0182252
0.0184533
0.0184412
0.0186776
0.0186902
0.0189167
0.0189061
0.0191408
0.0191514
0.0193766
0.0193683
0.0196015
0.0196101
0.0198326
0.0198261
0.0200498
0.0200558
0.0202688
0.0202628
0.0204745
0.0204779
0.0206811
0.0206752
0.0208713
0.0208731
0.0210661
0.0210615
0.0212387
0.0212405
0.0214245
0.0214227
0.0215802
0.0215827
0.0217599
0.0217608
0.0219008
0.0219038
0.0220772
0.022079
0.0222052
0.0222073
0.0223775
0.0223783
0.0224924
0.0224933
0.0226592
0.0226583
0.0227625
0.0227603
0.0229206
0.022918
0.0230107
0.0230083
0.0231642
0.0231627
0.0232518
0.0232295
0.0234086
0.023431
0.0110914
0.0110941
0.0114503
0.0114476
0.0118083
0.0118118
0.0121593
0.0121561
0.0125053
0.0125093
0.0128477
0.012844
0.0131815
0.0131858
0.0135154
0.0135114
0.0138362
0.013841
0.0141613
0.0141572
0.0144676
0.0144727
0.0147836
0.0147795
0.0150743
0.0150797
0.0153803
0.015376
0.0156562
0.0156618
0.0159499
0.0159455
0.0162132
0.0162186
0.0164921
0.0164876
0.0167454
0.0167505
0.0170087
0.017004
0.0172533
0.0172578
0.0175037
0.0174993
0.0177408
0.0177444
0.0179829
0.0179794
0.0182138
0.0182163
0.0184529
0.0184508
0.0186788
0.0186801
0.0189189
0.0189185
0.0191405
0.0191411
0.0193823
0.0193832
0.019601
0.0196014
0.0198384
0.0198399
0.0200457
0.0200468
0.020272
0.0202736
0.0204683
0.0204702
0.0206813
0.0206828
0.0208672
0.02087
0.0210651
0.0210669
0.0212415
0.0212447
0.0214235
0.0214261
0.0215908
0.0215942
0.0217571
0.0217609
0.0219134
0.0219172
0.0220675
0.0220726
0.0222095
0.0222142
0.0223558
0.0223625
0.0224808
0.0224866
0.0226224
0.0226306
0.0227292
0.0227363
0.0228663
0.022876
0.0229559
0.0229643
0.0230854
0.0230964
0.0231621
0.0231766
0.0233159
0.0233238
)
;
    }
    cylinder
    {
        Cmu             0.09;
        kappa           0.41;
        E               9.8;
        beta1           0.075;
        type            omegaWallFunction;
        value           nonuniform List<scalar> 
448
(
0.489196
0.412141
0.5038
0.507048
1.38504
1.09585
1.36079
1.27922
0.494533
0.41916
0.492997
0.494347
0.280679
0.938817
0.149879
0.0988637
0.502112
0.510921
0.499522
0.417096
1.40079
1.08163
1.41759
1.31442
0.489539
0.485833
0.207333
0.958393
0.127324
0.0521888
0.504071
0.423502
0.581454
0.58829
0.526889
0.529707
0.535921
0.538905
0.516665
0.463004
0.21399
0.502721
0.430136
0.182455
1.2029
1.2101
0.609002
0.670226
0.493846
0.50658
0.177961
0.211093
0.240207
0.102741
0.486123
0.485232
1.24484
1.24586
0.666629
0.679739
0.932034
1.18595
1.23326
1.23768
0.663557
0.67547
1.17619
1.21363
1.2574
1.23601
0.642448
0.681771
1.39961
1.34924
1.22758
1.19918
0.641812
1.1383
0.661744
1.38633
1.40772
0.587891
0.596161
0.52551
0.531081
0.608365
0.633179
0.498318
0.509662
0.630889
0.629782
0.460483
0.443748
0.483948
0.485361
0.628273
0.618185
0.402353
0.406634
0.251354
0.335588
0.244884
0.781477
0.180403
0.137272
0.114566
0.104187
0.0708012
0.116233
0.200637
0.259503
0.318225
0.239467
0.649807
0.461492
0.144075
0.400839
0.577002
0.107964
0.0629543
0.0293431
0.015133
0.112473
0.2255
0.591707
0.546751
0.1691
0.0977782
0.486733
0.480944
0.640126
0.630929
0.395735
0.410526
0.505825
0.518556
0.644102
0.642396
0.435573
0.431615
1.37928
1.33366
1.23023
1.23979
0.656634
0.668223
1.38322
1.43221
0.662573
0.68287
1.26381
1.25771
0.676586
0.692221
0.62016
0.457204
0.42838
0.480521
0.473465
0.408337
0.412879
0.574095
0.523509
0.530097
0.537064
0.538837
0.280824
0.487237
0.0838122
0.0746915
0.0147084
0.0238473
0.102198
0.111412
0.191569
0.245733
0.188259
0.136502
0.0610454
0.0574959
0.634215
0.623185
0.399955
0.408651
0.504955
0.52312
0.648227
0.64347
0.438709
0.436868
0.569982
0.467215
0.161978
0.145455
0.608083
0.546217
0.164299
0.0810688
0.581122
0.738882
0.522466
0.146481
0.580812
0.796465
0.424613
0.100149
0.610024
0.784124
0.736819
0.781337
0.611121
0.812803
0.755518
0.787138
0.694608
0.738708
0.403093
0.504249
0.521478
0.509349
0.532701
0.147511
0.0879109
0.0982289
0.415262
0.149992
0.0102903
0.0567998
0.109516
0.103458
0.490551
0.498219
0.448441
0.512362
0.764778
0.798257
0.604303
0.791235
0.749622
0.7953
0.398803
0.496409
0.510141
0.485179
0.575087
0.743129
0.703507
0.750883
0.00603025
0.0413691
0.533171
0.117843
0.0508127
0.0885844
0.48595
0.498997
0.443715
0.489263
0.523339
0.118744
0.100012
0.0923894
0.709773
0.430297
0.532151
0.739813
0.408699
0.277048
0.11036
0.230561
0.714326
0.483136
0.935467
1.14731
0.672061
0.793459
0.625933
0.582393
0.520125
0.631488
0.298259
0.355611
0.682405
0.439087
0.0864748
0.118933
0.614534
0.62173
0.744735
0.547325
0.68595
0.785916
0.766091
0.64385
0.68224
0.781593
0.747147
0.519795
0.92433
1.16647
0.677864
0.81234
0.636397
0.749824
1.14032
0.654452
0.784395
0.72865
0.497689
0.532185
0.736333
0.512411
0.351496
0.522242
0.639532
0.431859
0.510022
0.41496
0.621261
0.491943
0.629433
0.418696
0.46112
0.437908
0.291445
0.507152
0.12108
0.223526
0.12792
0.0667043
0.0738171
0.0961758
0.342247
0.277905
0.124975
0.178455
0.0326707
0.00889124
0.0730214
0.163649
0.0472448
0.021107
0.163501
0.0365059
0.431214
0.405377
0.0880263
0.101514
0.403477
0.622998
0.474475
0.624008
0.419892
0.505241
0.543776
0.659174
0.521984
0.353482
0.427656
0.504535
1.24701
1.24168
0.766733
0.649785
1.16658
1.16042
0.67657
0.797452
1.20264
1.24407
0.739959
0.543641
0.924419
1.18147
0.687632
0.789992
0.779839
0.655635
0.696494
0.793369
0.50633
0.348316
0.441026
0.494064
0.605671
0.596049
0.601307
0.609373
0.615039
0.468299
0.408569
0.601942
0.607102
0.422025
0.455843
0.703905
0.424929
0.529335
0.523762
0.534282
0.740734
0.737554
0.503329
0.638495
0.538806
0.74778
0.00898262
0.00060281
0.0329022
0.0739557
0.0346088
0.0269497
0.122235
0.104758
0.436526
0.802452
0.223524
0.402377
0.0936914
0.175314
0.0761052
0.0380409
0.0658303
0.110036
0.0666511
0.074339
0.461037
0.403319
0.42186
0.498413
0.667315
0.515954
0.368966
0.541813
0.419926
0.520948
0.408819
0.49707
0.212071
0.42801
0.0934958
0.187136
0.120884
0.0842442
0.398915
0.389147
0.0817766
0.0783839
)
;
    }
}


// ************************************************************************* //
