/*--------------------------------*- C++ -*----------------------------------*\
| =========                 |                                                 |
| \\      /  F ield         | OpenFOAM: The Open Source CFD Toolbox           |
|  \\    /   O peration     | Version:  4.1                                   |
|   \\  /    A nd           | Web:      www.OpenFOAM.org                      |
|    \\/     M anipulation  |                                                 |
\*---------------------------------------------------------------------------*/
FoamFile
{
    version     2.0;
    format      ascii;
    class       volScalarField;
    location    "38";
    object      omega;
}
// * * * * * * * * * * * * * * * * * * * * * * * * * * * * * * * * * * * * * //

dimensions      [0 0 -1 0 0 0 0];

internalField   nonuniform List<scalar> 
4432
(
0.0110957
0.011445
0.0117985
0.0121544
0.0124887
0.0128386
0.0131638
0.0134976
0.0138172
0.0141338
0.0144475
0.014747
0.015051
0.01533
0.0156133
0.0158678
0.016121
0.0163498
0.0165766
0.0167687
0.0169428
0.0171142
0.0172934
0.0174773
0.0176952
0.0179036
0.0181761
0.0184013
0.0186947
0.0188945
0.0191324
0.0193342
0.0195384
0.0198479
0.0204557
0.0215084
0.0225058
0.0226666
0.0229101
0.0241541
0.0249415
0.0251245
0.0255431
0.0259074
0.0268466
0.0278863
0.0286331
0.0287748
0.0294888
0.0303587
0.0313137
0.0356186
0.104731
0.102059
0.0110871
0.0114523
0.0118047
0.0121553
0.012498
0.0128427
0.0131677
0.013508
0.013815
0.014151
0.0144422
0.0147709
0.0150477
0.0153569
0.0156215
0.0158966
0.0161496
0.0163915
0.0166307
0.0168367
0.0170306
0.0172122
0.0174136
0.0175878
0.0178233
0.0180145
0.0182903
0.0184794
0.0187919
0.0189455
0.0192497
0.0194291
0.0198617
0.0201673
0.0205722
0.0208482
0.0213175
0.0220392
0.0231325
0.0238947
0.0243484
0.0244529
0.0246614
0.0256072
0.0266544
0.0268909
0.0275122
0.0282197
0.0297929
0.0303467
0.0320974
0.0311761
0.0437927
0.081247
21.7917
3.37861
1.223
0.659867
0.435178
0.320217
0.25173
0.20677
0.175126
0.151794
0.133813
0.119674
0.108127
0.0986799
0.0906416
0.0838682
0.0779387
0.0728403
0.0682755
0.0642937
0.0606648
0.0574962
0.054661
0.0521506
0.0499659
0.0479588
0.0462837
0.044617
0.0432944
0.0418228
0.0405826
0.0392286
0.0381175
0.0369355
0.036009
0.0349535
0.0341905
0.0332298
0.0325714
0.0318468
0.0310374
0.0303129
0.0294636
0.0287999
0.0280299
0.0275051
0.0268828
0.0263363
0.0260361
0.0260343
0.0263672
0.0269926
0.0629758
0.192978
21.7916
3.37877
1.22305
0.659901
0.43522
0.320258
0.251789
0.206815
0.175204
0.151844
0.133905
0.119726
0.108229
0.0987339
0.0907492
0.0839354
0.0780738
0.0729271
0.0684286
0.0644104
0.0608584
0.057688
0.054896
0.052401
0.0501869
0.0482103
0.0464258
0.0448091
0.0433523
0.0419295
0.0405851
0.0392918
0.0381345
0.0370295
0.0360862
0.0351374
0.0343311
0.0334939
0.0327839
0.0320389
0.0313484
0.0306803
0.0300471
0.0294068
0.0289549
0.0283278
0.0279653
0.0274095
0.0270528
0.0266156
0.0265067
0.0272831
0.0436588
0.0864811
21.7921
3.37916
1.22478
0.661112
0.435839
0.320605
0.252011
0.207009
0.175343
0.152
0.134031
0.119885
0.108372
0.0989119
0.0909377
0.0841674
0.0783517
0.073251
0.0688318
0.0648085
0.0613344
0.0581001
0.0553455
0.0527587
0.0505642
0.0485137
0.0467419
0.0451069
0.0436353
0.0422888
0.041027
0.0398818
0.0387837
0.0377936
0.0368134
0.0358926
0.0349959
0.0341116
0.0332731
0.0324282
0.0316005
0.0308116
0.0299813
0.029266
0.028534
0.0279642
0.027374
0.0269234
0.0264579
0.0262209
0.0255487
0.0265857
0.0340996
0.0462667
21.792
3.37936
1.22489
0.661182
0.435896
0.320653
0.252071
0.207061
0.175418
0.152062
0.134117
0.119958
0.108459
0.0989992
0.0910193
0.0842759
0.0784271
0.073381
0.0689009
0.0649621
0.0614405
0.0582918
0.0555244
0.0529738
0.0507936
0.0487167
0.046963
0.045293
0.0438142
0.0424692
0.0411938
0.0400528
0.038964
0.0379375
0.0370197
0.0360012
0.0352301
0.0341791
0.0334142
0.032424
0.0316496
0.0307502
0.0299413
0.0291872
0.0284637
0.027921
0.0271956
0.0267784
0.0264518
0.0261704
0.0255486
0.0260193
0.0284638
0.0328776
21.7923
3.37912
1.22494
0.661219
0.43588
0.320598
0.252019
0.206975
0.175362
0.151953
0.134066
0.119829
0.108418
0.0988606
0.0909978
0.084136
0.0784234
0.0732224
0.0688823
0.0647866
0.0613879
0.0581306
0.0554074
0.0528431
0.0505998
0.0486065
0.0467446
0.0452041
0.0436636
0.0424116
0.0411482
0.0400203
0.038946
0.0379412
0.0369107
0.0360135
0.0349257
0.0340698
0.0329007
0.0320199
0.0309346
0.0300793
0.0292199
0.0284149
0.0278187
0.0271211
0.0265831
0.0261228
0.0254419
0.024766
0.0245177
0.0250565
0.025636
0.0359787
21.7922
3.37929
1.225
0.661263
0.435921
0.320643
0.252065
0.207035
0.175414
0.152032
0.134117
0.11993
0.108463
0.09898
0.091034
0.0842707
0.0784459
0.0733707
0.0689057
0.0649656
0.06144
0.0583429
0.0555179
0.0530507
0.0507949
0.0487715
0.0469966
0.0453208
0.0438781
0.0425152
0.0412765
0.0401401
0.0390438
0.0380546
0.0369829
0.0360611
0.0349457
0.0340419
0.0329285
0.0320203
0.0310818
0.0302773
0.0294748
0.0288538
0.0281204
0.0276204
0.0270847
0.0266997
0.0261212
0.025788
0.0248012
0.0247208
0.0265958
0.0312663
21.7924
3.37912
1.22503
0.661277
0.43589
0.320594
0.251993
0.20697
0.175326
0.15196
0.134027
0.119849
0.108382
0.0988914
0.0909682
0.08418
0.0783797
0.0732789
0.0688371
0.0648688
0.0613656
0.0582268
0.0554128
0.052917
0.0506513
0.0486304
0.0468441
0.0451904
0.0437617
0.0424229
0.0412183
0.040032
0.0388648
0.0377109
0.0365967
0.0354842
0.0344028
0.0333242
0.0323137
0.0312727
0.0304622
0.0295401
0.0288796
0.028267
0.0276509
0.0270102
0.0265026
0.0259669
0.0253647
0.024916
0.024086
0.0249062
0.02508
0.0270099
21.7923
3.37933
1.22519
0.661377
0.435958
0.320641
0.252051
0.207013
0.175399
0.152009
0.13411
0.119908
0.108468
0.0989603
0.091054
0.0842427
0.0784788
0.0733254
0.0689743
0.0649107
0.0615464
0.0582708
0.0556204
0.0529621
0.0508526
0.048671
0.0469725
0.045187
0.0437982
0.042327
0.0411021
0.0398388
0.0386985
0.0375063
0.0364525
0.0353289
0.0342646
0.0331771
0.0321456
0.0311166
0.030234
0.0293577
0.0286587
0.0278478
0.0272405
0.0266246
0.0260165
0.0255918
0.0249544
0.0247257
0.0240201
0.0243239
0.0260489
0.0259808
21.7926
3.37921
1.22541
0.661516
0.435982
0.320612
0.251992
0.206956
0.175316
0.151956
0.134007
0.119873
0.108343
0.098951
0.0908988
0.0842674
0.0782961
0.073396
0.0687671
0.0650139
0.061308
0.0583336
0.0553321
0.0529336
0.0505611
0.0485803
0.0467671
0.0450772
0.0437268
0.0422768
0.041185
0.0399159
0.0388736
0.0376816
0.0366148
0.0354601
0.0343357
0.0332106
0.0321353
0.0310545
0.0301299
0.0291776
0.0284741
0.0276017
0.0269854
0.0262073
0.0257442
0.0251716
0.0248514
0.0245114
0.0244501
0.024744
0.0263411
0.0277224
21.7925
3.37937
1.22547
0.661562
0.436025
0.320653
0.252043
0.206997
0.175388
0.151989
0.13411
0.119882
0.108484
0.0989245
0.0910811
0.0842018
0.0785117
0.0733019
0.0690098
0.0649109
0.0615685
0.0582803
0.0555997
0.0529749
0.0507783
0.0486981
0.0468644
0.0452086
0.0436945
0.0423115
0.0409975
0.0397791
0.0385664
0.0373044
0.0362047
0.0349553
0.03394
0.0328022
0.0318411
0.0309215
0.0299984
0.0292113
0.0284187
0.0276463
0.0269765
0.0262451
0.0257993
0.0252054
0.0248654
0.0244574
0.0242598
0.0244784
0.0256117
0.0266168
21.7927
3.37926
1.2256
0.661637
0.436022
0.320614
0.25198
0.206933
0.175306
0.15192
0.134015
0.119818
0.108376
0.0988722
0.0909624
0.0841629
0.0783841
0.0732742
0.0688748
0.0648959
0.0614193
0.0582474
0.0554145
0.0528903
0.050576
0.048582
0.0466983
0.0451119
0.0435731
0.0423383
0.0409433
0.0399587
0.0385848
0.0376555
0.0363371
0.0353722
0.0341358
0.0331817
0.0320427
0.031099
0.0300771
0.0292169
0.0283203
0.0276417
0.0268777
0.0262921
0.0259653
0.0252239
0.0250983
0.0250811
0.0251471
0.0253636
0.0271976
0.0273739
21.7926
3.37941
1.22567
0.661688
0.436066
0.320658
0.252025
0.206986
0.175358
0.151983
0.13407
0.119891
0.108427
0.0989593
0.0909948
0.0842726
0.0783889
0.0734132
0.0688605
0.0650548
0.0614245
0.0584076
0.0554824
0.0530501
0.0507005
0.0487254
0.0468178
0.0452322
0.0436427
0.0423254
0.0409508
0.0397738
0.0385057
0.0374102
0.0361773
0.0350929
0.0340022
0.0328388
0.0319275
0.03091
0.0300245
0.0291096
0.0283421
0.027629
0.0269034
0.0263562
0.025986
0.0252538
0.025007
0.0248801
0.0246692
0.0247279
0.0259858
0.0264456
21.7928
3.3793
1.22595
0.661867
0.436104
0.320636
0.251963
0.206931
0.175271
0.151921
0.133977
0.119819
0.108343
0.0988698
0.090937
0.0841563
0.0783679
0.0732748
0.06887
0.0649144
0.0614397
0.0582584
0.0554591
0.0528386
0.050651
0.0484735
0.0467759
0.0449887
0.0436445
0.0421892
0.0410213
0.0397397
0.0386545
0.0373852
0.0363307
0.0351334
0.0340208
0.0329233
0.0319384
0.0310573
0.0300278
0.0292789
0.0283968
0.0275146
0.0269116
0.0262914
0.0259611
0.0252523
0.0251814
0.0250492
0.0250858
0.0258335
0.0268273
0.0276517
21.7927
3.37944
1.22598
0.661886
0.436134
0.320671
0.252005
0.206974
0.175321
0.151974
0.134028
0.119882
0.10839
0.098938
0.0909785
0.0842301
0.0783953
0.0733666
0.0688726
0.0650345
0.0614125
0.0584269
0.0554367
0.0530792
0.0506404
0.048739
0.046781
0.0451857
0.0436394
0.0422576
0.040925
0.0396602
0.038392
0.0372099
0.0359338
0.0347978
0.0335792
0.0324831
0.0314747
0.0304892
0.0296124
0.0288132
0.0280576
0.0275256
0.0268684
0.0264081
0.0258477
0.025315
0.0252566
0.0244316
0.0245164
0.0244871
0.0252971
0.025977
21.7929
3.37934
1.22614
0.661982
0.436137
0.320633
0.25194
0.206909
0.175236
0.151899
0.133936
0.119798
0.108297
0.0988477
0.090889
0.0841329
0.0783219
0.0732498
0.0688451
0.0649078
0.0614588
0.0582731
0.0554961
0.0528539
0.0506699
0.0484632
0.0467424
0.0449535
0.0434961
0.0421443
0.04081
0.0396718
0.0385354
0.037318
0.0363215
0.0350789
0.0339077
0.0328733
0.031745
0.0309606
0.029894
0.0291865
0.0283853
0.0275704
0.0271389
0.0261682
0.0259464
0.0253617
0.0255136
0.0263619
0.027342
0.0291283
0.0308647
0.0321345
21.7928
3.37949
1.2262
0.662028
0.436176
0.320676
0.251976
0.206961
0.175274
0.151964
0.133971
0.119878
0.108321
0.0989433
0.0908987
0.0842404
0.078321
0.0733691
0.0688376
0.0650259
0.0614365
0.0584054
0.0554716
0.0530583
0.0506423
0.0487164
0.046724
0.0451495
0.0434805
0.0422166
0.0407467
0.0396348
0.0383225
0.0372676
0.0359274
0.0349736
0.0336339
0.032583
0.0314695
0.0304349
0.02946
0.0285657
0.0277005
0.0271175
0.0266222
0.0261287
0.0256005
0.0254197
0.0248219
0.0249736
0.0261234
0.0261983
0.0279164
0.0282263
21.793
3.37939
1.22651
0.662216
0.436223
0.320641
0.251932
0.206875
0.175222
0.151852
0.133923
0.119746
0.108279
0.098798
0.0908556
0.0840955
0.0782797
0.0732439
0.0688267
0.0649422
0.0614609
0.0583426
0.0554799
0.0529042
0.050654
0.0484621
0.0467727
0.0448528
0.0435253
0.0420085
0.0407934
0.0395501
0.0382769
0.037164
0.0359138
0.0346809
0.0335253
0.0323615
0.0314593
0.0304566
0.0295083
0.0287049
0.0278543
0.0271398
0.0264986
0.0264558
0.0265943
0.0272989
0.0282596
0.0300964
0.032437
0.0347519
0.0376637
0.038564
21.7929
3.3795
1.2265
0.662222
0.436242
0.320678
0.25196
0.206926
0.17525
0.151915
0.133952
0.119816
0.108308
0.0988675
0.0908884
0.0841597
0.0783124
0.0732988
0.0688446
0.0649701
0.0614551
0.0583396
0.0555252
0.0529428
0.0507786
0.0485819
0.0468945
0.0450006
0.0436231
0.0420551
0.0408553
0.039438
0.0383848
0.037031
0.0359079
0.034665
0.0335686
0.0323044
0.0314435
0.0303817
0.0293557
0.0286555
0.0277634
0.0271821
0.0268335
0.0259355
0.0255702
0.0257474
0.0264133
0.0266753
0.0272213
0.0278727
0.0298743
0.0312384
21.7931
3.37939
1.22659
0.662263
0.436229
0.320618
0.251911
0.206831
0.175199
0.151795
0.133903
0.119676
0.108261
0.0987127
0.0908401
0.0839906
0.0782648
0.073122
0.0687943
0.0648291
0.0614331
0.058273
0.0554581
0.0529803
0.0507275
0.0487407
0.0468508
0.0451434
0.0436062
0.0422146
0.0408264
0.0396375
0.0383309
0.0371155
0.0358698
0.0347963
0.0335048
0.0323298
0.0315211
0.0303288
0.0295679
0.0287711
0.0283406
0.0280172
0.0279211
0.0283019
0.0295866
0.0313569
0.0336237
0.0350649
0.0372892
0.0385388
0.0384088
0.0391156
21.793
3.37953
1.22664
0.662295
0.43626
0.320656
0.251942
0.206877
0.175233
0.15185
0.133941
0.119733
0.108304
0.0987647
0.0908934
0.0840273
0.0783358
0.0731312
0.0688785
0.0647911
0.0614879
0.058221
0.0555178
0.0529696
0.050819
0.0487148
0.0469564
0.0451351
0.0436604
0.0421601
0.0407248
0.0394743
0.0381124
0.0369493
0.0357478
0.0345379
0.0335296
0.0322564
0.0315223
0.0303019
0.0295648
0.0284848
0.0279676
0.0270412
0.0267636
0.0261307
0.0262211
0.0270158
0.0275867
0.0288225
0.0299488
0.0318475
0.0332427
0.0354975
21.7932
3.37942
1.2269
0.662456
0.436289
0.320629
0.251878
0.20682
0.175142
0.151788
0.133831
0.119667
0.108178
0.0986957
0.0907436
0.0839626
0.0781424
0.0730799
0.0686566
0.064771
0.0613132
0.0582282
0.0554894
0.0530716
0.0510804
0.0490812
0.0473047
0.0454772
0.0439212
0.0425085
0.0409528
0.0398256
0.0382613
0.0373198
0.0358451
0.0349191
0.033768
0.0326993
0.032057
0.0318454
0.0314952
0.0315855
0.0319752
0.0325591
0.0334498
0.0344289
0.0362299
0.0374696
0.0380615
0.0387449
0.0398384
0.0387022
0.0403369
0.0389832
21.7931
3.37953
1.22692
0.662473
0.436315
0.320657
0.251913
0.206851
0.175181
0.151828
0.133867
0.119724
0.108201
0.0987727
0.0907554
0.0840458
0.0781632
0.0731364
0.0686943
0.0647665
0.0613312
0.0581624
0.0554646
0.0530241
0.0510013
0.0490043
0.0472262
0.0454298
0.0439017
0.0423994
0.0410036
0.0396648
0.0383594
0.0370875
0.0359017
0.0346364
0.0335517
0.0326561
0.0315739
0.0309152
0.0301869
0.0297022
0.0294017
0.0293288
0.0297265
0.0302997
0.0310268
0.031582
0.0329249
0.0340381
0.0361005
0.0367562
0.0386136
0.0410826
21.7932
3.37941
1.22696
0.662491
0.436293
0.320597
0.251863
0.206764
0.175128
0.151723
0.133811
0.119602
0.108144
0.0986268
0.0906991
0.0838725
0.0780871
0.0729532
0.0685598
0.0645997
0.0611611
0.0581541
0.055354
0.0536408
0.0522093
0.0513454
0.0494301
0.0486192
0.0473722
0.0460284
0.0451235
0.0428998
0.0443525
0.0441116
0.0421968
0.0443574
0.0438424
0.0430997
0.0460053
0.0464823
0.0467344
0.045686
0.0448269
0.0463888
0.0455676
0.0445557
0.0437165
0.0429725
0.0411058
0.0401323
0.0400349
0.0387827
0.0408193
0.0390232
21.7931
3.37953
1.227
0.662522
0.436317
0.320637
0.251881
0.206817
0.175142
0.151786
0.133826
0.119672
0.108159
0.0987056
0.0907057
0.0839662
0.0780799
0.0730575
0.0685388
0.0646948
0.0610813
0.0581945
0.0552567
0.0535991
0.0519584
0.0508165
0.0494139
0.0475696
0.0460442
0.0443032
0.0430375
0.0413518
0.0403727
0.0387311
0.0386837
0.0364471
0.0386424
0.038577
0.0388024
0.0391654
0.0395817
0.038762
0.0387005
0.0395245
0.0402588
0.0407477
0.042365
0.0426976
0.0423877
0.0419134
0.0421243
0.0402651
0.0421735
0.0406324
21.7933
3.37941
1.22722
0.662653
0.436347
0.320591
0.251853
0.206719
0.175123
0.15165
0.133827
0.119495
0.108184
0.0984778
0.0907594
0.0836685
0.0781721
0.0726441
0.0686898
0.0641121
0.0613673
0.057408
0.0564061
0.055974
0.0625386
0.0997903
0.108775
0.113407
0.11488
0.114245
0.107416
0.100027
0.0948961
0.0905742
0.0865073
0.0824776
0.0783074
0.0738311
0.0693835
0.0650765
0.0608239
0.0569749
0.0530767
0.0500896
0.0473458
0.0446363
0.0430135
0.0417985
0.0410401
0.0391424
0.0386456
0.0381376
0.0388146
0.0390901
21.7931
3.3795
1.22716
0.662616
0.436346
0.320612
0.251873
0.206755
0.175145
0.151696
0.133848
0.119551
0.108205
0.0985419
0.090786
0.0837325
0.0782096
0.0727113
0.0687152
0.064202
0.0612849
0.0575746
0.0560839
0.0556293
0.0624585
0.086795
0.094665
0.0975124
0.0929623
0.0887105
0.0853761
0.0820487
0.0790387
0.0758988
0.0745431
0.0694038
0.0747136
0.0739187
0.0691504
0.0646446
0.0616587
0.0591434
0.0568183
0.0547492
0.0519057
0.0498645
0.0475988
0.0458247
0.0441305
0.0413437
0.0413873
0.0399594
0.0407547
0.0404797
21.7933
3.37937
1.22722
0.662646
0.436334
0.320561
0.251836
0.206675
0.17511
0.151594
0.133822
0.119423
0.108195
0.0983805
0.0907889
0.0835382
0.078216
0.072461
0.068782
0.063693
0.061847
0.056069
0.0588518
0.065052
0.215298
0.354381
0.126407
0.0962059
0.092302
0.079736
0.0708424
0.0664476
0.0636182
0.061807
0.0596194
0.057834
0.0554819
0.0539765
0.0517223
0.0503769
0.0482602
0.0468968
0.0461725
0.0444501
0.0445729
0.0415362
0.0411003
0.0403775
0.04042
0.041619
0.0410769
0.0415543
0.0420413
0.0427659
21.7931
3.37947
1.22717
0.662618
0.436337
0.320579
0.251862
0.206699
0.175147
0.151616
0.133872
0.119442
0.108254
0.0983993
0.0908593
0.0835498
0.0783007
0.0724919
0.0687693
0.0640544
0.0609271
0.057548
0.0573909
0.0630416
0.20043
0.320269
0.178369
0.114926
0.0914988
0.0809561
0.075173
0.0715228
0.0689859
0.0668461
0.0645324
0.0621258
0.059606
0.0572482
0.0550095
0.0527055
0.0507726
0.0487843
0.0470215
0.0453126
0.043497
0.0432265
0.0396358
0.0393262
0.038749
0.0407046
0.0386737
0.0410737
0.0438994
0.043684
21.7932
3.37934
1.22735
0.662726
0.436356
0.320549
0.251822
0.206644
0.175098
0.151556
0.133815
0.11938
0.108188
0.0983359
0.0907808
0.083487
0.0782071
0.0724169
0.0686514
0.0640657
0.0604813
0.0575251
0.0555557
0.128311
0.229444
0.202441
0.168171
0.146709
0.130286
0.117856
0.108175
0.10007
0.0930719
0.0862939
0.0800408
0.0735399
0.0680376
0.0624022
0.0574
0.053396
0.0491457
0.0468516
0.0413769
0.0403686
0.0360421
0.0356674
0.0354408
0.0374065
0.0421816
0.0420823
0.0421012
0.043386
0.0432609
21.7931
3.37939
1.22726
0.662672
0.436344
0.320563
0.251837
0.206672
0.175117
0.151589
0.13384
0.119416
0.10822
0.0983763
0.0908206
0.0835317
0.0782562
0.0724599
0.0687661
0.0638541
0.0615194
0.0564906
0.0600383
0.133476
0.218095
0.194265
0.151051
0.134206
0.120396
0.109927
0.101199
0.0941141
0.0877364
0.0818668
0.0766673
0.0712073
0.0667793
0.0622026
0.0575412
0.0535526
0.0502912
0.0462261
0.0442187
0.0389631
0.0372405
0.0366566
0.0357266
0.0371627
0.0400608
0.036001
0.0377337
0.0432524
0.0405971
21.7932
3.37927
1.22725
0.662661
0.4363
0.320549
0.251752
0.206689
0.174986
0.151647
0.133661
0.119515
0.108002
0.0985051
0.0905755
0.0836891
0.0779784
0.072665
0.0684379
0.0641441
0.061016
0.0574714
0.05603
0.0599745
0.0933493
0.0862435
0.0804654
0.0763082
0.0708833
0.0650868
0.0595766
0.0545399
0.0501312
0.0460843
0.0429711
0.0401649
0.0369967
0.0349893
0.0324737
0.031589
0.0289736
0.0301489
0.0274874
0.0272665
0.027406
0.0292522
0.0287418
0.0328616
0.0349818
0.0410083
0.0418067
0.0395267
0.0403462
0.0413427
21.793
3.37934
1.22718
0.662622
0.436294
0.320563
0.251768
0.206716
0.175001
0.151689
0.133667
0.119578
0.107993
0.098593
0.0905535
0.0837957
0.0779551
0.0727761
0.0684311
0.0642421
0.0610259
0.0575372
0.0559171
0.0594391
0.0914571
0.0762601
0.0729999
0.0704175
0.0670779
0.0629873
0.0590777
0.0550877
0.051718
0.0483361
0.0451384
0.0430289
0.0394612
0.0375475
0.0344431
0.0330354
0.0316405
0.0304207
0.0303763
0.0283544
0.0286903
0.0286886
0.0286438
0.028775
0.0312437
0.0351972
0.0346885
0.0357924
0.0383041
0.0383551
21.793
3.37919
1.22726
0.662674
0.436299
0.320532
0.251748
0.206662
0.174988
0.151624
0.13366
0.119512
0.107982
0.0985415
0.0905256
0.0837727
0.0779078
0.072794
0.0683551
0.0643095
0.0608658
0.0576553
0.0550256
0.0530426
0.0520095
0.050445
0.0485701
0.046499
0.0446664
0.0427894
0.0411174
0.0395082
0.0379168
0.0364696
0.0350576
0.033684
0.0326966
0.0312326
0.030065
0.0296111
0.0281055
0.0279109
0.0277337
0.0278203
0.0289315
0.0280054
0.0284976
0.0321309
0.0294943
0.0306054
0.0340732
0.0383397
0.0369682
0.0386941
21.7929
3.3792
1.22706
0.662549
0.436259
0.320523
0.251767
0.206664
0.175028
0.151612
0.133726
0.119479
0.108079
0.0984915
0.0906423
0.0837282
0.0780183
0.0727806
0.0684469
0.0643396
0.0609452
0.0577426
0.0550988
0.0532379
0.0518978
0.0506365
0.0485651
0.0468784
0.0448914
0.0433294
0.041659
0.0400375
0.0387108
0.037075
0.035933
0.0344577
0.0332235
0.0322523
0.0308041
0.0299663
0.029238
0.0293374
0.0277858
0.0275757
0.0277341
0.027994
0.0280328
0.0283153
0.0325267
0.0317164
0.0326546
0.0350841
0.0330874
0.0350472
21.7929
3.37911
1.22711
0.662571
0.436251
0.320497
0.251741
0.206632
0.174995
0.151589
0.133677
0.119482
0.108001
0.0985364
0.0905307
0.0838153
0.0778935
0.0728906
0.0683515
0.0644402
0.0609058
0.0577131
0.0550037
0.0525355
0.0505426
0.0486475
0.0467854
0.044982
0.0433122
0.0415942
0.0401534
0.0385915
0.0371603
0.03587
0.0345025
0.0332897
0.0320632
0.0313568
0.0295365
0.0287453
0.0289176
0.0289032
0.0295117
0.0287533
0.0277474
0.0276949
0.0281299
0.0279739
0.0298304
0.0310692
0.0346964
0.0345197
0.0352071
0.0359585
21.7927
3.37916
1.22701
0.662505
0.43623
0.32051
0.251743
0.206663
0.174995
0.151629
0.13368
0.119523
0.108016
0.0985716
0.0905604
0.08385
0.0779293
0.0729388
0.0683788
0.0645179
0.0609214
0.0578594
0.055043
0.0527402
0.05063
0.048887
0.0469487
0.0453484
0.0435329
0.0421372
0.04046
0.0392042
0.0377357
0.0364468
0.0351247
0.0339393
0.0328582
0.0320064
0.0308858
0.0301505
0.0291308
0.0288687
0.0275445
0.0272372
0.0268351
0.0270804
0.0292987
0.0267641
0.0271764
0.0279793
0.0328103
0.029716
0.0320396
0.033348
21.7927
3.379
1.22704
0.662532
0.436225
0.320492
0.25172
0.206642
0.17497
0.151613
0.133651
0.119516
0.107982
0.0985796
0.0905202
0.0838778
0.0778812
0.0729935
0.0683235
0.0646002
0.0608691
0.0579474
0.0549413
0.0526548
0.0502931
0.0484329
0.0464641
0.0447371
0.0430685
0.0413838
0.0400405
0.0384303
0.0371362
0.035856
0.0343792
0.0333901
0.0320373
0.0309111
0.029972
0.0289883
0.0282759
0.0279487
0.027018
0.0265816
0.027591
0.0276922
0.0301962
0.0276072
0.0279496
0.0294999
0.0316365
0.0340816
0.0366399
0.0346506
21.7926
3.37904
1.22694
0.662465
0.436205
0.320491
0.251731
0.206648
0.17499
0.151614
0.133686
0.119507
0.10804
0.0985504
0.0906163
0.0838159
0.0780296
0.0728957
0.0685218
0.0644889
0.0610958
0.0578697
0.0551717
0.0526563
0.0505175
0.0484724
0.0467106
0.0448451
0.0432985
0.0416938
0.0402139
0.0389628
0.0374695
0.0363267
0.0350566
0.0339169
0.0327566
0.032038
0.030728
0.0298898
0.0284273
0.0279951
0.0277246
0.0267845
0.0266016
0.027223
0.0262487
0.026255
0.0273788
0.0274464
0.028788
0.0285187
0.0319886
0.0322659
21.7926
3.3789
1.22684
0.662404
0.436169
0.320461
0.251714
0.206621
0.174979
0.151588
0.133675
0.11949
0.108021
0.0985572
0.0905748
0.0838637
0.0779575
0.0729907
0.068429
0.0646174
0.0610097
0.0579785
0.0551013
0.0526636
0.0503559
0.0483721
0.0464002
0.0447191
0.0429227
0.0414949
0.0399617
0.0385954
0.0372035
0.0360268
0.0345779
0.0334655
0.0323694
0.0312873
0.030488
0.029073
0.0285139
0.0278774
0.0273763
0.0268989
0.0278294
0.0260281
0.0258731
0.0259317
0.028834
0.0268876
0.0275061
0.0291159
0.0297459
0.0312969
21.7924
3.37895
1.22676
0.662352
0.436152
0.320468
0.251715
0.206643
0.174976
0.151622
0.133667
0.119534
0.108013
0.098606
0.0905746
0.0839149
0.0779676
0.07305
0.0684466
0.0646936
0.0610373
0.0580753
0.0551725
0.0527695
0.0504563
0.0484804
0.0465257
0.0448214
0.0431168
0.0416192
0.0401838
0.0387896
0.0375275
0.0363563
0.0350882
0.0338662
0.0328771
0.0317312
0.0304668
0.0297334
0.0283249
0.0280516
0.0273565
0.0271975
0.0269299
0.0260392
0.0260827
0.0249659
0.0261788
0.0262275
0.0266574
0.0287528
0.0291458
0.0339484
21.7924
3.3788
1.22673
0.662342
0.436136
0.320453
0.2517
0.20663
0.174964
0.151609
0.133662
0.11952
0.108015
0.0985925
0.0905824
0.083903
0.0779844
0.0730328
0.0684849
0.0646595
0.0611026
0.0580315
0.0552201
0.0526866
0.0504179
0.0483496
0.0463729
0.0446809
0.0429074
0.0414359
0.039964
0.0385136
0.0373841
0.0359621
0.0349148
0.0336866
0.0328448
0.0317123
0.0307323
0.0297464
0.0288745
0.0282061
0.027396
0.0266248
0.026318
0.0252568
0.0253783
0.0252915
0.0263616
0.0267143
0.0269077
0.0279447
0.0278576
0.0328171
21.7922
3.37882
1.22662
0.662269
0.436111
0.32045
0.251704
0.206636
0.174975
0.151611
0.133685
0.119511
0.108058
0.0985699
0.0906493
0.0838735
0.078066
0.0730176
0.0685609
0.0646883
0.0611494
0.058129
0.0552196
0.0528548
0.0504202
0.0485062
0.0464514
0.0448126
0.0430466
0.0416143
0.040052
0.0387809
0.037476
0.0362531
0.0350592
0.0339813
0.0328275
0.0318191
0.030875
0.0299057
0.0291893
0.0282117
0.0274982
0.0266785
0.0261453
0.0255538
0.0257877
0.0251343
0.0255806
0.0267859
0.0276307
0.0278231
0.029686
0.0396576
21.7923
3.3787
1.22654
0.662213
0.436082
0.320425
0.251697
0.206613
0.174977
0.151587
0.13369
0.119489
0.108067
0.0985479
0.0906659
0.0838448
0.0780959
0.0729811
0.0685974
0.0646511
0.061184
0.0580729
0.0552499
0.0527513
0.050413
0.0483284
0.0464033
0.0445758
0.0429818
0.0413255
0.0400143
0.0384773
0.0374344
0.0359813
0.0351101
0.0337718
0.0329801
0.031753
0.0309111
0.0297584
0.0290188
0.0279942
0.0272448
0.0265925
0.0257877
0.0254434
0.0255967
0.0259984
0.0268903
0.0265042
0.0265537
0.0268202
0.0292279
0.0392042
21.7921
3.37874
1.22644
0.662148
0.436058
0.320427
0.251694
0.206631
0.174969
0.151615
0.133677
0.119527
0.108053
0.0985914
0.090661
0.0838889
0.0781065
0.0730274
0.0686239
0.0647051
0.0612257
0.058127
0.055331
0.0527944
0.0505273
0.0483819
0.0465342
0.0446631
0.0431081
0.0414835
0.0400954
0.038682
0.0374788
0.0361742
0.0351768
0.0339022
0.0330531
0.0318428
0.0310711
0.0300316
0.0292887
0.0284174
0.0276424
0.0269794
0.0264479
0.026146
0.0254491
0.025542
0.0257095
0.0269285
0.0263689
0.027949
0.0348274
0.0514649
21.7921
3.37859
1.22638
0.662115
0.43604
0.320409
0.251693
0.206612
0.17498
0.15159
0.133697
0.1195
0.108074
0.0985701
0.0906729
0.083881
0.0781039
0.0730278
0.0686117
0.0646993
0.0612065
0.058118
0.0552897
0.0527571
0.050458
0.0483138
0.0464108
0.0445768
0.042969
0.0413909
0.0399872
0.0386315
0.0373601
0.0361779
0.0350513
0.0339424
0.0329345
0.0318194
0.0309632
0.0299101
0.0291147
0.0282964
0.0277259
0.0271424
0.0267181
0.026678
0.0263407
0.0262161
0.0261657
0.0267061
0.0262232
0.0284044
0.0372402
0.0530857
21.7919
3.37862
1.22628
0.662051
0.436014
0.320409
0.251686
0.206626
0.174966
0.151618
0.133673
0.119543
0.108041
0.0986271
0.0906416
0.0839396
0.0780968
0.0730678
0.0686534
0.0647109
0.0612933
0.0581283
0.0553669
0.0528221
0.0505073
0.0484262
0.0464491
0.0447136
0.0430257
0.041523
0.0400412
0.0387629
0.0373819
0.0363416
0.0350802
0.0341885
0.0330033
0.0321606
0.0311093
0.0303623
0.0294475
0.0287183
0.0280844
0.0275336
0.0271552
0.0266244
0.0263681
0.0263214
0.0272783
0.0277122
0.0286491
0.0338264
0.0514406
0.068052
21.7919
3.37851
1.22621
0.662006
0.43599
0.320395
0.25168
0.206618
0.174963
0.151611
0.133668
0.119538
0.108033
0.0986264
0.0906271
0.0839422
0.0780757
0.0730668
0.0686284
0.0646942
0.0612727
0.0580723
0.0553668
0.0527144
0.0505161
0.0482636
0.0464532
0.0445297
0.0430061
0.0413543
0.0400067
0.0385985
0.0373619
0.036212
0.0350933
0.0341558
0.0331829
0.0323398
0.0314978
0.03074
0.0301067
0.0295385
0.0292081
0.0287999
0.0283665
0.0280144
0.0271975
0.027502
0.0275949
0.0283657
0.0306642
0.0389486
0.063402
0.074971
21.7918
3.37854
1.2261
0.661935
0.435964
0.320388
0.251681
0.206619
0.174971
0.151608
0.133686
0.11953
0.108063
0.0986141
0.0906673
0.0839379
0.0781128
0.0730928
0.0686462
0.0647649
0.0612701
0.0581729
0.0553696
0.0528289
0.0505173
0.0484139
0.046447
0.0447036
0.0429811
0.0415347
0.0400328
0.0387963
0.0374577
0.0363838
0.0351999
0.0342456
0.0332131
0.032398
0.0315403
0.0308505
0.0301241
0.0293027
0.0287653
0.0283833
0.0279914
0.027536
0.026664
0.0270403
0.0283251
0.0296286
0.0340338
0.0556448
0.0844571
0.0921695
21.7918
3.37842
1.22605
0.661911
0.435951
0.32038
0.251678
0.206615
0.17497
0.151604
0.133686
0.119524
0.108065
0.0986027
0.0906728
0.0839167
0.0781216
0.0730566
0.0686532
0.0647131
0.0612656
0.058119
0.0553436
0.0527672
0.0504738
0.0483333
0.0463908
0.0445954
0.0429356
0.0414102
0.0399847
0.038678
0.0374525
0.0363439
0.0353061
0.0343732
0.0335189
0.0327072
0.0320469
0.0313301
0.0307452
0.0301703
0.0297851
0.0291057
0.0286257
0.0279596
0.0278545
0.028124
0.0289358
0.0333254
0.0409752
0.0728565
0.115003
0.131662
21.7916
3.37844
1.22595
0.661839
0.435922
0.320372
0.251673
0.206617
0.174967
0.15161
0.133684
0.119534
0.108065
0.0986194
0.0906754
0.0839432
0.0781274
0.0730983
0.068664
0.0647719
0.0612843
0.05819
0.0553671
0.0528458
0.050515
0.0484081
0.0464517
0.0446681
0.0430024
0.0414866
0.0400322
0.038786
0.0374496
0.0365546
0.0352336
0.0341373
0.0330348
0.0322797
0.0313863
0.0306058
0.0298798
0.0287039
0.0282017
0.028238
0.0280316
0.027298
0.0271299
0.0277237
0.0292709
0.0337108
0.052437
0.101697
0.130138
0.13543
21.7917
3.37839
1.22594
0.661837
0.435917
0.320365
0.25167
0.20661
0.174966
0.151601
0.133684
0.119522
0.108065
0.098604
0.0906732
0.083923
0.0781201
0.0730704
0.0686462
0.0647346
0.061253
0.0581406
0.0553237
0.0527905
0.0504511
0.0483417
0.0463713
0.0445851
0.0429133
0.0413798
0.0399583
0.0386341
0.0374301
0.0362972
0.0352884
0.0343486
0.0334979
0.0326847
0.0320235
0.0313194
0.0307023
0.0300359
0.0294771
0.0290525
0.0284773
0.029316
0.0290629
0.0309949
0.0332633
0.0472572
0.0733544
0.147625
0.176668
0.180031
21.7915
3.37842
1.22585
0.661772
0.435892
0.320358
0.251668
0.206611
0.174967
0.151605
0.133686
0.11953
0.10807
0.098617
0.0906827
0.0839431
0.0781365
0.0730995
0.0686741
0.0647725
0.0612953
0.0581823
0.0553838
0.0528332
0.0505244
0.0483966
0.0464552
0.0446567
0.043001
0.0414725
0.0400447
0.0387504
0.0375144
0.0364337
0.0353577
0.0344675
0.0335519
0.0327996
0.032034
0.0315218
0.030678
0.0300136
0.0292836
0.0288185
0.0279402
0.0287672
0.0283933
0.0309048
0.0327322
0.0462665
0.0870076
0.139771
0.153151
0.215891
21.7915
3.3784
1.22593
0.661837
0.435929
0.320382
0.251688
0.206629
0.174985
0.15162
0.133703
0.119541
0.108086
0.0986219
0.0906955
0.083939
0.0781435
0.0730834
0.0686699
0.0647432
0.061276
0.0581477
0.0553486
0.0527939
0.0504734
0.0483507
0.0463809
0.044599
0.0429128
0.0413953
0.0399545
0.0386426
0.0374214
0.0362902
0.0352625
0.0342927
0.033454
0.0325935
0.0319672
0.0310573
0.0309511
0.0292869
0.0292326
0.0296563
0.0308259
0.035355
0.0357121
0.0459052
0.0553787
0.0883907
0.146807
0.214417
0.236695
0.295804
21.7914
3.37841
1.22583
0.661773
0.435907
0.320378
0.251689
0.206632
0.174986
0.151623
0.133705
0.119545
0.108089
0.0986289
0.0907036
0.0839503
0.0781595
0.0731016
0.0686977
0.0647703
0.061317
0.0581819
0.0553981
0.052834
0.0505355
0.0483948
0.0464578
0.0446528
0.0429956
0.041464
0.0400298
0.0387345
0.0374832
0.0364143
0.0353035
0.034461
0.0334563
0.0328006
0.0319548
0.0313501
0.030603
0.0299929
0.0294011
0.0299567
0.030226
0.0349636
0.0354521
0.0452819
0.0467697
0.075959
0.106549
0.174766
0.225284
0.303949
21.7908
3.37776
1.22535
0.661365
0.43553
0.320005
0.251316
0.206252
0.17462
0.151264
0.133362
0.119214
0.107779
0.0983254
0.0904218
0.0836697
0.0778853
0.0728211
0.0684126
0.0644838
0.0610195
0.0578929
0.0550994
0.0525154
0.050175
0.0479813
0.0459893
0.0440926
0.0423974
0.0407276
0.039296
0.0378049
0.036593
0.0352715
0.0342203
0.0331142
0.0321638
0.0313951
0.0305735
0.0302623
0.0300236
0.0304505
0.0319547
0.034395
0.0350594
0.0500174
0.0633967
0.0821276
0.101602
0.121919
0.194741
0.264378
0.303887
0.397106
21.7906
3.37775
1.22516
0.661239
0.435479
0.319988
0.25131
0.206251
0.17462
0.151268
0.133365
0.119223
0.107785
0.0983402
0.0904319
0.0836896
0.0778987
0.0728477
0.0684349
0.0645206
0.0610512
0.0579373
0.0551348
0.0525598
0.0502038
0.0480158
0.0459994
0.0440996
0.0423729
0.0406937
0.0392309
0.0377349
0.0365002
0.0351892
0.0341311
0.0330491
0.0321283
0.0313769
0.0306376
0.0303234
0.0301673
0.0305629
0.0321322
0.0345272
0.0382256
0.0426632
0.0528269
0.0703555
0.0829337
0.0888395
0.13726
0.200202
0.204845
0.244379
0.0111134
0.0114294
0.0118269
0.012143
0.0125171
0.0128388
0.0131844
0.013512
0.0138288
0.0141577
0.0144513
0.014775
0.0150529
0.015367
0.0156356
0.0159379
0.0161963
0.0164837
0.0167283
0.0169967
0.0172262
0.017475
0.0176937
0.0179146
0.0181175
0.0183123
0.0184968
0.0186683
0.0188249
0.0189702
0.0190887
0.0192017
0.0192825
0.0193555
0.0194066
0.0194512
0.0194684
0.0194904
0.019468
0.0194489
0.0192399
0.018999
0.0187707
0.0182454
0.0186103
0.0314412
0.071449
0.0924654
0.112217
0.148303
0.203222
0.239922
0.242557
0.222299
0.0110882
0.0114531
0.0118053
0.012165
0.0124973
0.0128596
0.0131671
0.01353
0.0138169
0.0141723
0.0144468
0.0147882
0.0150563
0.0153817
0.0156466
0.0159535
0.0162144
0.0164983
0.0167524
0.0170105
0.0172516
0.0174924
0.0177134
0.0179421
0.0181292
0.0183505
0.0185054
0.0187077
0.0188368
0.0190087
0.0191126
0.0192535
0.0193395
0.0194461
0.0195272
0.0195869
0.0196976
0.0197743
0.0197815
0.0197688
0.0196517
0.0195848
0.0192461
0.018776
0.0186309
0.0216731
0.0505242
0.0738531
0.0863933
0.109929
0.156881
0.176785
0.140639
0.171576
0.179187
0.0716738
0.161992
0.118946
0.116097
0.410533
0.25625
0.429222
0.15206
0.14508
0.166762
0.0627566
0.122771
0.124557
0.11118
0.393676
0.14592
0.3008
0.155574
0.162614
0.112528
0.0650955
0.195653
0.063554
0.186014
0.195851
0.170075
0.215891
0.362477
0.223163
0.355357
0.111094
0.0641632
0.161344
0.0683215
0.121507
0.176653
0.16706
0.197511
0.282958
0.11657
0.270813
0.0573273
0.0558447
0.0579757
0.0588773
0.0814578
0.0592003
0.0807179
0.0512599
0.0621773
0.0526529
0.0968668
0.159855
0.0959927
0.170785
0.0560595
0.0554245
0.0557253
0.059576
0.0778244
0.0592871
0.0776104
0.054168
0.0605408
0.0488947
0.0989361
0.146677
0.0903948
0.112669
0.06161
0.0586786
0.0598547
0.0602048
0.0648142
0.0604135
0.0629682
0.245724
0.299064
0.302658
0.483813
0.790759
0.308177
0.340825
0.307271
0.188665
0.192874
0.194369
0.200896
0.0597579
0.0568849
0.0616918
0.0582713
0.0600587
0.0583875
0.0660301
0.375658
0.347622
0.159229
0.256245
0.360857
0.287677
0.302157
0.297058
0.19411
0.211797
0.203341
0.223376
0.0733058
0.0576199
0.0632762
0.0566628
0.063162
0.0568786
0.0614539
0.378419
0.122772
0.102334
0.103497
0.29906
0.590073
1.15392
0.248944
0.226279
0.243835
0.346192
0.287771
0.33826
0.28221
0.0616373
0.0579035
0.0581879
0.0579611
0.0605177
0.0570768
0.0596408
0.223924
0.130847
0.113506
0.244978
0.132928
0.661934
0.731992
0.245053
0.219179
0.248331
0.304295
0.291986
0.3012
0.287701
0.0818712
0.060034
0.0818856
0.0561497
0.0569663
0.0560205
0.0570563
0.136639
0.0927541
0.129151
0.0617649
0.053819
0.0607097
0.0520266
0.0811344
0.058681
0.0756903
0.0557173
0.0575567
0.0554366
0.0562968
0.114137
0.0837237
0.102973
0.0597849
0.0552358
0.0582624
0.051921
0.398837
0.146555
0.21293
0.175572
0.32177
0.35593
0.191838
0.152052
0.157409
0.306185
0.397327
0.0985686
0.111115
0.109587
0.30544
0.678154
0.484169
0.369272
0.118182
0.116226
0.113083
0.292487
0.583271
0.455997
0.329922
0.238486
0.396452
0.412306
0.377337
0.1046
1.03592
0.329315
0.176589
0.163394
0.179883
0.295337
0.327004
0.406456
0.327909
0.17857
0.139107
0.178627
0.312819
0.24616
0.146377
0.142793
0.144744
0.292143
0.205616
0.137863
0.132691
0.14611
0.136545
0.224774
0.129662
0.12146
0.267398
0.119056
0.270294
0.394122
0.183112
0.10236
0.128329
0.114993
0.154046
0.190158
0.0980823
0.660622
0.156372
0.177001
0.196616
0.585258
0.339967
0.344735
0.344356
0.174514
0.156578
0.315328
0.17219
0.544575
0.51562
0.392275
0.178846
0.151998
0.171785
0.425373
0.666054
0.503132
0.34817
0.118639
0.119651
0.0941225
0.346437
0.622969
0.569057
0.398616
0.152225
0.215377
0.171303
0.326866
0.374276
0.199576
0.14738
0.348166
0.1647
0.404408
0.172537
0.194005
0.184643
0.527528
0.630867
0.144054
0.412001
0.165785
0.196654
0.188654
0.420592
0.571625
0.272178
0.262468
0.430076
0.771489
0.582181
0.245875
0.285606
0.51565
0.396352
0.280364
0.416157
0.152292
0.129096
0.119461
0.131015
0.133726
0.133951
0.0499489
0.24739
0.143642
0.142776
0.294967
0.146679
0.1518
0.11841
0.132387
0.135224
0.112516
0.370455
0.174627
0.199348
0.404732
0.191019
0.650213
0.569422
0.448639
0.147558
0.193387
0.179373
0.34547
0.740852
0.231731
0.178881
0.675122
0.243399
0.688358
0.14372
0.178217
0.215897
0.690311
0.149656
0.086769
0.0675843
0.0826147
0.0716136
0.0773394
0.141343
0.118922
0.0902653
0.0635875
0.0789507
0.0863047
0.131697
0.074122
0.142867
0.0629692
0.0747746
0.0803639
0.0959522
0.0783167
0.136917
0.342411
0.341825
0.469358
0.434421
0.47395
0.33528
0.500443
0.348538
0.446397
0.414701
0.370286
0.434603
0.350163
0.359953
0.128463
0.0628004
0.0900022
0.0738401
0.0921463
0.0765066
0.12924
0.411328
0.363607
0.347828
0.349652
0.307018
0.365022
0.340623
0.500962
0.319242
0.220639
0.431243
0.251534
0.407416
0.508651
0.151397
0.0772534
0.0954754
0.0635357
0.0790821
0.0961141
0.147199
0.14425
0.0745182
0.062142
0.0918142
0.077063
0.137671
0.0944815
0.444627
0.590399
0.333944
0.439379
0.375977
0.443001
0.637907
0.447612
0.45713
0.419894
0.325108
0.39823
0.528864
0.418771
0.122991
0.0799762
0.0903345
0.0694532
0.136938
0.0749903
0.0865648
0.132448
0.0730164
0.0619491
0.0750859
0.0746822
0.0920859
0.127384
0.523723
0.472385
0.264881
0.327723
0.547751
0.411358
0.291756
0.522372
0.51863
0.333744
0.243513
0.386305
0.277238
0.554187
0.777151
0.439445
0.513132
0.450803
0.555543
0.568172
0.741472
0.358704
0.253775
0.318449
0.191674
0.630384
0.528953
0.357784
0.783079
0.837079
0.683577
0.728618
0.904279
0.775731
1.11576
0.491177
0.57447
0.556571
0.374611
0.756839
0.555595
0.366128
0.696021
0.387041
0.245162
0.684373
0.178068
0.691528
0.357044
0.526497
0.743611
0.705267
0.533821
0.723251
0.18712
0.140221
0.161723
0.110701
0.200621
0.641523
0.173425
0.368325
0.640137
0.20478
0.178374
0.245649
0.226717
0.295402
0.176692
0.297785
0.35507
0.355024
0.288214
0.163453
0.375663
0.425465
0.182759
0.622783
0.157496
0.169447
0.774176
1.00868
0.122574
0.246695
0.223467
0.144638
0.265791
0.119239
0.146595
0.12258
0.169543
0.148848
0.135696
0.09622
0.118131
0.117083
0.0956827
0.137021
0.240997
0.332354
0.157458
0.152675
0.29266
0.169368
0.595407
1.02399
0.441319
0.207071
0.582451
0.39486
0.207753
0.441077
0.59329
0.290409
0.258039
0.321828
0.219129
0.299719
0.36673
0.356551
0.300993
0.432002
0.388024
0.208227
0.396136
0.202028
0.561543
0.311776
0.363989
0.201842
0.49694
0.337656
0.386053
0.200427
0.467567
0.225682
0.245917
0.277713
0.202271
0.233573
0.332374
0.266576
0.278211
0.338101
0.316391
0.178531
0.407514
0.181882
0.429974
0.326137
0.212071
0.131536
0.653646
0.381771
0.139883
0.640578
0.166874
0.256987
0.233466
0.284714
0.177283
0.294967
0.346757
0.351352
0.285549
0.191897
0.389761
0.144143
0.413962
0.171732
0.604863
0.166606
0.672458
0.644837
0.201196
0.134994
0.334841
0.547067
0.156189
0.164488
0.507164
0.171543
0.235401
0.174754
0.237493
0.150846
0.315947
0.138875
0.413654
0.134185
0.45391
0.157544
0.239183
0.294189
0.235904
0.280666
0.522808
0.493764
0.642163
0.453441
0.680176
0.366051
0.644733
0.465657
0.492902
0.725765
0.282004
0.844173
0.273933
0.498902
0.360841
0.502083
0.268451
0.598537
0.376528
0.488128
0.565127
0.620003
0.470448
0.492692
0.49324
0.6374
0.245713
0.200302
0.528405
0.309902
0.197591
0.515203
0.228837
0.358983
0.359265
0.440053
0.281731
0.343261
0.421166
0.294269
0.415132
0.233907
0.380327
0.203483
0.534802
0.205163
0.660079
0.195122
0.39875
0.408136
0.228792
0.186924
0.31773
0.571403
0.17659
0.233437
0.586324
0.358116
0.438471
0.351619
0.440759
0.23162
0.313467
0.180234
0.575231
0.179898
0.584596
0.227929
0.312217
0.446428
0.334136
0.429067
0.244998
0.184716
0.252295
0.228921
0.178714
0.215414
0.261415
0.161694
0.218941
0.191761
0.179466
0.283569
0.283558
0.181371
0.345531
0.177403
0.290584
0.329798
0.132066
0.138423
0.163612
0.109678
0.180124
0.182248
0.181829
0.185394
0.19299
0.180272
0.164911
0.0876486
0.0769585
0.109487
0.0612993
0.0892594
0.122274
0.0992589
0.115874
0.176506
0.181268
0.162392
0.0992339
0.169955
0.155816
0.151798
0.122351
0.229832
0.140875
0.237963
0.142302
0.261044
0.119693
0.117919
0.150533
0.147789
0.110711
0.132745
0.260373
0.144892
0.3384
0.147143
0.134153
0.314751
0.098513
0.118575
0.117785
0.0925636
0.298813
0.364902
0.0991887
0.145048
0.142393
0.175221
0.147163
0.095327
0.122839
0.0264879
0.0266208
0.0356268
0.0215209
0.0418685
0.055472
0.040086
0.051287
0.0804826
0.175938
0.143611
0.0611439
0.144528
0.121319
0.110906
0.165396
0.160116
0.202332
0.51087
0.96021
0.613069
0.205343
0.431954
0.885806
0.175858
0.149364
0.114504
0.158149
0.112316
0.132647
0.0849585
0.114819
0.258976
0.59334
0.523873
0.932485
0.47421
0.710306
0.32268
0.355448
0.33734
0.223737
0.317686
0.209409
0.4681
0.194194
0.505167
0.235937
0.32396
0.408818
0.324198
0.3884
0.219211
0.315508
0.181517
0.533136
0.223367
0.182818
0.528771
0.306537
0.371504
0.296108
0.329253
0.831561
0.786545
0.30931
0.239701
0.507069
0.479684
0.269121
0.284026
0.61769
0.482333
0.529971
0.601092
0.428152
0.467124
0.449386
0.358431
0.525445
0.322916
0.51537
0.24083
0.476789
0.268089
0.640875
0.280076
0.662477
0.661178
0.162886
0.580591
0.167558
0.366778
0.207238
0.595602
0.132085
0.224139
0.261479
0.211862
0.271043
0.248254
0.305818
0.249173
0.298787
0.158311
0.356481
0.521761
0.133506
0.154682
0.539197
0.130439
0.624932
0.585549
0.438238
0.583988
0.210868
0.39379
0.583551
0.212286
0.440032
0.304767
0.290287
0.351933
0.251164
0.303812
0.370574
0.304507
0.363912
0.453004
0.401722
0.430646
0.214302
0.584697
0.200613
0.3311
0.414182
0.550264
0.372122
0.204679
0.562574
0.415152
0.20356
0.26952
0.30589
0.3273
0.256783
0.280346
0.35664
0.294129
0.335248
0.389152
0.354931
0.497663
0.199549
0.516639
0.202184
0.382244
0.26043
0.633717
0.218732
0.473954
0.736367
0.239046
0.230787
0.454066
0.401034
0.483171
0.387993
0.355422
0.385267
0.412114
0.329403
0.330492
0.577461
0.837047
0.291045
0.884316
0.309798
0.27913
0.50867
0.585865
0.242056
0.652841
0.188588
0.419078
0.259466
0.625447
0.210775
0.377929
0.428147
0.421468
0.373789
0.350755
0.41734
0.394746
0.354126
0.282399
0.397724
0.609666
0.219291
0.603427
0.215936
0.273159
0.7055
0.413606
0.674312
0.732019
0.738711
0.78282
0.665796
0.285624
0.283509
0.339787
0.214867
0.437543
0.386471
0.357937
0.651959
0.528439
0.933375
0.670029
0.589532
1.02323
0.73368
0.335432
0.758948
0.428576
0.530277
0.6909
0.864655
0.680451
0.685625
0.26808
0.303863
0.325231
0.229206
0.334193
0.370906
0.325957
0.630173
0.625025
0.574847
1.19232
0.630322
1.11884
0.68481
0.480926
0.307377
0.336521
0.0948699
0.0970132
0.151154
0.135062
0.0950905
0.0647859
0.155638
0.0157175
0.016149
0.0252209
0.00988059
0.027433
0.0387427
0.0294416
0.0323993
0.0703765
0.152408
0.0356983
0.143254
0.0968056
0.145148
0.0999793
0.0880537
0.137525
0.248072
0.256604
0.24998
0.187288
0.271418
0.171014
0.23075
0.153405
0.249039
0.201706
0.188844
0.269337
0.275021
0.371199
0.179907
0.310316
0.308258
0.176833
0.140539
0.147075
0.127862
0.170771
0.138143
0.125965
0.164327
0.12335
0.0910214
0.158879
0.149936
0.0702833
0.0599925
0.0901639
0.0455345
0.0540287
0.0887026
0.0688032
0.0740407
0.159568
0.157279
0.0723479
0.146034
0.131311
0.161597
0.132675
0.284316
0.627707
0.347459
0.22708
0.521668
0.289848
0.231557
0.396917
0.41014
0.403212
0.387244
0.377383
0.469964
0.39109
0.417593
0.295376
0.414898
0.620994
0.234033
0.602716
0.28428
0.221399
0.681481
0.649486
0.30419
0.710306
0.207333
0.454933
0.282282
0.754899
0.216495
0.488686
0.514231
0.610775
0.40242
0.477484
0.549802
0.584241
0.419643
0.287448
0.512208
0.627307
0.224702
0.807154
0.241821
0.240536
0.362948
0.66358
0.956224
0.611653
0.835475
0.597083
0.316274
0.135493
0.261031
0.19387
0.188929
0.321763
0.639078
0.99379
0.555958
0.7696
0.377163
0.541426
0.125219
0.148349
0.17946
0.0829629
0.351423
0.981673
0.608383
0.625408
0.462442
0.275287
0.67996
0.225047
0.0746994
0.105735
0.0790438
0.0544707
0.0997794
0.083052
0.0359048
0.624952
0.635747
0.908283
0.691387
0.826076
0.730682
0.388592
)
;

boundaryField
{
    inlet
    {
        type            fixedValue;
        value           uniform 440.15;
    }
    outlet
    {
        type            zeroGradient;
    }
    rightSide
    {
        type            symmetryPlane;
    }
    leftSide
    {
        type            symmetryPlane;
    }
    duct
    {
        Cmu             0.09;
        kappa           0.41;
        E               9.8;
        beta1           0.075;
        type            omegaWallFunction;
        value           nonuniform List<scalar> 
216
(
0.0110957
0.0110871
0.011445
0.0114523
0.0117985
0.0118047
0.0121544
0.0121553
0.0124887
0.012498
0.0128386
0.0128427
0.0131638
0.0131677
0.0134976
0.013508
0.0138172
0.013815
0.0141338
0.014151
0.0144475
0.0144422
0.014747
0.0147709
0.015051
0.0150477
0.01533
0.0153569
0.0156133
0.0156215
0.0158678
0.0158966
0.016121
0.0161496
0.0163498
0.0163915
0.0165766
0.0166307
0.0167687
0.0168367
0.0169428
0.0170306
0.0171142
0.0172122
0.0172934
0.0174136
0.0174773
0.0175878
0.0176952
0.0178233
0.0179036
0.0180145
0.0181761
0.0182903
0.0184013
0.0184794
0.0186947
0.0187919
0.0188945
0.0189455
0.0191324
0.0192497
0.0193342
0.0194291
0.0195384
0.0198617
0.0198479
0.0201673
0.0204557
0.0205722
0.0215084
0.0208482
0.0225058
0.0213175
0.0226666
0.0220392
0.0229101
0.0231325
0.0241541
0.0238947
0.0249415
0.0243484
0.0251245
0.0244529
0.0255431
0.0246614
0.0259074
0.0256072
0.0268466
0.0266544
0.0278863
0.0268909
0.0286331
0.0275122
0.0287748
0.0282197
0.0294888
0.0297929
0.0303587
0.0303467
0.0313137
0.0320974
0.0356186
0.0311761
0.104731
0.0437927
0.102059
0.081247
0.0111134
0.0110882
0.0114294
0.0114531
0.0118269
0.0118053
0.012143
0.012165
0.0125171
0.0124973
0.0128388
0.0128596
0.0131844
0.0131671
0.013512
0.01353
0.0138288
0.0138169
0.0141577
0.0141723
0.0144513
0.0144468
0.014775
0.0147882
0.0150529
0.0150563
0.015367
0.0153817
0.0156356
0.0156466
0.0159379
0.0159535
0.0161963
0.0162144
0.0164837
0.0164983
0.0167283
0.0167524
0.0169967
0.0170105
0.0172262
0.0172516
0.017475
0.0174924
0.0176937
0.0177134
0.0179146
0.0179421
0.0181175
0.0181292
0.0183123
0.0183505
0.0184968
0.0185054
0.0186683
0.0187077
0.0188249
0.0188368
0.0189702
0.0190087
0.0190887
0.0191126
0.0192017
0.0192535
0.0192825
0.0193395
0.0193555
0.0194461
0.0194066
0.0195272
0.0194512
0.0195869
0.0194684
0.0196976
0.0194904
0.0197743
0.019468
0.0197815
0.0194489
0.0197688
0.0192399
0.0196517
0.018999
0.0195848
0.0187707
0.0192461
0.0182454
0.018776
0.0186103
0.0186309
0.0314412
0.0216731
0.071449
0.0505242
0.0924654
0.0738531
0.112217
0.0863933
0.148303
0.109929
0.203222
0.156881
0.239922
0.176785
0.242557
0.140639
0.222299
0.171576
)
;
    }
    cylinder
    {
        Cmu             0.09;
        kappa           0.41;
        E               9.8;
        beta1           0.075;
        type            omegaWallFunction;
        value           nonuniform List<scalar> 
448
(
0.590073
1.15392
0.661934
0.731992
0.678154
0.484169
0.583271
0.455997
0.1046
1.03592
0.327004
0.406456
0.270294
0.394122
0.190158
0.0980823
0.339967
0.344735
0.544575
0.51562
0.666054
0.503132
0.622969
0.569057
0.630867
0.144054
0.280364
0.416157
0.133951
0.0499489
0.650213
0.569422
0.513132
0.741472
0.358704
0.630384
0.904279
1.11576
0.756839
0.696021
0.387041
0.743611
0.723251
0.18712
0.641523
0.640137
0.245649
0.297785
0.774176
1.00868
0.246695
0.265791
0.12258
0.09622
0.595407
1.02399
0.582451
0.59329
0.290409
0.299719
0.396136
0.561543
0.49694
0.467567
0.225682
0.233573
0.407514
0.429974
0.653646
0.640578
0.256987
0.294967
0.672458
0.644837
0.547067
0.507164
0.171543
0.413654
0.239183
0.522808
0.493764
0.680176
0.492902
0.725765
0.498902
0.565127
0.492692
0.49324
0.6374
0.528405
0.515203
0.358983
0.343261
0.39875
0.408136
0.571403
0.586324
0.358116
0.312217
0.228921
0.261415
0.161694
0.345531
0.132066
0.181829
0.164911
0.0876486
0.0892594
0.0992339
0.155816
0.237963
0.261044
0.117919
0.3384
0.314751
0.098513
0.298813
0.364902
0.142393
0.122839
0.0264879
0.0418685
0.165396
0.160116
0.96021
0.885806
0.175858
0.112316
0.355448
0.33734
0.4681
0.505167
0.32396
0.306537
0.831561
0.786545
0.507069
0.61769
0.482333
0.467124
0.662477
0.661178
0.580591
0.595602
0.224139
0.248254
0.624932
0.585549
0.304767
0.303812
0.550264
0.562574
0.26952
0.280346
0.633717
0.454066
0.355422
0.50867
0.585865
0.377929
0.350755
0.413606
0.285624
0.437543
0.26808
0.334193
0.307377
0.336521
0.0970132
0.0647859
0.0157175
0.027433
0.0880537
0.137525
0.24998
0.271418
0.153405
0.140539
0.0702833
0.0540287
0.627707
0.521668
0.396917
0.377383
0.681481
0.649486
0.710306
0.754899
0.488686
0.477484
0.956224
0.835475
0.135493
0.125219
0.981673
0.462442
0.225047
0.0544707
0.253775
0.528953
0.245162
0.140221
0.226717
0.35507
0.169543
0.118131
0.258039
0.36673
0.245917
0.332374
0.233466
0.346757
0.235401
0.294189
0.282004
0.360841
0.359265
0.421166
0.438471
0.446428
0.218941
0.138423
0.0769585
0.122274
0.150533
0.118575
0.0266208
0.055472
0.149364
0.132647
0.408818
0.371504
0.529971
0.449386
0.261479
0.305818
0.290287
0.370574
0.30589
0.35664
0.401034
0.385267
0.428147
0.41734
0.283509
0.386471
0.303863
0.370906
0.016149
0.0387427
0.249039
0.147075
0.0599925
0.0887026
0.41014
0.469964
0.514231
0.549802
0.261031
0.148349
0.0746994
0.0997794
0.318449
0.191674
0.783079
0.357784
0.684373
0.178068
0.110701
0.161723
0.295402
0.176692
0.425465
0.622783
0.288214
0.355024
0.736367
0.738711
0.837047
0.884316
0.148848
0.135696
0.332354
0.29266
0.0956827
0.117083
0.620994
0.602716
0.321828
0.219129
0.300993
0.356551
0.277713
0.202271
0.266576
0.278211
0.284714
0.177283
0.413962
0.604863
0.285549
0.351352
0.174754
0.237493
0.45391
0.235904
0.280666
0.273933
0.844173
0.502083
0.268451
0.440053
0.281731
0.534802
0.660079
0.294269
0.415132
0.351619
0.575231
0.440759
0.584596
0.334136
0.429067
0.179466
0.191761
0.329798
0.109678
0.163612
0.109487
0.0612993
0.0992589
0.115874
0.110711
0.147789
0.0925636
0.117785
0.0356268
0.0215209
0.0611439
0.121319
0.040086
0.051287
0.114504
0.158149
0.932485
0.710306
0.0849585
0.114819
0.324198
0.533136
0.3884
0.528771
0.296108
0.329253
0.476789
0.640875
0.601092
0.428152
0.358431
0.525445
0.583988
0.583551
0.271043
0.211862
0.521761
0.539197
0.249173
0.298787
0.497663
0.516639
0.351933
0.251164
0.430646
0.584697
0.304507
0.363912
0.3273
0.256783
0.294129
0.335248
0.483171
0.387993
0.329403
0.412114
0.652841
0.428576
0.625447
0.864655
1.19232
0.421468
0.373789
0.609666
0.603427
0.354126
0.394746
0.339787
0.214867
0.670029
1.02323
0.651959
0.357937
0.325231
0.229206
1.11884
0.630173
0.325957
0.0252209
0.00988059
0.0356983
0.0968056
0.0294416
0.0323993
0.125965
0.0910214
0.201706
0.371199
0.188844
0.308258
0.127862
0.170771
0.0901639
0.0455345
0.0723479
0.131311
0.0688032
0.0740407
0.403212
0.387244
0.417593
0.39109
0.807154
0.610775
0.40242
0.627307
0.419643
0.584241
0.19387
0.99379
0.188929
0.7696
0.0829629
0.17946
0.105735
0.0790438
0.908283
0.826076
0.0359048
0.083052
)
;
    }
}


// ************************************************************************* //
