/*--------------------------------*- C++ -*----------------------------------*\
| =========                 |                                                 |
| \\      /  F ield         | OpenFOAM: The Open Source CFD Toolbox           |
|  \\    /   O peration     | Version:  4.1                                   |
|   \\  /    A nd           | Web:      www.OpenFOAM.org                      |
|    \\/     M anipulation  |                                                 |
\*---------------------------------------------------------------------------*/
FoamFile
{
    version     2.0;
    format      ascii;
    class       volScalarField;
    location    "4";
    object      epsilon;
}
// * * * * * * * * * * * * * * * * * * * * * * * * * * * * * * * * * * * * * //

dimensions      [0 2 -3 0 0 0 0];

internalField   nonuniform List<scalar> 
4432
(
0.000399361
0.000446319
0.000501973
0.000542062
0.000579198
0.000598973
0.00064338
0.000616819
0.000749131
0.000768689
0.000801252
0.000813484
0.000738224
0.000862062
0.000867781
0.000806916
0.000764342
0.000806259
0.000876585
0.000881088
0.000779106
0.000902118
0.000918099
0.000935617
0.000932818
0.000943993
0.0007572
0.000904479
0.00079876
0.000788431
0.00072746
0.000854233
0.000864951
0.000889226
0.000892022
0.000909485
0.000909876
0.000819516
0.000852614
0.000905626
0.000798878
0.000729119
0.000559674
0.000837014
0.000978174
0.00183894
0.00184108
0.00132972
0.00125922
0.00117374
0.00115634
0.00104123
0.000820683
0.000580999
0.000399474
0.000445891
0.000499782
0.000541375
0.000572838
0.000603826
0.000621094
0.000655027
0.000646826
0.000749513
0.000765766
0.000723077
0.000663929
0.000795416
0.000807765
0.000759722
0.000747578
0.000749291
0.000837116
0.000844984
0.000759982
0.000878105
0.000897065
0.00091679
0.000916208
0.000929694
0.00075248
0.00089705
0.000797992
0.000784555
0.00072755
0.000852168
0.000863678
0.000888567
0.000891252
0.0008006
0.000910364
0.000905858
0.000802357
0.000913937
0.000797821
0.000718692
0.000555484
0.000808158
0.000943213
0.00163586
0.00153639
0.00112605
0.00107598
0.00102378
0.00101294
0.000827436
0.00070347
0.000570208
0.0735986
0.00152932
0.00148649
0.00148718
0.00148713
0.00148781
0.00148905
0.00148909
0.00148909
0.00149043
0.00148855
0.00148785
0.0014899
0.00148779
0.00148709
0.00148777
0.0014877
0.00148902
0.00148772
0.00148705
0.00148765
0.00148762
0.00148818
0.00148826
0.00148869
0.00148937
0.00148958
0.0014901
0.00149028
0.00149026
0.00149087
0.0014899
0.00148982
0.00149079
0.00149078
0.00149082
0.00148948
0.00149065
0.0014921
0.00149344
0.00149347
0.00149388
0.00150065
0.00151297
0.00151557
0.00151124
0.00151628
0.00158458
0.00233296
0.00578369
0.0131163
0.0161095
0.0203691
0.00932088
0.0735991
0.00152916
0.00148642
0.0014871
0.00148705
0.00148773
0.001489
0.00148903
0.00148903
0.0014904
0.00148846
0.00148776
0.0014898
0.0014877
0.00148768
0.00148907
0.00148903
0.00148963
0.00148764
0.00148697
0.00148756
0.00148753
0.00148807
0.00148873
0.00148887
0.00148895
0.00148906
0.00148959
0.00149014
0.00149012
0.00149071
0.00148973
0.00148963
0.00149056
0.00149052
0.00149046
0.00148908
0.00149018
0.00149234
0.00149368
0.00149608
0.00149393
0.0014971
0.00151102
0.00151318
0.001506
0.00151287
0.00159376
0.00243172
0.00612292
0.0134518
0.0157034
0.0197393
0.00922595
0.0735473
0.00152777
0.00148575
0.00148642
0.00148711
0.00148683
0.00148683
0.00148723
0.0014879
0.00148845
0.00148983
0.00148846
0.0014877
0.00148837
0.00148901
0.00148836
0.00148834
0.0014903
0.00148768
0.00148763
0.00148889
0.00148886
0.00149017
0.00148835
0.00148831
0.00149013
0.0014889
0.00148881
0.00148996
0.00148838
0.00148832
0.00148923
0.00148862
0.00148917
0.00148897
0.00148891
0.00148982
0.00148931
0.00148935
0.00149018
0.00149042
0.00149291
0.00149424
0.00149288
0.00148976
0.00149253
0.00149286
0.00149924
0.0015073
0.0015657
0.00170057
0.00171798
0.00216471
0.00608892
0.0735478
0.00152766
0.00148568
0.00148635
0.00148704
0.00148689
0.00148687
0.0014874
0.00148807
0.00148837
0.00148974
0.00148838
0.00148762
0.00148829
0.00148895
0.00148829
0.00148827
0.00149022
0.00148761
0.00148756
0.00148881
0.00148877
0.00149007
0.00148824
0.00148821
0.00149002
0.0014888
0.00148871
0.00148985
0.00148825
0.00148818
0.00148916
0.00148854
0.00148899
0.00148877
0.00148869
0.00148955
0.001489
0.00148894
0.0014897
0.00149053
0.00149241
0.0014933
0.00149436
0.0014927
0.00148992
0.00149222
0.00149614
0.00150294
0.00156331
0.00172976
0.00169013
0.00222341
0.005962
0.0735481
0.00152777
0.00148575
0.00148642
0.00148713
0.00148798
0.0014883
0.00148812
0.00148842
0.00148909
0.0014891
0.00148878
0.00148872
0.00148853
0.00148926
0.00148967
0.00149027
0.00148832
0.00148764
0.00148834
0.00148903
0.00148834
0.00148828
0.0014895
0.00148886
0.00148898
0.00148897
0.0014888
0.00148902
0.00149038
0.00149067
0.00148833
0.00148765
0.00148861
0.00148804
0.00148804
0.00148894
0.00149024
0.00149022
0.0014914
0.00149293
0.00149292
0.00149301
0.00149426
0.00149177
0.00149277
0.00149344
0.00149608
0.00150389
0.00150929
0.00150997
0.00150816
0.00160308
0.00250114
0.0735486
0.00152765
0.00148568
0.00148635
0.00148705
0.00148807
0.00148867
0.00148764
0.0014877
0.00148905
0.00148898
0.00148884
0.00148872
0.00148867
0.00149013
0.00148896
0.00148882
0.00148879
0.00148889
0.00149082
0.00148826
0.00148757
0.00148878
0.00148875
0.0014889
0.00148837
0.0014889
0.0014887
0.00148883
0.00148952
0.00148988
0.00148986
0.00148877
0.00148821
0.00148775
0.00148769
0.00148868
0.00149032
0.00149034
0.00149103
0.00149196
0.00149206
0.00149201
0.00149238
0.00149216
0.00149022
0.00149192
0.00149292
0.0015027
0.0015091
0.00150557
0.00152522
0.00160289
0.00251338
0.0735478
0.00152777
0.00148575
0.00148642
0.00148712
0.00148684
0.00148683
0.00148751
0.00148955
0.00148914
0.00148907
0.0014904
0.00148841
0.00148752
0.00148814
0.00148769
0.00148834
0.00148955
0.00148952
0.00148955
0.00148832
0.00148746
0.00148799
0.00148843
0.00148848
0.00148886
0.00148899
0.00148962
0.00149002
0.00148892
0.00148831
0.0014888
0.00148976
0.00148979
0.00148994
0.00148998
0.00149024
0.00149009
0.00148975
0.00149051
0.00149195
0.00149222
0.0014928
0.00149388
0.0014907
0.00149227
0.00149111
0.00149293
0.00149771
0.00149848
0.00149529
0.00149125
0.00151124
0.00194588
0.0735484
0.00152766
0.00148568
0.00148635
0.00148706
0.0014869
0.00148689
0.00148744
0.00148812
0.0014884
0.00148969
0.00148933
0.00148864
0.00148958
0.00148957
0.00148956
0.00149018
0.00148824
0.00148754
0.00148883
0.00148883
0.0014894
0.00148933
0.00149002
0.00148827
0.00148754
0.00148827
0.00148891
0.00148824
0.00148755
0.00148822
0.00148819
0.00148903
0.00148903
0.00148994
0.00148838
0.00148854
0.00149011
0.00149009
0.00149011
0.00149148
0.00149183
0.00149205
0.00149369
0.00148998
0.00149037
0.00148994
0.00149356
0.00149584
0.00149222
0.00149181
0.00149282
0.00151322
0.00197096
0.0735477
0.00152777
0.00148646
0.00148714
0.00148714
0.00148852
0.00148989
0.00148987
0.00149055
0.0014889
0.00148883
0.00149039
0.00148842
0.00148764
0.00148827
0.00148833
0.00148894
0.001489
0.00148917
0.00148952
0.00148809
0.00148765
0.00148821
0.00148819
0.00148897
0.00148911
0.00148964
0.00148961
0.0014896
0.00149002
0.00148767
0.00148776
0.0014889
0.0014889
0.0014894
0.00148897
0.00148873
0.00148953
0.00148993
0.00149
0.00149146
0.00149176
0.00149173
0.00149374
0.00149145
0.00149182
0.00148973
0.00149251
0.00149275
0.00149036
0.00149037
0.00149289
0.00149862
0.00168826
0.0735483
0.00152765
0.00148638
0.00148706
0.00148705
0.00148775
0.0014886
0.00148927
0.00149046
0.00148907
0.001489
0.00149032
0.00149031
0.00149031
0.00148834
0.00148763
0.00148826
0.0014883
0.00148935
0.00148975
0.00148807
0.00148757
0.00148808
0.00148807
0.0014889
0.00148951
0.00148973
0.00148964
0.0014895
0.00148956
0.00148757
0.00148755
0.0014893
0.00148904
0.00148925
0.00148867
0.00148894
0.00148926
0.0014899
0.00148965
0.0014911
0.00149142
0.00148993
0.00149316
0.00148969
0.0014904
0.0014896
0.00149075
0.00149014
0.0014877
0.00149291
0.00150081
0.00149965
0.00171144
0.0735474
0.00152777
0.00148646
0.00148714
0.00148714
0.00148852
0.00148989
0.00148847
0.00148845
0.00149047
0.00148845
0.00148843
0.00149044
0.00148908
0.0014884
0.00148903
0.0014903
0.00148834
0.00148764
0.00148956
0.00148953
0.00148891
0.00148892
0.00148959
0.00148952
0.00149013
0.00148903
0.00148899
0.00149082
0.00149073
0.00148837
0.00148777
0.00148915
0.00148913
0.00148938
0.00149052
0.00148872
0.0014892
0.00149105
0.0014907
0.00148989
0.00149135
0.00149113
0.00149175
0.00149272
0.00148826
0.00148835
0.00149012
0.00148931
0.00148703
0.00149026
0.00149373
0.00149348
0.00149411
0.073548
0.00152766
0.00148638
0.00148706
0.00148705
0.00148775
0.00148859
0.00148922
0.00148906
0.00148972
0.00148837
0.00148835
0.00149036
0.001489
0.00148831
0.00148895
0.00149024
0.00148828
0.00148757
0.00148952
0.00148827
0.00148825
0.00148888
0.00148888
0.00148942
0.00148952
0.00148897
0.00148953
0.00148991
0.00148879
0.00148876
0.00148891
0.00148863
0.00148891
0.0014893
0.00149027
0.0014888
0.00148891
0.00149067
0.00149023
0.00148938
0.0014909
0.00148936
0.00149095
0.00148971
0.00148799
0.00148959
0.0014922
0.00148994
0.00148912
0.0014916
0.00149764
0.00149369
0.00149724
0.0735473
0.00152778
0.00148576
0.00148643
0.00148712
0.00148713
0.0014878
0.00148847
0.00148983
0.00148849
0.00148774
0.00148907
0.00148905
0.00149038
0.00148841
0.00148836
0.00149096
0.00149076
0.00148881
0.00148766
0.00148888
0.00148884
0.00148858
0.00148864
0.00148894
0.00148905
0.00148925
0.00149037
0.00148952
0.00148945
0.00149078
0.00148843
0.00148773
0.00148849
0.00148943
0.00148864
0.00148872
0.00148964
0.00148981
0.00148949
0.00148896
0.00149177
0.00149182
0.00149122
0.00149309
0.00149018
0.00148841
0.00149161
0.00148977
0.00148645
0.00149157
0.00149589
0.00149339
0.00149864
0.0735479
0.00152766
0.00148568
0.00148635
0.00148705
0.00148705
0.00148772
0.00148839
0.00148975
0.00148841
0.00148767
0.00148899
0.00148897
0.0014903
0.00148834
0.00148829
0.00149024
0.00149011
0.00148815
0.00148757
0.00148823
0.00148832
0.00148952
0.0014895
0.00148946
0.00149009
0.00149005
0.00148883
0.00148882
0.00148932
0.0014899
0.00148837
0.00148774
0.00148837
0.0014893
0.0014885
0.00148856
0.00148946
0.0014896
0.00148923
0.00148865
0.00149141
0.00149047
0.00149083
0.00149117
0.00148963
0.00148913
0.001491
0.00149105
0.00149157
0.00149425
0.00149649
0.00149984
0.00149838
0.073547
0.00152778
0.00148576
0.00148643
0.00148712
0.00148712
0.00148916
0.00148903
0.00148901
0.00149119
0.00148845
0.0014884
0.0014904
0.00148844
0.00148813
0.00148878
0.00148968
0.001489
0.00148895
0.00148898
0.00148899
0.00149019
0.0014902
0.00149097
0.00148847
0.00148779
0.00148901
0.00148898
0.0014895
0.00148942
0.0014902
0.0014884
0.00148707
0.00148783
0.00148805
0.00148848
0.00148943
0.00149034
0.00148875
0.00148884
0.00149137
0.00149167
0.00149106
0.00149272
0.00149298
0.00149082
0.00149022
0.00149534
0.00149282
0.0014892
0.00149128
0.0014954
0.00149351
0.00150025
0.0735477
0.00152766
0.00148568
0.00148635
0.00148705
0.00148704
0.00148772
0.00148909
0.00148976
0.00149042
0.00148837
0.00148832
0.00149032
0.00148835
0.00148807
0.00148872
0.00148961
0.00148893
0.00148889
0.0014902
0.00148971
0.00149036
0.00148896
0.00148858
0.0014892
0.00148905
0.00148957
0.00148757
0.00148691
0.00148765
0.00148764
0.00148865
0.00148817
0.00148809
0.001489
0.00148886
0.00148963
0.00149008
0.00148845
0.00148847
0.00149093
0.00149136
0.00149075
0.001492
0.00149274
0.00149124
0.0014873
0.00148954
0.00148982
0.0014915
0.00149386
0.0014951
0.0014989
0.00150106
0.073547
0.00152778
0.00148576
0.00148643
0.00148712
0.00148712
0.00148915
0.00148892
0.00148887
0.00149111
0.00149103
0.00148838
0.00148774
0.00148974
0.00148789
0.00148784
0.00148966
0.00148967
0.00149025
0.0014883
0.0014876
0.00148891
0.00148889
0.00149028
0.00148852
0.0014879
0.00148967
0.00148906
0.00148899
0.0014895
0.00149027
0.00148846
0.00148834
0.00149054
0.00149066
0.00148964
0.00149004
0.00149093
0.00148929
0.00149024
0.00149089
0.00149105
0.00149009
0.00149298
0.00149425
0.00149101
0.00148933
0.00149452
0.00149254
0.00149135
0.00149226
0.00149871
0.00149921
0.00150219
0.0735477
0.00152766
0.00148568
0.00148635
0.00148705
0.00148704
0.00148907
0.001489
0.00148896
0.00149105
0.001491
0.00148832
0.00148766
0.00148966
0.00148899
0.00148832
0.00148894
0.00149024
0.00148957
0.00148952
0.00148888
0.00148888
0.00148901
0.00148911
0.00148842
0.00148778
0.00148955
0.00148891
0.00148829
0.00148872
0.00149021
0.0014883
0.0014877
0.00148833
0.0014893
0.0014887
0.00148891
0.00149089
0.00148914
0.00149005
0.00149069
0.00149135
0.00149104
0.0014925
0.00149376
0.00149145
0.00148739
0.00148871
0.00149156
0.00149357
0.00149338
0.00149805
0.00149886
0.00150216
0.0735469
0.00152778
0.00148577
0.00148643
0.00148712
0.0014878
0.00148846
0.00148914
0.00148979
0.00148977
0.00149044
0.00148845
0.00148777
0.00148845
0.00148906
0.0014884
0.00148705
0.00148769
0.0014877
0.00148898
0.00148762
0.00148695
0.00148765
0.00148784
0.00148903
0.00148964
0.00149046
0.00148849
0.00148838
0.00149019
0.00149014
0.00148907
0.001489
0.00149023
0.00148931
0.00148918
0.0014908
0.00148885
0.00148809
0.00148874
0.00148891
0.00148991
0.00149104
0.00149152
0.00149169
0.00149135
0.00148956
0.00149135
0.00149444
0.00149538
0.00149409
0.00150078
0.00149932
0.00150246
0.0735475
0.00152767
0.00148568
0.00148635
0.00148704
0.00148771
0.00148838
0.00148906
0.00148972
0.00148972
0.00149037
0.00148837
0.00148769
0.00148836
0.00148897
0.00148832
0.00148827
0.00149022
0.00149014
0.00148821
0.00148691
0.00148754
0.00148752
0.00148824
0.00148859
0.00148912
0.00149047
0.00148833
0.00148767
0.00148937
0.00148825
0.00148823
0.00148824
0.00148812
0.00148967
0.00148956
0.00149064
0.00148868
0.00148787
0.00148844
0.0014886
0.0014895
0.00149149
0.00149251
0.00149383
0.00149111
0.00148873
0.00148884
0.00149124
0.00149332
0.00149234
0.00149361
0.00149255
0.00149912
0.0735469
0.00152778
0.00148646
0.00148713
0.00148712
0.00148917
0.00148906
0.00148902
0.00149114
0.00148913
0.00148844
0.00149045
0.00148848
0.00148776
0.00148844
0.0014891
0.00148839
0.00148831
0.00149026
0.00149013
0.00149075
0.00148826
0.0014877
0.00148855
0.00148962
0.00148883
0.00148858
0.00149102
0.00148844
0.00148702
0.00148764
0.00148836
0.00148891
0.00148882
0.00148986
0.00149063
0.00148856
0.00148674
0.00148791
0.00148753
0.00148799
0.00148799
0.00149025
0.00148921
0.00148951
0.00149086
0.00149021
0.00149326
0.00149241
0.00149169
0.00149255
0.00149734
0.00149939
0.00150229
0.0735476
0.00152766
0.00148638
0.00148705
0.00148704
0.00148773
0.00148908
0.00148973
0.00149039
0.00148906
0.00148837
0.00149037
0.0014884
0.00148704
0.00148768
0.00148894
0.0014883
0.00148826
0.00149016
0.00149016
0.00149083
0.0014883
0.00148761
0.00149066
0.00148996
0.0014899
0.00148865
0.00148724
0.00148776
0.0014884
0.00148879
0.00148948
0.00148816
0.00148826
0.00148977
0.00148972
0.0014885
0.00148666
0.0014878
0.00148741
0.00148788
0.00148787
0.00149019
0.00149004
0.00149061
0.00149027
0.00149019
0.00149545
0.00149059
0.0014902
0.00149391
0.00149728
0.00149928
0.00150229
0.0735469
0.00152846
0.00148787
0.00148856
0.00148925
0.00148995
0.00148994
0.0014905
0.00148906
0.00148906
0.00149108
0.00148844
0.00148843
0.00149043
0.00148846
0.00148806
0.0014887
0.00148908
0.00149025
0.0014889
0.0014877
0.0014882
0.00148847
0.00148959
0.00148947
0.00148869
0.00148907
0.00149019
0.00148839
0.00148756
0.0014894
0.00148933
0.00148942
0.00148902
0.00148964
0.00148846
0.00148783
0.00148868
0.00148891
0.00149011
0.00149023
0.00148999
0.00148961
0.00149198
0.00149272
0.00149379
0.00149306
0.00149475
0.00149233
0.00149291
0.00149474
0.00149653
0.00149832
0.00150232
0.0735476
0.00152834
0.00148779
0.00148849
0.00148917
0.00148986
0.00148985
0.00149043
0.00148899
0.001489
0.00149103
0.00148837
0.00148834
0.00149103
0.0014884
0.00148767
0.00148875
0.00148873
0.00148952
0.00148936
0.00148822
0.00148818
0.0014886
0.00148868
0.00149041
0.00148866
0.0014877
0.00148818
0.00148809
0.00148879
0.00148884
0.0014888
0.00148874
0.00148896
0.00148863
0.00148932
0.00148771
0.00148744
0.00148803
0.00148831
0.00149009
0.00148968
0.00148932
0.00149192
0.00149263
0.00149422
0.00149307
0.00149502
0.00149152
0.00148579
0.00149038
0.00149357
0.00149157
0.00149897
0.0735477
0.001531
0.00149143
0.00148856
0.00148783
0.00148854
0.00148922
0.00148852
0.00148779
0.0014899
0.00148847
0.0014884
0.00148911
0.00148908
0.00149043
0.00148847
0.00148712
0.00148777
0.0014878
0.00148973
0.00148851
0.00148792
0.00148963
0.00149813
0.00149181
0.00148996
0.00149086
0.00148897
0.0014879
0.00148722
0.00148777
0.00148969
0.00148943
0.00148825
0.00148825
0.00148894
0.00148927
0.00148988
0.00149015
0.00149061
0.00149129
0.00148965
0.0014888
0.00149188
0.00149202
0.0014899
0.00149054
0.00149387
0.00149118
0.0014896
0.00149363
0.00149355
0.00149093
0.00149905
0.0735476
0.00152903
0.00148848
0.00148776
0.00148843
0.00148915
0.00148984
0.00148844
0.00148839
0.00149115
0.00148838
0.00148766
0.00148837
0.00148905
0.00148837
0.00148764
0.00149025
0.00148831
0.00148827
0.00149082
0.00148902
0.00148838
0.00148926
0.00149446
0.00149732
0.00149026
0.0014907
0.00148892
0.00148832
0.001489
0.00148899
0.00148936
0.00148891
0.00148805
0.00148755
0.00148827
0.00148918
0.00149061
0.00148933
0.00148966
0.00149216
0.00148922
0.00148874
0.00149183
0.00149245
0.00149036
0.0014902
0.00149376
0.00149293
0.00148754
0.00148988
0.00149307
0.00149101
0.00149893
0.073547
0.00152913
0.00148857
0.00148996
0.00148857
0.00148853
0.00149135
0.00148852
0.00148778
0.00148983
0.00148976
0.00148843
0.00148843
0.00149045
0.00148852
0.00148647
0.00148707
0.00148709
0.0014877
0.00148959
0.00148848
0.00148776
0.00149175
0.00151427
0.00167291
0.00149271
0.00148785
0.00148779
0.00149011
0.00148909
0.00148916
0.0014905
0.00148818
0.00148756
0.00148886
0.00148897
0.00148908
0.00148924
0.00148952
0.00148987
0.00149155
0.00148942
0.00148959
0.00149274
0.00149316
0.00149087
0.00149114
0.00149212
0.00148958
0.00149
0.00149222
0.00149464
0.00149377
0.0015003
0.0734905
0.00153099
0.00149133
0.0014885
0.00148779
0.00148986
0.00148845
0.00148821
0.00148883
0.00148836
0.00148901
0.00149031
0.00148968
0.00148969
0.00149032
0.00148962
0.00149027
0.00148832
0.00148827
0.00149082
0.00148839
0.0014874
0.00149808
0.0015118
0.00164691
0.00148927
0.00148785
0.00148774
0.00148827
0.00148826
0.00148829
0.00148905
0.00148916
0.00148888
0.00148902
0.00148832
0.00148846
0.00149058
0.00148903
0.00148875
0.00148895
0.00148913
0.00148997
0.00149112
0.00149092
0.00149154
0.00149551
0.00149643
0.00149515
0.00149227
0.00149121
0.00149658
0.00149957
0.00150247
0.0735113
0.00152932
0.00148646
0.00148713
0.00148783
0.00148851
0.00148991
0.00148852
0.00148847
0.00149122
0.00148845
0.00148842
0.00149112
0.00148847
0.00148845
0.00149043
0.00148846
0.00148776
0.00148834
0.00148898
0.00148907
0.00148915
0.00149307
0.00151545
0.00149551
0.00148796
0.00148782
0.00148786
0.0014888
0.00148918
0.00148794
0.00148638
0.00148686
0.00148751
0.0014877
0.0014898
0.00148833
0.00148779
0.00148865
0.00148782
0.00148787
0.00148917
0.00149232
0.00149191
0.00149188
0.00148979
0.00148868
0.00148924
0.00149172
0.00149872
0.00149851
0.00149849
0.00150497
0.07357
0.00152978
0.00148855
0.0014899
0.00148848
0.00148849
0.00149052
0.0014884
0.00148836
0.00149039
0.00149038
0.00148839
0.00148834
0.00149032
0.00148901
0.00148898
0.00149027
0.00148835
0.00148696
0.00148767
0.00148848
0.0014889
0.00149708
0.00152056
0.00149141
0.00148895
0.0014896
0.00148849
0.00148799
0.00148827
0.00148824
0.00148893
0.00148855
0.00148867
0.00149007
0.00148827
0.00148842
0.00149052
0.00148917
0.00148874
0.00149018
0.00148952
0.00149077
0.00148971
0.00148988
0.00149071
0.00149194
0.00149131
0.00149159
0.00149819
0.00149284
0.00149163
0.00150235
0.073548
0.00152814
0.00148717
0.00148857
0.00148856
0.00148989
0.00148853
0.00148714
0.0014878
0.00148779
0.00148918
0.00148979
0.00149045
0.00148849
0.00148779
0.00149043
0.0014903
0.00148833
0.00148774
0.00148838
0.00148904
0.00148962
0.00148959
0.00149043
0.00149893
0.00148897
0.00148808
0.00148883
0.00149022
0.00149039
0.00149043
0.0014904
0.00148836
0.00148705
0.00148704
0.0014878
0.00148852
0.00148997
0.00148865
0.00148817
0.00148893
0.00148921
0.00149223
0.00148959
0.00148985
0.00149067
0.00149131
0.00149263
0.0014874
0.00148549
0.00148976
0.00149268
0.00149107
0.00149899
0.0735487
0.00152803
0.0014871
0.0014885
0.00148848
0.00148981
0.00148845
0.00148706
0.00148841
0.00148839
0.00148841
0.00148838
0.00148967
0.00148837
0.00148834
0.00149096
0.00148836
0.00148765
0.00148888
0.00148884
0.00148888
0.00148901
0.00148962
0.00149817
0.00150006
0.00149087
0.00149174
0.00148913
0.00148767
0.00148831
0.00148831
0.00148904
0.00148898
0.00148901
0.00148975
0.00148982
0.00148994
0.00149076
0.0014886
0.00148812
0.00148875
0.00148914
0.00149214
0.00148953
0.00148987
0.00149311
0.00149364
0.00149561
0.00149104
0.00148923
0.00149367
0.00149282
0.00149034
0.00149789
0.0735473
0.00152846
0.00148787
0.00148856
0.00148925
0.00148994
0.00148992
0.00149056
0.00148846
0.0014871
0.00148848
0.00148844
0.00148844
0.00148978
0.00148852
0.00148712
0.00148838
0.00148841
0.00148961
0.00148832
0.0014883
0.00148957
0.00148904
0.00148863
0.00148865
0.00149079
0.00148867
0.00148838
0.00149014
0.00148955
0.00148895
0.00148921
0.00148927
0.00148945
0.00149082
0.00148833
0.00148849
0.00149061
0.00149084
0.0014918
0.00148904
0.00148872
0.00148953
0.00149046
0.00148998
0.00148985
0.00149043
0.00149168
0.00149216
0.00148626
0.00148925
0.00149258
0.00149083
0.00149829
0.073548
0.00152834
0.00148779
0.00148848
0.00148917
0.00148986
0.00148984
0.00149049
0.00148839
0.00148702
0.0014884
0.00148837
0.0014897
0.00148839
0.00148836
0.00149032
0.00148963
0.00149028
0.00148921
0.00148853
0.00148928
0.00148929
0.00149052
0.00148931
0.00148868
0.00148917
0.00148967
0.00149093
0.0014882
0.00148814
0.00148871
0.0014887
0.00148997
0.0014882
0.00148782
0.00148914
0.00148883
0.0014884
0.00148868
0.00149021
0.00148891
0.00148865
0.00148946
0.00149037
0.0014899
0.0014895
0.00149007
0.00149114
0.00149218
0.00148666
0.00148935
0.00149276
0.00149049
0.00149772
0.0735475
0.00152776
0.00148646
0.00148715
0.00148714
0.00148782
0.00148917
0.0014878
0.00148642
0.00148711
0.00148711
0.00148779
0.001489
0.00148892
0.00148893
0.00149027
0.00148864
0.00148855
0.00149089
0.00148835
0.0014883
0.00149021
0.00148958
0.00148985
0.00148932
0.00148988
0.0014885
0.0014884
0.00149079
0.00148817
0.00148753
0.00148997
0.00148989
0.00148896
0.00148855
0.00148979
0.0014885
0.00148864
0.00149087
0.00149059
0.00149087
0.00149201
0.00148997
0.00149017
0.00149409
0.00148919
0.0014896
0.00149077
0.0014922
0.00149006
0.00148948
0.00149243
0.00149075
0.00149831
0.0735482
0.00152765
0.00148638
0.00148707
0.00148707
0.00148775
0.0014891
0.00148773
0.00148635
0.00148704
0.00148703
0.00148772
0.00148903
0.00148766
0.00148765
0.00148834
0.001489
0.00148831
0.00148824
0.00149014
0.00148945
0.00148953
0.00148901
0.00148852
0.00148849
0.00148911
0.00148958
0.00148939
0.0014901
0.00148882
0.00148878
0.00149062
0.0014894
0.0014885
0.0014886
0.00148976
0.00148847
0.00148856
0.00149083
0.00149055
0.00149084
0.00149196
0.00149138
0.00149151
0.00149323
0.00148929
0.00149019
0.00149131
0.00149234
0.00149091
0.00148961
0.00149282
0.0014906
0.00149784
0.0735475
0.00152776
0.00148645
0.00148714
0.00148778
0.00148847
0.00148848
0.00148985
0.00148855
0.00148715
0.0014878
0.00148778
0.00148845
0.00148911
0.00148974
0.00148843
0.00148774
0.00148835
0.00148901
0.00148915
0.00148906
0.00149019
0.00148832
0.00148775
0.00148848
0.00148922
0.00148847
0.00148696
0.00148758
0.00148755
0.00148812
0.00148946
0.00148994
0.00148819
0.00148772
0.0014882
0.0014877
0.00148849
0.00148921
0.00149008
0.00148925
0.00148852
0.00148952
0.00149012
0.00149308
0.00149029
0.00148962
0.00149136
0.00149269
0.00149092
0.00149024
0.00149252
0.00149057
0.00149824
0.0735482
0.00152765
0.00148638
0.00148707
0.00148753
0.00148822
0.00148822
0.00148959
0.00148849
0.00148708
0.00148772
0.00148771
0.00148837
0.00148969
0.00149032
0.00148833
0.00148782
0.00148844
0.00148893
0.00148827
0.00148819
0.00148879
0.00148897
0.00148963
0.00148841
0.00148828
0.00149015
0.00148988
0.00148853
0.00148761
0.00148807
0.00148994
0.00148992
0.00148817
0.00148769
0.00148818
0.00148767
0.00148834
0.00148921
0.00149002
0.00148923
0.00148846
0.00148945
0.00148998
0.00149186
0.00149105
0.00148761
0.00148621
0.00149024
0.00149428
0.00149442
0.00149318
0.0014919
0.00149938
0.0735477
0.00152775
0.00148714
0.00148783
0.00148853
0.00148895
0.00148894
0.0014906
0.00149056
0.00148779
0.00148779
0.00148912
0.0014891
0.00149048
0.00149033
0.00148835
0.00148764
0.00148827
0.00148899
0.00148939
0.00148877
0.00148829
0.0014887
0.00149016
0.00148842
0.00148766
0.00148885
0.00148879
0.00148877
0.00148942
0.00148872
0.00148877
0.00148943
0.00148935
0.00149008
0.00148891
0.00148847
0.00148935
0.00148941
0.00149009
0.00149084
0.00149122
0.00149187
0.00149157
0.00149218
0.00149375
0.0014895
0.00149157
0.00149441
0.0014929
0.00149215
0.00149588
0.00149671
0.00150057
0.0735483
0.00152765
0.00148707
0.00148776
0.00148845
0.00148889
0.00148887
0.00148984
0.00148976
0.00148836
0.0014884
0.00148972
0.00148971
0.00149039
0.00148902
0.00148832
0.00148882
0.00148881
0.00148959
0.0014889
0.00148795
0.0014879
0.00148856
0.00149001
0.0014883
0.00148694
0.00148756
0.00148767
0.00148823
0.0014895
0.00148815
0.00148821
0.00148941
0.00148941
0.00149014
0.00148888
0.00148843
0.00148917
0.00148938
0.00149004
0.00149082
0.00149122
0.00149185
0.00149143
0.00148919
0.0014919
0.00148949
0.00149019
0.00149134
0.00149459
0.00149655
0.00149297
0.00149193
0.00149922
0.0735476
0.00152775
0.00148714
0.00148783
0.00148852
0.0014888
0.00148879
0.0014906
0.00149056
0.00148779
0.00148779
0.0014898
0.00148843
0.00148842
0.00149041
0.0014889
0.0014882
0.00148924
0.00148917
0.00149023
0.0014883
0.00148758
0.00148955
0.00148889
0.00148889
0.00148805
0.00148805
0.00149018
0.00148829
0.00148825
0.00149071
0.00148997
0.00148995
0.00148886
0.00148895
0.00149104
0.00148867
0.00148855
0.00148929
0.0014899
0.00149084
0.00149117
0.00149188
0.00149008
0.00148917
0.00149147
0.00149267
0.00149403
0.00149178
0.00149012
0.00149316
0.00149611
0.00149612
0.00149992
0.0735483
0.00152764
0.00148706
0.00148775
0.00148844
0.00148889
0.00148889
0.00148983
0.00148976
0.00148837
0.0014884
0.00148973
0.00148836
0.00148834
0.00149033
0.00148965
0.00148767
0.00148763
0.00148828
0.00148958
0.00148823
0.00148755
0.00148948
0.00148882
0.00148883
0.00149018
0.00148891
0.00148863
0.00148979
0.00148928
0.00148993
0.00148934
0.00148923
0.0014888
0.0014889
0.00149099
0.00148862
0.00148849
0.00148922
0.00148982
0.00149073
0.00149109
0.00149177
0.00148982
0.00148864
0.00148864
0.00149087
0.00149441
0.00149307
0.00149387
0.00149318
0.00149709
0.0014965
0.00150013
0.0735478
0.00152775
0.00148714
0.00148782
0.00148782
0.00148861
0.00148929
0.00148988
0.00148987
0.00148851
0.00148709
0.00148774
0.00148841
0.0014891
0.00148844
0.00148727
0.00148787
0.00148833
0.00148833
0.0014896
0.0014883
0.0014876
0.00148952
0.00148885
0.00148885
0.00148891
0.00148957
0.00148826
0.00148822
0.00149005
0.00148865
0.00148864
0.00148883
0.00148957
0.00148841
0.00148762
0.00148839
0.00148818
0.00148918
0.00149055
0.00149017
0.00149055
0.00149244
0.00149101
0.00149169
0.00149054
0.00149243
0.00149248
0.00148946
0.00148822
0.00149077
0.00149691
0.00149565
0.00149881
0.0735484
0.00152764
0.00148706
0.00148775
0.00148775
0.00148856
0.00148925
0.00148982
0.00148845
0.00148706
0.00148769
0.00148831
0.00148831
0.00148902
0.00148835
0.00148702
0.00148763
0.00148828
0.00148829
0.00148955
0.00148826
0.00148753
0.00148824
0.00148823
0.0014889
0.00148888
0.00148999
0.00148818
0.00148753
0.00148934
0.00148915
0.00148836
0.00148854
0.00148997
0.00148837
0.00148758
0.00148834
0.0014884
0.00148881
0.00149047
0.00149008
0.00149046
0.00149227
0.00148987
0.00148897
0.001488
0.00149218
0.00149283
0.00149209
0.00149245
0.0014918
0.00149837
0.00149522
0.00149902
0.0735476
0.00152774
0.00148714
0.00148783
0.00148782
0.0014892
0.00148782
0.00148643
0.00148712
0.00148711
0.00148778
0.00148847
0.00148916
0.00148911
0.00148908
0.00149042
0.00148842
0.00148841
0.00149031
0.00148899
0.00148893
0.00148958
0.0014903
0.00148828
0.00148827
0.00149087
0.00148829
0.00148824
0.00149005
0.00148865
0.00148853
0.00148878
0.00148879
0.00148812
0.00148816
0.00148827
0.00148903
0.00148847
0.00148788
0.00148925
0.00149028
0.00149014
0.00148918
0.00149149
0.00149088
0.00149052
0.00148883
0.00148818
0.0014888
0.00149156
0.00149187
0.00149839
0.00149374
0.00149682
0.0735482
0.00152763
0.00148706
0.00148775
0.00148775
0.00148913
0.00148775
0.00148636
0.00148705
0.00148704
0.00148771
0.00148907
0.00148773
0.00148767
0.00148834
0.00148901
0.00148834
0.00148832
0.00149024
0.00148892
0.00148886
0.0014899
0.00148928
0.00148892
0.00148915
0.00148956
0.00148988
0.0014893
0.00148935
0.00148814
0.00148813
0.00148867
0.00148877
0.00148904
0.00148824
0.00148823
0.00148894
0.00148922
0.0014895
0.00148996
0.00149037
0.00148993
0.00148959
0.00149017
0.00149208
0.00149104
0.00148847
0.00148804
0.00148871
0.00149337
0.00149264
0.00149452
0.00149284
0.00149682
0.0735478
0.00152774
0.00148643
0.00148712
0.00148712
0.0014885
0.00148982
0.00148983
0.00148988
0.00148986
0.00148988
0.00148845
0.00148841
0.00148979
0.00148911
0.00148908
0.00149039
0.0014884
0.00148836
0.0014903
0.00149025
0.00148829
0.00148825
0.0014902
0.00148895
0.00148771
0.00148823
0.00148886
0.00148831
0.00148884
0.00148948
0.0014895
0.00148872
0.00148824
0.00148864
0.0014889
0.00148986
0.0014887
0.00148847
0.00149104
0.00148941
0.00148841
0.00148887
0.00149049
0.00148883
0.00149249
0.00149052
0.0014896
0.00148987
0.00149013
0.00149006
0.00149773
0.0014907
0.0015317
0.0735484
0.00152763
0.00148636
0.00148705
0.00148704
0.00148773
0.00148844
0.00148982
0.00149045
0.00148974
0.00148981
0.00148838
0.00148833
0.00148971
0.00148903
0.001489
0.00149031
0.00148834
0.00148829
0.00148957
0.00148954
0.00148824
0.00148821
0.00149015
0.00148886
0.00148818
0.00148881
0.00148937
0.00148919
0.00148916
0.00148929
0.0014894
0.0014887
0.00148764
0.00148814
0.00148886
0.0014898
0.00148858
0.0014887
0.00149094
0.00148869
0.00148813
0.00148923
0.00148923
0.00149166
0.001492
0.00148997
0.00148917
0.00148825
0.00149068
0.00149471
0.00149599
0.00149407
0.00152301
0.0735476
0.00152773
0.00148643
0.00148711
0.0014871
0.00148849
0.00148914
0.00148911
0.00148986
0.00148847
0.00148844
0.00148982
0.00148884
0.00148811
0.00148844
0.00148849
0.00148973
0.00148838
0.00148834
0.001491
0.00148833
0.00148692
0.00148759
0.00148735
0.00148789
0.0014882
0.00148952
0.00148823
0.00148684
0.00148753
0.00148747
0.00148858
0.00148852
0.00148845
0.00148836
0.00148918
0.00148887
0.00148883
0.00149099
0.00148903
0.00148942
0.00149072
0.00148965
0.00149039
0.00149065
0.00149114
0.00149422
0.00149286
0.00149383
0.0014894
0.00148726
0.00149369
0.00149444
0.00169391
0.0735482
0.00152763
0.00148636
0.00148705
0.00148703
0.00148842
0.00148908
0.00148906
0.0014898
0.0014884
0.00148837
0.00148975
0.00148865
0.00148792
0.00148857
0.00148993
0.00148833
0.00148762
0.00148831
0.00148893
0.00148825
0.00148688
0.00148754
0.00148743
0.00148799
0.00148814
0.00148946
0.0014882
0.00148812
0.00148996
0.00148981
0.00149052
0.00148817
0.0014875
0.00148816
0.00148882
0.00148879
0.00148876
0.00149087
0.00148858
0.00148757
0.00148782
0.00148882
0.00148972
0.00149044
0.00149035
0.00149371
0.00149171
0.00149359
0.00148889
0.00148926
0.00149139
0.00150063
0.00169166
0.0735478
0.00152773
0.00148572
0.0014864
0.0014871
0.0014871
0.00148917
0.00148907
0.00148905
0.00149053
0.0014898
0.00148979
0.00148977
0.00148776
0.00148771
0.00148969
0.00148968
0.0014877
0.00148769
0.00148836
0.00148897
0.00148827
0.00148692
0.00148758
0.00148754
0.00148818
0.0014895
0.0014882
0.00148747
0.00148868
0.00148862
0.0014899
0.00148853
0.00148852
0.00148996
0.00148988
0.00148924
0.00148921
0.00149006
0.00148812
0.00148719
0.00148785
0.00148768
0.00148889
0.00148997
0.00148883
0.00149184
0.00149705
0.00150519
0.00150308
0.00150198
0.00149811
0.00154471
0.00212054
0.0735483
0.00152763
0.00148566
0.00148634
0.00148704
0.00148703
0.00148772
0.00148841
0.00148978
0.00149041
0.00148968
0.00148972
0.0014897
0.00148769
0.00148764
0.00148832
0.00148901
0.00148831
0.00148758
0.00148829
0.00148891
0.00148821
0.00148752
0.00148878
0.00148809
0.00148818
0.00148944
0.00148817
0.00148745
0.00148864
0.00148855
0.00148983
0.00148812
0.00148806
0.00148992
0.00148981
0.00148917
0.00148915
0.00148997
0.00148798
0.001487
0.00148738
0.00148823
0.00148927
0.00149026
0.00148916
0.00149136
0.00149635
0.0015044
0.00150234
0.00150885
0.0014993
0.00154786
0.00211915
0.0735471
0.00152773
0.00148572
0.00148571
0.0014864
0.00148709
0.0014871
0.00148846
0.00148982
0.00148979
0.00148979
0.00148911
0.00148842
0.00148878
0.00148939
0.00148867
0.00148866
0.00148962
0.00148962
0.00148961
0.00148897
0.0014889
0.00148886
0.00148952
0.00148827
0.00148692
0.00148756
0.00148768
0.0014888
0.00148799
0.00148795
0.00148811
0.00148874
0.0014885
0.00148855
0.00148926
0.00148875
0.00148892
0.00148924
0.00148956
0.00148784
0.00148727
0.00148783
0.00148849
0.00148981
0.0014898
0.00149216
0.00149781
0.00150835
0.00157538
0.00185629
0.00183036
0.00183891
0.00374879
0.0735475
0.00152763
0.00148566
0.00148633
0.00148683
0.00148683
0.00148703
0.00148771
0.00148866
0.00148933
0.00148973
0.00148904
0.00148836
0.00148868
0.00148929
0.00148865
0.00148864
0.00148956
0.00148762
0.00148692
0.00148756
0.00148755
0.00148943
0.00148821
0.00148819
0.00149004
0.0014888
0.00148871
0.00148989
0.00148812
0.0014874
0.00148806
0.00148871
0.00148846
0.00148852
0.00148922
0.00148868
0.00148882
0.0014891
0.00148939
0.0014876
0.00148697
0.00148756
0.00148866
0.00148855
0.00148877
0.00149098
0.00149578
0.00150584
0.00158682
0.00192931
0.00182212
0.00174348
0.00342144
0.0736073
0.00153066
0.00148649
0.00148719
0.0014871
0.00148779
0.00148905
0.00148982
0.00148857
0.00148854
0.00148922
0.00148898
0.00148973
0.00148786
0.00148777
0.00148914
0.00148913
0.00148845
0.00148842
0.00148773
0.00148759
0.00148887
0.00148875
0.00148943
0.00148944
0.00148992
0.00149012
0.00148827
0.00148756
0.00148808
0.00148815
0.00148827
0.00148878
0.00148944
0.0014901
0.00149041
0.00148909
0.00148908
0.0014898
0.00148944
0.00148931
0.0014891
0.00148992
0.00149407
0.00150333
0.00150213
0.00152607
0.00162618
0.00233875
0.00533059
0.0115434
0.0143683
0.015561
0.00729221
0.0736092
0.00153063
0.00148642
0.00148712
0.00148704
0.00148772
0.00148908
0.00148869
0.0014881
0.00148848
0.00148838
0.00148897
0.00148972
0.00148779
0.0014877
0.00148906
0.00148905
0.00148838
0.00148831
0.00148956
0.00148946
0.0014895
0.00148831
0.00148824
0.0014889
0.00148895
0.00148952
0.00148821
0.00148752
0.00148802
0.00148811
0.00148825
0.00148877
0.00148941
0.00149006
0.00149036
0.00148903
0.00148902
0.00148972
0.00148927
0.00148958
0.00148945
0.0014899
0.00149519
0.00149924
0.00150147
0.00152701
0.00164726
0.00268055
0.00574202
0.0128877
0.0147714
0.0152788
0.00711647
0.000399486
0.000444347
0.000482978
0.000499254
0.000537796
0.000576813
0.000606017
0.000631293
0.000648786
0.00066915
0.000679431
0.00076591
0.000782037
0.000810764
0.000823922
0.000850125
0.000856065
0.000764106
0.000883992
0.000884945
0.000823135
0.000754469
0.000850012
0.000782858
0.000902384
0.00076468
0.000907604
0.000926022
0.000815565
0.000678478
0.000639471
0.000517556
0.000666737
0.000626712
0.000603926
0.000610354
0.000617687
0.000655732
0.000640539
0.000815686
0.000734147
0.000731623
0.000598008
0.00130429
0.00163515
0.00147161
0.00126452
0.00106112
0.0010536
0.0010135
0.00100785
0.000941473
0.000765824
0.000579733
0.000399593
0.000443741
0.000481634
0.000518002
0.000543722
0.000556915
0.000583134
0.000608537
0.000628144
0.000650343
0.000657408
0.000692674
0.00065543
0.000783807
0.00079719
0.00082398
0.000831427
0.000745932
0.000861909
0.000864135
0.000760956
0.000879314
0.000895783
0.000805074
0.000840934
0.000794212
0.000832465
0.000895162
0.000797056
0.000693649
0.000589382
0.000605372
0.000677942
0.000608725
0.000599087
0.000612794
0.00062332
0.00065261
0.000649555
0.00077661
0.000709182
0.000687905
0.000570875
0.00107301
0.00129661
0.00119178
0.00105999
0.000891978
0.000894957
0.000881239
0.000904164
0.000883185
0.000603487
0.00056868
0.00148933
0.00151002
0.00152085
0.00151512
0.00151632
0.00150608
0.00167451
0.0015083
0.00167223
0.00159006
0.00149114
0.00151504
0.00152674
0.00151158
0.0015146
0.00149614
0.00181602
0.00150273
0.00153002
0.00159673
0.00151116
0.00151619
0.00149144
0.00151116
0.00152688
0.00160048
0.00211148
0.00173662
0.0015057
0.00176127
0.00150183
0.00150966
0.00150798
0.00150474
0.00151531
0.00149132
0.0026756
0.00159752
0.00166026
0.00149499
0.00167906
0.00150109
0.00149225
0.00149795
0.00149323
0.0014953
0.00149329
0.00149065
0.00149268
0.00149697
0.00149076
0.00149499
0.00149322
0.00149454
0.00149452
0.00149249
0.00149304
0.00149507
0.00149411
0.00149847
0.00149378
0.00149044
0.00149711
0.00149379
0.00149371
0.00149808
0.00149255
0.00149373
0.00149281
0.00149045
0.00149168
0.00149166
0.00149146
0.00149168
0.00149163
0.00149422
0.00149329
0.00179926
0.00155769
0.00172255
0.00156528
0.00166691
0.00149424
0.0014897
0.00148953
0.00149459
0.00149262
0.00151131
0.00149487
0.00149627
0.00148932
0.00149031
0.0014925
0.00149363
0.00149271
0.00149226
0.00170925
0.00155607
0.00165664
0.00154252
0.00208946
0.00148792
0.00149029
0.0014912
0.00148871
0.00148791
0.00149661
0.00148957
0.00149341
0.00149645
0.00149496
0.00149555
0.00149483
0.00149663
0.00149444
0.00163426
0.00187844
0.00150616
0.00149709
0.00160655
0.00119047
0.000207236
0.00148924
0.00150247
0.00149243
0.00149187
0.00149246
0.00149277
0.00148922
0.00149402
0.00149252
0.00149137
0.00149016
0.00149108
0.00149083
0.00149125
0.00167336
0.00179237
0.00150403
0.00162025
0.00149914
0.000841775
0.000824867
0.00148997
0.00149086
0.00148899
0.00149169
0.00149359
0.00149153
0.00149309
0.00149299
0.00149315
0.00149374
0.0014928
0.00149221
0.0014944
0.00149441
0.00149589
0.00149605
0.00149435
0.00149261
0.00149552
0.00149459
0.00149541
0.001497
0.00149099
0.00149559
0.00149796
0.00149325
0.0014915
0.00149259
0.00149568
0.00149418
0.00149043
0.00149226
0.00149545
0.00149235
0.00149454
0.00155369
0.00149817
0.00148994
0.00150397
0.0017078
0.00157999
0.00150518
0.00151094
0.00150552
0.00168709
0.00168962
0.00149913
0.00150714
0.0015007
0.00164941
9.5004e-05
9.5098e-05
0.00169413
0.00150653
0.00177397
0.00149611
0.00168761
9.75677e-05
9.62951e-05
0.00166099
0.00171759
0.00153726
0.00152459
0.00199055
0.00176832
5.92183e-05
0.00263587
0.00149983
0.00307435
0.0014984
0.00161405
0.00105663
0.00246109
0.00265649
0.00151407
0.00529948
0.00151019
0.00602633
0.00159661
0.00149766
0.0014993
0.00150684
0.00153556
0.00159316
0.00152439
0.00151152
0.00150641
0.00171765
0.00174754
0.00150035
0.00167309
0.00165545
0.00150642
0.000151416
8.46818e-05
0.00162729
0.00149894
0.00150784
0.00149481
0.00163182
0.000117979
9.31427e-05
0.00181226
0.00179638
0.00154484
0.00149988
0.00181154
0.00126673
0.000761198
0.00290973
0.00150491
0.00168992
0.00190324
0.00149998
0.00231298
4.12491e-05
0.0034083
0.00150395
0.00413214
0.00150216
0.00157301
9.34408e-05
6.69945e-05
0.00162482
0.0015734
0.0015059
0.00149834
0.00156129
0.00012671
6.04327e-05
0.00156094
0.00149612
0.00153296
0.00151089
0.00170729
0.00156036
0.00152296
0.00151392
0.00168673
0.00151007
0.00192314
0.00285711
0.00150344
0.00149574
0.00165152
0.00147384
0.000753159
0.00320826
0.00397644
0.0014987
0.00149386
0.00161205
0.00258116
0.0015601
0.00187619
0.00154686
0.00257148
0.0020408
0.00179226
0.00154429
0.00272952
0.00155387
8.74804e-05
7.71328e-05
0.00157577
0.00164267
0.00151395
0.00149735
0.00160316
5.7921e-05
0.00010853
0.00160291
0.00150741
0.00151419
0.00164996
0.00150849
0.00164298
0.00151139
0.00150314
0.00150322
0.00170759
0.0022045
0.00151099
0.00149736
0.00186901
0.00149771
0.0020015
2.11187e-05
0.0029022
0.00158098
0.00149696
0.00150029
0.00150694
0.00239604
0.00154918
0.00160247
0.00222362
0.0015112
0.00229945
0.00165964
0.0015399
0.00152292
0.00161437
0.00151237
0.00150462
0.00150399
0.00149498
0.00150353
0.00149517
0.00149969
0.00151062
0.00150191
0.00150712
0.00150216
0.00150323
0.0015022
0.00149709
0.001508
0.00149673
0.00150995
0.00149477
0.00149678
0.00149345
0.00150465
0.00151015
0.00150447
0.00150087
0.0014967
0.00150763
0.00150324
0.00150425
0.00150421
0.00150427
0.00150038
0.00150037
0.0014962
0.00149423
0.00150238
0.00151369
0.00149427
0.00151183
0.00149388
0.00149571
0.00149338
0.00150089
0.00150236
0.00149587
0.00149968
0.00149511
0.00149949
0.0015021
0.0014935
0.00150236
0.00150446
0.00150537
0.00149466
0.00150126
0.00149204
0.00150454
0.00151193
0.00150479
0.00150593
0.00150775
0.00149594
0.001504
0.00150397
0.00151143
0.00150242
0.00149778
0.00150937
0.0014954
0.00150332
0.00149961
0.00150875
0.00149499
0.00149902
0.00150258
0.00149431
0.00149658
0.00150769
0.0015049
0.00149537
0.00150334
0.00149835
0.00150236
0.00150915
0.00149875
0.00151214
0.00151266
0.00150991
0.00149451
0.00151021
0.00149465
0.00149783
0.00150679
0.00149723
0.00150346
0.00151118
0.00149458
0.00150045
0.00150098
0.00150304
0.0014955
0.00150265
0.00149458
0.00150408
0.00149215
0.00150087
0.00150836
0.00149292
0.00150055
0.001504
0.00149262
0.00149909
0.00149842
0.00286198
0.00159761
0.000979134
0.00196915
0.00162344
0.00319442
0.00154461
0.000939868
0.000975373
0.00188686
0.0011131
0.0010015
0.00274264
0.00183193
0.000958316
0.00230708
0.00243504
0.00158167
0.00020701
0.00165262
0.00112765
0.00326513
0.00243634
0.00163603
0.00188136
0.00088323
0.00154125
0.00290858
0.000701413
0.00223597
0.00219058
0.0013454
0.000842989
0.00255857
0.00187598
0.00155496
0.00098722
0.00303693
0.00150966
0.000732827
0.00160642
0.00174408
0.0017076
0.000887029
0.00209262
0.00010808
0.00152017
0.00165002
0.000104601
0.00158878
0.00151408
0.000356338
0.000131432
0.00037635
0.000125101
0.00144377
0.00270178
0.00122846
0.000951123
0.00176742
0.00160423
4.77267e-05
0.00154862
6.25145e-05
0.0015078
0.00151868
0.000228408
0.000321478
0.00188388
0.000124491
0.00160781
0.00152471
5.80895e-05
0.00163298
0.00151156
0.000754902
0.00134992
0.000881346
0.000446575
0.00101695
0.00193211
0.000696055
0.000798474
0.00175838
0.00158318
7.82059e-05
0.00152903
0.00155419
4.33587e-05
0.00150985
0.000293204
0.000626462
0.00160568
0.00155701
9.48587e-05
0.00161566
0.00151343
0.00162272
0.00011526
5.56477e-05
0.000230371
0.000490823
5.05766e-06
0.000109665
0.000615931
0.00071335
6.85277e-05
0.00157368
0.00163064
0.00157124
8.94394e-05
0.00151653
0.00013083
0.00155292
0.00164894
0.00153191
0.000112695
0.00160408
0.00158606
0.00152567
0.000131934
4.81053e-05
0.000429598
0.000907808
2.16309e-05
9.48598e-05
0.000626449
4.83838e-05
0.00111822
0.0015884
0.00153365
0.0015833
0.000170983
0.00152601
0.000114331
0.00155295
0.00195684
0.00153607
0.000154518
0.00163477
0.00151372
0.000139292
0.00166561
0.000272976
0.000121288
0.000267925
6.2227e-05
0.000456567
0.00131137
0.00022925
0.000380725
0.00181696
0.00161469
0.00154622
5.05444e-05
0.00150572
6.77055e-05
0.00150238
6.97423e-05
8.06857e-05
0.00219698
0.00153038
0.00159477
0.000134409
0.00150923
0.0016077
0.000102951
0.000863968
0.00205547
0.00123965
0.00137114
0.00197517
0.00161537
0.00154212
0.000249158
0.00151188
0.000101218
0.00170916
0.00138972
0.00185784
0.000696003
0.000781834
7.19685e-05
6.01434e-05
0.00265574
0.00159887
0.00118843
0.00181568
0.00257319
0.00161033
0.000655397
0.00300274
0.00268936
0.0010808
0.000862727
0.00210552
0.00303801
0.00203848
0.00171733
0.00259303
0.00184065
0.00163224
0.00102055
0.00248625
0.00159214
0.000584932
0.000377084
0.000794967
0.00270008
0.00151849
0.000728531
0.00184509
0.00151107
0.000929952
0.00256185
0.00225768
0.00177775
0.00354688
0.00186418
0.000912676
0.00382158
0.000922638
0.00547204
0.00384618
0.00257952
0.00156281
0.000178207
0.00150704
0.00146236
0.00269808
0.000209904
0.000379471
0.00223254
0.00151541
0.00177218
0.000946917
0.00151156
0.00317028
0.000547917
0.000685504
0.00694182
0.00163511
0.00962867
0.0029551
0.00178413
0.00157527
0.00113102
0.001509
0.000631118
0.00738958
0.00154552
0.00788257
0.00181768
0.0106295
0.00159601
0.00154241
0.00160163
0.000103981
0.00152168
0.00160304
0.000122744
2.61528e-05
0.000384439
0.000406019
3.44954e-05
0.00163816
0.00161833
0.00154524
8.8421e-05
0.00151496
0.00159384
0.000133025
0.000169374
0.000252219
0.000897288
2.2244e-05
0.00165685
0.00154445
0.000153426
0.00155723
0.00162179
0.00153823
9.7833e-05
8.31027e-05
0.000228156
0.00103465
6.70052e-06
0.000120129
0.000685975
3.46759e-05
0.00142836
0.00169549
0.00159788
0.00156079
0.000157976
0.0015144
0.000171961
0.00162805
0.0017974
0.00166027
0.00153816
0.000190327
0.00151488
0.000117348
0.00158589
0.000667288
0.000901853
0.000760854
0.00046842
0.00189937
0.00157471
0.0015229
0.000138778
0.00150811
0.00152991
8.98923e-05
0.000332838
0.00107044
0.000107342
0.000791171
8.96303e-05
6.31149e-05
0.00199788
0.00152452
0.000131674
0.00164273
0.00151377
0.00152328
0.00015517
0.00062625
0.000356335
0.00085384
0.000108839
0.000717187
0.00163584
0.000480235
0.0012463
0.00199855
0.00161517
0.00153478
5.98212e-05
0.0015064
0.000126189
0.00150628
6.31229e-05
0.000100148
0.00325837
0.00167488
0.00092922
0.00208432
0.00356427
0.0017212
0.00135156
0.00117691
0.00163445
0.00303508
0.00137733
0.00153971
0.00240387
0.000810355
0.00246138
0.00243335
0.00487326
0.00171341
0.000214353
0.00182765
0.00124563
0.00573458
0.000308912
0.00039042
0.00248587
0.00182561
0.00151743
0.000837648
0.00150931
0.000726942
0.00260208
0.00115052
0.00258227
0.00124511
0.00170941
0.00270796
0.00160272
0.00152373
0.000389973
0.00244013
0.0015248
0.000386483
0.00128962
0.00448414
0.00105454
0.00720073
0.000328917
0.00163968
0.00255657
0.0015411
0.000761349
0.00184964
0.00150224
0.00288889
0.000872602
0.00238268
0.000914391
0.00179902
0.00142309
0.001058
0.00373481
0.00108282
0.00414453
0.00381554
0.00183511
0.00154976
8.06179e-05
0.00151747
0.000862936
0.00284164
0.000107419
8.8987e-05
0.00176937
0.000135206
0.00152885
0.00165361
0.0015406
0.000104946
0.00151052
0.000414917
0.00052438
0.000263856
0.000421197
0.00032719
0.000877331
0.000561623
0.000106049
0.00170628
0.00156718
5.44182e-05
0.00152394
0.00153462
3.57669e-05
0.00151258
9.43258e-05
6.22293e-05
0.00158846
0.000112333
0.00154747
0.00159343
5.39448e-05
0.00151099
0.00164507
5.17663e-05
0.000264742
0.00113987
3.34583e-06
9.89095e-05
0.000614555
6.00307e-05
0.00161639
0.00165024
0.00155323
0.000142019
0.00155177
0.000121885
0.00150949
0.00155126
0.00159978
8.84036e-05
0.00158969
0.00152734
6.20195e-05
0.0015715
0.00153387
4.29845e-05
0.000304101
0.000826872
3.53609e-05
0.000100615
0.000499841
4.80799e-05
0.000960618
0.00160121
0.00154358
0.00011114
0.00156399
5.18002e-05
0.00150829
0.00166256
0.00216872
0.000707054
0.00151211
0.00166538
0.000716051
0.00271074
0.00151035
0.00143128
0.00217568
0.00443925
0.000353957
0.00100252
0.00334368
0.00541207
0.00137562
0.00816188
0.0030387
0.000962422
0.00152883
0.00192446
0.00152918
0.00393923
0.000162905
0.000578023
0.00236564
0.000827597
0.00155584
0.00170787
0.00265711
0.000520877
0.00150822
0.000344891
0.00609779
0.00555007
0.000367346
0.000703382
0.0049121
0.00873446
0.000952503
0.00182793
0.00360472
0.000561947
0.00151321
0.000984046
0.00152242
0.00307969
0.00217608
0.00187819
0.00176316
0.00219484
0.00170193
0.00159492
0.00746294
0.000806962
0.00167368
0.00263527
0.00109571
0.00113428
0.0019334
0.00253212
0.000730051
0.00281113
0.00310214
0.0003163
0.00155911
0.00184726
0.00168117
0.00408037
0.0025401
0.001296
0.0023173
0.00167152
0.00150133
0.00332884
0.00164806
0.00142493
0.00176024
0.00169941
0.000470839
0.00113669
0.00228879
0.00160734
0.00072463
0.00274647
0.00214211
0.00138045
0.00179614
0.00146731
0.00165171
0.00315437
7.514e-05
4.81085e-05
0.0020204
6.11315e-05
0.00151475
0.00163096
0.0015631
0.000118168
0.00151674
0.000524383
0.000366505
0.000622706
0.000115999
0.000977406
0.00180734
0.000568948
0.000530866
0.00188588
0.00159712
5.08599e-05
0.00154297
0.000105116
0.00152012
0.00153297
0.000115385
0.000123163
0.00167125
0.00155861
8.54756e-05
0.00153835
6.29671e-05
0.00151995
0.00158873
2.13532e-05
0.000662835
4.73328e-05
0.000739438
0.00164195
0.00154881
6.7003e-05
0.00155279
0.0016067
6.25098e-05
0.00151393
0.000121946
0.000345927
3.237e-05
0.00116522
0.00160297
7.24701e-05
0.00151054
0.00160684
5.15356e-05
0.00156608
0.00151814
5.18728e-05
0.000249743
0.00103036
2.30925e-06
0.000120953
0.000488718
2.55325e-05
0.00109137
0.00170745
0.00161883
9.9466e-05
0.00155624
0.000101167
0.00150798
0.00159398
0.00250885
0.000599383
0.00226127
0.0015163
0.000858053
0.00279996
0.00151692
0.000425056
0.00765371
0.00291109
0.000273171
0.000704133
0.00494115
0.00609535
0.000839021
0.00234886
0.00162406
0.000569157
0.00152819
0.000711466
0.00268607
0.00150671
0.000105076
0.000517249
0.00251208
0.000837707
0.00153587
0.00170352
0.00357261
0.000887152
0.00150318
0.00139782
0.00215262
0.00459
0.0012876
0.000746885
0.00399033
0.00612223
0.0010052
0.00346441
0.00160344
0.000125868
0.00153208
0.000851085
0.00150845
0.00208032
0.00249816
0.00276314
0.00167439
0.001759
0.0012928
0.00164175
0.00380408
0.00144737
0.00181433
0.000418503
0.00196226
0.00253157
0.00202985
0.00121293
0.00171993
0.00133967
0.0030348
0.00162865
0.00114951
0.00149374
0.00191458
0.00057408
0.00228843
0.00175426
0.00182803
0.00237059
0.00190068
0.00543332
0.00167253
0.000894608
0.00142728
0.00240171
0.000939571
0.00105325
0.00143841
0.00173028
0.000518357
0.0028255
0.00270921
0.000261707
0.00153194
0.00192096
0.00172558
0.00291039
)
;

boundaryField
{
    inlet
    {
        type            fixedValue;
        value           uniform 14.855;
    }
    outlet
    {
        type            zeroGradient;
    }
    rightSide
    {
        type            symmetryPlane;
    }
    leftSide
    {
        type            symmetryPlane;
    }
    duct
    {
        Cmu             0.09;
        kappa           0.41;
        E               9.8;
        type            epsilonWallFunction;
        value           nonuniform List<scalar> 
216
(
0.000399361
0.000399474
0.000446319
0.000445891
0.000501973
0.000499782
0.000542062
0.000541375
0.000579198
0.000572838
0.000598973
0.000603826
0.00064338
0.000621094
0.000616819
0.000655027
0.000749131
0.000646826
0.000768689
0.000749513
0.000801252
0.000765766
0.000813484
0.000723077
0.000738224
0.000663929
0.000862062
0.000795416
0.000867781
0.000807765
0.000806916
0.000759722
0.000764342
0.000747578
0.000806259
0.000749291
0.000876585
0.000837116
0.000881088
0.000844984
0.000779106
0.000759982
0.000902118
0.000878105
0.000918099
0.000897065
0.000935617
0.00091679
0.000932818
0.000916208
0.000943993
0.000929694
0.0007572
0.00075248
0.000904479
0.00089705
0.00079876
0.000797992
0.000788431
0.000784555
0.00072746
0.00072755
0.000854233
0.000852168
0.000864951
0.000863678
0.000889226
0.000888567
0.000892022
0.000891252
0.000909485
0.0008006
0.000909876
0.000910364
0.000819516
0.000905858
0.000852614
0.000802357
0.000905626
0.000913937
0.000798878
0.000797821
0.000729119
0.000718692
0.000559674
0.000555484
0.000837014
0.000808158
0.000978174
0.000943213
0.00183894
0.00163586
0.00184108
0.00153639
0.00132972
0.00112605
0.00125922
0.00107598
0.00117374
0.00102378
0.00115634
0.00101294
0.00104123
0.000827436
0.000820683
0.00070347
0.000580999
0.000570208
0.000399486
0.000399593
0.000444347
0.000443741
0.000482978
0.000481634
0.000499254
0.000518002
0.000537796
0.000543722
0.000576813
0.000556915
0.000606017
0.000583134
0.000631293
0.000608537
0.000648786
0.000628144
0.00066915
0.000650343
0.000679431
0.000657408
0.00076591
0.000692674
0.000782037
0.00065543
0.000810764
0.000783807
0.000823922
0.00079719
0.000850125
0.00082398
0.000856065
0.000831427
0.000764106
0.000745932
0.000883992
0.000861909
0.000884945
0.000864135
0.000823135
0.000760956
0.000754469
0.000879314
0.000850012
0.000895783
0.000782858
0.000805074
0.000902384
0.000840934
0.00076468
0.000794212
0.000907604
0.000832465
0.000926022
0.000895162
0.000815565
0.000797056
0.000678478
0.000693649
0.000639471
0.000589382
0.000517556
0.000605372
0.000666737
0.000677942
0.000626712
0.000608725
0.000603926
0.000599087
0.000610354
0.000612794
0.000617687
0.00062332
0.000655732
0.00065261
0.000640539
0.000649555
0.000815686
0.00077661
0.000734147
0.000709182
0.000731623
0.000687905
0.000598008
0.000570875
0.00130429
0.00107301
0.00163515
0.00129661
0.00147161
0.00119178
0.00126452
0.00105999
0.00106112
0.000891978
0.0010536
0.000894957
0.0010135
0.000881239
0.00100785
0.000904164
0.000941473
0.000883185
0.000765824
0.000603487
0.000579733
0.00056868
)
;
    }
    cylinder
    {
        Cmu             0.09;
        kappa           0.41;
        E               9.8;
        type            epsilonWallFunction;
        value           nonuniform List<scalar> 
448
(
0.00119047
0.000207236
0.000841775
0.000824867
9.5004e-05
9.5098e-05
9.75677e-05
9.62951e-05
0.00176832
5.92183e-05
0.00105663
0.00246109
0.000151416
8.46818e-05
0.000117979
9.31427e-05
0.00126673
0.000761198
0.00231298
4.12491e-05
9.34408e-05
6.69945e-05
0.00012671
6.04327e-05
0.00147384
0.000753159
8.74804e-05
7.71328e-05
5.7921e-05
0.00010853
0.0020015
2.11187e-05
0.000979134
0.00154461
0.000939868
0.0010015
0.00020701
0.00112765
0.00088323
0.000701413
0.00223597
0.00098722
0.000732827
0.00160642
0.00010808
0.000104601
0.000356338
0.00144377
0.000228408
0.000321478
0.000124491
5.80895e-05
0.000754902
0.00101695
0.000293204
0.000626462
9.48587e-05
0.00011526
5.56477e-05
0.000109665
8.94394e-05
0.00013083
0.000112695
0.000131934
4.81053e-05
9.48598e-05
0.000170983
0.000114331
0.000154518
0.000139292
0.000272976
0.000456567
6.97423e-05
8.06857e-05
0.000134409
0.000102951
0.000863968
0.000249158
0.00138972
7.19685e-05
6.01434e-05
0.00118843
0.000655397
0.00300274
0.00210552
0.00102055
0.000584932
0.000377084
0.000794967
0.000728531
0.000929952
0.00225768
0.000912676
0.000209904
0.000379471
0.000946917
0.000547917
0.000685504
0.00154552
0.000103981
0.000122744
2.61528e-05
8.8421e-05
0.000169374
0.000153426
9.7833e-05
8.31027e-05
0.000120129
0.000157976
0.000171961
0.000190327
0.000117348
0.000667288
0.000138778
8.98923e-05
0.000332838
8.96303e-05
6.31149e-05
0.000131674
0.00015517
0.00062625
0.000717187
6.31229e-05
0.000100148
0.00092922
0.00135156
0.00117691
0.00153971
0.000308912
0.00039042
0.000837648
0.000726942
0.00115052
0.00128962
0.000328917
0.00163968
0.000761349
0.000872602
0.00238268
0.001058
0.000107419
8.8987e-05
0.000135206
0.000104946
0.000414917
0.00032719
9.43258e-05
6.22293e-05
5.17663e-05
9.89095e-05
8.84036e-05
6.20195e-05
4.29845e-05
0.000100615
0.000707054
0.00143128
0.00100252
0.000162905
0.000578023
0.000344891
0.000703382
0.00187819
0.000806962
0.00113428
0.00142493
0.00113669
7.514e-05
4.81085e-05
6.11315e-05
0.000118168
0.000524383
0.000977406
0.000115385
0.000123163
8.54756e-05
6.29671e-05
2.13532e-05
0.000121946
5.18728e-05
0.000120953
0.000599383
0.000858053
0.000425056
0.000704133
0.000105076
0.000517249
0.000837707
0.000887152
0.00139782
0.000746885
0.00167439
0.0012928
0.00144737
0.00114951
0.00175426
0.00190068
0.000894608
0.00105325
0.000975373
0.00274264
0.00219058
0.00174408
0.000131432
0.00270178
0.00134992
0.00193211
0.000230371
0.000615931
0.000429598
0.000626449
0.000121288
0.00131137
0.00205547
0.00185784
0.00268936
0.00303801
0.00177775
0.00382158
0.00694182
0.00788257
0.000384439
0.000252219
0.000228156
0.000685975
0.000901853
0.00107044
0.000356335
0.00163584
0.00163445
0.00240387
0.00258227
0.00448414
0.000914391
0.00373481
0.00052438
0.000877331
0.000264742
0.000614555
0.000304101
0.000499841
0.00217568
0.00334368
0.00609779
0.0049121
0.00167368
0.0019334
0.00176024
0.00228879
0.000366505
0.00180734
0.000662835
0.000345927
0.000249743
0.000488718
0.00765371
0.00494115
0.00215262
0.00399033
0.00181433
0.00149374
0.00142728
0.00143841
0.00188686
0.0011131
0.000958316
0.00183193
0.0013454
0.000842989
0.000887029
0.0017076
0.00037635
0.000125101
4.77267e-05
6.25145e-05
0.000951123
0.00122846
0.000716051
0.00170193
0.000962422
0.00192446
0.000881346
0.000446575
7.82059e-05
4.33587e-05
0.000798474
0.000696055
0.000569157
0.000711466
0.000490823
5.05766e-06
6.85277e-05
0.00071335
0.000907808
2.16309e-05
4.83838e-05
0.00111822
0.000267925
6.2227e-05
5.05444e-05
6.77055e-05
0.000380725
0.00022925
0.00123965
0.00137114
0.000101218
0.000696003
0.000781834
0.000862727
0.0010808
0.00203848
0.00171733
0.00354688
0.00186418
0.000178207
0.00146236
0.000922638
0.00547204
0.00163511
0.00113102
0.00962867
0.000631118
0.00181768
0.0106295
3.44954e-05
0.000406019
0.000133025
2.2244e-05
0.000897288
0.00103465
6.70052e-06
3.46759e-05
0.00142836
0.00046842
0.000760854
0.000791171
0.000107342
0.00085384
0.000108839
5.98212e-05
0.000126189
0.000480235
0.0012463
0.00303508
0.00137733
0.000214353
0.00124563
0.000810355
0.00246138
0.00124511
0.000389973
0.00170941
0.000386483
0.00105454
0.00720073
8.06179e-05
0.000862936
0.00179902
0.00142309
0.00108282
0.00414453
0.000112333
5.39448e-05
0.000421197
0.000263856
5.44182e-05
3.57669e-05
0.000561623
0.000106049
0.00011114
5.18002e-05
0.00113987
3.34583e-06
0.000142019
0.000121885
6.00307e-05
0.00161639
0.000826872
3.53609e-05
4.80799e-05
0.000960618
0.00443925
0.000353957
0.00137562
0.00541207
0.000827597
0.001296
0.000520877
0.00150133
0.00138045
0.00555007
0.000367346
0.000561947
0.000984046
0.000952503
0.00873446
0.00263527
0.00109571
0.0003163
0.00184726
0.000730051
0.00253212
0.00169941
0.000470839
0.00146731
0.00072463
0.00160734
0.000622706
0.000115999
5.08599e-05
0.000105116
0.000568948
0.000530866
7.24701e-05
5.15356e-05
4.73328e-05
6.7003e-05
0.000739438
6.25098e-05
3.237e-05
0.00116522
0.00103036
2.30925e-06
9.9466e-05
0.000101167
2.55325e-05
0.00109137
0.00291109
0.000273171
0.000839021
0.00609535
0.000851085
0.00459
0.0012876
0.000125868
0.0010052
0.00612223
0.000418503
0.00121293
0.00196226
0.00133967
0.00057408
0.00191458
0.00240171
0.000939571
0.000261707
0.00192096
0.000518357
0.00173028
)
;
    }
}


// ************************************************************************* //
