/*--------------------------------*- C++ -*----------------------------------*\
| =========                 |                                                 |
| \\      /  F ield         | OpenFOAM: The Open Source CFD Toolbox           |
|  \\    /   O peration     | Version:  4.1                                   |
|   \\  /    A nd           | Web:      www.OpenFOAM.org                      |
|    \\/     M anipulation  |                                                 |
\*---------------------------------------------------------------------------*/
FoamFile
{
    version     2.0;
    format      ascii;
    class       volScalarField;
    location    "26";
    object      p;
}
// * * * * * * * * * * * * * * * * * * * * * * * * * * * * * * * * * * * * * //

dimensions      [0 2 -2 0 0 0 0];

internalField   nonuniform List<scalar> 
4432
(
-2.39668e+10
-2.5599e+10
-1.92293e+10
-1.30735e+09
-6.48159e+09
-1.35878e+10
-1.18196e+10
-1.10994e+10
-1.09723e+10
-1.10071e+10
-1.08256e+10
-1.06146e+10
-1.05179e+10
-1.05367e+10
-1.06475e+10
-1.07166e+10
-1.05918e+10
-1.0415e+10
-1.02758e+10
-1.01795e+10
-1.00842e+10
-9.99423e+09
-9.90744e+09
-9.82447e+09
-9.74635e+09
-9.67409e+09
-9.6083e+09
-9.5491e+09
-9.49613e+09
-9.44882e+09
-9.40663e+09
-9.37007e+09
-9.34015e+09
-9.31615e+09
-9.29751e+09
-9.28551e+09
-9.2792e+09
-9.27755e+09
-9.27894e+09
-9.27943e+09
-9.27293e+09
-9.2492e+09
-9.1901e+09
-9.07236e+09
-8.87694e+09
-8.58493e+09
-8.16071e+09
-7.58253e+09
-6.89555e+09
-6.36145e+09
-6.76592e+09
-9.1683e+09
-1.21071e+10
-6.5108e+09
-2.10034e+10
-1.9497e+10
-1.54641e+10
-9.51603e+09
-6.97259e+09
-1.27766e+10
-1.2647e+10
-1.16482e+10
-1.14092e+10
-1.14045e+10
-1.1089e+10
-1.07181e+10
-1.05432e+10
-1.05732e+10
-1.06968e+10
-1.07489e+10
-1.06012e+10
-1.04201e+10
-1.02953e+10
-1.01995e+10
-1.01022e+10
-1.00112e+10
-9.92287e+09
-9.8382e+09
-9.75786e+09
-9.68293e+09
-9.61404e+09
-9.55141e+09
-9.49477e+09
-9.44368e+09
-9.39783e+09
-9.35791e+09
-9.32524e+09
-9.30008e+09
-9.28226e+09
-9.27112e+09
-9.2654e+09
-9.2647e+09
-9.2675e+09
-9.26976e+09
-9.26502e+09
-9.24266e+09
-9.18384e+09
-9.06395e+09
-8.86028e+09
-8.55116e+09
-8.10022e+09
-7.47591e+09
-6.73508e+09
-6.1439e+09
-6.58602e+09
-9.4139e+09
-1.28712e+10
-7.65131e+09
-1.52116e+10
-1.36581e+10
-1.15203e+10
-1.31637e+10
-9.24859e+09
-1.20101e+10
-1.41174e+10
-1.29948e+10
-1.22364e+10
-1.18884e+10
-1.13003e+10
-1.08493e+10
-1.05829e+10
-1.04795e+10
-1.05428e+10
-1.06874e+10
-1.06623e+10
-1.04822e+10
-1.03282e+10
-1.02082e+10
-1.01091e+10
-1.00167e+10
-9.92784e+09
-9.84178e+09
-9.75961e+09
-9.68256e+09
-9.61158e+09
-9.54747e+09
-9.49031e+09
-9.44009e+09
-9.39634e+09
-9.36003e+09
-9.33442e+09
-9.31602e+09
-9.29675e+09
-9.28162e+09
-9.27429e+09
-9.27325e+09
-9.27533e+09
-9.27262e+09
-9.25481e+09
-9.21038e+09
-9.12256e+09
-8.9661e+09
-8.71724e+09
-8.37321e+09
-7.89853e+09
-7.23957e+09
-6.49348e+09
-6.03354e+09
-6.82164e+09
-9.87992e+09
-1.23479e+10
-6.02431e+09
-1.55262e+10
-1.42164e+10
-1.1594e+10
-1.02775e+10
-9.4836e+09
-1.23157e+10
-1.41858e+10
-1.28948e+10
-1.23264e+10
-1.19234e+10
-1.13497e+10
-1.08631e+10
-1.05728e+10
-1.04786e+10
-1.05754e+10
-1.07429e+10
-1.06819e+10
-1.04702e+10
-1.03337e+10
-1.02175e+10
-1.01178e+10
-1.00233e+10
-9.93235e+09
-9.84403e+09
-9.75942e+09
-9.67971e+09
-9.60591e+09
-9.53879e+09
-9.47852e+09
-9.42495e+09
-9.37759e+09
-9.33696e+09
-9.30507e+09
-9.28167e+09
-9.26431e+09
-9.25205e+09
-9.24429e+09
-9.24241e+09
-9.245e+09
-9.24259e+09
-9.22381e+09
-9.17684e+09
-9.08384e+09
-8.91939e+09
-8.65895e+09
-8.28882e+09
-7.77928e+09
-7.10185e+09
-6.34211e+09
-5.87953e+09
-6.77363e+09
-1.01618e+10
-1.28996e+10
-6.07218e+09
-1.3186e+10
-1.0319e+10
-6.90462e+09
-1.21916e+10
-9.55144e+09
-1.04242e+10
-1.22548e+10
-1.2799e+10
-1.2744e+10
-1.23322e+10
-1.16392e+10
-1.11001e+10
-1.06982e+10
-1.04795e+10
-1.05148e+10
-1.06434e+10
-1.06198e+10
-1.04669e+10
-1.03364e+10
-1.02184e+10
-1.01154e+10
-1.00181e+10
-9.9237e+09
-9.83098e+09
-9.74097e+09
-9.65527e+09
-9.57557e+09
-9.50327e+09
-9.43879e+09
-9.38194e+09
-9.3314e+09
-9.28535e+09
-9.24812e+09
-9.23051e+09
-9.22242e+09
-9.21292e+09
-9.21642e+09
-9.22626e+09
-9.23763e+09
-9.23703e+09
-9.21354e+09
-9.15829e+09
-9.05478e+09
-8.87525e+09
-8.59613e+09
-8.20306e+09
-7.67459e+09
-7.0101e+09
-6.30542e+09
-5.90782e+09
-6.71687e+09
-9.65884e+09
-1.24359e+10
-6.00966e+09
-1.26789e+10
-1.19405e+10
-9.66481e+09
-8.4468e+09
-1.02812e+10
-1.16272e+10
-1.2384e+10
-1.24199e+10
-1.25729e+10
-1.21549e+10
-1.15161e+10
-1.10005e+10
-1.06567e+10
-1.04903e+10
-1.05338e+10
-1.06829e+10
-1.06245e+10
-1.04536e+10
-1.03294e+10
-1.02161e+10
-1.01147e+10
-1.00169e+10
-9.9217e+09
-9.82809e+09
-9.73717e+09
-9.65041e+09
-9.56948e+09
-9.4958e+09
-9.43018e+09
-9.37241e+09
-9.32085e+09
-9.27443e+09
-9.23658e+09
-9.2119e+09
-9.19747e+09
-9.19291e+09
-9.19681e+09
-9.20712e+09
-9.21845e+09
-9.21666e+09
-9.18996e+09
-9.12956e+09
-9.01781e+09
-8.82699e+09
-8.52994e+09
-8.11117e+09
-7.55687e+09
-6.86711e+09
-6.13939e+09
-5.75341e+09
-6.67802e+09
-9.87317e+09
-1.2906e+10
-7.28494e+09
-1.19202e+10
-1.18273e+10
-1.03141e+10
-9.62683e+09
-1.08262e+10
-1.11338e+10
-1.18079e+10
-1.22226e+10
-1.23945e+10
-1.20982e+10
-1.15443e+10
-1.11095e+10
-1.07774e+10
-1.05927e+10
-1.05993e+10
-1.06622e+10
-1.06004e+10
-1.04626e+10
-1.03453e+10
-1.02364e+10
-1.01352e+10
-1.00358e+10
-9.93731e+09
-9.8394e+09
-9.74372e+09
-9.65241e+09
-9.56762e+09
-9.49107e+09
-9.42269e+09
-9.36082e+09
-9.30298e+09
-9.24284e+09
-9.18564e+09
-9.18915e+09
-9.24658e+09
-9.23739e+09
-9.23214e+09
-9.25793e+09
-9.28588e+09
-9.30491e+09
-9.29837e+09
-9.25619e+09
-9.15816e+09
-8.96752e+09
-8.65791e+09
-8.2132e+09
-7.61717e+09
-6.89777e+09
-6.15641e+09
-5.71678e+09
-6.41793e+09
-9.2327e+09
-1.22884e+10
-6.64003e+09
-1.16271e+10
-1.10127e+10
-1.02611e+10
-1.01935e+10
-1.23769e+10
-1.2281e+10
-1.16052e+10
-1.17022e+10
-1.20997e+10
-1.18833e+10
-1.14449e+10
-1.1055e+10
-1.07674e+10
-1.06253e+10
-1.0645e+10
-1.06938e+10
-1.06004e+10
-1.04585e+10
-1.03439e+10
-1.02374e+10
-1.01361e+10
-1.00355e+10
-9.93515e+09
-9.83484e+09
-9.73627e+09
-9.64172e+09
-9.55365e+09
-9.47401e+09
-9.40346e+09
-9.34131e+09
-9.28564e+09
-9.23531e+09
-9.1962e+09
-9.17837e+09
-9.1759e+09
-9.18763e+09
-9.20309e+09
-9.21895e+09
-9.24467e+09
-9.26167e+09
-9.2521e+09
-9.20598e+09
-9.10508e+09
-8.91421e+09
-8.60166e+09
-8.15618e+09
-7.56878e+09
-6.86536e+09
-6.15732e+09
-5.82103e+09
-6.81012e+09
-1.00186e+10
-1.27124e+10
-6.21047e+09
-1.10235e+10
-1.14396e+10
-1.14665e+10
-1.06873e+10
-1.1718e+10
-1.14635e+10
-1.14379e+10
-1.16818e+10
-1.19823e+10
-1.19343e+10
-1.15196e+10
-1.10517e+10
-1.07956e+10
-1.06784e+10
-1.06847e+10
-1.06768e+10
-1.05868e+10
-1.04649e+10
-1.03548e+10
-1.02498e+10
-1.01481e+10
-1.0046e+10
-9.94259e+09
-9.83811e+09
-9.73506e+09
-9.63651e+09
-9.54501e+09
-9.46239e+09
-9.38887e+09
-9.32057e+09
-9.25599e+09
-9.19516e+09
-9.14834e+09
-9.14459e+09
-9.17305e+09
-9.1909e+09
-9.21265e+09
-9.25192e+09
-9.29716e+09
-9.3382e+09
-9.36017e+09
-9.34293e+09
-9.25909e+09
-9.07401e+09
-8.75726e+09
-8.28755e+09
-7.65299e+09
-6.87307e+09
-6.03368e+09
-5.43918e+09
-5.93655e+09
-8.66356e+09
-1.19092e+10
-6.30659e+09
-1.13825e+10
-1.11062e+10
-1.11069e+10
-1.13717e+10
-1.26969e+10
-1.18849e+10
-1.12201e+10
-1.12934e+10
-1.15793e+10
-1.16148e+10
-1.13878e+10
-1.106e+10
-1.08252e+10
-1.07164e+10
-1.07161e+10
-1.06993e+10
-1.05979e+10
-1.04761e+10
-1.03675e+10
-1.02633e+10
-1.01608e+10
-1.00567e+10
-9.95033e+09
-9.84217e+09
-9.73477e+09
-9.63151e+09
-9.53511e+09
-9.44694e+09
-9.36691e+09
-9.29556e+09
-9.23532e+09
-9.18456e+09
-9.14124e+09
-9.11782e+09
-9.11605e+09
-9.12794e+09
-9.15124e+09
-9.18311e+09
-9.22079e+09
-9.25408e+09
-9.27063e+09
-9.25051e+09
-9.16683e+09
-8.98896e+09
-8.68728e+09
-8.24156e+09
-7.64604e+09
-6.92405e+09
-6.17053e+09
-5.73571e+09
-6.5487e+09
-9.54599e+09
-1.23422e+10
-6.24174e+09
-1.1224e+10
-1.15236e+10
-1.16278e+10
-1.15443e+10
-1.19154e+10
-1.15582e+10
-1.12749e+10
-1.1302e+10
-1.15028e+10
-1.16151e+10
-1.14662e+10
-1.10729e+10
-1.0839e+10
-1.07682e+10
-1.07548e+10
-1.07048e+10
-1.06097e+10
-1.05013e+10
-1.03986e+10
-1.02983e+10
-1.01985e+10
-1.00956e+10
-9.98795e+09
-9.87624e+09
-9.76461e+09
-9.65848e+09
-9.55974e+09
-9.46624e+09
-9.38052e+09
-9.30524e+09
-9.24115e+09
-9.19122e+09
-9.16041e+09
-9.14928e+09
-9.14645e+09
-9.15589e+09
-9.18404e+09
-9.22687e+09
-9.27668e+09
-9.32446e+09
-9.35515e+09
-9.34619e+09
-9.26807e+09
-9.08844e+09
-8.77779e+09
-8.31305e+09
-7.68633e+09
-6.91598e+09
-6.06936e+09
-5.41105e+09
-5.7676e+09
-8.4249e+09
-1.18969e+10
-6.46916e+09
-1.17931e+10
-1.17387e+10
-1.16772e+10
-1.15397e+10
-1.2165e+10
-1.15857e+10
-1.12036e+10
-1.12902e+10
-1.14257e+10
-1.14661e+10
-1.13106e+10
-1.10377e+10
-1.08487e+10
-1.0781e+10
-1.07598e+10
-1.0705e+10
-1.06071e+10
-1.0501e+10
-1.04006e+10
-1.03015e+10
-1.02017e+10
-1.00979e+10
-9.98889e+09
-9.8761e+09
-9.76317e+09
-9.65426e+09
-9.55206e+09
-9.45785e+09
-9.37219e+09
-9.29484e+09
-9.22938e+09
-9.17715e+09
-9.13527e+09
-9.10889e+09
-9.09906e+09
-9.10284e+09
-9.12297e+09
-9.15652e+09
-9.19604e+09
-9.23363e+09
-9.257e+09
-9.24375e+09
-9.16635e+09
-8.99467e+09
-8.70176e+09
-8.26779e+09
-7.68873e+09
-6.98392e+09
-6.22911e+09
-5.72419e+09
-6.33556e+09
-9.1543e+09
-1.23006e+10
-6.66312e+09
-1.14346e+10
-1.18128e+10
-1.18362e+10
-1.19221e+10
-1.17305e+10
-1.14303e+10
-1.1217e+10
-1.11915e+10
-1.13389e+10
-1.14671e+10
-1.12996e+10
-1.10237e+10
-1.08841e+10
-1.08387e+10
-1.0795e+10
-1.07244e+10
-1.06318e+10
-1.05334e+10
-1.04385e+10
-1.03455e+10
-1.02505e+10
-1.01479e+10
-1.00346e+10
-9.91361e+09
-9.79151e+09
-9.67414e+09
-9.5638e+09
-9.46292e+09
-9.3732e+09
-9.29392e+09
-9.22732e+09
-9.17874e+09
-9.15115e+09
-9.13751e+09
-9.12977e+09
-9.13481e+09
-9.15719e+09
-9.19418e+09
-9.24025e+09
-9.28522e+09
-9.3135e+09
-9.30423e+09
-9.23151e+09
-9.06753e+09
-8.78657e+09
-8.37281e+09
-7.83018e+09
-7.18468e+09
-6.50219e+09
-6.02889e+09
-6.51483e+09
-8.9852e+09
-1.19502e+10
-6.18018e+09
-1.19391e+10
-1.20761e+10
-1.21754e+10
-1.16593e+10
-1.13795e+10
-1.11648e+10
-1.1246e+10
-1.13612e+10
-1.14327e+10
-1.1389e+10
-1.12025e+10
-1.10027e+10
-1.08889e+10
-1.0841e+10
-1.07944e+10
-1.07208e+10
-1.06282e+10
-1.05319e+10
-1.04389e+10
-1.03467e+10
-1.0252e+10
-1.01495e+10
-1.00375e+10
-9.91826e+09
-9.79685e+09
-9.67884e+09
-9.56928e+09
-9.47097e+09
-9.3844e+09
-9.30858e+09
-9.2436e+09
-9.19169e+09
-9.15738e+09
-9.13743e+09
-9.12792e+09
-9.13171e+09
-9.15097e+09
-9.18326e+09
-9.22343e+09
-9.26252e+09
-9.28546e+09
-9.27157e+09
-9.19583e+09
-9.03143e+09
-8.75481e+09
-8.35148e+09
-7.82696e+09
-7.20778e+09
-6.56325e+09
-6.15393e+09
-6.76138e+09
-9.39469e+09
-1.228e+10
-6.23946e+09
-1.15282e+10
-1.18216e+10
-1.19857e+10
-1.2043e+10
-1.16113e+10
-1.10882e+10
-1.09192e+10
-1.10069e+10
-1.12577e+10
-1.14175e+10
-1.12385e+10
-1.10324e+10
-1.09366e+10
-1.08841e+10
-1.08242e+10
-1.0746e+10
-1.06563e+10
-1.05648e+10
-1.04776e+10
-1.03935e+10
-1.03059e+10
-1.02043e+10
-1.00846e+10
-9.95124e+09
-9.81382e+09
-9.68159e+09
-9.56032e+09
-9.45365e+09
-9.36228e+09
-9.28165e+09
-9.21553e+09
-9.17146e+09
-9.13881e+09
-9.11577e+09
-9.10547e+09
-9.11269e+09
-9.13698e+09
-9.17362e+09
-9.21758e+09
-9.25949e+09
-9.28466e+09
-9.27347e+09
-9.20143e+09
-9.04252e+09
-8.7754e+09
-8.39161e+09
-7.90469e+09
-7.35381e+09
-6.81983e+09
-6.56632e+09
-7.35014e+09
-9.98576e+09
-1.24701e+10
-6.53365e+09
-1.18521e+10
-1.20233e+10
-1.23352e+10
-1.20323e+10
-1.12559e+10
-1.08024e+10
-1.09632e+10
-1.11183e+10
-1.12421e+10
-1.1286e+10
-1.11627e+10
-1.10227e+10
-1.09392e+10
-1.0885e+10
-1.08223e+10
-1.07434e+10
-1.0655e+10
-1.05651e+10
-1.04788e+10
-1.0395e+10
-1.03076e+10
-1.02068e+10
-1.00877e+10
-9.95427e+09
-9.81573e+09
-9.6818e+09
-9.55946e+09
-9.45179e+09
-9.36183e+09
-9.28713e+09
-9.22248e+09
-9.17277e+09
-9.13826e+09
-9.11643e+09
-9.10811e+09
-9.11711e+09
-9.14224e+09
-9.17871e+09
-9.22172e+09
-9.26232e+09
-9.28521e+09
-9.27111e+09
-9.19543e+09
-9.03217e+09
-8.76032e+09
-8.37188e+09
-7.88065e+09
-7.32434e+09
-6.7819e+09
-6.51486e+09
-7.27324e+09
-9.96275e+09
-1.27345e+10
-7.11617e+09
-1.14097e+10
-1.14913e+10
-1.17263e+10
-1.18232e+10
-1.15677e+10
-1.09978e+10
-1.08039e+10
-1.09746e+10
-1.12166e+10
-1.1257e+10
-1.11233e+10
-1.10077e+10
-1.09404e+10
-1.08855e+10
-1.08223e+10
-1.07457e+10
-1.06616e+10
-1.05782e+10
-1.0502e+10
-1.04329e+10
-1.03613e+10
-1.02697e+10
-1.01455e+10
-9.9937e+09
-9.83349e+09
-9.68258e+09
-9.54902e+09
-9.43509e+09
-9.34291e+09
-9.26781e+09
-9.20489e+09
-9.16223e+09
-9.13626e+09
-9.12308e+09
-9.12686e+09
-9.14862e+09
-9.18735e+09
-9.24022e+09
-9.30153e+09
-9.36016e+09
-9.39939e+09
-9.39754e+09
-9.32841e+09
-9.16424e+09
-8.88214e+09
-8.47291e+09
-7.9495e+09
-7.35266e+09
-6.76784e+09
-6.45898e+09
-7.19019e+09
-9.97382e+09
-1.31848e+10
-8.19084e+09
-1.14588e+10
-1.15418e+10
-1.18914e+10
-1.19576e+10
-1.13869e+10
-1.08799e+10
-1.09168e+10
-1.10313e+10
-1.11055e+10
-1.11307e+10
-1.10747e+10
-1.10063e+10
-1.09459e+10
-1.08909e+10
-1.08257e+10
-1.0749e+10
-1.06655e+10
-1.05823e+10
-1.05056e+10
-1.04356e+10
-1.03635e+10
-1.02714e+10
-1.01461e+10
-9.99277e+09
-9.83046e+09
-9.67673e+09
-9.53942e+09
-9.42123e+09
-9.32788e+09
-9.25685e+09
-9.19431e+09
-9.14831e+09
-9.11826e+09
-9.10325e+09
-9.10719e+09
-9.1285e+09
-9.16584e+09
-9.21675e+09
-9.27526e+09
-9.33073e+09
-9.36656e+09
-9.36084e+09
-9.28729e+09
-9.11857e+09
-8.83185e+09
-8.41753e+09
-7.88732e+09
-7.27835e+09
-6.67076e+09
-6.31914e+09
-6.97508e+09
-9.73442e+09
-1.32408e+10
-8.53703e+09
-1.09788e+10
-1.09512e+10
-1.10322e+10
-1.12784e+10
-1.14638e+10
-1.11692e+10
-1.09707e+10
-1.10614e+10
-1.11327e+10
-1.10683e+10
-1.10155e+10
-1.0971e+10
-1.09261e+10
-1.0878e+10
-1.08204e+10
-1.0752e+10
-1.0678e+10
-1.0607e+10
-1.05473e+10
-1.05014e+10
-1.04581e+10
-1.0387e+10
-1.02536e+10
-1.00609e+10
-9.85274e+09
-9.6665e+09
-9.51168e+09
-9.38644e+09
-9.28814e+09
-9.21517e+09
-9.16391e+09
-9.13146e+09
-9.11586e+09
-9.11762e+09
-9.14e+09
-9.18318e+09
-9.24598e+09
-9.32605e+09
-9.41701e+09
-9.50625e+09
-9.57464e+09
-9.59719e+09
-9.54397e+09
-9.38342e+09
-9.08875e+09
-8.64656e+09
-8.06534e+09
-7.37962e+09
-6.67034e+09
-6.21099e+09
-6.80393e+09
-9.61734e+09
-1.32046e+10
-7.97376e+09
-1.08385e+10
-1.08542e+10
-1.11155e+10
-1.14828e+10
-1.14998e+10
-1.12847e+10
-1.10261e+10
-1.0983e+10
-1.10042e+10
-1.10156e+10
-1.1002e+10
-1.09687e+10
-1.09232e+10
-1.08738e+10
-1.08137e+10
-1.07442e+10
-1.06695e+10
-1.05976e+10
-1.05366e+10
-1.04898e+10
-1.04467e+10
-1.03774e+10
-1.02476e+10
-1.00594e+10
-9.85481e+09
-9.66915e+09
-9.51197e+09
-9.38322e+09
-9.2847e+09
-9.21296e+09
-9.15723e+09
-9.11906e+09
-9.0985e+09
-9.09565e+09
-9.11503e+09
-9.15567e+09
-9.2154e+09
-9.29197e+09
-9.37932e+09
-9.46551e+09
-9.53231e+09
-9.55543e+09
-9.5057e+09
-9.35233e+09
-9.06894e+09
-8.64193e+09
-8.0779e+09
-7.40752e+09
-6.70862e+09
-6.25793e+09
-6.87059e+09
-9.68674e+09
-1.312e+10
-7.91088e+09
-1.04755e+10
-1.04263e+10
-1.04155e+10
-1.09026e+10
-1.13094e+10
-1.12838e+10
-1.11323e+10
-1.1044e+10
-1.10002e+10
-1.09832e+10
-1.09704e+10
-1.09464e+10
-1.09135e+10
-1.08737e+10
-1.08243e+10
-1.07655e+10
-1.07021e+10
-1.06431e+10
-1.05994e+10
-1.05787e+10
-1.05746e+10
-1.05418e+10
-1.04005e+10
-1.01336e+10
-9.83262e+09
-9.58641e+09
-9.40118e+09
-9.26241e+09
-9.15956e+09
-9.08851e+09
-9.04283e+09
-9.01502e+09
-9.00324e+09
-9.01041e+09
-9.0402e+09
-9.09348e+09
-9.16947e+09
-9.26616e+09
-9.3772e+09
-9.48959e+09
-9.58344e+09
-9.63213e+09
-9.60378e+09
-9.46492e+09
-9.18714e+09
-8.75613e+09
-8.18047e+09
-7.49513e+09
-6.79205e+09
-6.40109e+09
-7.19204e+09
-1.0041e+10
-1.26294e+10
-6.52147e+09
-1.02671e+10
-1.034e+10
-1.06158e+10
-1.11096e+10
-1.14589e+10
-1.13181e+10
-1.10126e+10
-1.09694e+10
-1.09754e+10
-1.09724e+10
-1.09631e+10
-1.09422e+10
-1.09089e+10
-1.08676e+10
-1.08167e+10
-1.07577e+10
-1.06953e+10
-1.06374e+10
-1.05941e+10
-1.05734e+10
-1.05696e+10
-1.05378e+10
-1.03975e+10
-1.01323e+10
-9.83368e+09
-9.58917e+09
-9.40339e+09
-9.26439e+09
-9.16335e+09
-9.09262e+09
-9.04428e+09
-9.01296e+09
-8.99853e+09
-9.00324e+09
-9.03107e+09
-9.08253e+09
-9.15638e+09
-9.25055e+09
-9.35899e+09
-9.46906e+09
-9.56143e+09
-9.61017e+09
-9.58398e+09
-9.44977e+09
-9.17919e+09
-8.75779e+09
-8.19292e+09
-7.5168e+09
-6.81976e+09
-6.43925e+09
-7.28451e+09
-1.0192e+10
-1.25226e+10
-6.27004e+09
-1.02041e+10
-1.02298e+10
-1.03995e+10
-1.0845e+10
-1.1103e+10
-1.1157e+10
-1.11047e+10
-1.10361e+10
-1.0993e+10
-1.09711e+10
-1.09564e+10
-1.09407e+10
-1.09145e+10
-1.08763e+10
-1.08265e+10
-1.07665e+10
-1.07035e+10
-1.0647e+10
-1.06103e+10
-1.0611e+10
-1.06599e+10
-1.07134e+10
-1.0621e+10
-1.02731e+10
-9.83658e+09
-9.5234e+09
-9.31677e+09
-9.17491e+09
-9.08028e+09
-9.01881e+09
-8.98119e+09
-8.9594e+09
-8.95146e+09
-8.96025e+09
-8.98932e+09
-9.04079e+09
-9.11485e+09
-9.20944e+09
-9.31816e+09
-9.42813e+09
-9.51929e+09
-9.5647e+09
-9.53261e+09
-9.3909e+09
-9.11356e+09
-8.68982e+09
-8.13321e+09
-7.48596e+09
-6.85392e+09
-6.57945e+09
-7.49135e+09
-1.0276e+10
-1.24119e+10
-6.00629e+09
-1.00878e+10
-1.03134e+10
-1.06523e+10
-1.09965e+10
-1.11312e+10
-1.10488e+10
-1.10064e+10
-1.09985e+10
-1.09841e+10
-1.09692e+10
-1.09545e+10
-1.09382e+10
-1.09121e+10
-1.08736e+10
-1.08238e+10
-1.07654e+10
-1.07058e+10
-1.06536e+10
-1.06203e+10
-1.06216e+10
-1.0669e+10
-1.0722e+10
-1.06305e+10
-1.02763e+10
-9.83796e+09
-9.52538e+09
-9.31811e+09
-9.17706e+09
-9.08533e+09
-9.02514e+09
-8.98684e+09
-8.96459e+09
-8.95701e+09
-8.96667e+09
-8.99704e+09
-9.05013e+09
-9.12587e+09
-9.22195e+09
-9.33186e+09
-9.44258e+09
-9.53407e+09
-9.57957e+09
-9.54746e+09
-9.40482e+09
-9.12429e+09
-8.69426e+09
-8.12594e+09
-7.45684e+09
-6.78697e+09
-6.44931e+09
-7.25992e+09
-1.0001e+10
-1.24372e+10
-6.11023e+09
-1.02176e+10
-1.03039e+10
-1.06407e+10
-1.08629e+10
-1.08998e+10
-1.09117e+10
-1.09285e+10
-1.09298e+10
-1.09184e+10
-1.0905e+10
-1.08887e+10
-1.08689e+10
-1.08396e+10
-1.07972e+10
-1.07426e+10
-1.06798e+10
-1.06221e+10
-1.0584e+10
-1.05767e+10
-1.06199e+10
-1.07497e+10
-1.09665e+10
-1.10471e+10
-1.05841e+10
-9.85155e+09
-9.39039e+09
-9.15315e+09
-9.03744e+09
-8.98871e+09
-8.96501e+09
-8.95385e+09
-8.95097e+09
-8.95714e+09
-8.97558e+09
-9.01052e+09
-9.06535e+09
-9.141e+09
-9.23525e+09
-9.34123e+09
-9.44534e+09
-9.52658e+09
-9.55736e+09
-9.50644e+09
-9.34378e+09
-9.04675e+09
-8.60876e+09
-8.04736e+09
-7.40932e+09
-6.80515e+09
-6.57035e+09
-7.51459e+09
-1.03963e+10
-1.27966e+10
-6.50591e+09
-1.02164e+10
-1.04922e+10
-1.07573e+10
-1.08819e+10
-1.08473e+10
-1.08422e+10
-1.08805e+10
-1.0901e+10
-1.09045e+10
-1.0897e+10
-1.08828e+10
-1.08629e+10
-1.08331e+10
-1.07894e+10
-1.07333e+10
-1.067e+10
-1.06146e+10
-1.05823e+10
-1.05809e+10
-1.06264e+10
-1.07494e+10
-1.09576e+10
-1.10513e+10
-1.05844e+10
-9.84421e+09
-9.38463e+09
-9.14744e+09
-9.03048e+09
-8.98106e+09
-8.95607e+09
-8.94313e+09
-8.93967e+09
-8.94622e+09
-8.96561e+09
-9.00229e+09
-9.06e+09
-9.13934e+09
-9.23775e+09
-9.34818e+09
-9.4569e+09
-9.54275e+09
-9.57811e+09
-9.53155e+09
-9.37158e+09
-9.07354e+09
-8.62953e+09
-8.05509e+09
-7.39347e+09
-6.75339e+09
-6.48113e+09
-7.44489e+09
-1.04262e+10
-1.2835e+10
-6.915e+09
-1.03655e+10
-1.04409e+10
-1.07113e+10
-1.07592e+10
-1.07496e+10
-1.07547e+10
-1.07798e+10
-1.08004e+10
-1.08139e+10
-1.08212e+10
-1.0823e+10
-1.08202e+10
-1.08095e+10
-1.07872e+10
-1.07552e+10
-1.07214e+10
-1.07093e+10
-1.07421e+10
-1.08134e+10
-1.09245e+10
-1.11241e+10
-1.15123e+10
-1.19491e+10
-1.14456e+10
-1.02038e+10
-8.92007e+09
-8.73765e+09
-8.76388e+09
-8.81533e+09
-8.84809e+09
-8.868e+09
-8.88302e+09
-8.90123e+09
-8.92912e+09
-8.97281e+09
-9.03671e+09
-9.12232e+09
-9.22754e+09
-9.34499e+09
-9.46033e+09
-9.55191e+09
-9.59206e+09
-9.55027e+09
-9.39764e+09
-9.11293e+09
-8.6917e+09
-8.15394e+09
-7.5474e+09
-6.97919e+09
-6.77442e+09
-7.7175e+09
-1.04847e+10
-1.27666e+10
-6.34816e+09
-1.03964e+10
-1.05916e+10
-1.07308e+10
-1.0729e+10
-1.06998e+10
-1.07189e+10
-1.07523e+10
-1.0779e+10
-1.07964e+10
-1.08057e+10
-1.08083e+10
-1.0804e+10
-1.07896e+10
-1.07621e+10
-1.07238e+10
-1.06837e+10
-1.067e+10
-1.0715e+10
-1.08071e+10
-1.094e+10
-1.11322e+10
-1.14606e+10
-1.19899e+10
-1.15486e+10
-1.0281e+10
-8.91434e+09
-8.75276e+09
-8.77872e+09
-8.82786e+09
-8.85824e+09
-8.87663e+09
-8.89094e+09
-8.90861e+09
-8.93584e+09
-8.97942e+09
-9.04375e+09
-9.12964e+09
-9.2346e+09
-9.35103e+09
-9.4644e+09
-9.55288e+09
-9.58888e+09
-9.54179e+09
-9.38128e+09
-9.08417e+09
-8.64444e+09
-8.0799e+09
-7.43529e+09
-6.81472e+09
-6.54743e+09
-7.45905e+09
-1.03818e+10
-1.32656e+10
-8.16171e+09
-1.05569e+10
-1.06068e+10
-1.07047e+10
-1.06957e+10
-1.06913e+10
-1.07066e+10
-1.07301e+10
-1.07543e+10
-1.07769e+10
-1.07969e+10
-1.08132e+10
-1.08245e+10
-1.08274e+10
-1.0818e+10
-1.07966e+10
-1.07714e+10
-1.07688e+10
-1.08218e+10
-1.09183e+10
-1.10372e+10
-1.12402e+10
-1.16937e+10
-1.22546e+10
-1.23009e+10
-1.18377e+10
-7.60495e+09
-8.0885e+09
-8.45938e+09
-8.63969e+09
-8.72637e+09
-8.7704e+09
-8.79664e+09
-8.82115e+09
-8.85471e+09
-8.90518e+09
-8.9773e+09
-9.07277e+09
-9.18934e+09
-9.31889e+09
-9.4463e+09
-9.54955e+09
-9.60071e+09
-9.56835e+09
-9.4219e+09
-9.13897e+09
-8.71389e+09
-8.16367e+09
-7.52996e+09
-6.90364e+09
-6.57151e+09
-7.29387e+09
-9.96993e+09
-1.28613e+10
-7.34696e+09
-1.06014e+10
-1.06552e+10
-1.07047e+10
-1.06822e+10
-1.06763e+10
-1.06958e+10
-1.07193e+10
-1.07433e+10
-1.07651e+10
-1.07837e+10
-1.0798e+10
-1.08063e+10
-1.08052e+10
-1.07908e+10
-1.0763e+10
-1.0731e+10
-1.07284e+10
-1.07946e+10
-1.09052e+10
-1.10511e+10
-1.12588e+10
-1.16027e+10
-1.21304e+10
-1.25793e+10
-1.20899e+10
-7.56974e+09
-8.11233e+09
-8.48617e+09
-8.66787e+09
-8.75482e+09
-8.79869e+09
-8.82359e+09
-8.84581e+09
-8.87667e+09
-8.9239e+09
-8.99165e+09
-9.08142e+09
-9.19087e+09
-9.31185e+09
-9.42944e+09
-9.52205e+09
-9.56266e+09
-9.52096e+09
-9.36694e+09
-9.07833e+09
-8.6492e+09
-8.09738e+09
-7.46639e+09
-6.85601e+09
-6.60632e+09
-7.61465e+09
-1.07034e+10
-1.30859e+10
-6.53544e+09
-1.07089e+10
-1.07067e+10
-1.07024e+10
-1.06873e+10
-1.06829e+10
-1.06874e+10
-1.0698e+10
-1.07161e+10
-1.07374e+10
-1.07583e+10
-1.07766e+10
-1.07905e+10
-1.07963e+10
-1.07899e+10
-1.07711e+10
-1.07468e+10
-1.07425e+10
-1.08018e+10
-1.09074e+10
-1.10221e+10
-1.12397e+10
-1.17247e+10
-1.23776e+10
-1.19478e+10
-6.22965e+09
-8.04002e+09
-8.42752e+09
-8.62067e+09
-8.71714e+09
-8.76702e+09
-8.79728e+09
-8.82583e+09
-8.86459e+09
-8.9215e+09
-9.00118e+09
-9.10487e+09
-9.22944e+09
-9.36595e+09
-9.49893e+09
-9.60609e+09
-9.65866e+09
-9.62322e+09
-9.46721e+09
-9.1677e+09
-8.71798e+09
-8.13058e+09
-7.44132e+09
-6.72854e+09
-6.24194e+09
-6.71398e+09
-9.28807e+09
-1.28806e+10
-9.27839e+09
-1.07652e+10
-1.07061e+10
-1.07018e+10
-1.06804e+10
-1.06772e+10
-1.06841e+10
-1.06952e+10
-1.07121e+10
-1.07319e+10
-1.0753e+10
-1.07728e+10
-1.07884e+10
-1.07956e+10
-1.07898e+10
-1.07706e+10
-1.07461e+10
-1.07409e+10
-1.07902e+10
-1.08946e+10
-1.10239e+10
-1.12271e+10
-1.16775e+10
-1.23589e+10
-1.23085e+10
-6.45003e+09
-8.08128e+09
-8.45679e+09
-8.64374e+09
-8.73647e+09
-8.78218e+09
-8.80689e+09
-8.8284e+09
-8.85814e+09
-8.90392e+09
-8.9705e+09
-9.05918e+09
-9.16691e+09
-9.2852e+09
-9.39939e+09
-9.48844e+09
-9.52528e+09
-9.47876e+09
-9.31907e+09
-9.02591e+09
-8.59451e+09
-8.04168e+09
-7.40892e+09
-6.78813e+09
-6.4937e+09
-7.38435e+09
-1.03572e+10
-1.30668e+10
-6.80383e+09
-1.07447e+10
-1.07033e+10
-1.06962e+10
-1.06866e+10
-1.06816e+10
-1.06798e+10
-1.06835e+10
-1.06946e+10
-1.07125e+10
-1.07344e+10
-1.07565e+10
-1.07749e+10
-1.07846e+10
-1.07818e+10
-1.07672e+10
-1.07474e+10
-1.07383e+10
-1.07652e+10
-1.08339e+10
-1.09363e+10
-1.11218e+10
-1.15162e+10
-1.19485e+10
-1.19251e+10
-9.84573e+09
-8.69581e+09
-8.59635e+09
-8.67022e+09
-8.75002e+09
-8.79959e+09
-8.82719e+09
-8.84606e+09
-8.8687e+09
-8.90463e+09
-8.96047e+09
-9.04015e+09
-9.1443e+09
-9.26921e+09
-9.40593e+09
-9.53966e+09
-9.64885e+09
-9.70481e+09
-9.67411e+09
-9.52592e+09
-9.24111e+09
-8.81615e+09
-8.26476e+09
-7.62345e+09
-6.97183e+09
-6.57637e+09
-7.21581e+09
-9.89512e+09
-1.27257e+10
-6.54037e+09
-1.07555e+10
-1.06958e+10
-1.06825e+10
-1.06697e+10
-1.06638e+10
-1.06618e+10
-1.06655e+10
-1.06756e+10
-1.06911e+10
-1.07112e+10
-1.07329e+10
-1.07528e+10
-1.07665e+10
-1.07693e+10
-1.07598e+10
-1.07435e+10
-1.07347e+10
-1.07555e+10
-1.08115e+10
-1.08961e+10
-1.10705e+10
-1.14475e+10
-1.18309e+10
-1.1854e+10
-1.01961e+10
-8.73161e+09
-8.61324e+09
-8.68282e+09
-8.76039e+09
-8.80885e+09
-8.83529e+09
-8.85054e+09
-8.86722e+09
-8.89511e+09
-8.94087e+09
-9.00843e+09
-9.09839e+09
-9.20715e+09
-9.32624e+09
-9.44152e+09
-9.53239e+09
-9.57137e+09
-9.52693e+09
-9.37091e+09
-9.08652e+09
-8.6728e+09
-8.14879e+09
-7.55802e+09
-6.99226e+09
-6.75224e+09
-7.65458e+09
-1.05145e+10
-1.30673e+10
-7.05202e+09
-1.07183e+10
-1.06847e+10
-1.06771e+10
-1.06678e+10
-1.06598e+10
-1.06545e+10
-1.06537e+10
-1.0658e+10
-1.06687e+10
-1.06849e+10
-1.07034e+10
-1.072e+10
-1.07299e+10
-1.07291e+10
-1.07172e+10
-1.06979e+10
-1.06775e+10
-1.06642e+10
-1.06646e+10
-1.06934e+10
-1.07928e+10
-1.09778e+10
-1.10248e+10
-1.05278e+10
-9.76693e+09
-9.29409e+09
-9.07218e+09
-8.96987e+09
-8.9306e+09
-8.9104e+09
-8.89789e+09
-8.89234e+09
-8.89874e+09
-8.9228e+09
-8.96904e+09
-9.03985e+09
-9.13501e+09
-9.25058e+09
-9.37823e+09
-9.50429e+09
-9.6082e+09
-9.66222e+09
-9.63462e+09
-9.49775e+09
-9.23722e+09
-8.85525e+09
-8.3707e+09
-7.8244e+09
-7.30262e+09
-7.08125e+09
-7.89295e+09
-1.05036e+10
-1.28842e+10
-6.39877e+09
-1.07102e+10
-1.06801e+10
-1.06675e+10
-1.06562e+10
-1.06467e+10
-1.06405e+10
-1.064e+10
-1.06454e+10
-1.06568e+10
-1.06736e+10
-1.06934e+10
-1.07129e+10
-1.07278e+10
-1.07342e+10
-1.07295e+10
-1.07154e+10
-1.06983e+10
-1.06878e+10
-1.06914e+10
-1.07229e+10
-1.08246e+10
-1.10072e+10
-1.10419e+10
-1.0548e+10
-9.75856e+09
-9.27234e+09
-9.05222e+09
-8.95714e+09
-8.92425e+09
-8.9096e+09
-8.90192e+09
-8.89901e+09
-8.90621e+09
-8.92976e+09
-8.97428e+09
-9.04225e+09
-9.13338e+09
-9.24387e+09
-9.36558e+09
-9.48479e+09
-9.5808e+09
-9.62589e+09
-9.58872e+09
-9.44216e+09
-9.17196e+09
-8.78082e+09
-8.28962e+09
-7.74169e+09
-7.22377e+09
-7.00713e+09
-7.83261e+09
-1.05715e+10
-1.33376e+10
-7.50809e+09
-1.0694e+10
-1.06727e+10
-1.06619e+10
-1.06505e+10
-1.06416e+10
-1.06347e+10
-1.06318e+10
-1.06339e+10
-1.06419e+10
-1.06554e+10
-1.06724e+10
-1.06884e+10
-1.06995e+10
-1.07031e+10
-1.06983e+10
-1.06857e+10
-1.0667e+10
-1.06447e+10
-1.06244e+10
-1.06199e+10
-1.06477e+10
-1.06765e+10
-1.05731e+10
-1.02335e+10
-9.81377e+09
-9.50925e+09
-9.30963e+09
-9.17421e+09
-9.08508e+09
-9.02436e+09
-8.98291e+09
-8.95814e+09
-8.9518e+09
-8.96696e+09
-9.00628e+09
-9.0709e+09
-9.15979e+09
-9.26894e+09
-9.39041e+09
-9.51069e+09
-9.60929e+09
-9.65842e+09
-9.62607e+09
-9.48445e+09
-9.21982e+09
-8.83695e+09
-8.35822e+09
-7.82679e+09
-7.32946e+09
-7.13416e+09
-7.95574e+09
-1.0559e+10
-1.2922e+10
-6.64269e+09
-1.06944e+10
-1.06699e+10
-1.06582e+10
-1.06451e+10
-1.06344e+10
-1.06259e+10
-1.06221e+10
-1.06241e+10
-1.06322e+10
-1.06459e+10
-1.06636e+10
-1.06816e+10
-1.06965e+10
-1.07053e+10
-1.07057e+10
-1.0697e+10
-1.06814e+10
-1.06636e+10
-1.06498e+10
-1.0653e+10
-1.06876e+10
-1.07174e+10
-1.06043e+10
-1.02412e+10
-9.79238e+09
-9.47703e+09
-9.28146e+09
-9.15442e+09
-9.07222e+09
-9.01791e+09
-8.9829e+09
-8.96408e+09
-8.96356e+09
-8.98482e+09
-9.03069e+09
-9.10232e+09
-9.19866e+09
-9.31568e+09
-9.4452e+09
-9.57302e+09
-9.67749e+09
-9.72964e+09
-9.69653e+09
-9.5487e+09
-9.26989e+09
-8.86209e+09
-8.3451e+09
-7.75815e+09
-7.17745e+09
-6.83953e+09
-7.43644e+09
-1.00361e+10
-1.32733e+10
-8.00491e+09
-1.0673e+10
-1.06507e+10
-1.06408e+10
-1.06289e+10
-1.06185e+10
-1.06094e+10
-1.06038e+10
-1.06031e+10
-1.06081e+10
-1.0619e+10
-1.06342e+10
-1.06494e+10
-1.066e+10
-1.06648e+10
-1.06634e+10
-1.0654e+10
-1.06365e+10
-1.06121e+10
-1.05852e+10
-1.05639e+10
-1.05481e+10
-1.05042e+10
-1.03676e+10
-1.01206e+10
-9.84025e+09
-9.60262e+09
-9.4177e+09
-9.27539e+09
-9.16733e+09
-9.08653e+09
-9.02769e+09
-8.98987e+09
-8.97475e+09
-8.98442e+09
-9.02054e+09
-9.08358e+09
-9.17227e+09
-9.28273e+09
-9.40728e+09
-9.5324e+09
-9.63693e+09
-9.69201e+09
-9.66418e+09
-9.52358e+09
-9.255e+09
-8.86382e+09
-8.37251e+09
-7.82097e+09
-7.29023e+09
-7.0417e+09
-7.79252e+09
-1.04118e+10
-1.31486e+10
-7.48293e+09
-1.06734e+10
-1.06501e+10
-1.06403e+10
-1.06273e+10
-1.06153e+10
-1.06045e+10
-1.05978e+10
-1.05968e+10
-1.06016e+10
-1.06123e+10
-1.06273e+10
-1.06429e+10
-1.06554e+10
-1.06625e+10
-1.06627e+10
-1.0654e+10
-1.06369e+10
-1.06143e+10
-1.05913e+10
-1.05744e+10
-1.05611e+10
-1.05153e+10
-1.03695e+10
-1.01071e+10
-9.81076e+09
-9.5668e+09
-9.38443e+09
-9.24773e+09
-9.14438e+09
-9.06882e+09
-9.01641e+09
-8.98608e+09
-8.97991e+09
-9.00014e+09
-9.04863e+09
-9.12587e+09
-9.23061e+09
-9.35895e+09
-9.50263e+09
-9.64691e+09
-9.7691e+09
-9.8386e+09
-9.82004e+09
-9.68067e+09
-9.40058e+09
-8.97935e+09
-8.43351e+09
-7.79353e+09
-7.12199e+09
-6.64048e+09
-7.02342e+09
-9.51419e+09
-1.32142e+10
-8.70949e+09
-1.06478e+10
-1.06295e+10
-1.06222e+10
-1.06119e+10
-1.06028e+10
-1.05944e+10
-1.0589e+10
-1.0588e+10
-1.05925e+10
-1.06028e+10
-1.06174e+10
-1.06322e+10
-1.06425e+10
-1.06466e+10
-1.06444e+10
-1.06349e+10
-1.06165e+10
-1.05889e+10
-1.0555e+10
-1.05173e+10
-1.04687e+10
-1.03857e+10
-1.02408e+10
-1.00383e+10
-9.8182e+09
-9.61687e+09
-9.44564e+09
-9.30377e+09
-9.18835e+09
-9.09722e+09
-9.02806e+09
-8.98101e+09
-8.95841e+09
-8.96258e+09
-8.99511e+09
-9.05652e+09
-9.14571e+09
-9.25907e+09
-9.38913e+09
-9.52248e+09
-9.63724e+09
-9.703e+09
-9.68497e+09
-9.55248e+09
-9.29039e+09
-8.90453e+09
-8.41731e+09
-7.86465e+09
-7.32275e+09
-7.07345e+09
-7.86504e+09
-1.04726e+10
-1.28323e+10
-6.56418e+09
-1.06515e+10
-1.0631e+10
-1.06243e+10
-1.06132e+10
-1.06026e+10
-1.05924e+10
-1.05854e+10
-1.05832e+10
-1.05868e+10
-1.05959e+10
-1.06095e+10
-1.0624e+10
-1.06351e+10
-1.06403e+10
-1.06383e+10
-1.06279e+10
-1.06084e+10
-1.05807e+10
-1.05476e+10
-1.05113e+10
-1.04636e+10
-1.03781e+10
-1.02263e+10
-1.00136e+10
-9.78483e+09
-9.58076e+09
-9.41275e+09
-9.27609e+09
-9.16498e+09
-9.07829e+09
-9.01427e+09
-8.9731e+09
-8.95768e+09
-8.97047e+09
-9.0132e+09
-9.08664e+09
-9.18975e+09
-9.31886e+09
-9.46583e+09
-9.61616e+09
-9.74703e+09
-9.82689e+09
-9.8188e+09
-9.68894e+09
-9.41757e+09
-9.00554e+09
-8.46873e+09
-7.83639e+09
-7.17482e+09
-6.75515e+09
-7.38003e+09
-1.01232e+10
-1.3355e+10
-8.12175e+09
-1.06248e+10
-1.06086e+10
-1.06039e+10
-1.05953e+10
-1.05872e+10
-1.05791e+10
-1.05731e+10
-1.05707e+10
-1.05733e+10
-1.05814e+10
-1.05937e+10
-1.06066e+10
-1.06157e+10
-1.06189e+10
-1.0616e+10
-1.06065e+10
-1.05876e+10
-1.05579e+10
-1.0519e+10
-1.04701e+10
-1.04045e+10
-1.03091e+10
-1.01733e+10
-1.00037e+10
-9.82237e+09
-9.64895e+09
-9.49294e+09
-9.35609e+09
-9.23809e+09
-9.14015e+09
-9.06326e+09
-9.00875e+09
-8.97953e+09
-8.97836e+09
-9.00682e+09
-9.06556e+09
-9.15347e+09
-9.26679e+09
-9.39765e+09
-9.53182e+09
-9.64644e+09
-9.71023e+09
-9.68727e+09
-9.54611e+09
-9.2722e+09
-8.8694e+09
-8.35788e+09
-7.77092e+09
-7.18282e+09
-6.8748e+09
-7.60629e+09
-1.02059e+10
-1.27768e+10
-6.84405e+09
-1.06282e+10
-1.06107e+10
-1.06071e+10
-1.05984e+10
-1.05898e+10
-1.05808e+10
-1.05738e+10
-1.05708e+10
-1.05728e+10
-1.058e+10
-1.05914e+10
-1.06043e+10
-1.06144e+10
-1.06186e+10
-1.06154e+10
-1.06037e+10
-1.05829e+10
-1.05526e+10
-1.05137e+10
-1.0466e+10
-1.04024e+10
-1.03082e+10
-1.01724e+10
-1.00025e+10
-9.82101e+09
-9.64911e+09
-9.49672e+09
-9.3639e+09
-9.24823e+09
-9.1514e+09
-9.07517e+09
-9.02079e+09
-8.99163e+09
-8.99074e+09
-9.01977e+09
-9.07965e+09
-9.1693e+09
-9.28472e+09
-9.41728e+09
-9.55212e+09
-9.66661e+09
-9.72929e+09
-9.70281e+09
-9.55475e+09
-9.26954e+09
-8.85156e+09
-8.31976e+09
-7.70873e+09
-7.09929e+09
-6.81869e+09
-7.77335e+09
-1.08234e+10
-1.33502e+10
-6.84654e+09
-1.06057e+10
-1.05926e+10
-1.05886e+10
-1.05809e+10
-1.05731e+10
-1.05646e+10
-1.05571e+10
-1.05519e+10
-1.05506e+10
-1.05535e+10
-1.05601e+10
-1.05674e+10
-1.05719e+10
-1.0571e+10
-1.05642e+10
-1.05505e+10
-1.05275e+10
-1.04938e+10
-1.04496e+10
-1.03932e+10
-1.03208e+10
-1.0226e+10
-1.01052e+10
-9.96303e+09
-9.81083e+09
-9.65992e+09
-9.51773e+09
-9.38708e+09
-9.26913e+09
-9.16742e+09
-9.08589e+09
-9.02704e+09
-8.99423e+09
-8.99054e+09
-9.01766e+09
-9.07607e+09
-9.16434e+09
-9.27809e+09
-9.40856e+09
-9.54006e+09
-9.64894e+09
-9.70412e+09
-9.66861e+09
-9.50851e+09
-9.20701e+09
-8.76771e+09
-8.21075e+09
-7.56848e+09
-6.92463e+09
-6.55898e+09
-7.23017e+09
-9.86909e+09
-1.27195e+10
-7.57836e+09
-1.06048e+10
-1.05913e+10
-1.05884e+10
-1.0581e+10
-1.05734e+10
-1.05648e+10
-1.05572e+10
-1.05522e+10
-1.05513e+10
-1.05546e+10
-1.05611e+10
-1.0569e+10
-1.05751e+10
-1.0576e+10
-1.05695e+10
-1.05547e+10
-1.05309e+10
-1.04972e+10
-1.0453e+10
-1.03974e+10
-1.03261e+10
-1.0232e+10
-1.01116e+10
-9.97001e+09
-9.81845e+09
-9.66802e+09
-9.52704e+09
-9.39864e+09
-9.28198e+09
-9.17939e+09
-9.096e+09
-9.0342e+09
-8.99752e+09
-8.98936e+09
-9.01162e+09
-9.0652e+09
-9.14887e+09
-9.25811e+09
-9.38338e+09
-9.50908e+09
-9.61257e+09
-9.66296e+09
-9.62291e+09
-9.46078e+09
-9.1621e+09
-8.73182e+09
-8.1891e+09
-7.57035e+09
-6.97017e+09
-6.73175e+09
-7.7467e+09
-1.07696e+10
-1.30697e+10
-6.29697e+09
-1.05905e+10
-1.05802e+10
-1.05768e+10
-1.05701e+10
-1.05631e+10
-1.05552e+10
-1.05478e+10
-1.0542e+10
-1.05392e+10
-1.05399e+10
-1.05434e+10
-1.05474e+10
-1.0549e+10
-1.05457e+10
-1.05366e+10
-1.05197e+10
-1.04927e+10
-1.04547e+10
-1.04044e+10
-1.03401e+10
-1.02597e+10
-1.01614e+10
-1.00453e+10
-9.91554e+09
-9.77844e+09
-9.64065e+09
-9.50778e+09
-9.38318e+09
-9.26888e+09
-9.16885e+09
-9.08878e+09
-9.0329e+09
-9.00484e+09
-9.00772e+09
-9.04336e+09
-9.11227e+09
-9.2134e+09
-9.34277e+09
-9.49086e+09
-9.64045e+09
-9.76723e+09
-9.84068e+09
-9.82377e+09
-9.67809e+09
-9.38319e+09
-8.94963e+09
-8.39486e+09
-7.7394e+09
-7.08092e+09
-6.72961e+09
-7.45796e+09
-1.00038e+10
-1.23511e+10
-6.26132e+09
-1.059e+10
-1.05792e+10
-1.05766e+10
-1.05703e+10
-1.05637e+10
-1.05561e+10
-1.05488e+10
-1.05431e+10
-1.05406e+10
-1.05414e+10
-1.05446e+10
-1.05485e+10
-1.05507e+10
-1.05485e+10
-1.05399e+10
-1.05231e+10
-1.04968e+10
-1.04598e+10
-1.04108e+10
-1.03483e+10
-1.02704e+10
-1.01747e+10
-1.00607e+10
-9.93247e+09
-9.79636e+09
-9.65904e+09
-9.52657e+09
-9.40366e+09
-9.29158e+09
-9.19196e+09
-9.11013e+09
-9.05059e+09
-9.01705e+09
-9.01295e+09
-9.04053e+09
-9.10047e+09
-9.1915e+09
-9.30872e+09
-9.44162e+09
-9.57306e+09
-9.67975e+09
-9.73226e+09
-9.69535e+09
-9.53519e+09
-9.23364e+09
-8.79331e+09
-8.23097e+09
-7.57799e+09
-6.93657e+09
-6.64191e+09
-7.51114e+09
-1.03247e+10
-1.30056e+10
-7.89769e+09
-1.05757e+10
-1.05638e+10
-1.05615e+10
-1.05549e+10
-1.05478e+10
-1.05396e+10
-1.05315e+10
-1.05244e+10
-1.05198e+10
-1.0518e+10
-1.05184e+10
-1.05193e+10
-1.0518e+10
-1.05128e+10
-1.05023e+10
-1.04844e+10
-1.04567e+10
-1.04181e+10
-1.03672e+10
-1.03018e+10
-1.02204e+10
-1.01226e+10
-1.00099e+10
-9.88644e+09
-9.75736e+09
-9.62749e+09
-9.5011e+09
-9.38143e+09
-9.2708e+09
-9.17268e+09
-9.09288e+09
-9.03672e+09
-9.00781e+09
-9.00911e+09
-9.04284e+09
-9.11005e+09
-9.21019e+09
-9.33938e+09
-9.48685e+09
-9.63331e+09
-9.75337e+09
-9.81716e+09
-9.78838e+09
-9.62644e+09
-9.30917e+09
-8.85026e+09
-8.25805e+09
-7.5375e+09
-6.80476e+09
-6.37537e+09
-7.04455e+09
-9.80632e+09
-1.28927e+10
-7.38067e+09
-1.05732e+10
-1.0562e+10
-1.05594e+10
-1.05531e+10
-1.05462e+10
-1.05382e+10
-1.05301e+10
-1.05231e+10
-1.05183e+10
-1.05164e+10
-1.05164e+10
-1.05166e+10
-1.0515e+10
-1.05098e+10
-1.04994e+10
-1.04817e+10
-1.04548e+10
-1.04175e+10
-1.03683e+10
-1.03049e+10
-1.02262e+10
-1.0132e+10
-1.00231e+10
-9.90311e+09
-9.77658e+09
-9.64796e+09
-9.52155e+09
-9.40141e+09
-9.29087e+09
-9.19214e+09
-9.10947e+09
-9.04866e+09
-9.01359e+09
-9.00771e+09
-9.03377e+09
-9.09279e+09
-9.18365e+09
-9.30134e+09
-9.43439e+09
-9.56404e+09
-9.66609e+09
-9.71276e+09
-9.67238e+09
-9.51202e+09
-9.21124e+09
-8.77069e+09
-8.20369e+09
-7.5395e+09
-6.89325e+09
-6.62529e+09
-7.64921e+09
-1.07856e+10
-1.3198e+10
-6.65822e+09
-1.05611e+10
-1.05506e+10
-1.05481e+10
-1.05409e+10
-1.0533e+10
-1.05237e+10
-1.05142e+10
-1.05053e+10
-1.04983e+10
-1.04935e+10
-1.04908e+10
-1.04884e+10
-1.04843e+10
-1.04769e+10
-1.0465e+10
-1.04465e+10
-1.04194e+10
-1.03822e+10
-1.03338e+10
-1.02723e+10
-1.01966e+10
-1.0107e+10
-1.00054e+10
-9.89462e+09
-9.77811e+09
-9.65921e+09
-9.5412e+09
-9.42692e+09
-9.31898e+09
-9.22088e+09
-9.13837e+09
-9.07811e+09
-9.04448e+09
-9.04039e+09
-9.06824e+09
-9.12943e+09
-9.22395e+09
-9.34822e+09
-9.49026e+09
-9.62832e+09
-9.73425e+09
-9.7784e+09
-9.72992e+09
-9.55564e+09
-9.22693e+09
-8.74383e+09
-8.14761e+09
-7.42401e+09
-6.68558e+09
-6.24103e+09
-6.86505e+09
-9.67518e+09
-1.33419e+10
-9.69377e+09
-1.05602e+10
-1.05522e+10
-1.05488e+10
-1.05421e+10
-1.05346e+10
-1.0526e+10
-1.0517e+10
-1.05087e+10
-1.05021e+10
-1.04978e+10
-1.04953e+10
-1.0493e+10
-1.0489e+10
-1.04818e+10
-1.04699e+10
-1.04516e+10
-1.0425e+10
-1.03886e+10
-1.03409e+10
-1.028e+10
-1.02048e+10
-1.01163e+10
-1.00159e+10
-9.90599e+09
-9.78962e+09
-9.67003e+09
-9.55014e+09
-9.43282e+09
-9.32203e+09
-9.22191e+09
-9.13614e+09
-9.07069e+09
-9.03052e+09
-9.01941e+09
-9.04079e+09
-9.09605e+09
-9.18458e+09
-9.30118e+09
-9.43334e+09
-9.56078e+09
-9.6572e+09
-9.6929e+09
-9.63848e+09
-9.46808e+09
-9.16361e+09
-8.72689e+09
-8.17118e+09
-7.50825e+09
-6.86668e+09
-6.58724e+09
-7.49999e+09
-1.04953e+10
-1.33027e+10
-7.29025e+09
-1.0546e+10
-1.05385e+10
-1.05348e+10
-1.05274e+10
-1.05192e+10
-1.05096e+10
-1.04996e+10
-1.049e+10
-1.04817e+10
-1.04753e+10
-1.04706e+10
-1.04663e+10
-1.04607e+10
-1.04522e+10
-1.04394e+10
-1.04206e+10
-1.03938e+10
-1.03574e+10
-1.03102e+10
-1.02507e+10
-1.01782e+10
-1.0093e+10
-9.99715e+09
-9.89289e+09
-9.78277e+09
-9.6694e+09
-9.55546e+09
-9.44366e+09
-9.3369e+09
-9.2388e+09
-9.15509e+09
-9.09316e+09
-9.05832e+09
-9.05379e+09
-9.08209e+09
-9.14528e+09
-9.24447e+09
-9.37609e+09
-9.52602e+09
-9.66937e+09
-9.77453e+09
-9.80999e+09
-9.7528e+09
-9.5814e+09
-9.28346e+09
-8.87837e+09
-8.37897e+09
-7.72762e+09
-7.09611e+09
-6.84075e+09
-7.72506e+09
-1.05968e+10
-1.32838e+10
-6.94411e+09
-1.05474e+10
-1.05412e+10
-1.0537e+10
-1.05299e+10
-1.0522e+10
-1.05128e+10
-1.05034e+10
-1.04944e+10
-1.04866e+10
-1.04806e+10
-1.04762e+10
-1.04724e+10
-1.04671e+10
-1.04588e+10
-1.04459e+10
-1.04269e+10
-1.04e+10
-1.03637e+10
-1.03165e+10
-1.02566e+10
-1.01831e+10
-1.0097e+10
-9.99986e+09
-9.89406e+09
-9.78209e+09
-9.66669e+09
-9.55043e+09
-9.43563e+09
-9.32565e+09
-9.22561e+09
-9.14099e+09
-9.07767e+09
-9.04002e+09
-9.03262e+09
-9.05992e+09
-9.12414e+09
-9.22496e+09
-9.35672e+09
-9.50606e+09
-9.65147e+09
-9.76338e+09
-9.80585e+09
-9.74688e+09
-9.57294e+09
-9.28579e+09
-8.88399e+09
-8.37598e+09
-7.74733e+09
-7.16152e+09
-6.93774e+09
-7.86201e+09
-1.07497e+10
-1.33414e+10
-6.97269e+09
-1.05432e+10
-1.05352e+10
-1.05315e+10
-1.05245e+10
-1.05168e+10
-1.05079e+10
-1.04987e+10
-1.04898e+10
-1.04818e+10
-1.0475e+10
-1.04694e+10
-1.0464e+10
-1.04574e+10
-1.04482e+10
-1.04347e+10
-1.04152e+10
-1.03878e+10
-1.03509e+10
-1.03032e+10
-1.02435e+10
-1.01713e+10
-1.00872e+10
-9.99301e+09
-9.89081e+09
-9.78269e+09
-9.67088e+09
-9.55795e+09
-9.44667e+09
-9.34003e+09
-9.2419e+09
-9.15799e+09
-9.09579e+09
-9.06128e+09
-9.05781e+09
-9.08796e+09
-9.15474e+09
-9.25858e+09
-9.39344e+09
-9.54376e+09
-9.68361e+09
-9.77998e+09
-9.79871e+09
-9.71781e+09
-9.51936e+09
-9.23313e+09
-8.9414e+09
-8.48276e+09
-7.79301e+09
-7.20406e+09
-7.00809e+09
-7.94614e+09
-1.0865e+10
-1.3587e+10
-7.22868e+09
-1.05453e+10
-1.05365e+10
-1.05326e+10
-1.05252e+10
-1.05173e+10
-1.05081e+10
-1.04987e+10
-1.04896e+10
-1.04813e+10
-1.04743e+10
-1.04684e+10
-1.04627e+10
-1.0456e+10
-1.04465e+10
-1.04325e+10
-1.04123e+10
-1.03842e+10
-1.03469e+10
-1.02988e+10
-1.02386e+10
-1.01655e+10
-1.00805e+10
-9.98501e+09
-9.88125e+09
-9.77123e+09
-9.65721e+09
-9.54183e+09
-9.42771e+09
-9.31785e+09
-9.21715e+09
-9.13242e+09
-9.07e+09
-9.03402e+09
-9.02825e+09
-9.0572e+09
-9.12519e+09
-9.23167e+09
-9.36977e+09
-9.52563e+09
-9.67748e+09
-9.79407e+09
-9.83441e+09
-9.75834e+09
-9.55832e+09
-9.27547e+09
-8.90723e+09
-8.42941e+09
-7.79467e+09
-7.20572e+09
-6.96889e+09
-7.85107e+09
-1.07445e+10
-1.36878e+10
-7.99933e+09
-1.05506e+10
-1.05395e+10
-1.0537e+10
-1.05301e+10
-1.05229e+10
-1.05144e+10
-1.05054e+10
-1.04962e+10
-1.04876e+10
-1.04797e+10
-1.04724e+10
-1.04652e+10
-1.04568e+10
-1.0446e+10
-1.04313e+10
-1.04107e+10
-1.03824e+10
-1.03449e+10
-1.02965e+10
-1.02362e+10
-1.01638e+10
-1.00802e+10
-9.98712e+09
-9.88623e+09
-9.77905e+09
-9.66751e+09
-9.55399e+09
-9.44158e+09
-9.33348e+09
-9.23336e+09
-9.14677e+09
-9.082e+09
-9.04581e+09
-9.0413e+09
-9.07087e+09
-9.13742e+09
-9.2407e+09
-9.37232e+09
-9.51799e+09
-9.65913e+09
-9.76889e+09
-9.81488e+09
-9.75667e+09
-9.54426e+09
-9.19542e+09
-8.91753e+09
-8.55703e+09
-7.78494e+09
-7.14025e+09
-6.86779e+09
-7.69992e+09
-1.0652e+10
-1.41644e+10
-9.46245e+09
-1.05586e+10
-1.05423e+10
-1.05409e+10
-1.05334e+10
-1.05263e+10
-1.05177e+10
-1.05089e+10
-1.05001e+10
-1.04919e+10
-1.04845e+10
-1.04777e+10
-1.04708e+10
-1.04629e+10
-1.04525e+10
-1.04381e+10
-1.04177e+10
-1.03897e+10
-1.03525e+10
-1.03046e+10
-1.0245e+10
-1.01734e+10
-1.00904e+10
-9.99766e+09
-9.89681e+09
-9.78935e+09
-9.67711e+09
-9.56246e+09
-9.44856e+09
-9.33886e+09
-9.23733e+09
-9.14963e+09
-9.08361e+09
-9.04578e+09
-9.03853e+09
-9.06439e+09
-9.12751e+09
-9.22926e+09
-9.36257e+09
-9.51354e+09
-9.66355e+09
-9.78688e+09
-9.84778e+09
-9.80225e+09
-9.62171e+09
-9.31521e+09
-8.91633e+09
-8.43099e+09
-7.79221e+09
-7.17798e+09
-6.89776e+09
-7.73343e+09
-1.06169e+10
-1.35847e+10
-7.84183e+09
-1.05625e+10
-1.05498e+10
-1.05443e+10
-1.05347e+10
-1.05249e+10
-1.05141e+10
-1.05032e+10
-1.04923e+10
-1.0482e+10
-1.04725e+10
-1.04634e+10
-1.04542e+10
-1.04436e+10
-1.04304e+10
-1.04131e+10
-1.03899e+10
-1.03592e+10
-1.03193e+10
-1.02688e+10
-1.02068e+10
-1.01333e+10
-1.00494e+10
-9.95617e+09
-9.85507e+09
-9.74729e+09
-9.63455e+09
-9.51921e+09
-9.4046e+09
-9.29433e+09
-9.19193e+09
-9.10249e+09
-9.03448e+09
-8.99654e+09
-8.99216e+09
-9.0234e+09
-9.09221e+09
-9.19831e+09
-9.33513e+09
-9.49133e+09
-9.65745e+09
-9.81655e+09
-9.93421e+09
-9.96777e+09
-9.85395e+09
-9.53187e+09
-9.04139e+09
-8.56519e+09
-7.98008e+09
-7.38926e+09
-7.14945e+09
-7.98699e+09
-1.06237e+10
-1.29855e+10
-6.89672e+09
-1.05674e+10
-1.05508e+10
-1.0547e+10
-1.0538e+10
-1.0529e+10
-1.05188e+10
-1.05085e+10
-1.04983e+10
-1.04888e+10
-1.048e+10
-1.04718e+10
-1.04635e+10
-1.04539e+10
-1.04418e+10
-1.04256e+10
-1.04037e+10
-1.03743e+10
-1.03358e+10
-1.02866e+10
-1.0226e+10
-1.01539e+10
-1.0071e+10
-9.97848e+09
-9.87745e+09
-9.76925e+09
-9.65561e+09
-9.53895e+09
-9.4229e+09
-9.31174e+09
-9.20917e+09
-9.11924e+09
-9.0489e+09
-9.00608e+09
-8.99497e+09
-9.01784e+09
-9.07737e+09
-9.17569e+09
-9.30849e+09
-9.46426e+09
-9.62837e+09
-9.77947e+09
-9.88557e+09
-9.90246e+09
-9.77385e+09
-9.46969e+09
-9.04822e+09
-8.53289e+09
-7.9231e+09
-7.33718e+09
-7.11625e+09
-8.08523e+09
-1.09063e+10
-1.28929e+10
-6.24484e+09
-1.19635e+10
-1.25814e+10
-1.21425e+10
-1.21641e+10
-1.22893e+10
-8.61318e+09
-1.20824e+10
-8.69241e+09
-4.97427e+09
-4.93011e+09
-1.23574e+10
-1.30603e+10
-1.15985e+10
-1.235e+10
-1.24698e+10
-8.55921e+09
-1.17298e+10
-8.31643e+09
-4.81138e+09
-4.64487e+09
-1.21626e+10
-1.24106e+10
-1.13859e+10
-1.24729e+10
-1.20666e+10
-4.85704e+09
-5.02059e+09
-1.09826e+10
-8.16262e+09
-1.16123e+10
-8.51337e+09
-1.25196e+10
-1.24402e+10
-1.23468e+10
-1.26086e+10
-1.25523e+10
-5.03631e+09
-5.0316e+09
-1.18272e+10
-8.58852e+09
-1.19615e+10
-8.46551e+09
-1.09388e+10
-1.14943e+10
-1.10118e+10
-1.20172e+10
-1.13937e+10
-1.21142e+10
-1.14887e+10
-9.58868e+09
-1.02893e+10
-9.68808e+09
-1.03482e+10
-9.39464e+09
-1.0441e+10
-9.51772e+09
-1.10439e+10
-1.16038e+10
-1.10563e+10
-1.22266e+10
-1.15913e+10
-1.26373e+10
-1.16964e+10
-9.65976e+09
-1.02341e+10
-9.5906e+09
-1.04445e+10
-9.4563e+09
-1.03625e+10
-9.34311e+09
-1.26521e+10
-1.22127e+10
-1.26829e+10
-1.24011e+10
-1.25636e+10
-1.24024e+10
-1.25907e+10
-1.16514e+10
-1.08709e+10
-1.188e+10
-1.09422e+10
-1.13339e+10
-7.81781e+09
-7.68094e+09
-7.93746e+09
-6.29671e+09
-7.17372e+09
-6.36379e+09
-7.31148e+09
-1.27215e+10
-1.20867e+10
-1.26593e+10
-1.23334e+10
-1.2607e+10
-1.22281e+10
-1.25251e+10
-1.03496e+10
-1.08497e+10
-1.20854e+10
-1.07932e+10
-1.07718e+10
-7.90653e+09
-7.4586e+09
-7.84222e+09
-6.2699e+09
-7.26237e+09
-6.17264e+09
-7.1705e+09
-1.24881e+10
-1.23906e+10
-1.2526e+10
-1.22041e+10
-1.26348e+10
-1.21827e+10
-1.26727e+10
-1.21193e+10
-1.20219e+10
-1.21722e+10
-1.22877e+10
-1.17677e+10
-9.91844e+09
-9.45972e+09
-7.13409e+09
-6.37995e+09
-7.29657e+09
-7.39336e+09
-7.69376e+09
-7.59423e+09
-7.85394e+09
-1.25667e+10
-1.22691e+10
-1.2542e+10
-1.21244e+10
-1.2647e+10
-1.2042e+10
-1.26564e+10
-1.28801e+10
-1.23478e+10
-1.25654e+10
-1.26279e+10
-1.26416e+10
-1.04934e+10
-1.03059e+10
-7.32855e+09
-6.39878e+09
-7.22942e+09
-7.65925e+09
-7.87686e+09
-7.57809e+09
-7.7717e+09
-1.10591e+10
-1.19482e+10
-1.12137e+10
-1.13076e+10
-1.07037e+10
-1.14084e+10
-1.08417e+10
-8.92389e+09
-1.00642e+10
-9.15773e+09
-9.8997e+09
-9.3135e+09
-1.00816e+10
-9.48749e+09
-1.13291e+10
-1.19268e+10
-1.13465e+10
-1.13895e+10
-1.08544e+10
-1.14028e+10
-1.08247e+10
-9.25607e+09
-1.01639e+10
-9.13477e+09
-1.00976e+10
-9.5148e+09
-1.00137e+10
-9.38115e+09
-1.24707e+10
-1.17014e+10
-1.1893e+10
-1.15922e+10
-1.23309e+10
-1.25664e+10
-1.20288e+10
-1.17806e+10
-1.17085e+10
-1.28127e+10
-1.228e+10
-1.23682e+10
-1.21963e+10
-1.23814e+10
-1.21715e+10
-1.26364e+10
-1.23324e+10
-1.22443e+10
-1.24332e+10
-1.22394e+10
-1.24057e+10
-1.24761e+10
-1.25178e+10
-1.3096e+10
-1.15288e+10
-1.20372e+10
-1.09455e+10
-1.09941e+10
-1.10695e+10
-1.06859e+10
-1.03945e+10
-8.39898e+09
-6.10782e+09
-4.90383e+09
-6.08588e+09
-8.23011e+09
-1.04878e+10
-9.80557e+09
-8.22953e+09
-5.99126e+09
-4.91183e+09
-6.04228e+09
-7.67042e+09
-1.28557e+10
-1.20706e+10
-1.23748e+10
-1.21664e+10
-1.28795e+10
-1.31975e+10
-1.2119e+10
-1.13359e+10
-1.18815e+10
-1.3617e+10
-1.27176e+10
-1.25704e+10
-1.23964e+10
-1.25875e+10
-1.26402e+10
-1.28455e+10
-1.2847e+10
-1.28368e+10
-1.25494e+10
-1.24681e+10
-1.25692e+10
-1.29031e+10
-1.33323e+10
-1.38703e+10
-1.03116e+10
-1.20203e+10
-1.05948e+10
-1.07471e+10
-9.94106e+09
-8.86378e+09
-9.40356e+09
-6.90605e+09
-5.78754e+09
-4.66974e+09
-7.3706e+09
-5.60986e+09
-8.7582e+09
-8.36845e+09
-6.79795e+09
-5.47596e+09
-4.53628e+09
-5.4569e+09
-6.56645e+09
-1.22493e+10
-1.18763e+10
-1.24037e+10
-1.2136e+10
-1.24527e+10
-1.24357e+10
-1.23445e+10
-1.25981e+10
-1.30521e+10
-1.23852e+10
-1.141e+10
-1.13592e+10
-1.14296e+10
-1.2091e+10
-1.26419e+10
-1.172e+10
-1.20187e+10
-1.27857e+10
-1.17881e+10
-7.86604e+09
-4.81317e+09
-5.81432e+09
-5.85461e+09
-7.53317e+09
-1.00159e+10
-1.02853e+10
-7.94101e+09
-4.90933e+09
-6.12178e+09
-5.97726e+09
-8.16359e+09
-1.08242e+10
-1.01262e+10
-1.10115e+10
-1.02044e+10
-1.0392e+10
-1.08944e+10
-1.12687e+10
-1.0536e+10
-1.1165e+10
-1.03535e+10
-1.31325e+10
-1.2999e+10
-1.27952e+10
-1.24124e+10
-1.2736e+10
-1.2617e+10
-1.29347e+10
-1.3614e+10
-1.33227e+10
-1.30981e+10
-1.2283e+10
-1.25287e+10
-1.28644e+10
-1.24562e+10
-1.31438e+10
-1.24348e+10
-1.24677e+10
-1.22811e+10
-1.3237e+10
-8.43199e+09
-4.98594e+09
-6.21333e+09
-8.24755e+09
-6.21009e+09
-1.05629e+10
-1.03354e+10
-8.51199e+09
-4.92964e+09
-6.21702e+09
-6.20516e+09
-8.30752e+09
-1.13264e+10
-1.06672e+10
-1.19208e+10
-1.1234e+10
-1.07059e+10
-1.14028e+10
-1.194e+10
-1.07321e+10
-1.07458e+10
-1.11506e+10
-1.22455e+10
-1.20387e+10
-1.2342e+10
-1.25903e+10
-1.20458e+10
-1.25926e+10
-1.22222e+10
-1.27233e+10
-1.23654e+10
-1.26684e+10
-1.28554e+10
-1.24652e+10
-1.26667e+10
-1.29206e+10
-1.23143e+10
-1.24211e+10
-1.22769e+10
-1.27913e+10
-1.22518e+10
-1.26444e+10
-1.25212e+10
-9.04761e+09
-9.56002e+09
-8.6644e+09
-7.651e+09
-9.63666e+09
-7.67992e+09
-8.97272e+09
-8.94397e+09
-8.69369e+09
-9.58275e+09
-7.603e+09
-9.64835e+09
-7.65779e+09
-8.75462e+09
-1.29381e+10
-1.29774e+10
-1.30949e+10
-1.29858e+10
-1.26596e+10
-1.30145e+10
-1.29151e+10
-8.25764e+09
-9.43071e+09
-8.46832e+09
-7.39908e+09
-9.32617e+09
-8.46697e+09
-7.24804e+09
-8.1465e+09
-8.36039e+09
-9.13338e+09
-7.09319e+09
-9.23524e+09
-7.11967e+09
-8.02729e+09
-1.24025e+10
-1.27077e+10
-1.2116e+10
-1.24108e+10
-1.27226e+10
-1.20933e+10
-1.235e+10
-1.26212e+10
-1.29039e+10
-1.24806e+10
-1.23492e+10
-1.28305e+10
-1.26481e+10
-1.22413e+10
-8.50958e+09
-7.24146e+09
-8.97414e+09
-8.27103e+09
-7.33258e+09
-9.09283e+09
-8.35948e+09
-8.61266e+09
-7.58349e+09
-8.42043e+09
-9.32617e+09
-7.46471e+09
-8.7292e+09
-9.2134e+09
-1.28732e+10
-1.29371e+10
-1.23727e+10
-1.245e+10
-1.27331e+10
-1.30601e+10
-1.23806e+10
-1.30554e+10
-1.31982e+10
-1.26191e+10
-1.25562e+10
-1.33044e+10
-1.23673e+10
-1.31639e+10
-8.91266e+09
-7.69628e+09
-9.41762e+09
-8.54577e+09
-8.87001e+09
-7.68737e+09
-9.41815e+09
-8.97564e+09
-7.65946e+09
-8.50741e+09
-9.36758e+09
-7.68383e+09
-9.41919e+09
-8.89659e+09
-1.38258e+10
-1.14182e+10
-1.47813e+10
-1.17184e+10
-1.13818e+10
-1.39039e+10
-1.48416e+10
-1.43199e+10
-1.40345e+10
-1.40793e+10
-1.41606e+10
-1.4246e+10
-1.43307e+10
-1.4191e+10
-1.43384e+10
-1.39739e+10
-1.17597e+10
-1.13274e+10
-1.44187e+10
-1.14033e+10
-1.49263e+10
-1.35588e+10
-1.33638e+10
-1.07067e+10
-1.04279e+10
-1.36454e+10
-1.07285e+10
-1.34183e+10
-1.36935e+10
-1.43045e+10
-1.47225e+10
-1.44581e+10
-1.45706e+10
-1.34226e+10
-1.05817e+10
-1.09521e+10
-1.40228e+10
-1.36289e+10
-1.08116e+10
-1.38044e+10
-1.43418e+10
-1.47807e+10
-1.46522e+10
-1.43973e+10
-1.15826e+10
-1.15108e+10
-1.2163e+10
-1.19546e+10
-1.11463e+10
-1.17379e+10
-1.20583e+10
-1.12717e+10
-1.13386e+10
-1.13045e+10
-1.13163e+10
-1.14025e+10
-1.15811e+10
-1.14449e+10
-1.15523e+10
-1.14188e+10
-1.17489e+10
-1.12557e+10
-1.18981e+10
-1.12032e+10
-1.18956e+10
-1.14732e+10
-9.9364e+09
-9.81719e+09
-1.22822e+10
-1.24449e+10
-1.27837e+10
-1.26356e+10
-1.222e+10
-1.23667e+10
-1.25997e+10
-1.20058e+10
-1.19237e+10
-1.20015e+10
-1.19263e+10
-1.20955e+10
-1.21401e+10
-1.20878e+10
-1.21681e+10
-1.21951e+10
-1.26671e+10
-1.21003e+10
-1.24303e+10
-1.21265e+10
-1.21651e+10
-1.24889e+10
-1.044e+10
-1.03711e+10
-1.2213e+10
-1.20373e+10
-1.28045e+10
-1.23508e+10
-1.1943e+10
-1.23663e+10
-1.27026e+10
-1.28627e+10
-1.33995e+10
-1.33837e+10
-1.28399e+10
-1.28184e+10
-1.35683e+10
-1.34126e+10
-1.2952e+10
-1.22553e+10
-1.23416e+10
-1.20088e+10
-1.25113e+10
-1.19745e+10
-1.26029e+10
-1.20661e+10
-1.23849e+10
-1.20988e+10
-1.31601e+10
-1.25248e+10
-1.24523e+10
-1.18991e+10
-1.3535e+10
-1.36596e+10
-1.44125e+10
-1.45024e+10
-1.35685e+10
-1.34893e+10
-1.40538e+10
-1.32661e+10
-1.43825e+10
-1.23672e+10
-1.23452e+10
-1.21601e+10
-1.3457e+10
-1.1828e+10
-1.37645e+10
-1.24556e+10
-1.20091e+10
-1.21537e+10
-1.19967e+10
-1.21925e+10
-1.21558e+10
-1.19679e+10
-1.20325e+10
-1.18039e+10
-1.16082e+10
-1.15721e+10
-1.1825e+10
-1.18521e+10
-1.1752e+10
-1.16559e+10
-1.19034e+10
-1.19874e+10
-1.21789e+10
-1.21351e+10
-1.19687e+10
-1.21661e+10
-1.20422e+10
-1.19963e+10
-1.24901e+10
-1.23641e+10
-1.2099e+10
-1.22004e+10
-1.22432e+10
-1.20797e+10
-1.21861e+10
-1.21005e+10
-1.20587e+10
-1.19391e+10
-1.18794e+10
-1.19891e+10
-1.18481e+10
-1.20795e+10
-1.23734e+10
-1.23129e+10
-1.21255e+10
-1.22098e+10
-1.21408e+10
-1.21503e+10
-1.19741e+10
-1.18534e+10
-1.19739e+10
-1.18796e+10
-1.2746e+10
-1.32365e+10
-1.39165e+10
-1.14019e+10
-1.47396e+10
-1.14089e+10
-1.39792e+10
-1.13133e+10
-1.46646e+10
-1.47129e+10
-1.50197e+10
-1.46506e+10
-1.51439e+10
-1.47064e+10
-1.47516e+10
-1.45801e+10
-1.50349e+10
-1.3852e+10
-1.12348e+10
-1.11414e+10
-1.43484e+10
-1.38192e+10
-1.12007e+10
-1.45111e+10
-1.08344e+10
-1.07814e+10
-5.78302e+09
-7.24975e+09
-6.61672e+09
-8.50403e+09
-7.28182e+09
-6.70858e+09
-5.75559e+09
-4.60926e+09
-4.05454e+09
-3.94043e+09
-4.67176e+09
-4.65833e+09
-4.11147e+09
-4.67643e+09
-4.02579e+09
-5.72703e+09
-8.43071e+09
-7.21208e+09
-6.45211e+09
-7.25006e+09
-6.54233e+09
-5.79998e+09
-1.03179e+10
-1.00764e+10
-5.50844e+09
-7.13651e+09
-8.07481e+09
-6.42085e+09
-7.04319e+09
-5.62888e+09
-6.22494e+09
-4.40891e+09
-3.89153e+09
-4.29802e+09
-3.9687e+09
-5.35863e+09
-7.85975e+09
-6.80827e+09
-5.70844e+09
-6.90234e+09
-5.97031e+09
-5.2269e+09
-4.5222e+09
-4.08513e+09
-4.59609e+09
-4.04285e+09
-1.26093e+10
-1.25031e+10
-1.28321e+10
-1.30644e+10
-1.25157e+10
-1.26798e+10
-1.2985e+10
-1.31795e+10
-1.4073e+10
-1.38895e+10
-1.33619e+10
-1.26204e+10
-1.28361e+10
-1.2434e+10
-1.3137e+10
-1.24963e+10
-1.26491e+10
-1.30075e+10
-1.32053e+10
-1.42435e+10
-1.40311e+10
-1.34546e+10
-1.356e+10
-1.24546e+10
-1.37343e+10
-1.32288e+10
-1.27902e+10
-1.24591e+10
-1.54772e+10
-1.44892e+10
-1.41337e+10
-1.44082e+10
-1.39271e+10
-1.4189e+10
-1.46379e+10
-1.38803e+10
-1.46367e+10
-1.57605e+10
-1.32058e+10
-1.13051e+10
-1.87077e+10
-1.19418e+10
-1.97772e+10
-1.47386e+10
-1.24168e+10
-1.26403e+10
-1.26285e+10
-1.24901e+10
-1.25801e+10
-1.24288e+10
-1.24714e+10
-1.21495e+10
-1.19654e+10
-1.20344e+10
-1.20866e+10
-1.2345e+10
-1.26087e+10
-1.24609e+10
-1.22479e+10
-1.2516e+10
-1.22793e+10
-1.23305e+10
-1.22302e+10
-1.21718e+10
-1.21169e+10
-1.22912e+10
-1.27892e+10
-1.28172e+10
-1.24197e+10
-1.26425e+10
-1.25212e+10
-1.29475e+10
-1.25718e+10
-1.24859e+10
-1.25042e+10
-1.23698e+10
-1.23724e+10
-1.23683e+10
-1.23779e+10
-1.2364e+10
-1.22492e+10
-1.23533e+10
-1.2316e+10
-1.24012e+10
-1.29358e+10
-1.25018e+10
-1.25196e+10
-1.24516e+10
-1.25039e+10
-1.24239e+10
-1.36701e+10
-1.3915e+10
-1.344e+10
-1.06861e+10
-1.36413e+10
-1.03308e+10
-1.34773e+10
-1.0636e+10
-1.36837e+10
-1.45194e+10
-1.48242e+10
-1.5046e+10
-1.42389e+10
-1.46176e+10
-1.50819e+10
-1.45435e+10
-1.51926e+10
-1.34558e+10
-1.02579e+10
-1.04941e+10
-1.31373e+10
-1.05761e+10
-1.36207e+10
-1.29712e+10
-8.98713e+09
-9.17706e+09
-4.74762e+09
-6.99836e+09
-6.22095e+09
-4.99077e+09
-6.28618e+09
-5.07166e+09
-4.66588e+09
-4.05217e+09
-3.77924e+09
-4.1274e+09
-3.74274e+09
-4.85937e+09
-7.16861e+09
-6.57523e+09
-5.38359e+09
-4.99492e+09
-6.43175e+09
-5.2044e+09
-3.9737e+09
-3.68424e+09
-3.91211e+09
-3.70371e+09
-8.78297e+09
-8.63585e+09
-4.47622e+09
-6.11175e+09
-4.86214e+09
-6.77237e+09
-6.06038e+09
-4.54132e+09
-4.79159e+09
-3.62223e+09
-3.53555e+09
-3.39137e+09
-3.75279e+09
-3.73775e+09
-3.6056e+09
-3.81352e+09
-3.49665e+09
-4.3426e+09
-6.62547e+09
-5.99133e+09
-4.62004e+09
-5.97355e+09
-4.57264e+09
-4.50961e+09
-1.21377e+10
-1.18932e+10
-1.19763e+10
-1.1856e+10
-1.23648e+10
-1.25539e+10
-1.19788e+10
-1.1871e+10
-1.23744e+10
-1.1754e+10
-1.18197e+10
-1.17978e+10
-1.17772e+10
-1.1765e+10
-1.17454e+10
-1.17454e+10
-1.17905e+10
-1.19624e+10
-1.22186e+10
-1.19515e+10
-1.2219e+10
-1.19598e+10
-1.17847e+10
-1.22326e+10
-1.28274e+10
-1.32612e+10
-1.19542e+10
-1.24445e+10
-1.2054e+10
-1.22071e+10
-1.22976e+10
-1.19073e+10
-1.20984e+10
-1.21949e+10
-1.22581e+10
-1.2241e+10
-1.21458e+10
-1.20814e+10
-1.21457e+10
-1.2186e+10
-1.21388e+10
-1.19142e+10
-1.21477e+10
-1.22279e+10
-1.18428e+10
-1.23919e+10
-1.18416e+10
-1.18118e+10
-1.27534e+10
-1.27173e+10
-1.27366e+10
-1.23533e+10
-1.30244e+10
-1.24641e+10
-1.24155e+10
-1.32062e+10
-1.34321e+10
-1.31581e+10
-1.33242e+10
-1.2879e+10
-1.23802e+10
-1.25147e+10
-1.27484e+10
-1.29726e+10
-1.27667e+10
-1.33678e+10
-1.24721e+10
-1.33371e+10
-1.24624e+10
-1.29048e+10
-5.31071e+09
-6.13517e+09
-6.86271e+09
-7.85843e+09
-6.09335e+09
-5.38407e+09
-6.81029e+09
-4.31167e+09
-3.96609e+09
-3.85108e+09
-4.39033e+09
-4.38608e+09
-4.04885e+09
-3.94253e+09
-4.47719e+09
-5.20134e+09
-7.72351e+09
-5.81999e+09
-6.67743e+09
-5.89804e+09
-6.71782e+09
-5.30451e+09
-1.01075e+10
-1.02167e+10
-5.49763e+09
-6.22385e+09
-6.92642e+09
-8.01236e+09
-5.45275e+09
-6.29467e+09
-6.98034e+09
-4.58401e+09
-4.00558e+09
-4.03923e+09
-4.61996e+09
-4.56185e+09
-4.0744e+09
-4.06798e+09
-4.52672e+09
-5.56039e+09
-8.07318e+09
-6.39612e+09
-7.13221e+09
-6.35715e+09
-7.04817e+09
-5.63924e+09
-1.25012e+10
-1.34117e+10
-1.06027e+10
-1.08041e+10
-1.33938e+10
-1.05282e+10
-1.25679e+10
-1.24947e+10
-1.23138e+10
-1.23062e+10
-1.24675e+10
-1.23995e+10
-1.22612e+10
-1.22975e+10
-1.24139e+10
-1.2633e+10
-1.07885e+10
-1.30545e+10
-1.04473e+10
-1.34405e+10
-1.05197e+10
-1.2308e+10
-1.28504e+10
-1.35359e+10
-1.09796e+10
-1.06914e+10
-1.36964e+10
-1.26946e+10
-1.07476e+10
-1.32346e+10
-1.35922e+10
-1.33353e+10
-1.34242e+10
-1.29426e+10
-1.24495e+10
-1.28918e+10
-1.25969e+10
-1.30124e+10
-1.10746e+10
-1.39554e+10
-1.09226e+10
-1.38403e+10
-1.08313e+10
-1.31659e+10
-1.32396e+10
-1.30653e+10
-1.22938e+10
-1.27481e+10
-1.23629e+10
-1.09268e+10
-1.23159e+10
-1.39098e+10
-1.19569e+10
-1.24047e+10
-1.2369e+10
-1.23785e+10
-1.23905e+10
-1.22439e+10
-1.21781e+10
-1.21456e+10
-1.22788e+10
-1.25476e+10
-1.25989e+10
-1.28631e+10
-1.27465e+10
-1.28666e+10
-1.26264e+10
-1.26e+10
-1.4713e+10
-1.34251e+10
-1.31143e+10
-1.3096e+10
-1.32159e+10
-1.28983e+10
-1.32268e+10
-1.28897e+10
-1.31562e+10
-1.33913e+10
-1.35562e+10
-1.34109e+10
-1.35559e+10
-1.30488e+10
-1.30029e+10
-1.32732e+10
-1.26287e+10
-1.30257e+10
-1.32527e+10
-1.27549e+10
-1.33987e+10
-1.36398e+10
-1.34563e+10
-1.35878e+10
-1.31577e+10
-1.35716e+10
-1.28572e+10
-1.32018e+10
-1.34267e+10
-1.3308e+10
-1.28557e+10
-1.37827e+10
-1.40868e+10
-1.4104e+10
-1.37881e+10
-1.36393e+10
-1.37042e+10
-1.36279e+10
-1.39563e+10
-1.32506e+10
-1.32202e+10
-1.3415e+10
-1.29681e+10
-1.34344e+10
-1.29498e+10
-1.32381e+10
-5.78413e+09
-6.74446e+09
-8.36934e+09
-7.30878e+09
-6.64571e+09
-5.84126e+09
-7.26841e+09
-4.65737e+09
-3.96048e+09
-3.96696e+09
-4.61576e+09
-4.67902e+09
-3.96597e+09
-3.9603e+09
-4.70685e+09
-5.73213e+09
-8.30375e+09
-6.43865e+09
-7.20942e+09
-6.56033e+09
-5.68537e+09
-7.23662e+09
-1.06814e+10
-1.06701e+10
-5.88247e+09
-6.80204e+09
-7.3554e+09
-8.59499e+09
-5.8641e+09
-6.87976e+09
-7.38239e+09
-4.63651e+09
-3.91228e+09
-3.77818e+09
-4.67691e+09
-4.65836e+09
-3.91511e+09
-3.83521e+09
-4.68374e+09
-5.82691e+09
-8.51802e+09
-6.66971e+09
-7.27041e+09
-6.79481e+09
-7.3273e+09
-5.89088e+09
-1.31446e+10
-1.12705e+10
-1.39691e+10
-1.10495e+10
-1.3952e+10
-1.10015e+10
-1.31931e+10
-1.34946e+10
-1.3716e+10
-1.35156e+10
-1.37027e+10
-1.31424e+10
-1.12325e+10
-1.39681e+10
-1.10005e+10
-1.39363e+10
-1.32098e+10
-1.09672e+10
-1.3507e+10
-1.37386e+10
-1.37054e+10
-1.352e+10
-1.33002e+10
-1.40145e+10
-1.10994e+10
-1.1445e+10
-1.41174e+10
-1.32574e+10
-1.10848e+10
-1.39467e+10
-1.41528e+10
-1.42055e+10
-1.38589e+10
-1.37637e+10
-1.3866e+10
-1.40897e+10
-1.36049e+10
-1.35074e+10
-1.15138e+10
-1.3892e+10
-1.10867e+10
-1.42651e+10
-1.11331e+10
-1.31352e+10
)
;

boundaryField
{
    inlet
    {
        type            zeroGradient;
    }
    outlet
    {
        type            fixedValue;
        value           uniform 101325;
    }
    rightSide
    {
        type            symmetryPlane;
    }
    leftSide
    {
        type            symmetryPlane;
    }
    duct
    {
        type            zeroGradient;
    }
    cylinder
    {
        type            zeroGradient;
    }
}


// ************************************************************************* //
