/*--------------------------------*- C++ -*----------------------------------*\
| =========                 |                                                 |
| \\      /  F ield         | OpenFOAM: The Open Source CFD Toolbox           |
|  \\    /   O peration     | Version:  4.1                                   |
|   \\  /    A nd           | Web:      www.OpenFOAM.org                      |
|    \\/     M anipulation  |                                                 |
\*---------------------------------------------------------------------------*/
FoamFile
{
    version     2.0;
    format      ascii;
    class       volScalarField;
    location    "57";
    object      omega;
}
// * * * * * * * * * * * * * * * * * * * * * * * * * * * * * * * * * * * * * //

dimensions      [0 0 -1 0 0 0 0];

internalField   nonuniform List<scalar> 
4432
(
0.0110952
0.0114466
0.0118136
0.0121545
0.0125129
0.0128409
0.0131931
0.0135057
0.0138509
0.0141452
0.0144825
0.0147604
0.0150855
0.0153505
0.0156592
0.0159147
0.0162058
0.0164522
0.0167282
0.0169624
0.0172287
0.0174564
0.0177191
0.0179386
0.0181881
0.0183933
0.0186327
0.0188251
0.0190674
0.0192529
0.0195093
0.0196915
0.0199531
0.0201244
0.0203746
0.0205248
0.0207415
0.0208746
0.0210571
0.0211827
0.0213322
0.0214508
0.0215693
0.0217208
0.0218177
0.0219904
0.0220854
0.022264
0.0224588
0.0226798
0.0229651
0.0233109
0.0233312
0.023517
0.0110913
0.0114499
0.011816
0.0121526
0.012519
0.0128345
0.0132015
0.0134956
0.0138617
0.0141318
0.0144964
0.0147446
0.0151031
0.0153339
0.0156799
0.0158995
0.0162277
0.0164405
0.016749
0.016955
0.0172455
0.0174501
0.0177314
0.0179323
0.0182018
0.0183942
0.0186548
0.018837
0.019095
0.0192718
0.0195374
0.0197125
0.0199766
0.0201437
0.0203932
0.0205448
0.0207645
0.0209121
0.0210934
0.0212527
0.0213866
0.0215722
0.0216858
0.0218515
0.0219659
0.0220734
0.0222056
0.0223253
0.0224538
0.0226201
0.0229004
0.0230382
0.0231675
0.0231767
21.7956
3.37994
1.22799
0.662967
0.436259
0.320357
0.251571
0.206494
0.174851
0.151487
0.13357
0.119405
0.107945
0.0984798
0.0905463
0.0837939
0.0779919
0.072944
0.0685208
0.0646118
0.0611328
0.0580269
0.0552196
0.0526954
0.0503761
0.0482834
0.0463338
0.0445756
0.0429199
0.0414353
0.0400167
0.038753
0.0375133
0.0364174
0.035299
0.0343162
0.0332858
0.0324115
0.0314779
0.0307143
0.0298785
0.0292011
0.0284541
0.0278667
0.027216
0.026687
0.0261263
0.0256602
0.0251859
0.0248274
0.0244267
0.0242372
0.0236572
0.023304
21.7955
3.37994
1.22798
0.662957
0.436252
0.320354
0.251568
0.206492
0.174848
0.151484
0.133566
0.119402
0.107942
0.098477
0.0905446
0.0837905
0.0779904
0.0729381
0.0685195
0.0646041
0.0611321
0.0580169
0.0552193
0.0526853
0.050379
0.0482804
0.0463425
0.0445847
0.0429338
0.0414514
0.0400249
0.0387643
0.0375051
0.036417
0.0352789
0.0343037
0.0332674
0.0324168
0.0314809
0.0307345
0.0298933
0.0292432
0.0284903
0.0279223
0.0272536
0.0267504
0.0261759
0.0257306
0.0252493
0.0248894
0.0244746
0.0242485
0.0236751
0.0232479
21.7955
3.38019
1.2283
0.663254
0.436507
0.320581
0.251762
0.206676
0.17503
0.151672
0.133756
0.119601
0.10814
0.0986858
0.0907482
0.0840066
0.0781965
0.0731572
0.0687262
0.0648233
0.0613414
0.058241
0.0554379
0.0529143
0.0506022
0.0485042
0.0465614
0.0447937
0.043143
0.0416401
0.0402237
0.0389355
0.0377012
0.0365823
0.0354835
0.0344987
0.0335041
0.032639
0.0317347
0.0309681
0.0301472
0.0294659
0.0287316
0.0281189
0.0274685
0.0269206
0.0263594
0.0258555
0.0253881
0.0249612
0.0246162
0.0241979
0.0241432
0.023484
21.7954
3.38019
1.22829
0.663246
0.436502
0.320577
0.25176
0.206673
0.175028
0.151668
0.133755
0.119596
0.108141
0.0986794
0.0907505
0.0839988
0.0781995
0.0731478
0.0687281
0.0648155
0.0613437
0.0582366
0.0554371
0.0529124
0.0505978
0.0485069
0.0465584
0.044805
0.0431433
0.0416575
0.0402229
0.0389489
0.0376932
0.0365886
0.0354709
0.0345033
0.0334958
0.032645
0.0317304
0.030984
0.0301572
0.0295006
0.0287523
0.0281692
0.027496
0.0269803
0.0263778
0.0259367
0.0254129
0.0250583
0.0246222
0.0242313
0.0240237
0.0233748
21.7956
3.38012
1.22824
0.6632
0.436458
0.320535
0.251719
0.206635
0.17499
0.151633
0.133717
0.119563
0.108102
0.0986484
0.0907113
0.0839682
0.0781583
0.0731166
0.0686885
0.064791
0.0613178
0.0582233
0.0554292
0.0529058
0.0506003
0.0484974
0.0465609
0.0447861
0.0431385
0.041626
0.0402066
0.0389095
0.0376776
0.0365584
0.0354743
0.0344914
0.033522
0.0326467
0.031776
0.0309933
0.0302189
0.0294949
0.028803
0.0281169
0.0275128
0.0268685
0.0263605
0.0257864
0.0253727
0.0249097
0.0243861
0.02399
0.0238431
0.0233479
21.7956
3.38013
1.22823
0.663192
0.436453
0.320532
0.251717
0.206632
0.174988
0.151631
0.133715
0.119561
0.1081
0.0986472
0.0907084
0.0839678
0.0781543
0.0731171
0.0686855
0.0647924
0.0613123
0.058222
0.055416
0.0529027
0.0505838
0.0485015
0.046548
0.0448014
0.0431308
0.0416506
0.0402041
0.0389398
0.0376751
0.0365831
0.0354638
0.0345056
0.0335059
0.0326531
0.0317636
0.0309952
0.0302056
0.0294926
0.0287988
0.0281208
0.0275301
0.0268902
0.0264012
0.0258466
0.0253927
0.0250216
0.0244725
0.0241644
0.0236204
0.0233386
21.7957
3.3801
1.22822
0.663178
0.436438
0.320516
0.2517
0.206613
0.17497
0.151609
0.133696
0.119536
0.10808
0.0986171
0.0906871
0.0839318
0.0781308
0.0730771
0.0686641
0.0647523
0.0612939
0.0581842
0.0554025
0.0528718
0.0505797
0.0484782
0.0465502
0.0447811
0.0431339
0.0416295
0.0402025
0.0389155
0.0376672
0.0365594
0.0354569
0.0344907
0.0335067
0.0326465
0.0317679
0.0309949
0.0302062
0.0294921
0.0287811
0.0281098
0.0274829
0.0268598
0.0263532
0.0257854
0.025392
0.0248704
0.0245738
0.0240582
0.0238263
0.0234586
21.7957
3.38011
1.22821
0.663172
0.436433
0.320512
0.251698
0.20661
0.174969
0.151607
0.133696
0.119533
0.108079
0.0986146
0.0906856
0.0839298
0.0781296
0.0730768
0.0686631
0.064752
0.0612899
0.0581794
0.0553958
0.0528639
0.0505745
0.0484721
0.0465515
0.0447792
0.0431421
0.0416343
0.0402177
0.0389251
0.0376822
0.0365665
0.0354637
0.0344924
0.033504
0.0326485
0.0317571
0.0309934
0.0301831
0.0294947
0.0287481
0.0281353
0.0274473
0.0269296
0.0263114
0.0258772
0.0253457
0.0249313
0.0245147
0.024064
0.0238568
0.0234114
21.7957
3.38012
1.22823
0.663177
0.436425
0.320498
0.251679
0.206592
0.174945
0.151584
0.133667
0.119506
0.108044
0.098583
0.0906447
0.0838941
0.0780851
0.0730389
0.0686181
0.0647126
0.0612471
0.0581385
0.0553608
0.0528325
0.05056
0.0484554
0.0465541
0.0447656
0.0431511
0.0416136
0.0402283
0.0388924
0.0376921
0.0365229
0.0354803
0.034451
0.0335353
0.0326101
0.0317939
0.0309481
0.0302168
0.0294393
0.0287838
0.0280682
0.0274954
0.0268622
0.026389
0.0258377
0.0254311
0.0249266
0.0245406
0.0241466
0.0236329
0.0231954
21.7957
3.38012
1.22822
0.663171
0.436421
0.320495
0.251677
0.206589
0.174944
0.151582
0.133666
0.119504
0.108044
0.0985802
0.0906462
0.0838904
0.078088
0.0730352
0.0686201
0.0647079
0.0612459
0.0581352
0.0553563
0.0528276
0.0505514
0.048449
0.0465483
0.0447651
0.0431555
0.0416197
0.0402409
0.0389018
0.0377093
0.0365327
0.0354966
0.0344528
0.0335457
0.0326005
0.0318016
0.0309299
0.0302307
0.0294136
0.0288086
0.0280463
0.027533
0.0268417
0.0264181
0.0258018
0.0254269
0.0248616
0.024539
0.0240402
0.0236474
0.0231442
21.7958
3.38012
1.22823
0.66317
0.436411
0.32048
0.251657
0.206569
0.174917
0.151558
0.133632
0.119477
0.108002
0.0985499
0.0905951
0.0838562
0.0780287
0.0729967
0.0685565
0.0646673
0.0611827
0.0580933
0.055302
0.0527956
0.0505185
0.0484369
0.0465329
0.0447645
0.0431414
0.0416205
0.0402206
0.0389005
0.0376839
0.03653
0.0354728
0.0344506
0.0335309
0.0326014
0.0317911
0.0309251
0.0302155
0.0294027
0.0287885
0.0280337
0.0275149
0.0268315
0.0264115
0.0257989
0.0254229
0.0248488
0.024487
0.0239822
0.0234692
0.0229501
21.7958
3.38013
1.22822
0.663165
0.436407
0.320478
0.251654
0.206567
0.174916
0.151556
0.133632
0.119473
0.108005
0.098544
0.0906002
0.0838485
0.0780363
0.0729868
0.0685647
0.064655
0.0611895
0.0580818
0.0553063
0.0527864
0.0505192
0.0484277
0.0465352
0.0447572
0.0431514
0.041614
0.0402395
0.0388939
0.0377098
0.0365244
0.0354969
0.0344455
0.0335419
0.0325958
0.0317925
0.0309271
0.030215
0.0294124
0.0287969
0.0280467
0.0275319
0.0268437
0.0264257
0.0257803
0.0254205
0.0248223
0.0244871
0.0238849
0.0236705
0.0228133
21.7958
3.38014
1.22825
0.663177
0.436403
0.320462
0.251637
0.206541
0.174894
0.151522
0.133605
0.119432
0.10797
0.0984946
0.0905573
0.0837914
0.0779824
0.0729223
0.0685009
0.0645888
0.0611231
0.05802
0.0552457
0.052742
0.0504833
0.0484143
0.0465214
0.0447647
0.0431363
0.0416298
0.0402104
0.038916
0.0376713
0.0365534
0.035454
0.034479
0.0335012
0.0326347
0.0317564
0.0309707
0.0301757
0.0294554
0.0287566
0.028086
0.0275015
0.0268647
0.0263955
0.0257738
0.0253774
0.0247713
0.0243973
0.0238403
0.0233323
0.0227957
21.7958
3.38015
1.22825
0.663173
0.4364
0.320461
0.251634
0.206544
0.174889
0.151527
0.133599
0.119438
0.107964
0.098502
0.0905499
0.0837993
0.0779751
0.072931
0.0684932
0.0645949
0.0611142
0.0580251
0.0552377
0.0527447
0.0504701
0.0484114
0.0465089
0.0447617
0.0431402
0.0416291
0.040235
0.0389148
0.0377088
0.036547
0.035495
0.0344656
0.0335366
0.0326155
0.0317834
0.0309459
0.0302022
0.0294319
0.0287854
0.028066
0.0275292
0.0268454
0.0264103
0.025748
0.0253702
0.0247371
0.0243802
0.0238016
0.0233674
0.0228374
21.7959
3.38015
1.22826
0.663175
0.436391
0.320444
0.251615
0.206518
0.174865
0.151493
0.133568
0.119396
0.107924
0.0984507
0.0905005
0.0837371
0.0779144
0.0728556
0.0684221
0.0645105
0.0610358
0.0579355
0.055161
0.0526707
0.0504268
0.0483812
0.0465115
0.0447683
0.0431634
0.0416512
0.0402556
0.0389403
0.0377188
0.0365675
0.0354937
0.0344778
0.0335297
0.0326278
0.0317757
0.0309694
0.0301848
0.0294674
0.0287553
0.0281093
0.0274989
0.0268774
0.0263757
0.025765
0.0253187
0.0247606
0.024326
0.023811
0.0233767
0.0227725
21.7959
3.38015
1.22826
0.663172
0.436388
0.320443
0.251613
0.206518
0.174862
0.151495
0.133565
0.119399
0.107922
0.0984533
0.0904984
0.0837395
0.0779126
0.0728582
0.068419
0.0645109
0.0610306
0.0579359
0.0551588
0.0526718
0.0504226
0.0483797
0.0465041
0.0447681
0.0431637
0.0416558
0.040268
0.0389449
0.0377389
0.0365716
0.0355166
0.0344817
0.0335496
0.0326274
0.0317913
0.0309616
0.0302035
0.0294557
0.0287769
0.0281005
0.0275046
0.0268751
0.0263666
0.025753
0.0253294
0.024726
0.024352
0.0237958
0.0234018
0.0228174
21.796
3.38017
1.2283
0.66319
0.436386
0.320429
0.251594
0.206493
0.174837
0.151462
0.133533
0.119355
0.10788
0.0983981
0.0904456
0.08367
0.0778458
0.0727709
0.0683353
0.0644039
0.0609335
0.0578201
0.055064
0.052582
0.0503734
0.0483649
0.0465208
0.0448153
0.043212
0.0417281
0.0403173
0.0390147
0.0377716
0.0366263
0.0355356
0.0345211
0.0335655
0.0326606
0.031813
0.0309998
0.0302282
0.0295028
0.0287956
0.0281566
0.0275277
0.0269133
0.0263964
0.0257705
0.0253178
0.024914
0.0241164
0.0236797
0.0234636
0.0225435
21.7959
3.38018
1.2283
0.663188
0.436385
0.320428
0.251595
0.206492
0.17484
0.151459
0.133537
0.119352
0.107887
0.0983931
0.0904539
0.0836632
0.0778553
0.0727627
0.0683452
0.0643951
0.0609404
0.0578163
0.0550722
0.0525819
0.0503755
0.0483568
0.0465212
0.0448037
0.0432172
0.0417189
0.0403323
0.039012
0.037797
0.0366294
0.035563
0.0345294
0.0335863
0.0326708
0.0318198
0.0310085
0.0302226
0.0295097
0.028783
0.0281635
0.0274877
0.0269414
0.0263186
0.0258152
0.025281
0.0247911
0.0243836
0.0238045
0.0236104
0.0226777
21.796
3.38018
1.22831
0.663192
0.436376
0.320415
0.251573
0.206475
0.174806
0.151439
0.133491
0.119326
0.107826
0.0983595
0.0903761
0.0836174
0.0777572
0.0726977
0.0682231
0.0643074
0.0608034
0.0577064
0.05494
0.0524893
0.0503313
0.048365
0.0465931
0.044907
0.0433692
0.0418721
0.0405089
0.03916
0.0379501
0.0367525
0.0356741
0.0346434
0.0336544
0.0327923
0.0318685
0.0311289
0.0303055
0.0296017
0.0289009
0.0283137
0.0275645
0.0271396
0.0263608
0.0258633
0.0251274
0.0247482
0.0243908
0.0248322
0.0239835
0.0238685
21.796
3.38019
1.22831
0.663191
0.436375
0.320414
0.251573
0.206474
0.174808
0.151438
0.133494
0.119326
0.107829
0.0983594
0.0903789
0.0836166
0.0777603
0.0726958
0.0682285
0.0643008
0.0608142
0.057698
0.054961
0.0524838
0.0503524
0.0483654
0.0465986
0.0449051
0.04336
0.0418696
0.0404925
0.0391641
0.0379378
0.0367569
0.0356775
0.0346298
0.0336774
0.0327483
0.0318982
0.0310687
0.0303085
0.0295463
0.0289065
0.0281568
0.027619
0.0269894
0.0264307
0.0259232
0.0252994
0.0250122
0.0241723
0.0238438
0.023911
0.0230394
21.7961
3.38021
1.22836
0.663214
0.436375
0.320407
0.251551
0.206462
0.174772
0.151426
0.13344
0.119315
0.107753
0.0983491
0.0902734
0.0836052
0.0776142
0.0726778
0.0680323
0.0642661
0.0605759
0.0576362
0.0547394
0.0524616
0.0503851
0.0486437
0.0470373
0.0455355
0.0440666
0.0426871
0.041307
0.0400465
0.0387536
0.0376379
0.0364732
0.035471
0.0344996
0.0335355
0.0327313
0.0319763
0.0311367
0.0304096
0.0296183
0.0289615
0.0280799
0.0276876
0.0267653
0.0268285
0.0270784
0.0264578
0.0266096
0.0279566
0.0298394
0.0296033
21.7961
3.38022
1.22836
0.663215
0.436375
0.320407
0.251552
0.206463
0.174773
0.151429
0.133441
0.11932
0.107751
0.0983574
0.0902679
0.0836169
0.0776053
0.0726918
0.0680217
0.0642819
0.0605625
0.0576525
0.0547355
0.0524765
0.050417
0.0486227
0.0470047
0.0454309
0.0439477
0.042504
0.0411417
0.0398249
0.0385938
0.037404
0.0363183
0.0352404
0.0342989
0.0333169
0.0324945
0.0316693
0.0308206
0.0302855
0.0293174
0.0284926
0.0280622
0.0271999
0.0271819
0.0262208
0.0263679
0.025607
0.0258252
0.0255791
0.0257477
0.0260729
21.7961
3.38022
1.22838
0.663223
0.436372
0.320397
0.251538
0.206445
0.174753
0.151405
0.133412
0.119292
0.107706
0.0983292
0.0901926
0.083595
0.0774783
0.0726837
0.0678109
0.064297
0.0602353
0.057769
0.0543717
0.0530514
0.0512183
0.0518314
0.0513681
0.0506252
0.0492503
0.0467483
0.0462187
0.0453299
0.0441575
0.0431836
0.0421772
0.0411811
0.0401589
0.0388953
0.0380948
0.0371892
0.0375409
0.0364911
0.036509
0.0371208
0.0376951
0.0390416
0.04113
0.0421914
0.0417976
0.0420165
0.0421681
0.0428064
0.0419363
0.041285
21.7961
3.38023
1.22838
0.663225
0.436371
0.3204
0.251534
0.206453
0.174745
0.15142
0.133398
0.119313
0.107688
0.0983539
0.0901733
0.0836173
0.0774648
0.0726976
0.0678081
0.0643026
0.0602405
0.0577631
0.0543928
0.0531329
0.0511607
0.0508304
0.0502848
0.0493498
0.0477673
0.0462905
0.0446945
0.0433346
0.0419076
0.040703
0.0395644
0.0384027
0.0375107
0.0365446
0.0354213
0.0350276
0.0340757
0.0338445
0.0336957
0.0338231
0.034119
0.0350948
0.0358135
0.036595
0.0368498
0.0371045
0.037149
0.0373707
0.0375091
0.0375393
21.7962
3.38026
1.22844
0.663252
0.43639
0.320377
0.251558
0.20639
0.1748
0.151306
0.133498
0.119135
0.107844
0.0980945
0.0903963
0.0832566
0.0777599
0.0722093
0.0681669
0.0636465
0.0606549
0.0569337
0.0551842
0.0547636
0.0632448
0.116876
0.12094
0.122056
0.116141
0.114546
0.11118
0.108246
0.105701
0.103378
0.101252
0.0992336
0.097402
0.0957305
0.0941643
0.092322
0.0905556
0.0882713
0.0860048
0.083184
0.0803661
0.0768509
0.0733323
0.0691847
0.0649413
0.0603876
0.0553493
0.051453
0.0448974
0.0435025
21.7962
3.38027
1.22844
0.663255
0.43639
0.32038
0.251557
0.206397
0.174796
0.151318
0.133491
0.119151
0.107834
0.0981141
0.0903818
0.0832804
0.0777421
0.0722355
0.0681549
0.0636624
0.0606527
0.0569606
0.0551645
0.0545209
0.0594321
0.0950681
0.096608
0.101279
0.0997575
0.0990126
0.0977114
0.0980877
0.0969487
0.0954494
0.0938928
0.0921972
0.0906196
0.0890807
0.0877814
0.0862201
0.0847838
0.0828304
0.0810652
0.0788181
0.0766816
0.0739815
0.071216
0.0679617
0.0643666
0.0608389
0.0562949
0.0530875
0.0478202
0.0452051
21.7962
3.38027
1.22847
0.663268
0.436395
0.320374
0.251557
0.206379
0.174801
0.151285
0.133506
0.119096
0.107864
0.0980317
0.0904276
0.0831677
0.077791
0.0720978
0.0681916
0.0634282
0.0608634
0.0563144
0.0558254
0.0685788
0.258926
0.336125
0.170398
0.123765
0.109655
0.102093
0.0971806
0.0924298
0.0873773
0.0821029
0.0768332
0.0717059
0.0668951
0.0623145
0.0579907
0.0539757
0.0502502
0.0472873
0.0448419
0.0426488
0.0413967
0.0399504
0.0390006
0.0383684
0.0378131
0.0372637
0.0365562
0.0354802
0.0348021
0.0329705
21.7962
3.38028
1.22847
0.66327
0.436397
0.320375
0.25156
0.206381
0.174804
0.151288
0.133509
0.119101
0.107865
0.098037
0.0904312
0.083165
0.0778169
0.0720511
0.0682931
0.0633131
0.0609004
0.0560076
0.056291
0.0678761
0.193893
0.315376
0.182236
0.133675
0.107899
0.0962452
0.0905475
0.086434
0.0823005
0.0780054
0.073705
0.0694746
0.0654825
0.0616567
0.0581845
0.0547302
0.0517295
0.0489529
0.0466959
0.044597
0.04304
0.0416103
0.0404769
0.0393985
0.0382868
0.0374304
0.0359608
0.0350386
0.0333477
0.0322943
21.7963
3.3803
1.22853
0.663307
0.436413
0.320379
0.251561
0.206376
0.174804
0.151278
0.133511
0.119085
0.107869
0.0980152
0.0904367
0.0831358
0.0778267
0.0720055
0.0683287
0.0631904
0.0611599
0.0558396
0.0585388
0.0975617
0.174267
0.181968
0.126973
0.115002
0.107065
0.101729
0.0975183
0.0938781
0.0909459
0.0884714
0.0863188
0.0843814
0.0826343
0.0810135
0.0793603
0.0776598
0.0755123
0.0731376
0.0702149
0.0670695
0.0634221
0.0596574
0.0556448
0.0514524
0.04732
0.0425242
0.0386886
0.0329665
0.0316455
21.7963
3.38032
1.22854
0.663311
0.436415
0.320382
0.251563
0.206381
0.174807
0.151283
0.133515
0.119087
0.107879
0.0980122
0.0904505
0.0831338
0.0778314
0.0720319
0.0682793
0.0633158
0.0609746
0.0561177
0.0536601
0.123813
0.172243
0.192559
0.155114
0.128899
0.114688
0.107088
0.102185
0.0981523
0.0946205
0.0914924
0.0886555
0.086053
0.0836095
0.0812856
0.0788106
0.0762678
0.0734277
0.0706565
0.0675437
0.0644675
0.0609062
0.057437
0.053602
0.049838
0.046086
0.0418182
0.0385159
0.0334059
0.031574
21.7963
3.38032
1.22856
0.663331
0.436421
0.320394
0.251554
0.206402
0.174784
0.15132
0.133473
0.119148
0.107813
0.098103
0.0903599
0.0832573
0.0777193
0.072199
0.0681306
0.0636123
0.0606275
0.0568915
0.0552006
0.0572927
0.0993924
0.110792
0.11412
0.113724
0.112779
0.109653
0.105394
0.100459
0.0950004
0.0892889
0.0835893
0.0779999
0.0725192
0.0670693
0.0617095
0.0564063
0.0515173
0.0469711
0.0430685
0.0394521
0.0364354
0.0336111
0.0313815
0.0292695
0.0276967
0.0261419
0.0250778
0.0239007
0.0232563
0.0222356
21.7963
3.38034
1.22857
0.663335
0.436424
0.320397
0.251558
0.206405
0.174787
0.151325
0.133476
0.119156
0.107813
0.0981139
0.0903564
0.0832724
0.0777121
0.0722222
0.0681133
0.0636587
0.0605829
0.0569558
0.0551283
0.0567509
0.0841429
0.0883457
0.0871233
0.0875376
0.0869071
0.0847782
0.082097
0.0790379
0.0755686
0.0718218
0.0679357
0.064022
0.0600377
0.0560225
0.0520846
0.0483634
0.0449899
0.0417859
0.0389645
0.0362539
0.0339997
0.031776
0.0300704
0.0283211
0.0271087
0.0257634
0.0249451
0.0238867
0.023354
0.0224191
21.7964
3.38035
1.22863
0.663378
0.436438
0.320423
0.251542
0.206451
0.174741
0.151411
0.133384
0.1193
0.107662
0.098335
0.0901347
0.0835878
0.0774148
0.0726509
0.0677443
0.0642365
0.0601502
0.0576815
0.0542928
0.0529219
0.0508477
0.0508329
0.0500698
0.0489759
0.0471064
0.0452871
0.0435293
0.0418671
0.0402921
0.038809
0.0374198
0.0361031
0.0348871
0.0337126
0.0326606
0.0316098
0.0307108
0.0297657
0.0290045
0.028145
0.0274951
0.0266983
0.0261415
0.0253884
0.0249092
0.0241749
0.02374
0.0230255
0.0226362
0.021969
21.7964
3.38037
1.22863
0.663384
0.436442
0.320427
0.251546
0.206455
0.174747
0.151413
0.133395
0.119297
0.107678
0.0983264
0.0901582
0.0835744
0.077444
0.0726356
0.0677793
0.0642194
0.0601925
0.05767
0.0543203
0.0529932
0.0510034
0.0501431
0.0493712
0.0475888
0.0458475
0.0441392
0.0425074
0.0409595
0.0395099
0.0381524
0.0368739
0.0356781
0.034552
0.0334887
0.0325044
0.031544
0.0306895
0.0298099
0.0290721
0.028252
0.0276118
0.0268346
0.0262779
0.0255385
0.0250493
0.0243289
0.0239053
0.0231773
0.0227926
0.022239
21.7964
3.38037
1.22866
0.663405
0.436459
0.320435
0.251565
0.206457
0.174775
0.151408
0.133438
0.119286
0.10774
0.0983093
0.090245
0.0835531
0.0775672
0.0726105
0.067963
0.0641819
0.0604731
0.0575424
0.0546167
0.0523605
0.050244
0.0484123
0.0467203
0.0450778
0.0435309
0.0420672
0.0406874
0.0393642
0.0381164
0.0369114
0.0357818
0.0346815
0.0336675
0.0326645
0.0317643
0.0308455
0.0300508
0.0292033
0.0285049
0.0277171
0.0270994
0.0263601
0.0258131
0.0251106
0.0246296
0.0239402
0.0235374
0.022844
0.0224733
0.0218542
21.7964
3.38039
1.22867
0.663411
0.436463
0.320439
0.251567
0.206463
0.174778
0.151415
0.133442
0.119292
0.107747
0.0983115
0.0902568
0.0835507
0.0775855
0.0726049
0.0679879
0.0641759
0.0605057
0.0575366
0.0546524
0.0523594
0.0502568
0.0484262
0.0467035
0.0450417
0.0434849
0.0420096
0.0406281
0.0393038
0.0380537
0.0368588
0.0357251
0.0346466
0.0336288
0.03265
0.0317462
0.0308475
0.0300518
0.0292202
0.0285191
0.0277463
0.0271248
0.0264028
0.0258513
0.0251745
0.0246794
0.024046
0.0235906
0.0229961
0.0225931
0.0220262
21.7964
3.3804
1.22873
0.663453
0.436489
0.320455
0.251587
0.206473
0.174803
0.151423
0.133479
0.119296
0.107801
0.0983144
0.0903333
0.0835544
0.0776923
0.0726148
0.068135
0.0642011
0.0606907
0.0575798
0.054809
0.0523396
0.0501569
0.0481545
0.0463368
0.0446274
0.0430591
0.0415717
0.0401959
0.0388715
0.0376425
0.0364494
0.0353499
0.0342778
0.0333008
0.0323337
0.0314671
0.0305845
0.0298178
0.0290034
0.0283229
0.0275643
0.0269534
0.0262431
0.0256914
0.0250216
0.0245294
0.0239201
0.0234767
0.0229202
0.0226207
0.0218385
21.7964
3.38042
1.22874
0.66346
0.436494
0.320459
0.251591
0.206478
0.174809
0.151429
0.133484
0.119305
0.107805
0.0983244
0.0903368
0.0835666
0.0776955
0.0726306
0.0681374
0.0642216
0.060691
0.0576054
0.0548049
0.0523577
0.0501546
0.0481682
0.0463487
0.0446454
0.0430753
0.0415878
0.0402071
0.0388879
0.0376494
0.0364742
0.0353602
0.0343136
0.0333177
0.0323747
0.0314923
0.0306273
0.0298514
0.029047
0.0283627
0.0276124
0.0270015
0.0262996
0.0257553
0.0250915
0.0246166
0.0239857
0.0235872
0.0229999
0.0226999
0.0219787
21.7964
3.38042
1.22876
0.663484
0.436513
0.320476
0.251607
0.206496
0.174829
0.151451
0.133511
0.11933
0.107843
0.0983548
0.0903892
0.0836039
0.0777672
0.0726784
0.0682313
0.0642838
0.0608035
0.0576726
0.0549056
0.0523926
0.0501603
0.0481055
0.046249
0.0445081
0.0429213
0.0414164
0.0400368
0.0387099
0.0374885
0.0363045
0.0352152
0.0341564
0.0331841
0.0322321
0.0313658
0.0304992
0.0297299
0.0289286
0.0282464
0.0274961
0.0268913
0.0261849
0.0256524
0.0249788
0.0245294
0.0238924
0.0235061
0.0229691
0.0225007
0.0219733
21.7964
3.38044
1.22877
0.663491
0.436518
0.32048
0.251612
0.206501
0.174835
0.151456
0.133517
0.119336
0.107848
0.0983626
0.090394
0.0836144
0.0777716
0.0726926
0.0682365
0.064301
0.0608109
0.0576897
0.0549158
0.0524061
0.0501687
0.04812
0.0462658
0.0445287
0.0429414
0.0414377
0.0400504
0.038733
0.0374969
0.0363371
0.0352239
0.0341998
0.033196
0.0322823
0.0313832
0.0305527
0.0297534
0.0289836
0.0282747
0.0275549
0.0269248
0.0262505
0.025695
0.0250513
0.0245775
0.0239498
0.0235832
0.0229441
0.0226746
0.0219355
21.7965
3.38045
1.22882
0.663529
0.436543
0.320499
0.251631
0.206519
0.174857
0.151477
0.133545
0.119361
0.107886
0.0983929
0.0904429
0.0836528
0.0778328
0.0727423
0.0683084
0.064363
0.060885
0.0577572
0.0549727
0.052449
0.050181
0.0481056
0.0462136
0.0444604
0.0428457
0.0413354
0.0399318
0.0386113
0.0373716
0.0362051
0.0350955
0.0340571
0.0330609
0.0321337
0.0312404
0.0304062
0.0296017
0.0288429
0.0281178
0.0274208
0.0267771
0.0261279
0.0255722
0.0249419
0.0244877
0.0238346
0.0234682
0.0228262
0.0224634
0.0218595
21.7964
3.38047
1.22883
0.663537
0.436548
0.320505
0.251636
0.206526
0.174861
0.151486
0.13355
0.119371
0.10789
0.0984045
0.090447
0.0836654
0.077839
0.0727554
0.0683186
0.0643754
0.0609
0.0577691
0.0549899
0.0524587
0.0502027
0.0481152
0.0462398
0.0444772
0.0428741
0.0413576
0.0399583
0.0386375
0.0373948
0.0362371
0.0351172
0.0341003
0.0330837
0.0321882
0.0312642
0.0304668
0.0296269
0.0289073
0.0281443
0.0274881
0.0268046
0.0261884
0.0255997
0.0249864
0.0245048
0.0238734
0.0234766
0.0228301
0.0225462
0.0218173
21.7964
3.38046
1.22885
0.663557
0.436567
0.320521
0.251656
0.206542
0.174886
0.151504
0.133581
0.119393
0.107929
0.098432
0.0904941
0.0837005
0.0778933
0.0727994
0.0683774
0.0644269
0.0609576
0.0578176
0.0550317
0.0524925
0.0502089
0.048116
0.0462048
0.0444416
0.0428072
0.0412895
0.0398735
0.0385417
0.0373087
0.0361183
0.0350399
0.0339601
0.0330157
0.0320311
0.031202
0.0303021
0.0295659
0.0287432
0.0280804
0.0273321
0.0267261
0.0260519
0.0254928
0.024878
0.0243693
0.0237633
0.0233466
0.0227338
0.0223219
0.0217374
21.7964
3.38048
1.22886
0.663565
0.436572
0.320527
0.25166
0.206549
0.17489
0.151513
0.133584
0.119404
0.107931
0.0984454
0.0904948
0.0837165
0.0778943
0.0728176
0.0683802
0.0644463
0.0609634
0.0578366
0.0550432
0.052511
0.0502219
0.048136
0.046221
0.0444619
0.0428273
0.0413126
0.0398937
0.038571
0.0373243
0.0361574
0.0350505
0.0340133
0.033024
0.0320977
0.0312088
0.0303776
0.0295734
0.0288231
0.0280933
0.0274081
0.0267507
0.0261088
0.0255364
0.0249037
0.0244265
0.0237894
0.0233744
0.0227974
0.0223385
0.0218036
21.7965
3.38049
1.2289
0.663597
0.436595
0.320546
0.251678
0.206568
0.174909
0.151535
0.133607
0.119431
0.107958
0.0984781
0.090527
0.0837548
0.0779312
0.0728602
0.06842
0.0644896
0.0610002
0.0578756
0.0550679
0.052531
0.050224
0.0481296
0.0461901
0.0444287
0.0427653
0.0412569
0.0398093
0.0384959
0.0372291
0.0360656
0.0349556
0.0339038
0.0329329
0.0319696
0.031123
0.030234
0.0294945
0.0286681
0.028018
0.0272422
0.026668
0.0259353
0.0254261
0.0247423
0.0242917
0.0236469
0.0232704
0.0226532
0.0223741
0.0215402
21.7965
3.38051
1.22892
0.663606
0.436602
0.320552
0.251683
0.206576
0.174914
0.151545
0.133611
0.119444
0.10796
0.0984927
0.0905288
0.0837723
0.0779331
0.0728806
0.0684234
0.0645122
0.0610065
0.0578996
0.0550771
0.0525533
0.0502421
0.0481462
0.0462175
0.044443
0.0428012
0.0412714
0.0398515
0.0385149
0.0372733
0.036092
0.0349983
0.0339391
0.0329773
0.032011
0.0311733
0.030276
0.0295511
0.028709
0.0280774
0.0272871
0.0267274
0.0259876
0.0254917
0.0247967
0.0243578
0.0237107
0.0233167
0.0227626
0.0223374
0.0217669
21.7965
3.3805
1.22893
0.663623
0.436618
0.320567
0.2517
0.206591
0.174935
0.151562
0.133636
0.119463
0.107991
0.098515
0.0905638
0.0837975
0.0779714
0.0729073
0.0684621
0.0645373
0.0610412
0.0579164
0.055099
0.0525595
0.0502398
0.0481359
0.0461884
0.0444162
0.0427467
0.0412303
0.0397767
0.0384599
0.0371859
0.0360224
0.034907
0.0338557
0.0328838
0.0319187
0.0310724
0.0301842
0.0294375
0.0286256
0.0279584
0.0272099
0.0266188
0.0259032
0.025391
0.0247146
0.0242584
0.0236118
0.0232358
0.0226273
0.0222046
0.021609
21.7964
3.38052
1.22894
0.663631
0.436623
0.320574
0.251705
0.206599
0.174939
0.151572
0.133639
0.119474
0.107993
0.0985276
0.0905672
0.0838112
0.0779764
0.0729226
0.0684691
0.0645549
0.0610502
0.0579363
0.0551114
0.0525825
0.0502523
0.0481629
0.0462034
0.0444425
0.0427679
0.0412548
0.0398069
0.0384831
0.0372245
0.0360466
0.03495
0.0338846
0.0329305
0.0319518
0.0311265
0.0302142
0.0295036
0.0286462
0.0280333
0.0272319
0.026684
0.0259521
0.0254341
0.0247834
0.0242884
0.0236855
0.0232691
0.0226611
0.0221947
0.021642
21.7965
3.38052
1.22898
0.663661
0.436645
0.320591
0.251722
0.206615
0.174958
0.151589
0.133663
0.119493
0.108021
0.0985478
0.090598
0.0838323
0.0780088
0.072943
0.0685
0.0645718
0.0610748
0.0579469
0.0551253
0.052579
0.0502507
0.0481429
0.0461801
0.0444086
0.0427219
0.0412117
0.0397394
0.0384332
0.0371399
0.0359889
0.0348568
0.0338187
0.0328295
0.0318862
0.031003
0.0301692
0.0293392
0.0286374
0.0278397
0.0272337
0.0265037
0.0259052
0.0253026
0.0246648
0.0241692
0.0235758
0.023047
0.0225584
0.0221532
0.0214581
21.7964
3.38055
1.22899
0.66367
0.436652
0.320597
0.251728
0.206623
0.174964
0.151598
0.133667
0.119504
0.108025
0.0985613
0.0906007
0.0838488
0.0780112
0.0729631
0.0685031
0.0645959
0.0610791
0.057976
0.0551294
0.0526119
0.0502586
0.0481771
0.0461931
0.0444439
0.0427428
0.0412451
0.039772
0.0384628
0.0371865
0.0360136
0.0349157
0.033839
0.032899
0.0319017
0.0310853
0.0301735
0.02944
0.0286257
0.0279474
0.0272216
0.0265816
0.0259402
0.0253023
0.0247735
0.0241243
0.0236652
0.0230709
0.0225113
0.0219306
0.0214864
21.7964
3.38055
1.22901
0.663691
0.436669
0.320611
0.251743
0.206636
0.174979
0.15161
0.133685
0.119516
0.108045
0.0985726
0.0906237
0.083859
0.0780357
0.0729708
0.0685269
0.0645982
0.0611001
0.0579679
0.0551446
0.0525915
0.0502634
0.0481417
0.0461868
0.0443966
0.0427227
0.0411919
0.0397349
0.0384081
0.0371318
0.0359572
0.0348493
0.0337757
0.032828
0.0318286
0.0310031
0.0300999
0.0293323
0.0285545
0.0278146
0.0271334
0.0264528
0.0257978
0.0252574
0.0245623
0.0241819
0.0234059
0.0232897
0.0223682
0.0221667
0.0220532
21.7964
3.38057
1.22902
0.663698
0.436675
0.320617
0.251748
0.206643
0.174985
0.151618
0.13369
0.119525
0.108049
0.0985835
0.0906277
0.0838724
0.0780399
0.0729873
0.0685322
0.0646184
0.0611072
0.0579913
0.0551547
0.0526185
0.0502747
0.0481734
0.0462011
0.0444298
0.0427418
0.0412243
0.0397619
0.0384382
0.0371689
0.0359854
0.0348928
0.0338075
0.0328698
0.0318704
0.031041
0.0301461
0.029376
0.0285899
0.0278672
0.0271687
0.0264851
0.0258612
0.0252653
0.0246476
0.0240778
0.0236719
0.0228421
0.0224503
0.0222099
0.0220675
21.7963
3.38064
1.22911
0.663765
0.436728
0.320661
0.251787
0.206676
0.175017
0.151646
0.13372
0.119548
0.108078
0.0986026
0.0906574
0.0838863
0.0780708
0.072994
0.0685636
0.0646153
0.0611371
0.0579772
0.0551814
0.0525899
0.0502952
0.0481318
0.0462093
0.0443792
0.0427329
0.041171
0.0397288
0.038386
0.0371062
0.0359331
0.0348054
0.0337471
0.032773
0.0317984
0.0309445
0.03008
0.0292852
0.0285407
0.0278075
0.0271695
0.026435
0.0259284
0.0253408
0.0247072
0.0243244
0.024185
0.0241483
0.0245622
0.0245048
0.0251697
21.7963
3.38066
1.22912
0.663772
0.436733
0.320666
0.251791
0.206682
0.175022
0.151653
0.133724
0.119558
0.108082
0.0986152
0.0906605
0.0839029
0.0780733
0.0730153
0.0685661
0.0646414
0.0611409
0.0580075
0.0551863
0.0526227
0.0503047
0.048165
0.0462227
0.0444125
0.0427497
0.0412048
0.03975
0.0384209
0.0371335
0.0359685
0.0348394
0.033783
0.0328109
0.0318377
0.0309846
0.0301216
0.0293325
0.0285821
0.0278593
0.027235
0.0264669
0.0260867
0.0253033
0.0250494
0.0242312
0.0243638
0.024483
0.0248475
0.0245804
0.0251864
21.7969
3.38062
1.22909
0.663641
0.436517
0.320412
0.251535
0.206431
0.174796
0.151441
0.133526
0.119357
0.107891
0.0984151
0.0904696
0.0837004
0.0778807
0.0728094
0.0683709
0.0644318
0.0609428
0.0577936
0.0549856
0.052404
0.0501048
0.0479335
0.0460258
0.0441789
0.0425128
0.0408582
0.0393519
0.0378733
0.0365016
0.0351811
0.0339537
0.0327531
0.0316971
0.0306066
0.0296848
0.0288135
0.0279437
0.0273378
0.0267647
0.0261436
0.0253296
0.0257184
0.0255313
0.0261456
0.0274785
0.0288006
0.0309327
0.0338817
0.0323499
0.0337326
21.7969
3.38064
1.22911
0.66365
0.436524
0.320418
0.251542
0.206437
0.174803
0.151448
0.133533
0.119364
0.107898
0.0984229
0.0904781
0.0837091
0.0778909
0.0728199
0.0683834
0.0644451
0.0609581
0.0578097
0.0550039
0.0524233
0.0501252
0.0479564
0.0460493
0.0442037
0.0425462
0.0408867
0.0393939
0.0379073
0.0365461
0.0352271
0.0339922
0.0328165
0.0317281
0.0306782
0.0297277
0.0288535
0.0280376
0.0273169
0.0268225
0.0263908
0.0254371
0.0254617
0.0260072
0.0263986
0.0278136
0.0286098
0.0309503
0.0331233
0.0319271
0.033205
0.0110776
0.0114627
0.0117981
0.012167
0.0124978
0.0128503
0.0131763
0.0135128
0.0138326
0.0141545
0.0144663
0.0147745
0.0150749
0.0153709
0.0156582
0.0159421
0.016216
0.0164873
0.0167495
0.0170074
0.0172607
0.0175066
0.0177544
0.0179923
0.0182361
0.0184684
0.0187237
0.0189572
0.019189
0.0194079
0.0196071
0.0198084
0.0199824
0.0201452
0.0203037
0.02042
0.0205297
0.0206699
0.0207443
0.0208201
0.0209756
0.0209454
0.0208347
0.0207146
0.0204906
0.0202928
0.0200177
0.0196585
0.0192768
0.0188454
0.018245
0.0174919
0.0173383
0.0173585
0.0110777
0.0114626
0.0117997
0.0121683
0.0124983
0.0128548
0.0131738
0.0135211
0.0138268
0.0141658
0.0144587
0.0147867
0.0150682
0.0153816
0.0156547
0.0159503
0.0162168
0.0164934
0.0167544
0.0170131
0.0172687
0.0175139
0.0177642
0.0180028
0.0182477
0.0184833
0.0187388
0.0189769
0.0192132
0.0194304
0.0196417
0.0198359
0.0200214
0.0201862
0.0203425
0.0204712
0.0205907
0.0206752
0.0207479
0.0207931
0.0209367
0.0209465
0.0208995
0.020801
0.0205988
0.0204352
0.0201048
0.0198454
0.019398
0.0189923
0.0184766
0.0177453
0.0175523
0.017541
0.229923
0.0602814
0.243145
0.101909
0.0974064
0.390514
0.278782
0.395399
0.167364
0.150396
0.168769
0.0680018
0.124524
0.114518
0.133497
0.355545
0.120132
0.282592
0.14695
0.144727
0.0969562
0.0683265
0.228134
0.0647457
0.250417
0.163941
0.144998
0.25193
0.382255
0.279726
0.393283
0.134047
0.0676653
0.17172
0.0614058
0.107116
0.148068
0.149812
0.190097
0.350308
0.130856
0.254883
0.0555105
0.0548296
0.0553208
0.0580419
0.0801968
0.0581436
0.0823936
0.0459872
0.0645719
0.0480233
0.110106
0.173767
0.112259
0.172712
0.0564521
0.0545601
0.0562316
0.0568037
0.0766362
0.056899
0.074971
0.0502954
0.0583697
0.0516189
0.0883277
0.140045
0.0799231
0.119606
0.0602564
0.0558003
0.0594885
0.0550819
0.0683917
0.0558842
0.0650963
0.595416
0.309304
0.308849
0.368665
0.574015
0.31718
0.335085
0.324299
0.167926
0.188341
0.170966
0.194032
0.058779
0.0567857
0.0574159
0.0559518
0.0651224
0.058665
0.0565402
0.394016
0.25818
0.174503
0.235198
0.524212
0.275367
0.293571
0.263143
0.164239
0.196737
0.153499
0.194618
0.0599723
0.0570699
0.0612924
0.0566568
0.0585961
0.0563079
0.0604218
0.498267
0.0974298
0.108056
0.107279
0.393961
0.723906
0.551964
0.196275
0.176436
0.201416
0.329668
0.317971
0.333921
0.324143
0.069771
0.0558713
0.0627753
0.0560669
0.0586193
0.0561112
0.0580388
0.198898
0.125421
0.0994442
0.284412
0.112732
0.462029
0.604046
0.208081
0.156848
0.201662
0.326242
0.276624
0.292299
0.256079
0.0809775
0.0568804
0.0826823
0.0546896
0.0557789
0.0546621
0.0557009
0.166545
0.102272
0.164811
0.0602943
0.0458193
0.0608735
0.0465783
0.0758564
0.0572982
0.0732398
0.0545222
0.0553536
0.0544895
0.0551336
0.134117
0.0775706
0.108264
0.0585344
0.0506135
0.0575831
0.0505204
0.531766
0.151169
0.266082
0.174913
0.386419
0.497855
0.251715
0.163302
0.175314
0.482424
0.480149
0.0923673
0.108474
0.0947232
0.347952
0.969188
0.767479
0.447322
0.0917268
0.101763
0.100233
0.420565
0.915028
0.890544
0.590852
0.280624
0.339904
0.351646
0.544132
0.6895
0.508918
0.540623
0.162121
0.146922
0.155993
0.452052
0.715299
0.676476
0.523195
0.153465
0.142786
0.150211
0.50369
0.244042
0.152482
0.149592
0.143181
0.333689
0.188924
0.127798
0.134215
0.13752
0.128149
0.196362
0.0984352
0.123928
0.270979
0.125465
0.289274
0.566316
0.150918
0.139891
0.123437
0.118663
0.154272
0.169886
0.094716
0.360816
0.134222
0.192726
0.208895
0.308243
0.494493
0.661682
0.451362
0.151256
0.145951
0.494353
0.14612
0.437701
0.152495
0.420935
0.151249
0.132817
0.138678
0.230761
0.990066
0.796995
0.463094
0.101323
0.087306
0.101955
0.422101
0.962134
0.922133
0.535997
0.152923
0.257704
0.175514
0.397164
0.514895
0.255502
0.163904
0.489084
0.172274
0.550672
0.140527
0.165054
0.154433
0.420442
0.704793
0.613661
0.531757
0.137512
0.151784
0.148549
0.511689
0.530937
0.303412
0.307067
0.372566
0.519433
0.511488
0.288643
0.343101
0.479179
0.358837
0.288811
0.60479
0.143058
0.127712
0.104581
0.10806
0.134711
0.160753
0.0481304
0.246641
0.153163
0.155789
0.34557
0.144585
0.187374
0.125402
0.119164
0.136999
0.10808
0.439877
0.143854
0.155387
0.493932
0.153659
0.445239
0.245396
0.409954
0.131863
0.153266
0.147123
0.281074
0.415307
0.267509
0.161002
0.463684
0.244378
0.405387
0.128687
0.174315
0.197975
0.375745
0.168886
0.0759586
0.0568168
0.0722269
0.0934814
0.0735094
0.151129
0.129044
0.0709196
0.0675786
0.0736674
0.0705941
0.136845
0.0749287
0.168521
0.0674156
0.0931243
0.0739239
0.0752039
0.0703835
0.161965
0.485476
0.382949
0.421194
0.323091
0.426422
0.349684
0.47087
0.472805
0.40528
0.383835
0.339762
0.401657
0.342109
0.471511
0.126129
0.0679239
0.0729401
0.0767792
0.0715527
0.0757582
0.125503
0.428734
0.319498
0.334562
0.346529
0.294713
0.451699
0.348876
0.392381
0.311376
0.220321
0.355657
0.247293
0.341383
0.392006
0.168766
0.0727171
0.0745829
0.0680948
0.0705431
0.0750001
0.149218
0.164269
0.0738728
0.0647265
0.0708399
0.0714736
0.162302
0.0708606
0.475428
0.338614
0.370318
0.415274
0.337329
0.421477
0.470009
0.464283
0.361778
0.404053
0.379815
0.335709
0.462318
0.404653
0.126227
0.0738213
0.0694522
0.0682763
0.133723
0.0762094
0.0698235
0.126915
0.0737348
0.0673877
0.0830251
0.0744857
0.0725124
0.120892
0.43226
0.390195
0.30181
0.328528
0.447023
0.387082
0.273248
0.408223
0.384675
0.294523
0.206533
0.375893
0.227928
0.414813
0.41348
0.568041
0.414164
0.575811
0.589018
0.4099
0.431508
0.36024
0.389874
0.473382
0.291601
0.355783
0.481249
0.489226
0.358098
0.44432
0.531772
0.593333
0.719967
0.578513
0.532018
0.411993
0.295469
0.477848
0.450536
0.412842
0.503134
0.286307
0.408389
0.153548
0.338639
0.275699
0.20003
0.278908
0.486426
0.563571
0.441121
0.376209
0.523734
0.434298
0.158043
0.184698
0.203746
0.138284
0.267689
0.89205
0.155422
0.498509
0.884821
0.262564
0.145098
0.44682
0.428241
0.532765
0.359911
0.472455
0.576282
0.575858
0.475423
0.247091
0.494029
0.691616
0.150025
0.873454
0.145288
0.227386
0.717203
0.703122
0.110678
0.214164
0.197636
0.141006
0.231926
0.110481
0.1406
0.122598
0.225143
0.146829
0.178829
0.0754782
0.0927252
0.100578
0.0778817
0.137784
0.212873
0.429027
0.172272
0.161674
0.248591
0.159932
0.50445
0.55091
0.602621
0.254969
0.852028
0.524244
0.256627
0.605467
0.848505
0.441074
0.411811
0.498147
0.367031
0.448108
0.518291
0.521493
0.449734
0.606188
0.532411
0.219468
0.644791
0.222761
0.822009
0.413637
0.565667
0.240618
0.80947
0.498142
0.571396
0.243323
0.801232
0.41665
0.458711
0.478596
0.398548
0.422046
0.491692
0.428907
0.485832
0.562093
0.491371
0.237852
0.778363
0.237469
0.798621
0.550977
0.270581
0.180129
0.873178
0.470405
0.189489
0.868918
0.265224
0.392641
0.377787
0.471116
0.31378
0.469396
0.551822
0.543335
0.466275
0.218864
0.480179
0.174516
0.665886
0.146665
0.825964
0.191965
0.969653
0.95488
0.23646
0.161791
0.447572
0.791325
0.147538
0.244698
0.782937
0.374637
0.464724
0.377611
0.46519
0.227402
0.429644
0.180893
0.759281
0.181455
0.774218
0.227721
0.404389
0.489589
0.418183
0.494547
0.920959
0.91198
0.385699
0.581901
0.312581
0.568846
0.421162
0.600392
0.454771
0.335224
0.433186
0.331255
0.457289
0.338247
0.464642
0.349053
0.458439
0.409992
0.553325
0.583249
0.387917
0.411945
0.589685
0.394174
0.705828
0.659144
0.319192
0.168381
0.850502
0.53699
0.172178
0.860794
0.321454
0.525312
0.486965
0.609166
0.437403
0.550611
0.625087
0.543358
0.663588
0.315757
0.585155
0.255258
0.676679
0.249519
0.841095
0.298465
0.708432
0.699653
0.311775
0.189322
0.51814
0.831897
0.191169
0.314838
0.832831
0.518033
0.595362
0.514359
0.616641
0.313489
0.512836
0.172926
0.799771
0.172005
0.833952
0.309893
0.53031
0.627009
0.536675
0.627079
0.257032
0.159324
0.24683
0.278866
0.158489
0.24152
0.294946
0.155662
0.336801
0.198412
0.267603
0.257445
0.274082
0.181028
0.493572
0.177016
0.376386
0.302122
0.160297
0.185136
0.200631
0.151185
0.149956
0.172782
0.158493
0.140724
0.174059
0.150599
0.121667
0.0949173
0.0825165
0.115631
0.0633432
0.0729268
0.12551
0.0937776
0.0963487
0.187746
0.203327
0.146409
0.109102
0.176464
0.182087
0.140735
0.111154
0.196855
0.142637
0.221891
0.142902
0.223754
0.108247
0.119661
0.208234
0.145054
0.165436
0.133775
0.219028
0.179164
0.388149
0.164921
0.16857
0.247755
0.0779696
0.0915439
0.0952143
0.073154
0.300583
0.319271
0.0871369
0.147439
0.100802
0.142131
0.148732
0.0909166
0.0724406
0.0268011
0.0123794
0.0318702
0.00873036
0.0159044
0.0407273
0.0327124
0.0247865
0.0787739
0.16738
0.152384
0.0628729
0.146355
0.143543
0.111278
0.112002
0.201052
0.240435
0.432364
0.494746
0.334634
0.243378
0.42703
0.533545
0.163547
0.0948805
0.128227
0.0223429
0.0909973
0.137957
0.101525
0.0977495
0.375447
0.298699
0.448935
0.482505
0.46287
0.521566
0.282443
0.578064
0.613427
0.300177
0.469409
0.189821
0.694081
0.19816
0.729633
0.292072
0.481339
0.574777
0.492949
0.576409
0.302748
0.480607
0.207917
0.783642
0.303217
0.199933
0.767298
0.474271
0.544982
0.45756
0.556392
0.317513
0.219822
0.270741
0.216582
0.608964
0.385329
0.232729
0.283155
0.543919
0.314401
0.211597
0.356395
0.176859
0.396968
0.511901
0.426462
0.486391
0.268762
0.308408
0.223662
0.187107
0.24023
0.400508
0.198287
0.990244
0.980784
0.237504
0.820886
0.141543
0.460547
0.242403
0.823177
0.151809
0.40646
0.481131
0.409121
0.481928
0.416203
0.509545
0.423581
0.504385
0.238015
0.424919
0.78056
0.183038
0.241686
0.783515
0.184417
0.949259
0.948765
0.603732
0.842667
0.248256
0.530441
0.859176
0.249578
0.599387
0.442795
0.413107
0.499283
0.373141
0.443448
0.5092
0.444564
0.517153
0.617111
0.539577
0.665614
0.22364
0.847508
0.224164
0.412369
0.583984
0.848504
0.505873
0.239101
0.837334
0.591464
0.239208
0.440287
0.48395
0.508158
0.417659
0.443613
0.508465
0.44386
0.512057
0.577377
0.500168
0.806333
0.230182
0.822556
0.232861
0.566055
0.33098
0.886345
0.172522
0.545897
0.879022
0.330153
0.170718
0.552696
0.519217
0.645337
0.463386
0.566157
0.656258
0.690879
0.563398
0.33011
0.575547
0.698259
0.18002
0.871662
0.188822
0.293007
0.661095
0.638989
0.316709
0.852953
0.244173
0.529659
0.323377
0.832885
0.253988
0.527612
0.607624
0.626083
0.514606
0.540273
0.657901
0.647723
0.553197
0.318719
0.52388
0.795579
0.256219
0.818755
0.261622
0.31568
0.404171
0.338885
0.534741
0.528905
0.416804
0.544096
0.417981
0.35565
0.388484
0.473771
0.294003
0.352023
0.480981
0.48433
0.357
0.431653
0.523029
0.560473
0.573072
0.518035
0.556827
0.418274
0.422875
0.309647
0.485034
0.528879
0.408218
0.43318
0.529454
0.358527
0.463111
0.485499
0.352134
0.358672
0.480043
0.482611
0.359538
0.426308
0.496165
0.522174
0.529401
0.531927
0.535282
0.42693
0.306457
0.322982
0.0850886
0.0863769
0.144265
0.133024
0.0962452
0.0623699
0.141074
0.0160409
0.00706506
0.0101775
0.00393135
0.0100072
0.0418176
0.030527
0.0164772
0.0912084
0.149491
0.0356908
0.135223
0.0920211
0.142363
0.0982
0.0883025
0.138317
0.255207
0.250335
0.275729
0.161416
0.287347
0.160098
0.23996
0.157821
0.346457
0.279783
0.197301
0.256164
0.275762
0.510307
0.181668
0.387578
0.30016
0.17575
0.158896
0.183775
0.149461
0.200648
0.140558
0.149777
0.1694
0.122681
0.107425
0.172658
0.14581
0.0707468
0.0559889
0.0918309
0.0405347
0.0595394
0.112762
0.0872467
0.0787213
0.154808
0.16253
0.069279
0.141939
0.132855
0.16427
0.127472
0.298669
0.663116
0.460694
0.230505
0.698369
0.297434
0.234471
0.494539
0.590344
0.573295
0.508284
0.486316
0.536204
0.566742
0.469079
0.303963
0.483618
0.765163
0.242228
0.744542
0.31128
0.247058
0.385769
0.310301
0.273029
0.597811
0.220727
0.389551
0.286657
0.539214
0.221337
0.301617
0.217061
0.347343
0.180825
0.403051
0.508116
0.472872
0.443766
0.25423
0.350588
0.25776
0.230234
0.46533
0.249703
0.217645
0.27444
0.434158
0.535809
0.4477
0.538746
0.472627
0.253046
0.158339
0.359918
0.294299
0.199621
0.283631
0.451374
0.496037
0.522027
0.509003
0.40331
0.48743
0.157436
0.181327
0.203683
0.135356
0.229479
0.580954
0.417039
0.398274
0.622572
0.21228
0.425198
0.166057
0.0771069
0.133641
0.068292
0.0824652
0.124021
0.0786931
0.0900149
0.379218
0.327914
0.403174
0.466199
0.419076
0.481182
0.283305
)
;

boundaryField
{
    inlet
    {
        type            fixedValue;
        value           uniform 440.15;
    }
    outlet
    {
        type            zeroGradient;
    }
    rightSide
    {
        type            symmetryPlane;
    }
    leftSide
    {
        type            symmetryPlane;
    }
    duct
    {
        Cmu             0.09;
        kappa           0.41;
        E               9.8;
        beta1           0.075;
        type            omegaWallFunction;
        value           nonuniform List<scalar> 
216
(
0.0110952
0.0110913
0.0114466
0.0114499
0.0118136
0.011816
0.0121545
0.0121526
0.0125129
0.012519
0.0128409
0.0128345
0.0131931
0.0132015
0.0135057
0.0134956
0.0138509
0.0138617
0.0141452
0.0141318
0.0144825
0.0144964
0.0147604
0.0147446
0.0150855
0.0151031
0.0153505
0.0153339
0.0156592
0.0156799
0.0159147
0.0158995
0.0162058
0.0162277
0.0164522
0.0164405
0.0167282
0.016749
0.0169624
0.016955
0.0172287
0.0172455
0.0174564
0.0174501
0.0177191
0.0177314
0.0179386
0.0179323
0.0181881
0.0182018
0.0183933
0.0183942
0.0186327
0.0186548
0.0188251
0.018837
0.0190674
0.019095
0.0192529
0.0192718
0.0195093
0.0195374
0.0196915
0.0197125
0.0199531
0.0199766
0.0201244
0.0201437
0.0203746
0.0203932
0.0205248
0.0205448
0.0207415
0.0207645
0.0208746
0.0209121
0.0210571
0.0210934
0.0211827
0.0212527
0.0213322
0.0213866
0.0214508
0.0215722
0.0215693
0.0216858
0.0217208
0.0218515
0.0218177
0.0219659
0.0219904
0.0220734
0.0220854
0.0222056
0.022264
0.0223253
0.0224588
0.0224538
0.0226798
0.0226201
0.0229651
0.0229004
0.0233109
0.0230382
0.0233312
0.0231675
0.023517
0.0231767
0.0110776
0.0110777
0.0114627
0.0114626
0.0117981
0.0117997
0.012167
0.0121683
0.0124978
0.0124983
0.0128503
0.0128548
0.0131763
0.0131738
0.0135128
0.0135211
0.0138326
0.0138268
0.0141545
0.0141658
0.0144663
0.0144587
0.0147745
0.0147867
0.0150749
0.0150682
0.0153709
0.0153816
0.0156582
0.0156547
0.0159421
0.0159503
0.016216
0.0162168
0.0164873
0.0164934
0.0167495
0.0167544
0.0170074
0.0170131
0.0172607
0.0172687
0.0175066
0.0175139
0.0177544
0.0177642
0.0179923
0.0180028
0.0182361
0.0182477
0.0184684
0.0184833
0.0187237
0.0187388
0.0189572
0.0189769
0.019189
0.0192132
0.0194079
0.0194304
0.0196071
0.0196417
0.0198084
0.0198359
0.0199824
0.0200214
0.0201452
0.0201862
0.0203037
0.0203425
0.02042
0.0204712
0.0205297
0.0205907
0.0206699
0.0206752
0.0207443
0.0207479
0.0208201
0.0207931
0.0209756
0.0209367
0.0209454
0.0209465
0.0208347
0.0208995
0.0207146
0.020801
0.0204906
0.0205988
0.0202928
0.0204352
0.0200177
0.0201048
0.0196585
0.0198454
0.0192768
0.019398
0.0188454
0.0189923
0.018245
0.0184766
0.0174919
0.0177453
0.0173383
0.0175523
0.0173585
0.017541
)
;
    }
    cylinder
    {
        Cmu             0.09;
        kappa           0.41;
        E               9.8;
        beta1           0.075;
        type            omegaWallFunction;
        value           nonuniform List<scalar> 
448
(
0.723906
0.551964
0.462029
0.604046
0.969188
0.767479
0.915028
0.890544
0.6895
0.508918
0.715299
0.676476
0.289274
0.566316
0.169886
0.094716
0.494493
0.661682
0.437701
0.152495
0.990066
0.796995
0.962134
0.922133
0.704793
0.613661
0.288811
0.60479
0.160753
0.0481304
0.445239
0.245396
0.414164
0.431508
0.36024
0.355783
0.719967
0.532018
0.412842
0.408389
0.153548
0.441121
0.434298
0.158043
0.89205
0.884821
0.44682
0.472455
0.717203
0.703122
0.214164
0.231926
0.122598
0.0754782
0.50445
0.55091
0.852028
0.848505
0.441074
0.448108
0.644791
0.822009
0.80947
0.801232
0.41665
0.422046
0.778363
0.798621
0.873178
0.868918
0.392641
0.469396
0.969653
0.95488
0.791325
0.782937
0.374637
0.759281
0.404389
0.920959
0.91198
0.312581
0.454771
0.335224
0.338247
0.387917
0.394174
0.705828
0.659144
0.850502
0.860794
0.525312
0.550611
0.708432
0.699653
0.831897
0.832831
0.518033
0.53031
0.278866
0.294946
0.155662
0.493572
0.160297
0.158493
0.121667
0.0949173
0.0729268
0.109102
0.182087
0.221891
0.223754
0.119661
0.388149
0.247755
0.0779696
0.300583
0.319271
0.100802
0.0724406
0.0268011
0.0159044
0.112002
0.201052
0.494746
0.533545
0.163547
0.0909973
0.578064
0.613427
0.694081
0.729633
0.481339
0.474271
0.317513
0.219822
0.608964
0.543919
0.314401
0.396968
0.990244
0.980784
0.820886
0.823177
0.40646
0.416203
0.949259
0.948765
0.442795
0.443448
0.848504
0.837334
0.440287
0.443613
0.886345
0.552696
0.566157
0.661095
0.638989
0.527612
0.540273
0.338885
0.35565
0.352023
0.358527
0.358672
0.306457
0.322982
0.0863769
0.0623699
0.0160409
0.0100072
0.0883025
0.138317
0.275729
0.287347
0.157821
0.158896
0.0707468
0.0595394
0.663116
0.698369
0.494539
0.486316
0.385769
0.310301
0.597811
0.539214
0.301617
0.403051
0.535809
0.538746
0.158339
0.157436
0.580954
0.622572
0.166057
0.0824652
0.389874
0.481249
0.338639
0.184698
0.428241
0.576282
0.225143
0.0927252
0.411811
0.518291
0.458711
0.491692
0.377787
0.551822
0.464724
0.489589
0.433186
0.464642
0.486965
0.625087
0.595362
0.627009
0.336801
0.185136
0.0825165
0.12551
0.208234
0.0915439
0.0123794
0.0407273
0.0948805
0.137957
0.574777
0.544982
0.211597
0.511901
0.481131
0.509545
0.413107
0.5092
0.48395
0.508465
0.519217
0.656258
0.607624
0.657901
0.388484
0.480981
0.463111
0.480043
0.00706506
0.0418176
0.346457
0.183775
0.0559889
0.112762
0.590344
0.536204
0.217061
0.508116
0.359918
0.181327
0.0771069
0.124021
0.473382
0.291601
0.358098
0.489226
0.275699
0.20003
0.138284
0.203746
0.532765
0.359911
0.691616
0.873454
0.475423
0.575858
0.879022
0.416804
0.698259
0.871662
0.146829
0.178829
0.429027
0.248591
0.0778817
0.100578
0.765163
0.744542
0.498147
0.367031
0.449734
0.521493
0.478596
0.398548
0.428907
0.485832
0.471116
0.31378
0.665886
0.825964
0.466275
0.543335
0.377611
0.46519
0.774218
0.418183
0.494547
0.457289
0.331255
0.349053
0.458439
0.609166
0.437403
0.676679
0.841095
0.543358
0.663588
0.514359
0.799771
0.616641
0.833952
0.536675
0.627079
0.267603
0.198412
0.302122
0.151185
0.200631
0.115631
0.0633432
0.0937776
0.0963487
0.165436
0.145054
0.073154
0.0952143
0.0318702
0.00873036
0.0628729
0.143543
0.0327124
0.0247865
0.128227
0.0223429
0.482505
0.521566
0.101525
0.0977495
0.492949
0.783642
0.576409
0.767298
0.45756
0.556392
0.187107
0.400508
0.356395
0.176859
0.426462
0.486391
0.842667
0.859176
0.481928
0.409121
0.78056
0.783515
0.423581
0.504385
0.806333
0.822556
0.499283
0.373141
0.665614
0.847508
0.444564
0.517153
0.508158
0.417659
0.44386
0.512057
0.645337
0.463386
0.563398
0.690879
0.852953
0.309647
0.832885
0.408218
0.522174
0.626083
0.514606
0.795579
0.818755
0.553197
0.647723
0.473771
0.294003
0.560473
0.518035
0.357
0.48433
0.485499
0.352134
0.531927
0.359538
0.482611
0.0101775
0.00393135
0.0356908
0.0920211
0.030527
0.0164772
0.149777
0.107425
0.279783
0.510307
0.197301
0.30016
0.149461
0.200648
0.0918309
0.0405347
0.069279
0.132855
0.0872467
0.0787213
0.573295
0.508284
0.469079
0.566742
0.46533
0.347343
0.180825
0.25776
0.443766
0.472872
0.294299
0.496037
0.199621
0.509003
0.135356
0.203683
0.133641
0.068292
0.403174
0.419076
0.0900149
0.0786931
)
;
    }
}


// ************************************************************************* //
