/*--------------------------------*- C++ -*----------------------------------*\
| =========                 |                                                 |
| \\      /  F ield         | OpenFOAM: The Open Source CFD Toolbox           |
|  \\    /   O peration     | Version:  4.1                                   |
|   \\  /    A nd           | Web:      www.OpenFOAM.org                      |
|    \\/     M anipulation  |                                                 |
\*---------------------------------------------------------------------------*/
FoamFile
{
    version     2.0;
    format      ascii;
    class       volScalarField;
    location    "54";
    object      p;
}
// * * * * * * * * * * * * * * * * * * * * * * * * * * * * * * * * * * * * * //

dimensions      [0 2 -2 0 0 0 0];

internalField   nonuniform List<scalar> 
4432
(
-4.15942e+10
-4.3107e+10
-4.39922e+10
-4.26617e+10
-4.24503e+10
-4.28031e+10
-4.27312e+10
-4.26566e+10
-4.26115e+10
-4.26044e+10
-4.26034e+10
-4.25873e+10
-4.25464e+10
-4.24847e+10
-4.24206e+10
-4.23553e+10
-4.22699e+10
-4.21608e+10
-4.20303e+10
-4.18809e+10
-4.17129e+10
-4.15308e+10
-4.13394e+10
-4.11448e+10
-4.09516e+10
-4.07642e+10
-4.05848e+10
-4.04142e+10
-4.02512e+10
-4.00933e+10
-3.99374e+10
-3.97813e+10
-3.96252e+10
-3.94711e+10
-3.93247e+10
-3.91949e+10
-3.90923e+10
-3.90255e+10
-3.89963e+10
-3.89967e+10
-3.90049e+10
-3.89852e+10
-3.88943e+10
-3.87e+10
-3.84109e+10
-3.80833e+10
-3.77488e+10
-3.72815e+10
-3.64975e+10
-3.60257e+10
-3.86098e+10
-4.6962e+10
-5.33612e+10
-2.68684e+10
-4.21398e+10
-4.27089e+10
-4.32308e+10
-4.30733e+10
-4.25463e+10
-4.27173e+10
-4.27247e+10
-4.264e+10
-4.25942e+10
-4.26021e+10
-4.26107e+10
-4.25927e+10
-4.25464e+10
-4.24849e+10
-4.24238e+10
-4.23594e+10
-4.22726e+10
-4.21621e+10
-4.20318e+10
-4.18821e+10
-4.17135e+10
-4.15304e+10
-4.13379e+10
-4.11419e+10
-4.09472e+10
-4.07584e+10
-4.05777e+10
-4.04063e+10
-4.02429e+10
-4.00854e+10
-3.99306e+10
-3.97763e+10
-3.96223e+10
-3.94711e+10
-3.93282e+10
-3.92025e+10
-3.91038e+10
-3.904e+10
-3.90125e+10
-3.90122e+10
-3.90166e+10
-3.89888e+10
-3.88844e+10
-3.86699e+10
-3.83513e+10
-3.79793e+10
-3.7573e+10
-3.69753e+10
-3.59341e+10
-3.499e+10
-3.70149e+10
-4.5966e+10
-5.55396e+10
-3.36004e+10
-4.24806e+10
-4.25962e+10
-4.28274e+10
-4.31562e+10
-4.2688e+10
-4.26179e+10
-4.27248e+10
-4.26621e+10
-4.26153e+10
-4.2625e+10
-4.26344e+10
-4.26361e+10
-4.26103e+10
-4.2551e+10
-4.24803e+10
-4.24144e+10
-4.23358e+10
-4.22283e+10
-4.20964e+10
-4.19409e+10
-4.17644e+10
-4.15709e+10
-4.13661e+10
-4.11567e+10
-4.09488e+10
-4.07479e+10
-4.05565e+10
-4.03763e+10
-4.02062e+10
-4.00442e+10
-3.98868e+10
-3.97321e+10
-3.95805e+10
-3.94329e+10
-3.92925e+10
-3.91671e+10
-3.90658e+10
-3.89961e+10
-3.89587e+10
-3.89441e+10
-3.89283e+10
-3.88742e+10
-3.87376e+10
-3.84846e+10
-3.81213e+10
-3.76985e+10
-3.72173e+10
-3.64728e+10
-3.52167e+10
-3.42753e+10
-3.69911e+10
-4.65546e+10
-5.43797e+10
-3.38806e+10
-4.24782e+10
-4.27593e+10
-4.30054e+10
-4.29761e+10
-4.2666e+10
-4.26285e+10
-4.27285e+10
-4.26488e+10
-4.26138e+10
-4.26253e+10
-4.26421e+10
-4.26443e+10
-4.26143e+10
-4.25522e+10
-4.24841e+10
-4.24243e+10
-4.23459e+10
-4.22361e+10
-4.21051e+10
-4.19506e+10
-4.17751e+10
-4.15823e+10
-4.13781e+10
-4.11691e+10
-4.09614e+10
-4.07604e+10
-4.05689e+10
-4.03886e+10
-4.02187e+10
-4.00573e+10
-3.99011e+10
-3.97476e+10
-3.95959e+10
-3.94477e+10
-3.93074e+10
-3.91824e+10
-3.90808e+10
-3.90098e+10
-3.89695e+10
-3.89501e+10
-3.89277e+10
-3.88651e+10
-3.87184e+10
-3.84543e+10
-3.80786e+10
-3.76388e+10
-3.71305e+10
-3.63345e+10
-3.49769e+10
-3.40009e+10
-3.7484e+10
-4.92377e+10
-5.60523e+10
-2.73082e+10
-4.31372e+10
-4.29426e+10
-4.25531e+10
-4.30423e+10
-4.28239e+10
-4.26378e+10
-4.26086e+10
-4.25869e+10
-4.25861e+10
-4.26075e+10
-4.26271e+10
-4.26448e+10
-4.26315e+10
-4.25802e+10
-4.25165e+10
-4.2454e+10
-4.2378e+10
-4.22752e+10
-4.21484e+10
-4.19953e+10
-4.1818e+10
-4.16198e+10
-4.14068e+10
-4.11863e+10
-4.0965e+10
-4.07488e+10
-4.05414e+10
-4.03448e+10
-4.01594e+10
-3.9984e+10
-3.98154e+10
-3.96491e+10
-3.94835e+10
-3.93226e+10
-3.91722e+10
-3.9038e+10
-3.89281e+10
-3.8848e+10
-3.87975e+10
-3.87657e+10
-3.87287e+10
-3.86523e+10
-3.84993e+10
-3.8248e+10
-3.79206e+10
-3.75796e+10
-3.72208e+10
-3.6597e+10
-3.5385e+10
-3.4402e+10
-3.71222e+10
-4.67739e+10
-5.41094e+10
-2.77017e+10
-4.28811e+10
-4.30421e+10
-4.29489e+10
-4.27418e+10
-4.27298e+10
-4.26921e+10
-4.26507e+10
-4.2594e+10
-4.26015e+10
-4.26193e+10
-4.26373e+10
-4.26494e+10
-4.26335e+10
-4.2582e+10
-4.2519e+10
-4.24612e+10
-4.23843e+10
-4.22795e+10
-4.21518e+10
-4.19987e+10
-4.18216e+10
-4.16239e+10
-4.14116e+10
-4.11918e+10
-4.09716e+10
-4.07567e+10
-4.05508e+10
-4.03559e+10
-4.01724e+10
-3.9999e+10
-3.98327e+10
-3.96702e+10
-3.95099e+10
-3.93539e+10
-3.92072e+10
-3.90771e+10
-3.8971e+10
-3.88949e+10
-3.88489e+10
-3.88217e+10
-3.87888e+10
-3.87149e+10
-3.85608e+10
-3.83002e+10
-3.79465e+10
-3.7548e+10
-3.70774e+10
-3.62464e+10
-3.46823e+10
-3.32406e+10
-3.57653e+10
-4.6188e+10
-5.6142e+10
-3.38687e+10
-4.28e+10
-4.29319e+10
-4.2814e+10
-4.27325e+10
-4.28047e+10
-4.2761e+10
-4.26966e+10
-4.26486e+10
-4.26479e+10
-4.26691e+10
-4.26931e+10
-4.27175e+10
-4.27164e+10
-4.26845e+10
-4.26397e+10
-4.25882e+10
-4.25155e+10
-4.24161e+10
-4.22904e+10
-4.21365e+10
-4.19541e+10
-4.17462e+10
-4.15192e+10
-4.12819e+10
-4.10432e+10
-4.08105e+10
-4.0589e+10
-4.03816e+10
-4.01897e+10
-4.00127e+10
-3.98463e+10
-3.96825e+10
-3.95172e+10
-3.93609e+10
-3.92225e+10
-3.90977e+10
-3.89954e+10
-3.89224e+10
-3.88745e+10
-3.88381e+10
-3.87879e+10
-3.86898e+10
-3.85099e+10
-3.82325e+10
-3.78876e+10
-3.75436e+10
-3.71992e+10
-3.66057e+10
-3.53964e+10
-3.42211e+10
-3.6378e+10
-4.57062e+10
-5.43278e+10
-2.93332e+10
-4.28886e+10
-4.28789e+10
-4.27133e+10
-4.25732e+10
-4.27597e+10
-4.28215e+10
-4.27267e+10
-4.2655e+10
-4.26577e+10
-4.26736e+10
-4.26964e+10
-4.2716e+10
-4.2712e+10
-4.26813e+10
-4.26393e+10
-4.25889e+10
-4.25144e+10
-4.24134e+10
-4.22866e+10
-4.21316e+10
-4.19483e+10
-4.17398e+10
-4.15124e+10
-4.1275e+10
-4.10368e+10
-4.08054e+10
-4.05861e+10
-4.03814e+10
-4.01919e+10
-4.00167e+10
-3.98524e+10
-3.96946e+10
-3.95412e+10
-3.93944e+10
-3.92593e+10
-3.91439e+10
-3.9054e+10
-3.8993e+10
-3.89598e+10
-3.89407e+10
-3.89093e+10
-3.88305e+10
-3.86677e+10
-3.84005e+10
-3.80498e+10
-3.76704e+10
-3.72394e+10
-3.64702e+10
-3.49841e+10
-3.36822e+10
-3.66782e+10
-4.80232e+10
-5.61563e+10
-2.88252e+10
-4.26487e+10
-4.26694e+10
-4.26754e+10
-4.25555e+10
-4.2644e+10
-4.26714e+10
-4.26489e+10
-4.26223e+10
-4.26357e+10
-4.26768e+10
-4.2715e+10
-4.27352e+10
-4.27389e+10
-4.27241e+10
-4.27001e+10
-4.26618e+10
-4.25986e+10
-4.25075e+10
-4.23867e+10
-4.22342e+10
-4.20477e+10
-4.18289e+10
-4.15843e+10
-4.13241e+10
-4.10607e+10
-4.08047e+10
-4.05635e+10
-4.03412e+10
-4.01389e+10
-3.99548e+10
-3.97839e+10
-3.96191e+10
-3.94576e+10
-3.93059e+10
-3.91714e+10
-3.90566e+10
-3.89672e+10
-3.89074e+10
-3.88727e+10
-3.88489e+10
-3.88095e+10
-3.87185e+10
-3.85398e+10
-3.82567e+10
-3.78961e+10
-3.75206e+10
-3.7126e+10
-3.6462e+10
-3.51077e+10
-3.34854e+10
-3.46259e+10
-4.3208e+10
-5.43153e+10
-3.16779e+10
-4.27874e+10
-4.26833e+10
-4.25274e+10
-4.2453e+10
-4.26275e+10
-4.26982e+10
-4.26708e+10
-4.26395e+10
-4.26411e+10
-4.26701e+10
-4.27078e+10
-4.27334e+10
-4.27388e+10
-4.27268e+10
-4.27053e+10
-4.26682e+10
-4.26045e+10
-4.25124e+10
-4.23907e+10
-4.22365e+10
-4.20484e+10
-4.18277e+10
-4.15809e+10
-4.13191e+10
-4.10548e+10
-4.07989e+10
-4.0559e+10
-4.03386e+10
-4.01377e+10
-3.99543e+10
-3.97847e+10
-3.96241e+10
-3.94693e+10
-3.93225e+10
-3.91891e+10
-3.9076e+10
-3.89897e+10
-3.89333e+10
-3.89031e+10
-3.88847e+10
-3.88515e+10
-3.87673e+10
-3.85951e+10
-3.83176e+10
-3.79597e+10
-3.7582e+10
-3.71765e+10
-3.64802e+10
-3.51047e+10
-3.38081e+10
-3.64489e+10
-4.73208e+10
-5.62574e+10
-2.87889e+10
-4.26727e+10
-4.26027e+10
-4.25574e+10
-4.25237e+10
-4.25905e+10
-4.26394e+10
-4.26494e+10
-4.26454e+10
-4.26666e+10
-4.27279e+10
-4.27988e+10
-4.28385e+10
-4.28592e+10
-4.28693e+10
-4.2868e+10
-4.28452e+10
-4.27939e+10
-4.27103e+10
-4.25927e+10
-4.24374e+10
-4.22403e+10
-4.20003e+10
-4.17232e+10
-4.14245e+10
-4.1123e+10
-4.08359e+10
-4.05745e+10
-4.03431e+10
-4.01408e+10
-3.99629e+10
-3.98028e+10
-3.96547e+10
-3.95167e+10
-3.93898e+10
-3.9277e+10
-3.9185e+10
-3.91205e+10
-3.90865e+10
-3.90789e+10
-3.90837e+10
-3.90752e+10
-3.90184e+10
-3.88782e+10
-3.86386e+10
-3.8326e+10
-3.80043e+10
-3.76828e+10
-3.71387e+10
-3.59871e+10
-3.47256e+10
-3.65464e+10
-4.5761e+10
-5.52189e+10
-2.93669e+10
-4.26941e+10
-4.26217e+10
-4.25405e+10
-4.25001e+10
-4.25985e+10
-4.26404e+10
-4.26487e+10
-4.26632e+10
-4.26913e+10
-4.27448e+10
-4.28043e+10
-4.28471e+10
-4.2872e+10
-4.28849e+10
-4.2885e+10
-4.28632e+10
-4.28119e+10
-4.27283e+10
-4.26104e+10
-4.24548e+10
-4.22575e+10
-4.20174e+10
-4.17412e+10
-4.14439e+10
-4.11446e+10
-4.08602e+10
-4.06018e+10
-4.03738e+10
-4.01749e+10
-4e+10
-3.9843e+10
-3.96983e+10
-3.95623e+10
-3.94357e+10
-3.93228e+10
-3.92294e+10
-3.91623e+10
-3.91245e+10
-3.91121e+10
-3.91105e+10
-3.90941e+10
-3.9027e+10
-3.88734e+10
-3.86175e+10
-3.82862e+10
-3.79448e+10
-3.76024e+10
-3.70329e+10
-3.58682e+10
-3.47446e+10
-3.72463e+10
-4.76552e+10
-5.70137e+10
-3.14294e+10
-4.25077e+10
-4.24505e+10
-4.24162e+10
-4.24492e+10
-4.25118e+10
-4.25744e+10
-4.26099e+10
-4.26305e+10
-4.26747e+10
-4.27569e+10
-4.28392e+10
-4.2901e+10
-4.29501e+10
-4.29886e+10
-4.30096e+10
-4.30043e+10
-4.29652e+10
-4.28879e+10
-4.27711e+10
-4.26102e+10
-4.2398e+10
-4.21268e+10
-4.18006e+10
-4.14418e+10
-4.10802e+10
-4.07435e+10
-4.04479e+10
-4.01992e+10
-3.99939e+10
-3.98229e+10
-3.9676e+10
-3.95459e+10
-3.94294e+10
-3.9325e+10
-3.92339e+10
-3.91611e+10
-3.91131e+10
-3.9093e+10
-3.90973e+10
-3.91123e+10
-3.91133e+10
-3.90668e+10
-3.89396e+10
-3.87174e+10
-3.84268e+10
-3.81336e+10
-3.78568e+10
-3.73927e+10
-3.63898e+10
-3.54451e+10
-3.8046e+10
-4.84693e+10
-5.81617e+10
-3.25303e+10
-4.24643e+10
-4.24242e+10
-4.24612e+10
-4.24841e+10
-4.25231e+10
-4.25546e+10
-4.25944e+10
-4.26395e+10
-4.26989e+10
-4.27742e+10
-4.28494e+10
-4.29136e+10
-4.29657e+10
-4.30058e+10
-4.30273e+10
-4.30211e+10
-4.29802e+10
-4.29006e+10
-4.278e+10
-4.26145e+10
-4.23964e+10
-4.21185e+10
-4.17857e+10
-4.14202e+10
-4.10533e+10
-4.07119e+10
-4.0413e+10
-4.01626e+10
-3.99573e+10
-3.97885e+10
-3.96456e+10
-3.95204e+10
-3.94084e+10
-3.93084e+10
-3.9222e+10
-3.91542e+10
-3.91108e+10
-3.90949e+10
-3.9103e+10
-3.91211e+10
-3.91237e+10
-3.90762e+10
-3.89441e+10
-3.87111e+10
-3.84018e+10
-3.80778e+10
-3.77495e+10
-3.72009e+10
-3.60526e+10
-3.47869e+10
-3.66662e+10
-4.6807e+10
-6.01023e+10
-4.1064e+10
-4.23983e+10
-4.23425e+10
-4.23452e+10
-4.24218e+10
-4.25004e+10
-4.25486e+10
-4.25795e+10
-4.2616e+10
-4.26923e+10
-4.28011e+10
-4.28985e+10
-4.29834e+10
-4.30622e+10
-4.31309e+10
-4.31805e+10
-4.32007e+10
-4.31818e+10
-4.31189e+10
-4.301e+10
-4.28529e+10
-4.2635e+10
-4.23368e+10
-4.19556e+10
-4.15201e+10
-4.10812e+10
-4.06811e+10
-4.03432e+10
-4.00737e+10
-3.9865e+10
-3.9703e+10
-3.95731e+10
-3.94647e+10
-3.93701e+10
-3.92862e+10
-3.92144e+10
-3.9159e+10
-3.91252e+10
-3.91149e+10
-3.91239e+10
-3.91381e+10
-3.91321e+10
-3.9072e+10
-3.89242e+10
-3.86735e+10
-3.83437e+10
-3.79944e+10
-3.76357e+10
-3.70538e+10
-3.58662e+10
-3.45663e+10
-3.65623e+10
-4.7336e+10
-6.14247e+10
-4.18339e+10
-4.23513e+10
-4.2301e+10
-4.23709e+10
-4.24636e+10
-4.25019e+10
-4.25176e+10
-4.25628e+10
-4.26199e+10
-4.26984e+10
-4.27953e+10
-4.28898e+10
-4.29771e+10
-4.30572e+10
-4.31261e+10
-4.31754e+10
-4.3195e+10
-4.31759e+10
-4.31131e+10
-4.30054e+10
-4.28495e+10
-4.2633e+10
-4.23373e+10
-4.19587e+10
-4.15266e+10
-4.10899e+10
-4.06902e+10
-4.0351e+10
-4.00783e+10
-3.98659e+10
-3.97007e+10
-3.9568e+10
-3.94564e+10
-3.93592e+10
-3.92738e+10
-3.92019e+10
-3.91486e+10
-3.91192e+10
-3.91159e+10
-3.91349e+10
-3.91627e+10
-3.91745e+10
-3.91375e+10
-3.90192e+10
-3.88049e+10
-3.85192e+10
-3.82217e+10
-3.79197e+10
-3.739e+10
-3.62171e+10
-3.47706e+10
-3.62151e+10
-4.60931e+10
-5.97023e+10
-3.86707e+10
-4.22866e+10
-4.22269e+10
-4.22352e+10
-4.23053e+10
-4.23978e+10
-4.24462e+10
-4.24842e+10
-4.25526e+10
-4.26626e+10
-4.279e+10
-4.29151e+10
-4.3039e+10
-4.316e+10
-4.32711e+10
-4.33619e+10
-4.3419e+10
-4.34292e+10
-4.3384e+10
-4.32828e+10
-4.31281e+10
-4.29036e+10
-4.25688e+10
-4.2096e+10
-4.15257e+10
-4.09522e+10
-4.04489e+10
-4.00474e+10
-3.97491e+10
-3.95373e+10
-3.93883e+10
-3.928e+10
-3.91971e+10
-3.91294e+10
-3.90726e+10
-3.90287e+10
-3.90025e+10
-3.89999e+10
-3.90235e+10
-3.90696e+10
-3.91245e+10
-3.91635e+10
-3.91538e+10
-3.90638e+10
-3.88802e+10
-3.86289e+10
-3.83694e+10
-3.81063e+10
-3.76139e+10
-3.64874e+10
-3.5159e+10
-3.68556e+10
-4.6531e+10
-5.87089e+10
-3.6893e+10
-4.22718e+10
-4.22085e+10
-4.22381e+10
-4.23238e+10
-4.23814e+10
-4.24181e+10
-4.24814e+10
-4.25606e+10
-4.26578e+10
-4.27729e+10
-4.28947e+10
-4.30175e+10
-4.31366e+10
-4.32457e+10
-4.33344e+10
-4.33901e+10
-4.33994e+10
-4.33539e+10
-4.32532e+10
-4.30989e+10
-4.28762e+10
-4.25451e+10
-4.20787e+10
-4.1517e+10
-4.09502e+10
-4.04513e+10
-4.00512e+10
-3.97516e+10
-3.95371e+10
-3.93852e+10
-3.92734e+10
-3.91855e+10
-3.91113e+10
-3.90471e+10
-3.89951e+10
-3.89605e+10
-3.89496e+10
-3.89658e+10
-3.90058e+10
-3.90569e+10
-3.90961e+10
-3.9093e+10
-3.90189e+10
-3.88646e+10
-3.8661e+10
-3.8474e+10
-3.83158e+10
-3.79645e+10
-3.70026e+10
-3.58586e+10
-3.7887e+10
-4.77455e+10
-5.71473e+10
-3.05029e+10
-4.22535e+10
-4.22151e+10
-4.21891e+10
-4.22095e+10
-4.22885e+10
-4.23529e+10
-4.24211e+10
-4.25273e+10
-4.26615e+10
-4.28068e+10
-4.29653e+10
-4.31316e+10
-4.3298e+10
-4.34557e+10
-4.3592e+10
-4.36912e+10
-4.37369e+10
-4.37162e+10
-4.36297e+10
-4.34872e+10
-4.32781e+10
-4.29258e+10
-4.23354e+10
-4.15464e+10
-4.07445e+10
-4.00782e+10
-3.95862e+10
-3.92554e+10
-3.90451e+10
-3.89134e+10
-3.88272e+10
-3.87638e+10
-3.87107e+10
-3.86638e+10
-3.86263e+10
-3.8605e+10
-3.86072e+10
-3.86372e+10
-3.86923e+10
-3.87597e+10
-3.88162e+10
-3.88313e+10
-3.87771e+10
-3.86467e+10
-3.84742e+10
-3.83267e+10
-3.82093e+10
-3.7882e+10
-3.69195e+10
-3.58133e+10
-3.80018e+10
-4.77962e+10
-5.66202e+10
-3.03529e+10
-4.22614e+10
-4.2204e+10
-4.21758e+10
-4.22044e+10
-4.22731e+10
-4.23526e+10
-4.24298e+10
-4.25287e+10
-4.2651e+10
-4.27929e+10
-4.29488e+10
-4.31122e+10
-4.32755e+10
-4.34303e+10
-4.35638e+10
-4.36608e+10
-4.37047e+10
-4.36835e+10
-4.35968e+10
-4.34553e+10
-4.32488e+10
-4.29028e+10
-4.23255e+10
-4.15526e+10
-4.07649e+10
-4.01077e+10
-3.96208e+10
-3.92905e+10
-3.90785e+10
-3.89445e+10
-3.88554e+10
-3.87887e+10
-3.87318e+10
-3.86806e+10
-3.86381e+10
-3.8611e+10
-3.86064e+10
-3.86283e+10
-3.86734e+10
-3.87286e+10
-3.87704e+10
-3.87678e+10
-3.86925e+10
-3.85375e+10
-3.83368e+10
-3.81565e+10
-3.79982e+10
-3.76129e+10
-3.6547e+10
-3.51916e+10
-3.68137e+10
-4.61725e+10
-5.60816e+10
-3.08457e+10
-4.21205e+10
-4.20991e+10
-4.20482e+10
-4.20467e+10
-4.21029e+10
-4.21797e+10
-4.22764e+10
-4.24016e+10
-4.25551e+10
-4.27337e+10
-4.29335e+10
-4.31482e+10
-4.33698e+10
-4.35878e+10
-4.37875e+10
-4.39509e+10
-4.40584e+10
-4.40914e+10
-4.40451e+10
-4.39426e+10
-4.38012e+10
-4.35191e+10
-4.28566e+10
-4.1771e+10
-4.06144e+10
-3.97379e+10
-3.91632e+10
-3.88245e+10
-3.864e+10
-3.85439e+10
-3.84908e+10
-3.8452e+10
-3.84133e+10
-3.83716e+10
-3.8331e+10
-3.82996e+10
-3.82857e+10
-3.82937e+10
-3.83208e+10
-3.83536e+10
-3.83672e+10
-3.83294e+10
-3.82116e+10
-3.80066e+10
-3.77473e+10
-3.74944e+10
-3.72319e+10
-3.66824e+10
-3.53864e+10
-3.38082e+10
-3.54028e+10
-4.52117e+10
-5.6227e+10
-3.19655e+10
-4.21121e+10
-4.20694e+10
-4.20326e+10
-4.20412e+10
-4.2112e+10
-4.21945e+10
-4.22801e+10
-4.2402e+10
-4.25542e+10
-4.2731e+10
-4.29289e+10
-4.3142e+10
-4.33621e+10
-4.35785e+10
-4.37763e+10
-4.39376e+10
-4.40423e+10
-4.40719e+10
-4.40224e+10
-4.39177e+10
-4.37742e+10
-4.34867e+10
-4.28164e+10
-4.17252e+10
-4.05659e+10
-3.9692e+10
-3.9124e+10
-3.87945e+10
-3.8622e+10
-3.85394e+10
-3.85003e+10
-3.84759e+10
-3.8452e+10
-3.84253e+10
-3.84001e+10
-3.83844e+10
-3.83861e+10
-3.84094e+10
-3.84505e+10
-3.84943e+10
-3.8514e+10
-3.84748e+10
-3.83445e+10
-3.81111e+10
-3.78015e+10
-3.74692e+10
-3.70889e+10
-3.63709e+10
-3.48236e+10
-3.27735e+10
-3.34074e+10
-4.24023e+10
-5.59954e+10
-4.02271e+10
-4.20198e+10
-4.19974e+10
-4.19834e+10
-4.20048e+10
-4.20581e+10
-4.2143e+10
-4.22604e+10
-4.24103e+10
-4.2594e+10
-4.28104e+10
-4.30556e+10
-4.33242e+10
-4.36081e+10
-4.38954e+10
-4.41683e+10
-4.44037e+10
-4.45766e+10
-4.46625e+10
-4.46476e+10
-4.45645e+10
-4.4491e+10
-4.43529e+10
-4.3667e+10
-4.20419e+10
-4.01861e+10
-3.90651e+10
-3.85188e+10
-3.82822e+10
-3.82244e+10
-3.82443e+10
-3.82855e+10
-3.83184e+10
-3.83327e+10
-3.83297e+10
-3.83171e+10
-3.83056e+10
-3.83055e+10
-3.8323e+10
-3.83561e+10
-3.83921e+10
-3.84061e+10
-3.83654e+10
-3.82397e+10
-3.80181e+10
-3.77265e+10
-3.74112e+10
-3.70319e+10
-3.62902e+10
-3.47611e+10
-3.30115e+10
-3.44497e+10
-4.38739e+10
-5.53786e+10
-3.67834e+10
-4.19856e+10
-4.19687e+10
-4.19755e+10
-4.20077e+10
-4.20664e+10
-4.21427e+10
-4.22526e+10
-4.23996e+10
-4.25811e+10
-4.27943e+10
-4.30353e+10
-4.3299e+10
-4.35776e+10
-4.3859e+10
-4.41254e+10
-4.43531e+10
-4.4517e+10
-4.45935e+10
-4.45725e+10
-4.44882e+10
-4.44148e+10
-4.42766e+10
-4.3614e+10
-4.20377e+10
-4.02335e+10
-3.91049e+10
-3.8528e+10
-3.82677e+10
-3.81976e+10
-3.82138e+10
-3.82568e+10
-3.82948e+10
-3.83166e+10
-3.83231e+10
-3.83222e+10
-3.83247e+10
-3.83413e+10
-3.83786e+10
-3.84351e+10
-3.84983e+10
-3.85439e+10
-3.85394e+10
-3.84547e+10
-3.8279e+10
-3.80387e+10
-3.77793e+10
-3.74582e+10
-3.67734e+10
-3.52766e+10
-3.34702e+10
-3.47303e+10
-4.4037e+10
-5.50806e+10
-3.18625e+10
-4.17973e+10
-4.17437e+10
-4.17689e+10
-4.18014e+10
-4.18481e+10
-4.1921e+10
-4.20342e+10
-4.21907e+10
-4.23919e+10
-4.26374e+10
-4.29252e+10
-4.3252e+10
-4.36141e+10
-4.40022e+10
-4.43924e+10
-4.47454e+10
-4.50264e+10
-4.52132e+10
-4.52857e+10
-4.52617e+10
-4.52658e+10
-4.54043e+10
-4.50342e+10
-4.2668e+10
-3.93978e+10
-3.7834e+10
-3.7348e+10
-3.73112e+10
-3.7498e+10
-3.77195e+10
-3.79067e+10
-3.80395e+10
-3.81208e+10
-3.8162e+10
-3.81777e+10
-3.81834e+10
-3.8193e+10
-3.82162e+10
-3.82548e+10
-3.82997e+10
-3.83308e+10
-3.83204e+10
-3.82421e+10
-3.80887e+10
-3.78877e+10
-3.76833e+10
-3.74313e+10
-3.68448e+10
-3.55852e+10
-3.4501e+10
-3.72759e+10
-4.75127e+10
-5.51631e+10
-2.8125e+10
-4.17732e+10
-4.17533e+10
-4.17815e+10
-4.18174e+10
-4.186e+10
-4.19267e+10
-4.20343e+10
-4.21845e+10
-4.23787e+10
-4.26158e+10
-4.28936e+10
-4.32097e+10
-4.35609e+10
-4.39373e+10
-4.43156e+10
-4.46593e+10
-4.4934e+10
-4.51135e+10
-4.51734e+10
-4.51331e+10
-4.51398e+10
-4.53266e+10
-4.50431e+10
-4.28256e+10
-3.96859e+10
-3.80789e+10
-3.75205e+10
-3.7429e+10
-3.75688e+10
-3.77539e+10
-3.7916e+10
-3.80315e+10
-3.81008e+10
-3.81334e+10
-3.81434e+10
-3.81464e+10
-3.81563e+10
-3.81829e+10
-3.82282e+10
-3.8284e+10
-3.83312e+10
-3.83433e+10
-3.8296e+10
-3.81836e+10
-3.80354e+10
-3.78969e+10
-3.77207e+10
-3.72059e+10
-3.59753e+10
-3.479e+10
-3.72429e+10
-4.71078e+10
-5.56286e+10
-3.13973e+10
-4.15953e+10
-4.15495e+10
-4.15874e+10
-4.16168e+10
-4.16677e+10
-4.17486e+10
-4.18776e+10
-4.20648e+10
-4.23174e+10
-4.2638e+10
-4.30254e+10
-4.34764e+10
-4.39898e+10
-4.45566e+10
-4.51384e+10
-4.56616e+10
-4.60874e+10
-4.6418e+10
-4.66271e+10
-4.66911e+10
-4.6652e+10
-4.69333e+10
-4.77047e+10
-4.55245e+10
-4.04534e+10
-3.63457e+10
-3.60957e+10
-3.65396e+10
-3.70471e+10
-3.74482e+10
-3.77364e+10
-3.79277e+10
-3.80447e+10
-3.81077e+10
-3.81367e+10
-3.815e+10
-3.81631e+10
-3.81856e+10
-3.82192e+10
-3.82557e+10
-3.82761e+10
-3.82542e+10
-3.81666e+10
-3.80084e+10
-3.7809e+10
-3.76145e+10
-3.73868e+10
-3.6859e+10
-3.5731e+10
-3.48264e+10
-3.75162e+10
-4.7268e+10
-5.60867e+10
-3.05123e+10
-4.1576e+10
-4.15542e+10
-4.15886e+10
-4.16166e+10
-4.16636e+10
-4.17416e+10
-4.18666e+10
-4.20486e+10
-4.22947e+10
-4.26071e+10
-4.29855e+10
-4.34297e+10
-4.39394e+10
-4.45034e+10
-4.5084e+10
-4.56163e+10
-4.60478e+10
-4.63552e+10
-4.65048e+10
-4.64933e+10
-4.65033e+10
-4.70588e+10
-4.79836e+10
-4.58964e+10
-4.0859e+10
-3.62516e+10
-3.6082e+10
-3.65723e+10
-3.70945e+10
-3.74978e+10
-3.77845e+10
-3.79743e+10
-3.80905e+10
-3.81533e+10
-3.81823e+10
-3.81951e+10
-3.82066e+10
-3.82263e+10
-3.82559e+10
-3.82866e+10
-3.82991e+10
-3.82666e+10
-3.81648e+10
-3.79876e+10
-3.77625e+10
-3.7531e+10
-3.72423e+10
-3.65951e+10
-3.52242e+10
-3.38921e+10
-3.60398e+10
-4.56973e+10
-5.75191e+10
-4.12425e+10
-4.15147e+10
-4.15182e+10
-4.153e+10
-4.15521e+10
-4.15981e+10
-4.16822e+10
-4.18199e+10
-4.20236e+10
-4.23005e+10
-4.26509e+10
-4.30696e+10
-4.35508e+10
-4.4099e+10
-4.4702e+10
-4.53037e+10
-4.58236e+10
-4.62425e+10
-4.6553e+10
-4.67564e+10
-4.6848e+10
-4.68336e+10
-4.72603e+10
-4.85792e+10
-4.94311e+10
-4.62564e+10
-3.11248e+10
-3.37182e+10
-3.555e+10
-3.66146e+10
-3.7245e+10
-3.76442e+10
-3.78949e+10
-3.80483e+10
-3.81369e+10
-3.81861e+10
-3.82159e+10
-3.82417e+10
-3.82725e+10
-3.83082e+10
-3.8338e+10
-3.83401e+10
-3.82852e+10
-3.81469e+10
-3.79173e+10
-3.76239e+10
-3.7314e+10
-3.6958e+10
-3.63057e+10
-3.50541e+10
-3.3972e+10
-3.64594e+10
-4.63608e+10
-5.56592e+10
-3.15551e+10
-4.15052e+10
-4.1517e+10
-4.1523e+10
-4.15416e+10
-4.15834e+10
-4.1664e+10
-4.17973e+10
-4.19956e+10
-4.22655e+10
-4.26082e+10
-4.30217e+10
-4.35045e+10
-4.4056e+10
-4.46614e+10
-4.52695e+10
-4.57974e+10
-4.61954e+10
-4.64625e+10
-4.66155e+10
-4.66579e+10
-4.67357e+10
-4.75318e+10
-4.88745e+10
-4.96374e+10
-4.67038e+10
-3.10373e+10
-3.36251e+10
-3.54832e+10
-3.65851e+10
-3.72382e+10
-3.76504e+10
-3.79091e+10
-3.80682e+10
-3.81614e+10
-3.82141e+10
-3.82469e+10
-3.82751e+10
-3.83078e+10
-3.83451e+10
-3.83763e+10
-3.83797e+10
-3.83265e+10
-3.81906e+10
-3.79639e+10
-3.76728e+10
-3.73619e+10
-3.69908e+10
-3.62749e+10
-3.48768e+10
-3.37677e+10
-3.71889e+10
-4.92026e+10
-5.73177e+10
-2.95965e+10
-4.14912e+10
-4.15304e+10
-4.15319e+10
-4.15563e+10
-4.16035e+10
-4.16912e+10
-4.18327e+10
-4.20409e+10
-4.23218e+10
-4.2673e+10
-4.30871e+10
-4.35664e+10
-4.41133e+10
-4.47125e+10
-4.5296e+10
-4.57914e+10
-4.6203e+10
-4.65165e+10
-4.67146e+10
-4.68216e+10
-4.68402e+10
-4.71611e+10
-4.91073e+10
-4.84925e+10
-2.53994e+10
-3.34019e+10
-3.53432e+10
-3.64858e+10
-3.7156e+10
-3.75718e+10
-3.78265e+10
-3.79783e+10
-3.8063e+10
-3.81074e+10
-3.81323e+10
-3.81534e+10
-3.81796e+10
-3.82105e+10
-3.82352e+10
-3.82319e+10
-3.81718e+10
-3.80287e+10
-3.77956e+10
-3.75025e+10
-3.72046e+10
-3.68874e+10
-3.63107e+10
-3.5127e+10
-3.39221e+10
-3.57676e+10
-4.4546e+10
-5.46269e+10
-3.45588e+10
-4.15011e+10
-4.15516e+10
-4.15439e+10
-4.15644e+10
-4.1607e+10
-4.16894e+10
-4.18239e+10
-4.20231e+10
-4.22934e+10
-4.26355e+10
-4.30458e+10
-4.35226e+10
-4.4068e+10
-4.46657e+10
-4.52643e+10
-4.57923e+10
-4.62056e+10
-4.64866e+10
-4.66379e+10
-4.66611e+10
-4.67086e+10
-4.74364e+10
-4.92047e+10
-4.90508e+10
-2.65355e+10
-3.33927e+10
-3.52954e+10
-3.64487e+10
-3.71348e+10
-3.75607e+10
-3.78213e+10
-3.79759e+10
-3.80612e+10
-3.8105e+10
-3.81289e+10
-3.81496e+10
-3.81769e+10
-3.8212e+10
-3.82455e+10
-3.82573e+10
-3.82206e+10
-3.81113e+10
-3.7924e+10
-3.76894e+10
-3.74615e+10
-3.72206e+10
-3.67111e+10
-3.55936e+10
-3.46763e+10
-3.76976e+10
-4.83248e+10
-5.6369e+10
-2.87026e+10
-4.157e+10
-4.15886e+10
-4.15999e+10
-4.16269e+10
-4.16776e+10
-4.17647e+10
-4.19005e+10
-4.20956e+10
-4.23558e+10
-4.26807e+10
-4.30654e+10
-4.35106e+10
-4.40175e+10
-4.45715e+10
-4.51134e+10
-4.55896e+10
-4.5969e+10
-4.62647e+10
-4.64905e+10
-4.65888e+10
-4.66312e+10
-4.69266e+10
-4.77845e+10
-4.75576e+10
-3.98287e+10
-3.56215e+10
-3.56762e+10
-3.63697e+10
-3.70181e+10
-3.74863e+10
-3.78006e+10
-3.80001e+10
-3.81185e+10
-3.81818e+10
-3.82115e+10
-3.8226e+10
-3.82398e+10
-3.82614e+10
-3.82912e+10
-3.83194e+10
-3.83266e+10
-3.8287e+10
-3.81782e+10
-3.79973e+10
-3.77793e+10
-3.75873e+10
-3.74211e+10
-3.70591e+10
-3.61642e+10
-3.53472e+10
-3.78769e+10
-4.73763e+10
-5.49869e+10
-2.84002e+10
-4.15972e+10
-4.16132e+10
-4.1624e+10
-4.16495e+10
-4.16983e+10
-4.17821e+10
-4.19126e+10
-4.20995e+10
-4.23483e+10
-4.26594e+10
-4.30304e+10
-4.34614e+10
-4.3953e+10
-4.44929e+10
-4.5041e+10
-4.55439e+10
-4.59614e+10
-4.62764e+10
-4.64584e+10
-4.64772e+10
-4.64973e+10
-4.70196e+10
-4.77726e+10
-4.7429e+10
-4.02643e+10
-3.53947e+10
-3.54809e+10
-3.6243e+10
-3.69469e+10
-3.74512e+10
-3.77861e+10
-3.79971e+10
-3.81216e+10
-3.81881e+10
-3.82197e+10
-3.82357e+10
-3.82515e+10
-3.82763e+10
-3.83114e+10
-3.83479e+10
-3.8367e+10
-3.83434e+10
-3.82541e+10
-3.80941e+10
-3.78938e+10
-3.77081e+10
-3.75246e+10
-3.71034e+10
-3.60747e+10
-3.4978e+10
-3.70772e+10
-4.67028e+10
-5.67503e+10
-3.31942e+10
-4.17575e+10
-4.17432e+10
-4.17662e+10
-4.17962e+10
-4.18484e+10
-4.19284e+10
-4.20446e+10
-4.22026e+10
-4.24047e+10
-4.26493e+10
-4.29326e+10
-4.32504e+10
-4.35976e+10
-4.39599e+10
-4.43077e+10
-4.46077e+10
-4.48308e+10
-4.49638e+10
-4.50004e+10
-4.49548e+10
-4.49615e+10
-4.51312e+10
-4.48707e+10
-4.27453e+10
-3.98628e+10
-3.82657e+10
-3.77001e+10
-3.76022e+10
-3.77362e+10
-3.79103e+10
-3.80624e+10
-3.8171e+10
-3.82373e+10
-3.82698e+10
-3.82808e+10
-3.82836e+10
-3.82896e+10
-3.83054e+10
-3.83301e+10
-3.83533e+10
-3.83555e+10
-3.83116e+10
-3.81991e+10
-3.80154e+10
-3.77949e+10
-3.75996e+10
-3.74318e+10
-3.70789e+10
-3.61967e+10
-3.53163e+10
-3.76197e+10
-4.72225e+10
-5.66079e+10
-3.1077e+10
-4.17489e+10
-4.17379e+10
-4.17584e+10
-4.17879e+10
-4.18392e+10
-4.19183e+10
-4.20335e+10
-4.21901e+10
-4.23904e+10
-4.26329e+10
-4.29138e+10
-4.32287e+10
-4.35719e+10
-4.39301e+10
-4.42782e+10
-4.45863e+10
-4.48289e+10
-4.49855e+10
-4.50341e+10
-4.49915e+10
-4.50089e+10
-4.52117e+10
-4.49172e+10
-4.27646e+10
-3.97568e+10
-3.80684e+10
-3.75164e+10
-3.74629e+10
-3.76353e+10
-3.78359e+10
-3.80047e+10
-3.81241e+10
-3.8198e+10
-3.8237e+10
-3.82548e+10
-3.82654e+10
-3.82809e+10
-3.83081e+10
-3.83466e+10
-3.8386e+10
-3.84064e+10
-3.83811e+10
-3.82849e+10
-3.81097e+10
-3.78803e+10
-3.76447e+10
-3.73856e+10
-3.68629e+10
-3.56639e+10
-3.41023e+10
-3.50798e+10
-4.39125e+10
-5.7349e+10
-3.95014e+10
-4.18665e+10
-4.1859e+10
-4.18846e+10
-4.19217e+10
-4.19802e+10
-4.20634e+10
-4.21767e+10
-4.23229e+10
-4.25028e+10
-4.27142e+10
-4.29524e+10
-4.32104e+10
-4.3478e+10
-4.37403e+10
-4.39774e+10
-4.41684e+10
-4.4295e+10
-4.43384e+10
-4.42852e+10
-4.41625e+10
-4.40452e+10
-4.38765e+10
-4.323e+10
-4.17754e+10
-4.0147e+10
-3.90965e+10
-3.85251e+10
-3.82531e+10
-3.81768e+10
-3.81917e+10
-3.82368e+10
-3.82776e+10
-3.8301e+10
-3.83058e+10
-3.82984e+10
-3.82883e+10
-3.82846e+10
-3.82921e+10
-3.83089e+10
-3.83235e+10
-3.8316e+10
-3.82611e+10
-3.8137e+10
-3.79407e+10
-3.77057e+10
-3.7493e+10
-3.73057e+10
-3.6939e+10
-3.60574e+10
-3.51576e+10
-3.72266e+10
-4.62245e+10
-5.5935e+10
-3.22839e+10
-4.18537e+10
-4.1851e+10
-4.18752e+10
-4.1913e+10
-4.19726e+10
-4.20579e+10
-4.21743e+10
-4.23251e+10
-4.2511e+10
-4.27299e+10
-4.29771e+10
-4.32454e+10
-4.35243e+10
-4.37988e+10
-4.40483e+10
-4.4251e+10
-4.43855e+10
-4.44305e+10
-4.43764e+10
-4.42563e+10
-4.41432e+10
-4.39643e+10
-4.32832e+10
-4.17657e+10
-4.00694e+10
-3.89838e+10
-3.84173e+10
-3.81632e+10
-3.81037e+10
-3.81307e+10
-3.81834e+10
-3.82293e+10
-3.8257e+10
-3.82667e+10
-3.82658e+10
-3.82641e+10
-3.82711e+10
-3.82919e+10
-3.83241e+10
-3.83561e+10
-3.8367e+10
-3.833e+10
-3.82212e+10
-3.80336e+10
-3.77934e+10
-3.75499e+10
-3.72897e+10
-3.6779e+10
-3.55984e+10
-3.40242e+10
-3.49041e+10
-4.34439e+10
-5.65382e+10
-3.93753e+10
-4.19299e+10
-4.19303e+10
-4.19511e+10
-4.19862e+10
-4.20406e+10
-4.21167e+10
-4.22179e+10
-4.23459e+10
-4.25007e+10
-4.26804e+10
-4.28809e+10
-4.30957e+10
-4.33146e+10
-4.35249e+10
-4.37109e+10
-4.38559e+10
-4.39435e+10
-4.39573e+10
-4.38892e+10
-4.3756e+10
-4.35689e+10
-4.32302e+10
-4.25233e+10
-4.14321e+10
-4.03121e+10
-3.94812e+10
-3.89517e+10
-3.86537e+10
-3.85101e+10
-3.84533e+10
-3.84356e+10
-3.84269e+10
-3.84122e+10
-3.83878e+10
-3.83576e+10
-3.83291e+10
-3.83101e+10
-3.83042e+10
-3.83081e+10
-3.83097e+10
-3.8289e+10
-3.82211e+10
-3.80859e+10
-3.78823e+10
-3.76461e+10
-3.74405e+10
-3.7269e+10
-3.69221e+10
-3.60657e+10
-3.52443e+10
-3.75525e+10
-4.67994e+10
-5.51515e+10
-2.89338e+10
-4.19304e+10
-4.19269e+10
-4.19488e+10
-4.19838e+10
-4.20388e+10
-4.2116e+10
-4.2219e+10
-4.23497e+10
-4.25084e+10
-4.26932e+10
-4.29001e+10
-4.31225e+10
-4.33505e+10
-4.35711e+10
-4.37679e+10
-4.39235e+10
-4.40192e+10
-4.40373e+10
-4.39709e+10
-4.38384e+10
-4.36502e+10
-4.32991e+10
-4.25588e+10
-4.14256e+10
-4.02721e+10
-3.94331e+10
-3.89123e+10
-3.86261e+10
-3.84923e+10
-3.84423e+10
-3.84292e+10
-3.84238e+10
-3.84124e+10
-3.83918e+10
-3.83662e+10
-3.83433e+10
-3.83306e+10
-3.83313e+10
-3.83415e+10
-3.83482e+10
-3.83299e+10
-3.82605e+10
-3.81181e+10
-3.78998e+10
-3.76381e+10
-3.73915e+10
-3.71574e+10
-3.67113e+10
-3.56775e+10
-3.45845e+10
-3.6849e+10
-4.71238e+10
-5.71531e+10
-3.12971e+10
-4.20084e+10
-4.20087e+10
-4.2027e+10
-4.20588e+10
-4.21074e+10
-4.2174e+10
-4.22603e+10
-4.23666e+10
-4.24923e+10
-4.2635e+10
-4.27913e+10
-4.29552e+10
-4.31188e+10
-4.3272e+10
-4.34031e+10
-4.34982e+10
-4.35417e+10
-4.35209e+10
-4.3434e+10
-4.32886e+10
-4.30718e+10
-4.27071e+10
-4.21054e+10
-4.13102e+10
-4.05059e+10
-3.98437e+10
-3.93601e+10
-3.90365e+10
-3.88302e+10
-3.8698e+10
-3.86052e+10
-3.85283e+10
-3.84541e+10
-3.83786e+10
-3.83041e+10
-3.82364e+10
-3.8181e+10
-3.81392e+10
-3.81055e+10
-3.80654e+10
-3.79963e+10
-3.78708e+10
-3.76665e+10
-3.73809e+10
-3.7048e+10
-3.67266e+10
-3.64079e+10
-3.5853e+10
-3.46848e+10
-3.33989e+10
-3.51197e+10
-4.45326e+10
-5.59287e+10
-3.68976e+10
-4.20107e+10
-4.20022e+10
-4.20234e+10
-4.20546e+10
-4.21032e+10
-4.21694e+10
-4.22555e+10
-4.23619e+10
-4.24878e+10
-4.26311e+10
-4.2788e+10
-4.29529e+10
-4.3118e+10
-4.32734e+10
-4.34069e+10
-4.35045e+10
-4.35503e+10
-4.35317e+10
-4.34466e+10
-4.33039e+10
-4.30901e+10
-4.27262e+10
-4.2124e+10
-4.13259e+10
-4.05235e+10
-3.98659e+10
-3.93876e+10
-3.90679e+10
-3.88642e+10
-3.87342e+10
-3.86445e+10
-3.85719e+10
-3.85037e+10
-3.84358e+10
-3.83704e+10
-3.83126e+10
-3.82674e+10
-3.82355e+10
-3.82102e+10
-3.81757e+10
-3.81082e+10
-3.79794e+10
-3.77659e+10
-3.74642e+10
-3.71078e+10
-3.67561e+10
-3.64013e+10
-3.57985e+10
-3.45777e+10
-3.34915e+10
-3.65308e+10
-4.80683e+10
-5.73737e+10
-2.93894e+10
-4.20723e+10
-4.20703e+10
-4.2089e+10
-4.21193e+10
-4.21648e+10
-4.22254e+10
-4.23018e+10
-4.23936e+10
-4.24992e+10
-4.26157e+10
-4.2739e+10
-4.28636e+10
-4.29823e+10
-4.30867e+10
-4.31674e+10
-4.32138e+10
-4.32151e+10
-4.3163e+10
-4.30549e+10
-4.28908e+10
-4.2656e+10
-4.23127e+10
-4.18331e+10
-4.12555e+10
-4.06708e+10
-4.01542e+10
-3.97383e+10
-3.9424e+10
-3.91925e+10
-3.90193e+10
-3.88817e+10
-3.87626e+10
-3.86519e+10
-3.85467e+10
-3.84495e+10
-3.83658e+10
-3.83005e+10
-3.82542e+10
-3.82201e+10
-3.81823e+10
-3.81163e+10
-3.79927e+10
-3.77857e+10
-3.74903e+10
-3.7137e+10
-3.6778e+10
-3.63883e+10
-3.57046e+10
-3.43334e+10
-3.27765e+10
-3.42176e+10
-4.34015e+10
-5.51585e+10
-3.84158e+10
-4.2078e+10
-4.20678e+10
-4.20888e+10
-4.21181e+10
-4.21628e+10
-4.2222e+10
-4.22969e+10
-4.23869e+10
-4.24903e+10
-4.26042e+10
-4.27247e+10
-4.28462e+10
-4.29621e+10
-4.30642e+10
-4.31426e+10
-4.31867e+10
-4.31858e+10
-4.31311e+10
-4.30206e+10
-4.28552e+10
-4.26213e+10
-4.22817e+10
-4.1808e+10
-4.12405e+10
-4.06657e+10
-4.01575e+10
-3.97476e+10
-3.94367e+10
-3.92072e+10
-3.90355e+10
-3.88997e+10
-3.87829e+10
-3.86751e+10
-3.85734e+10
-3.84801e+10
-3.84002e+10
-3.83384e+10
-3.82949e+10
-3.82621e+10
-3.82233e+10
-3.81533e+10
-3.80219e+10
-3.78029e+10
-3.749e+10
-3.71138e+10
-3.67279e+10
-3.6309e+10
-3.55881e+10
-3.42036e+10
-3.29952e+10
-3.59334e+10
-4.71979e+10
-5.64573e+10
-2.94262e+10
-4.21193e+10
-4.21093e+10
-4.21281e+10
-4.21536e+10
-4.21928e+10
-4.22445e+10
-4.23092e+10
-4.2386e+10
-4.24729e+10
-4.2567e+10
-4.26643e+10
-4.27595e+10
-4.28466e+10
-4.29181e+10
-4.29658e+10
-4.29798e+10
-4.29506e+10
-4.28715e+10
-4.27403e+10
-4.25538e+10
-4.23026e+10
-4.19718e+10
-4.15614e+10
-4.11012e+10
-4.06396e+10
-4.02195e+10
-3.98629e+10
-3.95735e+10
-3.9342e+10
-3.91535e+10
-3.8993e+10
-3.88486e+10
-3.87137e+10
-3.85877e+10
-3.84745e+10
-3.83807e+10
-3.83122e+10
-3.82705e+10
-3.82497e+10
-3.82341e+10
-3.81994e+10
-3.81163e+10
-3.79597e+10
-3.77254e+10
-3.74459e+10
-3.71759e+10
-3.68924e+10
-3.63415e+10
-3.51978e+10
-3.4187e+10
-3.66614e+10
-4.63041e+10
-5.45509e+10
-2.85081e+10
-4.21221e+10
-4.21113e+10
-4.21306e+10
-4.21567e+10
-4.21964e+10
-4.22483e+10
-4.23131e+10
-4.23898e+10
-4.24764e+10
-4.25698e+10
-4.26659e+10
-4.27595e+10
-4.28447e+10
-4.29141e+10
-4.2959e+10
-4.29699e+10
-4.29381e+10
-4.28574e+10
-4.27248e+10
-4.25376e+10
-4.22865e+10
-4.19567e+10
-4.15498e+10
-4.10936e+10
-4.06375e+10
-4.02222e+10
-3.98696e+10
-3.95838e+10
-3.93561e+10
-3.9172e+10
-3.90167e+10
-3.88783e+10
-3.87503e+10
-3.86317e+10
-3.85263e+10
-3.84407e+10
-3.83807e+10
-3.83478e+10
-3.83358e+10
-3.83288e+10
-3.83016e+10
-3.8224e+10
-3.80686e+10
-3.78276e+10
-3.75291e+10
-3.72208e+10
-3.68656e+10
-3.61829e+10
-3.48265e+10
-3.36064e+10
-3.62179e+10
-4.667e+10
-5.61835e+10
-3.21315e+10
-4.21539e+10
-4.21526e+10
-4.21654e+10
-4.21879e+10
-4.22217e+10
-4.22661e+10
-4.23208e+10
-4.23846e+10
-4.24553e+10
-4.25298e+10
-4.26041e+10
-4.26735e+10
-4.27325e+10
-4.27748e+10
-4.2794e+10
-4.27835e+10
-4.27375e+10
-4.26507e+10
-4.2519e+10
-4.23385e+10
-4.21034e+10
-4.18109e+10
-4.14672e+10
-4.10927e+10
-4.07165e+10
-4.03641e+10
-4.0051e+10
-3.97817e+10
-3.95517e+10
-3.93519e+10
-3.91728e+10
-3.90068e+10
-3.88502e+10
-3.87041e+10
-3.85735e+10
-3.84654e+10
-3.83855e+10
-3.83353e+10
-3.83081e+10
-3.82869e+10
-3.82455e+10
-3.81528e+10
-3.7983e+10
-3.77312e+10
-3.74315e+10
-3.71419e+10
-3.6843e+10
-3.62931e+10
-3.52135e+10
-3.44229e+10
-3.72745e+10
-4.69756e+10
-5.48211e+10
-2.83433e+10
-4.21568e+10
-4.21512e+10
-4.21656e+10
-4.21881e+10
-4.2222e+10
-4.22663e+10
-4.23207e+10
-4.23842e+10
-4.24546e+10
-4.2529e+10
-4.26033e+10
-4.26729e+10
-4.27326e+10
-4.27762e+10
-4.27969e+10
-4.27874e+10
-4.27418e+10
-4.26551e+10
-4.25231e+10
-4.23416e+10
-4.2105e+10
-4.18102e+10
-4.14628e+10
-4.10859e+10
-4.07085e+10
-4.0356e+10
-4.00445e+10
-3.97781e+10
-3.95524e+10
-3.93581e+10
-3.91853e+10
-3.90258e+10
-3.88759e+10
-3.87363e+10
-3.86119e+10
-3.85097e+10
-3.8436e+10
-3.83924e+10
-3.83726e+10
-3.83596e+10
-3.83265e+10
-3.82405e+10
-3.80723e+10
-3.78119e+10
-3.74852e+10
-3.71351e+10
-3.67173e+10
-3.59491e+10
-3.44972e+10
-3.3127e+10
-3.52077e+10
-4.48186e+10
-5.66584e+10
-3.87502e+10
-4.21903e+10
-4.21804e+10
-4.21942e+10
-4.22125e+10
-4.2241e+10
-4.22779e+10
-4.2323e+10
-4.23749e+10
-4.24315e+10
-4.24898e+10
-4.25462e+10
-4.25965e+10
-4.26358e+10
-4.26591e+10
-4.26606e+10
-4.26339e+10
-4.25733e+10
-4.24745e+10
-4.23346e+10
-4.21511e+10
-4.19217e+10
-4.16474e+10
-4.13371e+10
-4.1007e+10
-4.06768e+10
-4.03651e+10
-4.00831e+10
-3.98341e+10
-3.96149e+10
-3.94187e+10
-3.92384e+10
-3.90686e+10
-3.89074e+10
-3.87569e+10
-3.86222e+10
-3.85094e+10
-3.84236e+10
-3.83648e+10
-3.83249e+10
-3.8285e+10
-3.82161e+10
-3.80839e+10
-3.78583e+10
-3.75305e+10
-3.71305e+10
-3.6713e+10
-3.62567e+10
-3.55208e+10
-3.42262e+10
-3.31837e+10
-3.58339e+10
-4.5943e+10
-5.49826e+10
-3.12044e+10
-4.21983e+10
-4.21833e+10
-4.21981e+10
-4.22154e+10
-4.22428e+10
-4.2278e+10
-4.23211e+10
-4.23706e+10
-4.24245e+10
-4.248e+10
-4.25337e+10
-4.25815e+10
-4.2619e+10
-4.26412e+10
-4.26423e+10
-4.26153e+10
-4.25544e+10
-4.24563e+10
-4.23187e+10
-4.21389e+10
-4.19148e+10
-4.16468e+10
-4.13442e+10
-4.10217e+10
-4.06992e+10
-4.03944e+10
-4.01176e+10
-3.98719e+10
-3.96546e+10
-3.94592e+10
-3.92784e+10
-3.9107e+10
-3.89431e+10
-3.87891e+10
-3.86503e+10
-3.85339e+10
-3.84457e+10
-3.83868e+10
-3.835e+10
-3.83175e+10
-3.82604e+10
-3.81435e+10
-3.7936e+10
-3.7628e+10
-3.72462e+10
-3.68379e+10
-3.63687e+10
-3.55728e+10
-3.41592e+10
-3.31509e+10
-3.67723e+10
-4.87786e+10
-5.62861e+10
-2.79916e+10
-4.22075e+10
-4.21972e+10
-4.22074e+10
-4.22219e+10
-4.22447e+10
-4.22742e+10
-4.23098e+10
-4.23498e+10
-4.23922e+10
-4.2434e+10
-4.24718e+10
-4.25018e+10
-4.252e+10
-4.2522e+10
-4.25036e+10
-4.24603e+10
-4.23879e+10
-4.22836e+10
-4.21453e+10
-4.19716e+10
-4.17621e+10
-4.15201e+10
-4.12524e+10
-4.09697e+10
-4.06856e+10
-4.04118e+10
-4.01562e+10
-3.99217e+10
-3.97069e+10
-3.95078e+10
-3.93201e+10
-3.91417e+10
-3.8973e+10
-3.88176e+10
-3.86814e+10
-3.85707e+10
-3.84902e+10
-3.84402e+10
-3.84138e+10
-3.83934e+10
-3.83508e+10
-3.82516e+10
-3.80645e+10
-3.77793e+10
-3.74236e+10
-3.70505e+10
-3.66479e+10
-3.59829e+10
-3.47529e+10
-3.36602e+10
-3.59305e+10
-4.53342e+10
-5.46847e+10
-3.03408e+10
-4.2215e+10
-4.22019e+10
-4.22121e+10
-4.22259e+10
-4.2248e+10
-4.22762e+10
-4.23103e+10
-4.23485e+10
-4.23887e+10
-4.24282e+10
-4.24635e+10
-4.2491e+10
-4.25068e+10
-4.25066e+10
-4.24862e+10
-4.24416e+10
-4.23692e+10
-4.22658e+10
-4.21294e+10
-4.19588e+10
-4.17537e+10
-4.15175e+10
-4.1256e+10
-4.09806e+10
-4.07039e+10
-4.04369e+10
-4.01873e+10
-3.99577e+10
-3.97468e+10
-3.9551e+10
-3.9366e+10
-3.91896e+10
-3.9022e+10
-3.8867e+10
-3.87307e+10
-3.86202e+10
-3.85409e+10
-3.84939e+10
-3.84727e+10
-3.84603e+10
-3.84287e+10
-3.83422e+10
-3.81681e+10
-3.7894e+10
-3.75465e+10
-3.7177e+10
-3.67631e+10
-3.60608e+10
-3.47833e+10
-3.3824e+10
-3.70005e+10
-4.79884e+10
-5.63105e+10
-2.85464e+10
-4.2231e+10
-4.22258e+10
-4.22339e+10
-4.22464e+10
-4.22662e+10
-4.22916e+10
-4.23218e+10
-4.23552e+10
-4.23895e+10
-4.24217e+10
-4.24486e+10
-4.24664e+10
-4.24713e+10
-4.24595e+10
-4.24272e+10
-4.23709e+10
-4.22878e+10
-4.21757e+10
-4.20334e+10
-4.18604e+10
-4.16584e+10
-4.14309e+10
-4.11848e+10
-4.09292e+10
-4.06734e+10
-4.04261e+10
-4.01931e+10
-3.99763e+10
-3.97743e+10
-3.95836e+10
-3.94007e+10
-3.92238e+10
-3.90538e+10
-3.88943e+10
-3.87506e+10
-3.86287e+10
-3.85333e+10
-3.84657e+10
-3.8421e+10
-3.83855e+10
-3.83346e+10
-3.82345e+10
-3.80517e+10
-3.77735e+10
-3.74315e+10
-3.7089e+10
-3.67387e+10
-3.61504e+10
-3.50332e+10
-3.41407e+10
-3.69674e+10
-4.71487e+10
-5.53479e+10
-2.87967e+10
-4.22419e+10
-4.22295e+10
-4.22387e+10
-4.22505e+10
-4.227e+10
-4.22948e+10
-4.23247e+10
-4.23578e+10
-4.23919e+10
-4.24243e+10
-4.24516e+10
-4.24701e+10
-4.24761e+10
-4.24654e+10
-4.24342e+10
-4.2379e+10
-4.2297e+10
-4.21864e+10
-4.20458e+10
-4.18752e+10
-4.16759e+10
-4.14514e+10
-4.12088e+10
-4.09565e+10
-4.07039e+10
-4.04599e+10
-4.02295e+10
-4.00145e+10
-3.98137e+10
-3.96238e+10
-3.94416e+10
-3.92653e+10
-3.90957e+10
-3.89363e+10
-3.87929e+10
-3.86717e+10
-3.85774e+10
-3.85108e+10
-3.84663e+10
-3.84301e+10
-3.83776e+10
-3.82732e+10
-3.80797e+10
-3.77802e+10
-3.74003e+10
-3.69905e+10
-3.65281e+10
-3.57705e+10
-3.43972e+10
-3.30442e+10
-3.5069e+10
-4.51895e+10
-5.77076e+10
-3.70882e+10
-4.22551e+10
-4.22465e+10
-4.22523e+10
-4.22613e+10
-4.22772e+10
-4.22978e+10
-4.23226e+10
-4.23496e+10
-4.23768e+10
-4.24012e+10
-4.24196e+10
-4.24285e+10
-4.24241e+10
-4.24031e+10
-4.23619e+10
-4.22975e+10
-4.22074e+10
-4.20901e+10
-4.1945e+10
-4.17725e+10
-4.15744e+10
-4.13554e+10
-4.11214e+10
-4.08793e+10
-4.06368e+10
-4.04002e+10
-4.01735e+10
-3.99586e+10
-3.97539e+10
-3.95565e+10
-3.93631e+10
-3.91723e+10
-3.89853e+10
-3.88061e+10
-3.86404e+10
-3.84953e+10
-3.83768e+10
-3.82876e+10
-3.82241e+10
-3.8174e+10
-3.8115e+10
-3.80142e+10
-3.78342e+10
-3.75545e+10
-3.72107e+10
-3.68809e+10
-3.65386e+10
-3.59235e+10
-3.46891e+10
-3.34193e+10
-3.54437e+10
-4.5449e+10
-5.73023e+10
-3.56475e+10
-4.22556e+10
-4.22401e+10
-4.22459e+10
-4.22541e+10
-4.22691e+10
-4.22888e+10
-4.23126e+10
-4.23387e+10
-4.23651e+10
-4.2389e+10
-4.24071e+10
-4.2416e+10
-4.24121e+10
-4.23918e+10
-4.23517e+10
-4.22887e+10
-4.22004e+10
-4.20853e+10
-4.19429e+10
-4.17734e+10
-4.15788e+10
-4.13634e+10
-4.11325e+10
-4.08936e+10
-4.06536e+10
-4.04186e+10
-4.01929e+10
-3.9978e+10
-3.97726e+10
-3.95738e+10
-3.93788e+10
-3.91867e+10
-3.89986e+10
-3.88183e+10
-3.8652e+10
-3.85068e+10
-3.83884e+10
-3.82986e+10
-3.8233e+10
-3.81802e+10
-3.81193e+10
-3.8018e+10
-3.78391e+10
-3.75657e+10
-3.72289e+10
-3.68837e+10
-3.65055e+10
-3.58324e+10
-3.44804e+10
-3.29248e+10
-3.42447e+10
-4.35906e+10
-5.77237e+10
-4.19527e+10
-4.22855e+10
-4.22558e+10
-4.22631e+10
-4.22684e+10
-4.22807e+10
-4.22963e+10
-4.2315e+10
-4.23348e+10
-4.23536e+10
-4.23685e+10
-4.23764e+10
-4.2374e+10
-4.23579e+10
-4.23249e+10
-4.22722e+10
-4.21973e+10
-4.20986e+10
-4.19751e+10
-4.18272e+10
-4.16557e+10
-4.14633e+10
-4.12547e+10
-4.10347e+10
-4.08095e+10
-4.05834e+10
-4.03613e+10
-4.01469e+10
-3.99417e+10
-3.97438e+10
-3.95509e+10
-3.93601e+10
-3.91709e+10
-3.89857e+10
-3.88096e+10
-3.86505e+10
-3.85173e+10
-3.84179e+10
-3.83547e+10
-3.83219e+10
-3.83044e+10
-3.82793e+10
-3.82158e+10
-3.80785e+10
-3.78426e+10
-3.75355e+10
-3.72385e+10
-3.69146e+10
-3.62533e+10
-3.48712e+10
-3.33523e+10
-3.51897e+10
-4.46951e+10
-5.2889e+10
-2.82697e+10
-4.22725e+10
-4.22474e+10
-4.22539e+10
-4.226e+10
-4.2273e+10
-4.22896e+10
-4.23093e+10
-4.23302e+10
-4.23502e+10
-4.23664e+10
-4.23758e+10
-4.2375e+10
-4.23607e+10
-4.23296e+10
-4.22787e+10
-4.22056e+10
-4.21084e+10
-4.19862e+10
-4.18391e+10
-4.16681e+10
-4.14757e+10
-4.12663e+10
-4.10454e+10
-4.08186e+10
-4.05906e+10
-4.0367e+10
-4.01507e+10
-3.9943e+10
-3.97423e+10
-3.95461e+10
-3.93516e+10
-3.91584e+10
-3.89689e+10
-3.87883e+10
-3.86239e+10
-3.84849e+10
-3.83786e+10
-3.83078e+10
-3.82666e+10
-3.82412e+10
-3.82099e+10
-3.81436e+10
-3.80112e+10
-3.77981e+10
-3.75322e+10
-3.72687e+10
-3.69806e+10
-3.63863e+10
-3.50661e+10
-3.35878e+10
-3.55067e+10
-4.5005e+10
-5.24365e+10
-2.80698e+10
-4.22905e+10
-4.22552e+10
-4.22592e+10
-4.22609e+10
-4.22693e+10
-4.22803e+10
-4.22934e+10
-4.23067e+10
-4.23183e+10
-4.23253e+10
-4.23251e+10
-4.23144e+10
-4.229e+10
-4.22494e+10
-4.21899e+10
-4.21098e+10
-4.2008e+10
-4.18842e+10
-4.17388e+10
-4.15731e+10
-4.13896e+10
-4.11922e+10
-4.09857e+10
-4.07743e+10
-4.05618e+10
-4.03526e+10
-4.0149e+10
-3.99518e+10
-3.97594e+10
-3.95693e+10
-3.93786e+10
-3.9187e+10
-3.89969e+10
-3.88142e+10
-3.86472e+10
-3.85051e+10
-3.83947e+10
-3.83155e+10
-3.82558e+10
-3.8195e+10
-3.8106e+10
-3.79603e+10
-3.77333e+10
-3.74082e+10
-3.69926e+10
-3.65266e+10
-3.59923e+10
-3.50906e+10
-3.33675e+10
-3.13348e+10
-3.24955e+10
-4.16208e+10
-5.26694e+10
-3.13161e+10
-4.22774e+10
-4.22511e+10
-4.22543e+10
-4.22574e+10
-4.22671e+10
-4.22797e+10
-4.22945e+10
-4.23098e+10
-4.23234e+10
-4.23327e+10
-4.23347e+10
-4.23263e+10
-4.23042e+10
-4.22656e+10
-4.22076e+10
-4.21281e+10
-4.20261e+10
-4.1901e+10
-4.17532e+10
-4.15844e+10
-4.13972e+10
-4.1196e+10
-4.09851e+10
-4.0769e+10
-4.05518e+10
-4.03375e+10
-4.01281e+10
-3.9924e+10
-3.97236e+10
-3.95245e+10
-3.93242e+10
-3.91223e+10
-3.89218e+10
-3.87286e+10
-3.85513e+10
-3.83997e+10
-3.82812e+10
-3.81974e+10
-3.81389e+10
-3.8087e+10
-3.80163e+10
-3.78994e+10
-3.77109e+10
-3.74371e+10
-3.70959e+10
-3.67334e+10
-3.63105e+10
-3.55206e+10
-3.38754e+10
-3.18103e+10
-3.27506e+10
-4.16879e+10
-5.24887e+10
-3.03817e+10
-4.77937e+10
-4.96301e+10
-4.77951e+10
-4.86716e+10
-4.88972e+10
-3.45022e+10
-4.67168e+10
-3.48597e+10
-1.98233e+10
-2.01337e+10
-4.83903e+10
-5.05281e+10
-4.67979e+10
-4.90102e+10
-4.94502e+10
-3.44622e+10
-4.65763e+10
-3.4027e+10
-2.02351e+10
-2.02158e+10
-4.87341e+10
-4.96962e+10
-4.66956e+10
-4.94759e+10
-4.73669e+10
-1.94784e+10
-2.04226e+10
-4.41959e+10
-3.28332e+10
-4.52151e+10
-3.37345e+10
-4.94911e+10
-4.94469e+10
-4.79193e+10
-4.96096e+10
-4.79849e+10
-2.09903e+10
-2.15566e+10
-4.55055e+10
-3.39364e+10
-4.55234e+10
-3.3624e+10
-4.34991e+10
-4.56628e+10
-4.37637e+10
-4.74428e+10
-4.52325e+10
-4.7744e+10
-4.54092e+10
-3.81934e+10
-4.08184e+10
-3.8715e+10
-4.11929e+10
-3.77217e+10
-4.13778e+10
-3.81647e+10
-4.39433e+10
-4.60853e+10
-4.40707e+10
-4.79607e+10
-4.56486e+10
-4.89685e+10
-4.6e+10
-3.86118e+10
-4.07918e+10
-3.84774e+10
-4.12239e+10
-3.77411e+10
-4.10637e+10
-3.74694e+10
-5.01709e+10
-4.85571e+10
-5.01216e+10
-4.91906e+10
-4.98113e+10
-4.91367e+10
-4.97102e+10
-4.35752e+10
-4.21778e+10
-4.6503e+10
-4.23409e+10
-4.24468e+10
-3.22157e+10
-3.13642e+10
-3.25961e+10
-2.56898e+10
-2.95059e+10
-2.59557e+10
-2.9955e+10
-5.02444e+10
-4.86933e+10
-4.99506e+10
-4.92755e+10
-4.98007e+10
-4.91425e+10
-4.977e+10
-4.20762e+10
-4.20566e+10
-4.68932e+10
-4.21045e+10
-4.22778e+10
-3.24209e+10
-3.07475e+10
-3.21416e+10
-2.59204e+10
-2.98272e+10
-2.57534e+10
-2.95103e+10
-4.9783e+10
-4.9087e+10
-4.96977e+10
-4.84704e+10
-5.02224e+10
-4.84803e+10
-5.01956e+10
-4.82762e+10
-4.84614e+10
-4.9276e+10
-4.928e+10
-4.7971e+10
-3.55701e+10
-3.41136e+10
-2.92327e+10
-2.59562e+10
-2.97578e+10
-3.01152e+10
-3.15741e+10
-3.06794e+10
-3.20143e+10
-4.98066e+10
-4.90931e+10
-4.98415e+10
-4.87455e+10
-5.02134e+10
-4.86937e+10
-5.01215e+10
-4.93921e+10
-4.92236e+10
-4.96775e+10
-4.91072e+10
-4.9782e+10
-4.02546e+10
-3.87795e+10
-3.0018e+10
-2.65282e+10
-2.96718e+10
-3.09581e+10
-3.2079e+10
-3.07537e+10
-3.167e+10
-4.46044e+10
-4.75741e+10
-4.47673e+10
-4.53296e+10
-4.32256e+10
-4.55432e+10
-4.35152e+10
-3.62296e+10
-4.01779e+10
-3.66664e+10
-4.01081e+10
-3.7858e+10
-4.05106e+10
-3.82874e+10
-4.49567e+10
-4.75366e+10
-4.48813e+10
-4.55795e+10
-4.35333e+10
-4.56549e+10
-4.34894e+10
-3.65525e+10
-4.00829e+10
-3.61309e+10
-4.04818e+10
-3.82283e+10
-4.02611e+10
-3.78287e+10
-4.89157e+10
-4.76832e+10
-4.77519e+10
-4.74141e+10
-4.85514e+10
-4.91206e+10
-4.77648e+10
-4.72089e+10
-4.73189e+10
-4.94437e+10
-4.87937e+10
-4.93562e+10
-4.86361e+10
-4.92717e+10
-4.86483e+10
-4.91581e+10
-4.87394e+10
-4.86749e+10
-4.93256e+10
-4.88087e+10
-4.9264e+10
-4.9118e+10
-4.91158e+10
-5.01963e+10
-4.33413e+10
-4.67439e+10
-4.23174e+10
-4.24659e+10
-4.26985e+10
-3.95749e+10
-3.85892e+10
-3.16696e+10
-2.42765e+10
-1.94493e+10
-2.41968e+10
-3.10478e+10
-3.91689e+10
-3.84065e+10
-3.13935e+10
-2.43235e+10
-1.97514e+10
-2.4264e+10
-3.06707e+10
-4.95422e+10
-4.80593e+10
-4.8553e+10
-4.82416e+10
-4.93637e+10
-5.05764e+10
-4.80755e+10
-4.58062e+10
-4.70861e+10
-5.00624e+10
-4.94664e+10
-4.95797e+10
-4.92422e+10
-4.92724e+10
-4.97458e+10
-4.95582e+10
-4.96069e+10
-4.98461e+10
-4.96326e+10
-4.96846e+10
-4.97437e+10
-4.96595e+10
-5.06494e+10
-5.22191e+10
-4.21861e+10
-4.70834e+10
-4.20048e+10
-4.22019e+10
-4.10968e+10
-3.74487e+10
-3.8113e+10
-2.99067e+10
-2.41332e+10
-2.00973e+10
-3.03892e+10
-2.39884e+10
-3.73603e+10
-3.61384e+10
-2.97195e+10
-2.37848e+10
-1.98265e+10
-2.37089e+10
-2.88998e+10
-4.82393e+10
-4.79507e+10
-4.85304e+10
-4.86529e+10
-4.94251e+10
-4.93354e+10
-4.87444e+10
-4.86287e+10
-4.94817e+10
-4.83032e+10
-4.73264e+10
-4.68283e+10
-4.74284e+10
-4.79989e+10
-4.85755e+10
-4.71791e+10
-4.77095e+10
-4.90145e+10
-4.77207e+10
-2.89031e+10
-1.91893e+10
-2.33634e+10
-2.33858e+10
-2.7887e+10
-3.59686e+10
-3.77524e+10
-2.93356e+10
-1.97833e+10
-2.46154e+10
-2.39943e+10
-3.09385e+10
-3.97763e+10
-3.98048e+10
-4.45065e+10
-4.0028e+10
-3.84715e+10
-4.00171e+10
-4.48423e+10
-4.06903e+10
-4.11843e+10
-4.03264e+10
-4.96166e+10
-4.94426e+10
-4.94198e+10
-4.95397e+10
-4.98468e+10
-4.97583e+10
-4.93075e+10
-5.05968e+10
-4.99444e+10
-4.94682e+10
-4.83886e+10
-4.82574e+10
-4.91546e+10
-4.8769e+10
-4.95596e+10
-4.78533e+10
-4.83565e+10
-4.79204e+10
-4.98057e+10
-3.32815e+10
-2.11486e+10
-2.53964e+10
-3.18363e+10
-2.56806e+10
-4.06569e+10
-3.98539e+10
-3.36322e+10
-2.11719e+10
-2.59371e+10
-2.58672e+10
-3.30035e+10
-4.27198e+10
-4.09165e+10
-4.56857e+10
-4.18619e+10
-4.10424e+10
-4.30418e+10
-4.5647e+10
-4.10342e+10
-4.10681e+10
-4.21668e+10
-4.91062e+10
-4.86038e+10
-4.93693e+10
-5.02189e+10
-4.84513e+10
-5.00654e+10
-4.91368e+10
-4.96205e+10
-4.88223e+10
-4.96649e+10
-5.04443e+10
-4.89558e+10
-4.96237e+10
-5.04257e+10
-4.90154e+10
-4.93214e+10
-4.87037e+10
-5.03192e+10
-4.88045e+10
-5.00273e+10
-4.94262e+10
-3.49097e+10
-3.74832e+10
-3.46232e+10
-3.05769e+10
-3.76592e+10
-3.06053e+10
-3.46332e+10
-3.48081e+10
-3.47575e+10
-3.76607e+10
-3.06433e+10
-3.77651e+10
-3.06484e+10
-3.44512e+10
-4.98975e+10
-5.02623e+10
-5.02834e+10
-5.07856e+10
-4.90403e+10
-5.07118e+10
-5.00249e+10
-3.38756e+10
-3.72736e+10
-3.43526e+10
-3.0187e+10
-3.72076e+10
-3.39582e+10
-3.00436e+10
-3.38424e+10
-3.41334e+10
-3.69145e+10
-2.97742e+10
-3.71197e+10
-2.98371e+10
-3.34727e+10
-4.91184e+10
-5.02875e+10
-4.86089e+10
-4.95252e+10
-5.0205e+10
-4.84513e+10
-4.92468e+10
-4.92023e+10
-5.04407e+10
-4.94806e+10
-4.86462e+10
-5.02426e+10
-4.94352e+10
-4.85609e+10
-3.24863e+10
-2.89964e+10
-3.52696e+10
-3.30319e+10
-2.91519e+10
-3.55252e+10
-3.20787e+10
-3.29422e+10
-3.0132e+10
-3.3461e+10
-3.62174e+10
-2.96628e+10
-3.3483e+10
-3.58777e+10
-4.98395e+10
-5.0558e+10
-4.88354e+10
-4.93719e+10
-4.96479e+10
-5.0735e+10
-4.87716e+10
-5.02212e+10
-5.07452e+10
-4.96496e+10
-4.90499e+10
-5.10499e+10
-4.85308e+10
-5.01278e+10
-3.46034e+10
-3.06791e+10
-3.64385e+10
-3.38342e+10
-3.41986e+10
-3.07991e+10
-3.65077e+10
-3.48798e+10
-3.08309e+10
-3.37515e+10
-3.63661e+10
-3.08915e+10
-3.64934e+10
-3.46644e+10
-5.14389e+10
-4.30991e+10
-5.45533e+10
-4.37037e+10
-4.29525e+10
-5.17485e+10
-5.46726e+10
-5.32402e+10
-5.25913e+10
-5.29394e+10
-5.27364e+10
-5.30655e+10
-5.34746e+10
-5.30809e+10
-5.33381e+10
-5.18859e+10
-4.37625e+10
-4.27918e+10
-5.32814e+10
-4.29654e+10
-5.48753e+10
-5.04617e+10
-5.11405e+10
-4.23258e+10
-4.19502e+10
-5.37048e+10
-4.21104e+10
-5.1672e+10
-5.34444e+10
-5.32521e+10
-5.39712e+10
-5.34268e+10
-5.38022e+10
-5.10578e+10
-4.20792e+10
-4.22841e+10
-5.35881e+10
-5.13132e+10
-4.21411e+10
-5.33584e+10
-5.34851e+10
-5.46956e+10
-5.39861e+10
-5.40249e+10
-4.77688e+10
-4.75239e+10
-4.86557e+10
-4.81278e+10
-4.7177e+10
-4.79542e+10
-4.85774e+10
-4.69296e+10
-4.68546e+10
-4.66792e+10
-4.71185e+10
-4.71374e+10
-4.71804e+10
-4.69013e+10
-4.73824e+10
-4.75635e+10
-4.79058e+10
-4.72095e+10
-4.84666e+10
-4.71456e+10
-4.84183e+10
-4.77752e+10
-3.56134e+10
-3.50822e+10
-4.87944e+10
-4.91013e+10
-4.92076e+10
-4.92994e+10
-4.88817e+10
-4.89337e+10
-4.92688e+10
-4.82689e+10
-4.79872e+10
-4.8119e+10
-4.81323e+10
-4.84749e+10
-4.85373e+10
-4.83368e+10
-4.86369e+10
-4.86918e+10
-4.91686e+10
-4.86238e+10
-4.9138e+10
-4.85842e+10
-4.87711e+10
-4.92144e+10
-3.99259e+10
-3.94144e+10
-4.83621e+10
-4.86354e+10
-4.89643e+10
-4.86756e+10
-4.85087e+10
-4.86086e+10
-4.87942e+10
-4.91172e+10
-5.08955e+10
-5.0888e+10
-4.9048e+10
-4.91948e+10
-5.16147e+10
-5.10372e+10
-4.95166e+10
-4.83772e+10
-4.85739e+10
-4.84497e+10
-4.8514e+10
-4.85055e+10
-4.85496e+10
-4.82204e+10
-4.87762e+10
-4.86609e+10
-4.96583e+10
-4.90991e+10
-4.87922e+10
-4.82986e+10
-5.04024e+10
-5.10254e+10
-5.31119e+10
-5.33144e+10
-5.06289e+10
-5.07919e+10
-5.25621e+10
-5.03225e+10
-5.31704e+10
-4.86676e+10
-4.88093e+10
-4.86122e+10
-5.00886e+10
-4.81114e+10
-5.08635e+10
-4.86025e+10
-4.82445e+10
-4.87561e+10
-4.81382e+10
-4.86704e+10
-4.87906e+10
-4.80619e+10
-4.83167e+10
-4.74669e+10
-4.71345e+10
-4.69623e+10
-4.76207e+10
-4.75922e+10
-4.73864e+10
-4.7123e+10
-4.77816e+10
-4.81845e+10
-4.86401e+10
-4.88103e+10
-4.80406e+10
-4.88031e+10
-4.80641e+10
-4.83369e+10
-4.89162e+10
-4.8797e+10
-4.84559e+10
-4.87295e+10
-4.87371e+10
-4.83855e+10
-4.8649e+10
-4.84711e+10
-4.85135e+10
-4.80964e+10
-4.79086e+10
-4.81813e+10
-4.78649e+10
-4.84448e+10
-4.89736e+10
-4.89576e+10
-4.86592e+10
-4.86768e+10
-4.87361e+10
-4.85979e+10
-4.81393e+10
-4.77339e+10
-4.80754e+10
-4.78687e+10
-4.95384e+10
-5.04909e+10
-5.1812e+10
-4.30976e+10
-5.44643e+10
-4.3172e+10
-5.19082e+10
-4.29738e+10
-5.44537e+10
-5.40222e+10
-5.46837e+10
-5.38762e+10
-5.50361e+10
-5.40895e+10
-5.42688e+10
-5.37779e+10
-5.4835e+10
-5.16973e+10
-4.29311e+10
-4.26603e+10
-5.40237e+10
-5.16864e+10
-4.27286e+10
-5.4257e+10
-3.99944e+10
-3.98211e+10
-2.17882e+10
-2.79407e+10
-2.42581e+10
-3.19192e+10
-2.79563e+10
-2.4523e+10
-2.1778e+10
-1.74596e+10
-1.56856e+10
-1.52008e+10
-1.78259e+10
-1.77082e+10
-1.59092e+10
-1.78063e+10
-1.55823e+10
-2.14752e+10
-3.16082e+10
-2.76755e+10
-2.38815e+10
-2.77255e+10
-2.40539e+10
-2.19522e+10
-3.89565e+10
-3.87504e+10
-2.15099e+10
-2.78011e+10
-3.11594e+10
-2.39319e+10
-2.7653e+10
-2.16549e+10
-2.35703e+10
-1.77769e+10
-1.62072e+10
-1.77416e+10
-1.61501e+10
-2.13632e+10
-3.08901e+10
-2.7329e+10
-2.31171e+10
-2.74239e+10
-2.33845e+10
-2.12698e+10
-1.77996e+10
-1.61219e+10
-1.78475e+10
-1.60991e+10
-4.87928e+10
-4.91358e+10
-4.93e+10
-4.94197e+10
-4.90784e+10
-4.9067e+10
-4.90824e+10
-4.97352e+10
-5.23131e+10
-5.20825e+10
-5.00137e+10
-4.87465e+10
-4.92742e+10
-4.89353e+10
-4.93366e+10
-4.90018e+10
-4.8834e+10
-4.90743e+10
-4.98122e+10
-5.29374e+10
-5.22659e+10
-5.04924e+10
-5.14721e+10
-4.88344e+10
-5.11787e+10
-4.9989e+10
-4.93863e+10
-4.76764e+10
-5.62911e+10
-5.72933e+10
-5.58508e+10
-5.67045e+10
-5.38608e+10
-5.52132e+10
-5.48625e+10
-5.2452e+10
-5.66314e+10
-5.56964e+10
-4.97649e+10
-4.61304e+10
-6.53616e+10
-4.66664e+10
-6.94615e+10
-4.93426e+10
-4.90205e+10
-4.92985e+10
-4.94834e+10
-4.90777e+10
-4.93967e+10
-4.88585e+10
-4.91938e+10
-4.83482e+10
-4.79957e+10
-4.80825e+10
-4.8268e+10
-4.88827e+10
-4.92881e+10
-4.92112e+10
-4.87096e+10
-4.93185e+10
-4.87735e+10
-4.87359e+10
-4.85329e+10
-4.85205e+10
-4.82839e+10
-4.87747e+10
-4.93804e+10
-4.94504e+10
-4.91821e+10
-4.95934e+10
-4.93008e+10
-4.99864e+10
-4.93631e+10
-4.93826e+10
-4.94158e+10
-4.91259e+10
-4.90397e+10
-4.91118e+10
-4.90706e+10
-4.91441e+10
-4.89441e+10
-4.91462e+10
-4.91183e+10
-4.91896e+10
-4.98063e+10
-4.93491e+10
-4.96061e+10
-4.92572e+10
-4.9641e+10
-4.92303e+10
-5.15492e+10
-5.28381e+10
-5.25229e+10
-4.24278e+10
-5.4104e+10
-4.23366e+10
-5.2233e+10
-4.24412e+10
-5.45223e+10
-5.61301e+10
-5.74402e+10
-5.81009e+10
-5.5431e+10
-5.58713e+10
-5.63391e+10
-5.50152e+10
-5.78553e+10
-5.30999e+10
-4.23562e+10
-4.22902e+10
-5.32108e+10
-4.24474e+10
-5.48097e+10
-5.13936e+10
-3.76026e+10
-3.78674e+10
-2.09258e+10
-2.99736e+10
-2.6859e+10
-2.23117e+10
-2.685e+10
-2.2499e+10
-2.07925e+10
-1.79019e+10
-1.65095e+10
-1.78804e+10
-1.66092e+10
-2.10391e+10
-3.01659e+10
-2.70584e+10
-2.30977e+10
-2.11579e+10
-2.69079e+10
-2.28889e+10
-1.78231e+10
-1.66612e+10
-1.7682e+10
-1.66648e+10
-3.75319e+10
-3.72901e+10
-2.03304e+10
-2.66808e+10
-2.19935e+10
-2.97186e+10
-2.65612e+10
-2.04952e+10
-2.18562e+10
-1.69217e+10
-1.63931e+10
-1.58931e+10
-1.73683e+10
-1.72491e+10
-1.65147e+10
-1.74536e+10
-1.62042e+10
-1.98652e+10
-2.92853e+10
-2.62794e+10
-2.13168e+10
-2.62333e+10
-2.12929e+10
-2.04711e+10
-4.81634e+10
-4.79721e+10
-4.80554e+10
-4.78856e+10
-4.87711e+10
-4.85958e+10
-4.81551e+10
-4.79443e+10
-4.86787e+10
-4.7748e+10
-4.77991e+10
-4.78806e+10
-4.77187e+10
-4.77161e+10
-4.75261e+10
-4.76681e+10
-4.76934e+10
-4.80951e+10
-4.84797e+10
-4.82983e+10
-4.87159e+10
-4.82506e+10
-4.79744e+10
-4.85564e+10
-4.88674e+10
-4.95511e+10
-4.77186e+10
-4.81486e+10
-4.83434e+10
-4.81192e+10
-4.79533e+10
-4.81741e+10
-4.79231e+10
-4.76306e+10
-4.8154e+10
-4.81201e+10
-4.76101e+10
-4.76105e+10
-4.82438e+10
-4.78047e+10
-4.81629e+10
-4.76456e+10
-4.80462e+10
-4.78525e+10
-4.8064e+10
-4.7932e+10
-4.81189e+10
-4.75408e+10
-4.86787e+10
-4.8469e+10
-4.8665e+10
-4.85643e+10
-4.89548e+10
-4.82555e+10
-4.86319e+10
-4.92181e+10
-5.00512e+10
-4.96385e+10
-4.94082e+10
-4.87552e+10
-4.86419e+10
-4.8194e+10
-4.91243e+10
-4.90293e+10
-4.88509e+10
-4.952e+10
-4.89029e+10
-4.95047e+10
-4.87943e+10
-4.89598e+10
-1.99434e+10
-2.19411e+10
-2.60915e+10
-2.87581e+10
-2.16711e+10
-2.02489e+10
-2.58513e+10
-1.63343e+10
-1.5296e+10
-1.4796e+10
-1.67833e+10
-1.67239e+10
-1.56055e+10
-1.51956e+10
-1.70466e+10
-1.93851e+10
-2.82042e+10
-2.08873e+10
-2.55448e+10
-2.08324e+10
-2.55047e+10
-2.00435e+10
-3.63821e+10
-3.71161e+10
-2.11148e+10
-2.24723e+10
-2.64972e+10
-2.97127e+10
-2.07372e+10
-2.28284e+10
-2.67754e+10
-1.82274e+10
-1.64911e+10
-1.62774e+10
-1.8618e+10
-1.7766e+10
-1.59531e+10
-1.60371e+10
-1.74657e+10
-2.16131e+10
-3.03143e+10
-2.43932e+10
-2.76349e+10
-2.36886e+10
-2.71805e+10
-2.21555e+10
-4.71978e+10
-4.94607e+10
-3.98381e+10
-3.97186e+10
-4.95406e+10
-3.96702e+10
-4.7351e+10
-4.87563e+10
-4.86881e+10
-4.89264e+10
-4.84322e+10
-4.86567e+10
-4.89698e+10
-4.90339e+10
-4.86206e+10
-4.7519e+10
-3.95567e+10
-4.81766e+10
-3.94255e+10
-4.95643e+10
-3.95871e+10
-4.62619e+10
-4.77321e+10
-4.96818e+10
-4.02922e+10
-4.00842e+10
-5.00086e+10
-4.75389e+10
-4.02461e+10
-4.95229e+10
-5.04775e+10
-5.02814e+10
-4.97071e+10
-4.92997e+10
-4.92772e+10
-4.9844e+10
-4.88578e+10
-4.80236e+10
-4.07477e+10
-5.06511e+10
-4.08272e+10
-5.02886e+10
-4.05428e+10
-4.83203e+10
-4.96822e+10
-4.95252e+10
-4.88082e+10
-4.9709e+10
-4.8939e+10
-4.78742e+10
-4.88888e+10
-5.19754e+10
-4.84939e+10
-4.92291e+10
-4.90337e+10
-4.91283e+10
-4.91545e+10
-4.90243e+10
-4.88209e+10
-4.87289e+10
-4.90784e+10
-4.92449e+10
-4.90097e+10
-4.9623e+10
-4.94414e+10
-4.97838e+10
-4.9378e+10
-4.92772e+10
-5.20837e+10
-5.0148e+10
-4.93417e+10
-4.94279e+10
-4.95192e+10
-4.94635e+10
-4.94236e+10
-4.94161e+10
-4.95313e+10
-4.95332e+10
-5.01227e+10
-4.95387e+10
-5.01981e+10
-4.92271e+10
-4.93074e+10
-4.94207e+10
-4.91226e+10
-4.91958e+10
-4.942e+10
-4.93013e+10
-4.96283e+10
-5.06437e+10
-4.99461e+10
-5.03883e+10
-4.94479e+10
-5.02017e+10
-4.93862e+10
-4.98023e+10
-4.98306e+10
-4.98158e+10
-4.9381e+10
-5.02463e+10
-5.11693e+10
-5.12626e+10
-5.01961e+10
-5.02014e+10
-5.07742e+10
-5.04081e+10
-5.11819e+10
-4.95867e+10
-4.98072e+10
-4.97451e+10
-4.94984e+10
-4.97201e+10
-4.95246e+10
-4.95262e+10
-2.39398e+10
-2.74126e+10
-3.28813e+10
-2.93636e+10
-2.69555e+10
-2.42679e+10
-2.90604e+10
-1.97401e+10
-1.70143e+10
-1.72434e+10
-1.93193e+10
-2.00713e+10
-1.75555e+10
-1.74453e+10
-2.02539e+10
-2.34767e+10
-3.23729e+10
-2.55678e+10
-2.83757e+10
-2.63641e+10
-2.29896e+10
-2.86817e+10
-4.09609e+10
-4.09702e+10
-2.46302e+10
-2.77716e+10
-2.96289e+10
-3.38558e+10
-2.45187e+10
-2.80454e+10
-2.96891e+10
-2.0357e+10
-1.76656e+10
-1.71998e+10
-2.04819e+10
-2.04007e+10
-1.75306e+10
-1.73536e+10
-2.03677e+10
-2.44147e+10
-3.36859e+10
-2.73816e+10
-2.94263e+10
-2.78049e+10
-2.95127e+10
-2.46523e+10
-4.84956e+10
-4.23955e+10
-5.16686e+10
-4.16301e+10
-5.14439e+10
-4.13884e+10
-4.87835e+10
-4.97464e+10
-5.05203e+10
-4.97749e+10
-5.05212e+10
-4.83797e+10
-4.20719e+10
-5.11002e+10
-4.12062e+10
-5.11866e+10
-4.84671e+10
-4.11827e+10
-4.98861e+10
-5.08365e+10
-5.06262e+10
-5.00164e+10
-4.89905e+10
-5.19373e+10
-4.17583e+10
-4.31169e+10
-5.20984e+10
-4.89737e+10
-4.1707e+10
-5.08244e+10
-5.12923e+10
-5.15749e+10
-5.05765e+10
-5.0507e+10
-5.11215e+10
-5.14825e+10
-5.02397e+10
-4.95646e+10
-4.33306e+10
-5.13245e+10
-4.17749e+10
-5.25061e+10
-4.18363e+10
-4.83777e+10
)
;

boundaryField
{
    inlet
    {
        type            zeroGradient;
    }
    outlet
    {
        type            fixedValue;
        value           uniform 101325;
    }
    rightSide
    {
        type            symmetryPlane;
    }
    leftSide
    {
        type            symmetryPlane;
    }
    duct
    {
        type            zeroGradient;
    }
    cylinder
    {
        type            zeroGradient;
    }
}


// ************************************************************************* //
