/*--------------------------------*- C++ -*----------------------------------*\
| =========                 |                                                 |
| \\      /  F ield         | OpenFOAM: The Open Source CFD Toolbox           |
|  \\    /   O peration     | Version:  4.1                                   |
|   \\  /    A nd           | Web:      www.OpenFOAM.org                      |
|    \\/     M anipulation  |                                                 |
\*---------------------------------------------------------------------------*/
FoamFile
{
    version     2.0;
    format      ascii;
    class       volScalarField;
    location    "65";
    object      p;
}
// * * * * * * * * * * * * * * * * * * * * * * * * * * * * * * * * * * * * * //

dimensions      [0 2 -2 0 0 0 0];

internalField   nonuniform List<scalar> 
4432
(
-3.83615e+10
-3.89578e+10
-3.96152e+10
-3.93517e+10
-3.93701e+10
-3.95971e+10
-3.96892e+10
-3.97578e+10
-3.98169e+10
-3.98784e+10
-3.99383e+10
-3.9988e+10
-4.00182e+10
-4.00249e+10
-4.00129e+10
-3.99835e+10
-3.99298e+10
-3.98493e+10
-3.97416e+10
-3.96074e+10
-3.94472e+10
-3.92645e+10
-3.90639e+10
-3.88523e+10
-3.86369e+10
-3.84261e+10
-3.82276e+10
-3.8049e+10
-3.78956e+10
-3.77711e+10
-3.76756e+10
-3.76063e+10
-3.75568e+10
-3.75171e+10
-3.7476e+10
-3.74239e+10
-3.73559e+10
-3.72756e+10
-3.71962e+10
-3.71378e+10
-3.71203e+10
-3.71542e+10
-3.72314e+10
-3.73295e+10
-3.74358e+10
-3.75501e+10
-3.75753e+10
-3.71182e+10
-3.56766e+10
-3.40544e+10
-3.63044e+10
-4.6696e+10
-5.59135e+10
-2.75123e+10
-3.87043e+10
-3.89157e+10
-3.93119e+10
-3.94748e+10
-3.94206e+10
-3.95805e+10
-3.96953e+10
-3.97587e+10
-3.9815e+10
-3.98818e+10
-3.99475e+10
-3.9999e+10
-4.00284e+10
-4.00354e+10
-4.0025e+10
-3.99968e+10
-3.99436e+10
-3.98632e+10
-3.97564e+10
-3.96227e+10
-3.94629e+10
-3.928e+10
-3.90787e+10
-3.88658e+10
-3.86484e+10
-3.84349e+10
-3.82329e+10
-3.80502e+10
-3.78922e+10
-3.77626e+10
-3.7662e+10
-3.75874e+10
-3.75328e+10
-3.74889e+10
-3.74451e+10
-3.73922e+10
-3.73257e+10
-3.72493e+10
-3.71755e+10
-3.71242e+10
-3.71146e+10
-3.71562e+10
-3.72394e+10
-3.73402e+10
-3.74433e+10
-3.75426e+10
-3.75239e+10
-3.69441e+10
-3.51768e+10
-3.28281e+10
-3.40533e+10
-4.49602e+10
-5.76444e+10
-3.26269e+10
-3.90172e+10
-3.9062e+10
-3.92764e+10
-3.95757e+10
-3.95473e+10
-3.96161e+10
-3.97537e+10
-3.98233e+10
-3.98801e+10
-3.99476e+10
-4.00131e+10
-4.00739e+10
-4.01166e+10
-4.01308e+10
-4.01204e+10
-4.00924e+10
-4.00421e+10
-3.99622e+10
-3.98526e+10
-3.97125e+10
-3.95427e+10
-3.93465e+10
-3.91292e+10
-3.88988e+10
-3.86638e+10
-3.84341e+10
-3.82179e+10
-3.80236e+10
-3.78567e+10
-3.77212e+10
-3.76175e+10
-3.75431e+10
-3.74927e+10
-3.7457e+10
-3.74249e+10
-3.73874e+10
-3.73401e+10
-3.7286e+10
-3.72357e+10
-3.72065e+10
-3.72155e+10
-3.72684e+10
-3.73514e+10
-3.74362e+10
-3.75071e+10
-3.7559e+10
-3.74543e+10
-3.66763e+10
-3.45821e+10
-3.21592e+10
-3.43674e+10
-4.66185e+10
-5.92415e+10
-3.64028e+10
-3.90088e+10
-3.91378e+10
-3.93744e+10
-3.95271e+10
-3.95419e+10
-3.96239e+10
-3.97602e+10
-3.98227e+10
-3.98825e+10
-3.99512e+10
-4.00211e+10
-4.00841e+10
-4.01262e+10
-4.01393e+10
-4.01298e+10
-4.0105e+10
-4.0056e+10
-3.9976e+10
-3.98672e+10
-3.97277e+10
-3.95584e+10
-3.93624e+10
-3.91449e+10
-3.8914e+10
-3.8678e+10
-3.84469e+10
-3.82289e+10
-3.80323e+10
-3.78628e+10
-3.77246e+10
-3.76182e+10
-3.75408e+10
-3.74867e+10
-3.74468e+10
-3.74111e+10
-3.73704e+10
-3.73199e+10
-3.72626e+10
-3.72094e+10
-3.7177e+10
-3.71815e+10
-3.72278e+10
-3.73015e+10
-3.73743e+10
-3.74296e+10
-3.74581e+10
-3.73123e+10
-3.64412e+10
-3.41378e+10
-3.15477e+10
-3.46365e+10
-4.94036e+10
-6.02661e+10
-2.96867e+10
-3.94292e+10
-3.93924e+10
-3.92746e+10
-3.95601e+10
-3.96146e+10
-3.96469e+10
-3.97238e+10
-3.97947e+10
-3.98624e+10
-3.99322e+10
-4.00004e+10
-4.0068e+10
-4.01184e+10
-4.01398e+10
-4.01377e+10
-4.0118e+10
-4.00764e+10
-4.00054e+10
-3.99037e+10
-3.97687e+10
-3.96004e+10
-3.94013e+10
-3.91773e+10
-3.8937e+10
-3.86907e+10
-3.84489e+10
-3.82213e+10
-3.8016e+10
-3.78394e+10
-3.76958e+10
-3.75856e+10
-3.75048e+10
-3.74463e+10
-3.74019e+10
-3.73627e+10
-3.732e+10
-3.72702e+10
-3.72168e+10
-3.71714e+10
-3.71498e+10
-3.71666e+10
-3.72237e+10
-3.73057e+10
-3.73904e+10
-3.74789e+10
-3.75889e+10
-3.75887e+10
-3.69051e+10
-3.47934e+10
-3.23198e+10
-3.48025e+10
-4.75008e+10
-5.85381e+10
-2.95114e+10
-3.93001e+10
-3.94166e+10
-3.9465e+10
-3.94776e+10
-3.95718e+10
-3.96601e+10
-3.97413e+10
-3.98034e+10
-3.98772e+10
-3.99501e+10
-4.00222e+10
-4.00918e+10
-4.01444e+10
-4.01687e+10
-4.01696e+10
-4.01544e+10
-4.01145e+10
-4.00442e+10
-3.99429e+10
-3.9808e+10
-3.9639e+10
-3.94384e+10
-3.92121e+10
-3.89689e+10
-3.8719e+10
-3.84733e+10
-3.82413e+10
-3.80313e+10
-3.78493e+10
-3.76995e+10
-3.75823e+10
-3.74943e+10
-3.74287e+10
-3.7377e+10
-3.73298e+10
-3.7279e+10
-3.72213e+10
-3.71605e+10
-3.71082e+10
-3.70811e+10
-3.70941e+10
-3.71496e+10
-3.72321e+10
-3.7317e+10
-3.73984e+10
-3.74792e+10
-3.73961e+10
-3.65059e+10
-3.39538e+10
-3.08058e+10
-3.28687e+10
-4.63315e+10
-5.96739e+10
-3.28095e+10
-3.93843e+10
-3.94774e+10
-3.94816e+10
-3.95139e+10
-3.96348e+10
-3.97255e+10
-3.97985e+10
-3.98657e+10
-3.99418e+10
-4.00227e+10
-4.01043e+10
-4.01853e+10
-4.02505e+10
-4.02899e+10
-4.03057e+10
-4.02993e+10
-4.02644e+10
-4.01966e+10
-4.00934e+10
-3.9952e+10
-3.97716e+10
-3.95547e+10
-3.93085e+10
-3.90443e+10
-3.87753e+10
-3.85147e+10
-3.82736e+10
-3.80608e+10
-3.78827e+10
-3.77432e+10
-3.76414e+10
-3.75701e+10
-3.75192e+10
-3.74821e+10
-3.74514e+10
-3.74152e+10
-3.73705e+10
-3.73214e+10
-3.72776e+10
-3.72522e+10
-3.72547e+10
-3.72835e+10
-3.73211e+10
-3.73464e+10
-3.73675e+10
-3.74146e+10
-3.73731e+10
-3.66827e+10
-3.45548e+10
-3.18502e+10
-3.37699e+10
-4.68473e+10
-6.20494e+10
-3.7621e+10
-3.94606e+10
-3.95131e+10
-3.94892e+10
-3.94695e+10
-3.96097e+10
-3.97421e+10
-3.98128e+10
-3.98757e+10
-3.99559e+10
-4.00377e+10
-4.01215e+10
-4.0203e+10
-4.02694e+10
-4.03117e+10
-4.03317e+10
-4.03291e+10
-4.02965e+10
-4.02296e+10
-4.01255e+10
-3.99819e+10
-3.97981e+10
-3.95769e+10
-3.93255e+10
-3.90553e+10
-3.878e+10
-3.85128e+10
-3.82651e+10
-3.80453e+10
-3.78593e+10
-3.77101e+10
-3.75968e+10
-3.75143e+10
-3.74538e+10
-3.74053e+10
-3.73591e+10
-3.73087e+10
-3.72513e+10
-3.71909e+10
-3.71394e+10
-3.71126e+10
-3.71227e+10
-3.71709e+10
-3.72426e+10
-3.73179e+10
-3.74019e+10
-3.75151e+10
-3.75142e+10
-3.67711e+10
-3.44424e+10
-3.16976e+10
-3.47542e+10
-4.98531e+10
-6.17343e+10
-3.04502e+10
-3.94422e+10
-3.94761e+10
-3.9517e+10
-3.95073e+10
-3.95975e+10
-3.96957e+10
-3.97806e+10
-3.98572e+10
-3.99429e+10
-4.00393e+10
-4.01368e+10
-4.0226e+10
-4.03008e+10
-4.03548e+10
-4.03879e+10
-4.03962e+10
-4.03726e+10
-4.03129e+10
-4.02131e+10
-4.00698e+10
-3.98796e+10
-3.96439e+10
-3.93705e+10
-3.90732e+10
-3.87697e+10
-3.84765e+10
-3.82074e+10
-3.79721e+10
-3.77767e+10
-3.76232e+10
-3.7509e+10
-3.7426e+10
-3.73636e+10
-3.73136e+10
-3.72673e+10
-3.72163e+10
-3.71577e+10
-3.70964e+10
-3.70435e+10
-3.70139e+10
-3.70194e+10
-3.70594e+10
-3.7118e+10
-3.71766e+10
-3.72441e+10
-3.73508e+10
-3.73882e+10
-3.68075e+10
-3.47643e+10
-3.18258e+10
-3.27163e+10
-4.46874e+10
-6.20775e+10
-4.12956e+10
-3.95376e+10
-3.95433e+10
-3.94961e+10
-3.94795e+10
-3.95902e+10
-3.97058e+10
-3.97934e+10
-3.9872e+10
-3.9955e+10
-4.00462e+10
-4.01412e+10
-4.02298e+10
-4.03025e+10
-4.03548e+10
-4.03863e+10
-4.03924e+10
-4.03667e+10
-4.03056e+10
-4.02057e+10
-4.00625e+10
-3.98727e+10
-3.96371e+10
-3.9363e+10
-3.90641e+10
-3.87577e+10
-3.84606e+10
-3.81867e+10
-3.79455e+10
-3.77427e+10
-3.758e+10
-3.74552e+10
-3.73618e+10
-3.729e+10
-3.72295e+10
-3.7171e+10
-3.71075e+10
-3.70372e+10
-3.69649e+10
-3.69029e+10
-3.68675e+10
-3.68721e+10
-3.69181e+10
-3.69904e+10
-3.70715e+10
-3.71704e+10
-3.73153e+10
-3.73853e+10
-3.67954e+10
-3.47124e+10
-3.21017e+10
-3.4594e+10
-4.84947e+10
-6.17612e+10
-3.28688e+10
-3.95446e+10
-3.95442e+10
-3.95491e+10
-3.95631e+10
-3.96316e+10
-3.97213e+10
-3.98095e+10
-3.98924e+10
-3.99826e+10
-4.00921e+10
-4.02119e+10
-4.03207e+10
-4.04148e+10
-4.04923e+10
-4.05492e+10
-4.05774e+10
-4.05698e+10
-4.05203e+10
-4.04251e+10
-4.02788e+10
-4.00757e+10
-3.98137e+10
-3.95005e+10
-3.91553e+10
-3.88031e+10
-3.84672e+10
-3.81657e+10
-3.7909e+10
-3.77014e+10
-3.75419e+10
-3.74246e+10
-3.73401e+10
-3.7278e+10
-3.72267e+10
-3.71756e+10
-3.71176e+10
-3.70512e+10
-3.69817e+10
-3.69219e+10
-3.68889e+10
-3.68977e+10
-3.69526e+10
-3.70433e+10
-3.71562e+10
-3.73029e+10
-3.75157e+10
-3.76973e+10
-3.73239e+10
-3.55758e+10
-3.31167e+10
-3.49152e+10
-4.71345e+10
-5.94901e+10
-3.1468e+10
-3.95649e+10
-3.9564e+10
-3.95497e+10
-3.95546e+10
-3.96307e+10
-3.97137e+10
-3.97969e+10
-3.98846e+10
-3.99774e+10
-4.00828e+10
-4.01951e+10
-4.03016e+10
-4.03952e+10
-4.04731e+10
-4.05311e+10
-4.05611e+10
-4.0555e+10
-4.05072e+10
-4.04131e+10
-4.02681e+10
-4.00663e+10
-3.98055e+10
-3.94933e+10
-3.91487e+10
-3.87963e+10
-3.84594e+10
-3.81558e+10
-3.78963e+10
-3.76853e+10
-3.7522e+10
-3.74011e+10
-3.73142e+10
-3.72501e+10
-3.71977e+10
-3.71467e+10
-3.70903e+10
-3.70269e+10
-3.6962e+10
-3.69077e+10
-3.68809e+10
-3.68954e+10
-3.69539e+10
-3.70432e+10
-3.71461e+10
-3.727e+10
-3.74407e+10
-3.75464e+10
-3.70332e+10
-3.50586e+10
-3.23274e+10
-3.39989e+10
-4.65153e+10
-5.90296e+10
-3.06193e+10
-3.95097e+10
-3.95069e+10
-3.95009e+10
-3.95347e+10
-3.95997e+10
-3.96874e+10
-3.97779e+10
-3.98658e+10
-3.99649e+10
-4.00861e+10
-4.02162e+10
-4.03413e+10
-4.04573e+10
-4.056e+10
-4.06419e+10
-4.06935e+10
-4.07052e+10
-4.06699e+10
-4.05839e+10
-4.04408e+10
-4.02305e+10
-3.99428e+10
-3.95823e+10
-3.91748e+10
-3.87565e+10
-3.83613e+10
-3.80123e+10
-3.7722e+10
-3.7493e+10
-3.73209e+10
-3.71967e+10
-3.71094e+10
-3.70475e+10
-3.69984e+10
-3.69505e+10
-3.68957e+10
-3.6832e+10
-3.67647e+10
-3.67056e+10
-3.66709e+10
-3.66753e+10
-3.67231e+10
-3.68037e+10
-3.69031e+10
-3.70293e+10
-3.72085e+10
-3.73376e+10
-3.6879e+10
-3.49597e+10
-3.21418e+10
-3.34835e+10
-4.58212e+10
-5.9399e+10
-3.17228e+10
-3.94943e+10
-3.94877e+10
-3.95149e+10
-3.95546e+10
-3.96154e+10
-3.96885e+10
-3.97755e+10
-3.9872e+10
-3.99805e+10
-4.01031e+10
-4.02331e+10
-4.03613e+10
-4.04813e+10
-4.05878e+10
-4.0673e+10
-4.07266e+10
-4.07391e+10
-4.07037e+10
-4.06165e+10
-4.04717e+10
-4.02578e+10
-3.99647e+10
-3.95978e+10
-3.91839e+10
-3.87605e+10
-3.83614e+10
-3.80099e+10
-3.77178e+10
-3.74875e+10
-3.73145e+10
-3.71897e+10
-3.71017e+10
-3.70382e+10
-3.69868e+10
-3.69365e+10
-3.68795e+10
-3.68138e+10
-3.67444e+10
-3.66836e+10
-3.66473e+10
-3.66493e+10
-3.66926e+10
-3.67649e+10
-3.68491e+10
-3.6949e+10
-3.70829e+10
-3.71333e+10
-3.65399e+10
-3.43765e+10
-3.09859e+10
-3.10317e+10
-4.24058e+10
-5.92274e+10
-3.39961e+10
-3.95253e+10
-3.95056e+10
-3.95052e+10
-3.95522e+10
-3.96259e+10
-3.9708e+10
-3.9793e+10
-3.98852e+10
-4.00013e+10
-4.0143e+10
-4.02922e+10
-4.04421e+10
-4.05894e+10
-4.07276e+10
-4.08473e+10
-4.09363e+10
-4.09814e+10
-4.09734e+10
-4.09076e+10
-4.07794e+10
-4.05716e+10
-4.02593e+10
-3.98383e+10
-3.93455e+10
-3.88423e+10
-3.83793e+10
-3.79864e+10
-3.76747e+10
-3.74423e+10
-3.72791e+10
-3.71719e+10
-3.71065e+10
-3.70686e+10
-3.70443e+10
-3.70217e+10
-3.69928e+10
-3.6955e+10
-3.69126e+10
-3.68766e+10
-3.68618e+10
-3.68807e+10
-3.69356e+10
-3.70142e+10
-3.71008e+10
-3.72e+10
-3.73317e+10
-3.73841e+10
-3.67998e+10
-3.46295e+10
-3.12109e+10
-3.13771e+10
-4.30715e+10
-5.99709e+10
-3.95659e+10
-3.94891e+10
-3.94599e+10
-3.94899e+10
-3.95544e+10
-3.96188e+10
-3.96863e+10
-3.97744e+10
-3.9877e+10
-3.9999e+10
-4.01404e+10
-4.02917e+10
-4.0446e+10
-4.05977e+10
-4.07399e+10
-4.08627e+10
-4.09537e+10
-4.09998e+10
-4.09919e+10
-4.09265e+10
-4.0798e+10
-4.0589e+10
-4.02752e+10
-3.98528e+10
-3.93594e+10
-3.88562e+10
-3.83937e+10
-3.80009e+10
-3.76883e+10
-3.74538e+10
-3.72877e+10
-3.71763e+10
-3.71051e+10
-3.70598e+10
-3.70266e+10
-3.69938e+10
-3.69533e+10
-3.69024e+10
-3.68449e+10
-3.67924e+10
-3.67606e+10
-3.67634e+10
-3.68056e+10
-3.68786e+10
-3.69714e+10
-3.70962e+10
-3.7283e+10
-3.74323e+10
-3.69954e+10
-3.5002e+10
-3.16839e+10
-3.17092e+10
-4.3011e+10
-5.90837e+10
-3.39527e+10
-3.94334e+10
-3.94108e+10
-3.94162e+10
-3.94635e+10
-3.95454e+10
-3.96304e+10
-3.97216e+10
-3.98353e+10
-3.99817e+10
-4.0154e+10
-4.0342e+10
-4.05405e+10
-4.07434e+10
-4.09415e+10
-4.11223e+10
-4.1269e+10
-4.13626e+10
-4.13882e+10
-4.13411e+10
-4.12222e+10
-4.10096e+10
-4.0652e+10
-4.01182e+10
-3.94643e+10
-3.88067e+10
-3.82312e+10
-3.77739e+10
-3.74395e+10
-3.72143e+10
-3.70767e+10
-3.70042e+10
-3.69766e+10
-3.69755e+10
-3.69851e+10
-3.6993e+10
-3.69915e+10
-3.69793e+10
-3.69621e+10
-3.69524e+10
-3.69669e+10
-3.70204e+10
-3.71184e+10
-3.7254e+10
-3.74184e+10
-3.76291e+10
-3.79258e+10
-3.82202e+10
-3.79741e+10
-3.62552e+10
-3.34512e+10
-3.44733e+10
-4.63179e+10
-5.98658e+10
-3.01068e+10
-3.94221e+10
-3.93936e+10
-3.94105e+10
-3.94693e+10
-3.954e+10
-3.96192e+10
-3.97223e+10
-3.98468e+10
-3.99952e+10
-4.01683e+10
-4.03602e+10
-4.05641e+10
-4.07726e+10
-4.09762e+10
-4.11623e+10
-4.13139e+10
-4.14109e+10
-4.14364e+10
-4.13846e+10
-4.12563e+10
-4.10313e+10
-4.0659e+10
-4.01105e+10
-3.94457e+10
-3.87832e+10
-3.82103e+10
-3.77606e+10
-3.74366e+10
-3.72225e+10
-3.7096e+10
-3.70337e+10
-3.70144e+10
-3.70192e+10
-3.70318e+10
-3.70392e+10
-3.70332e+10
-3.70111e+10
-3.69782e+10
-3.69457e+10
-3.69296e+10
-3.69445e+10
-3.69968e+10
-3.70822e+10
-3.71981e+10
-3.73711e+10
-3.76545e+10
-3.79793e+10
-3.7828e+10
-3.62689e+10
-3.36871e+10
-3.51162e+10
-4.75357e+10
-6.04978e+10
-3.21775e+10
-3.94333e+10
-3.9433e+10
-3.9439e+10
-3.94711e+10
-3.95429e+10
-3.9628e+10
-3.97303e+10
-3.9866e+10
-4.00361e+10
-4.02351e+10
-4.04614e+10
-4.0709e+10
-4.09691e+10
-4.12299e+10
-4.14751e+10
-4.16834e+10
-4.18306e+10
-4.18946e+10
-4.18708e+10
-4.17703e+10
-4.15808e+10
-4.12116e+10
-4.05595e+10
-3.96862e+10
-3.88123e+10
-3.80994e+10
-3.75839e+10
-3.72533e+10
-3.70679e+10
-3.69862e+10
-3.69734e+10
-3.70011e+10
-3.70468e+10
-3.70928e+10
-3.71258e+10
-3.71374e+10
-3.71258e+10
-3.70963e+10
-3.70613e+10
-3.70372e+10
-3.70385e+10
-3.70714e+10
-3.71325e+10
-3.72215e+10
-3.73704e+10
-3.76374e+10
-3.79497e+10
-3.77723e+10
-3.61788e+10
-3.36432e+10
-3.53075e+10
-4.83089e+10
-6.2922e+10
-3.5228e+10
-3.94301e+10
-3.94291e+10
-3.94325e+10
-3.94678e+10
-3.95363e+10
-3.963e+10
-3.97423e+10
-3.98831e+10
-4.00556e+10
-4.02594e+10
-4.04908e+10
-4.07431e+10
-4.10067e+10
-4.12694e+10
-4.15143e+10
-4.17199e+10
-4.18613e+10
-4.19178e+10
-4.18845e+10
-4.17725e+10
-4.15682e+10
-4.11809e+10
-4.05072e+10
-3.96072e+10
-3.8707e+10
-3.79749e+10
-3.74498e+10
-3.71179e+10
-3.69374e+10
-3.68642e+10
-3.68612e+10
-3.68986e+10
-3.69534e+10
-3.70075e+10
-3.70478e+10
-3.70667e+10
-3.70624e+10
-3.70406e+10
-3.70136e+10
-3.69973e+10
-3.70062e+10
-3.70457e+10
-3.71114e+10
-3.72023e+10
-3.73488e+10
-3.76079e+10
-3.79033e+10
-3.76868e+10
-3.59774e+10
-3.30552e+10
-3.37618e+10
-4.63262e+10
-6.47366e+10
-4.29188e+10
-3.93042e+10
-3.93154e+10
-3.93186e+10
-3.93413e+10
-3.93962e+10
-3.94772e+10
-3.95883e+10
-3.97382e+10
-3.99316e+10
-4.01693e+10
-4.0449e+10
-4.07643e+10
-4.1105e+10
-4.14554e+10
-4.17935e+10
-4.20914e+10
-4.23159e+10
-4.24347e+10
-4.2437e+10
-4.23548e+10
-4.22151e+10
-4.18954e+10
-4.11234e+10
-3.98795e+10
-3.85925e+10
-3.76547e+10
-3.70742e+10
-3.67701e+10
-3.66519e+10
-3.66512e+10
-3.67195e+10
-3.68227e+10
-3.69363e+10
-3.70431e+10
-3.71306e+10
-3.71909e+10
-3.7222e+10
-3.72285e+10
-3.72211e+10
-3.72129e+10
-3.72146e+10
-3.72274e+10
-3.72427e+10
-3.72565e+10
-3.7298e+10
-3.74195e+10
-3.75301e+10
-3.7061e+10
-3.50351e+10
-3.18288e+10
-3.25728e+10
-4.61374e+10
-6.69578e+10
-4.66001e+10
-3.92997e+10
-3.93054e+10
-3.93047e+10
-3.93264e+10
-3.93847e+10
-3.94676e+10
-3.95733e+10
-3.97187e+10
-3.99068e+10
-4.01379e+10
-4.04095e+10
-4.07157e+10
-4.1046e+10
-4.13853e+10
-4.17124e+10
-4.20004e+10
-4.22176e+10
-4.2334e+10
-4.23411e+10
-4.22713e+10
-4.21517e+10
-4.18628e+10
-4.1136e+10
-3.99376e+10
-3.86705e+10
-3.77236e+10
-3.71143e+10
-3.67737e+10
-3.66197e+10
-3.65865e+10
-3.66257e+10
-3.67027e+10
-3.67935e+10
-3.68808e+10
-3.69522e+10
-3.7001e+10
-3.70271e+10
-3.70371e+10
-3.7044e+10
-3.7064e+10
-3.71107e+10
-3.71881e+10
-3.72905e+10
-3.74149e+10
-3.75899e+10
-3.78639e+10
-3.81363e+10
-3.78161e+10
-3.58704e+10
-3.25184e+10
-3.25437e+10
-4.47055e+10
-6.40937e+10
-4.16317e+10
-3.92323e+10
-3.92454e+10
-3.92624e+10
-3.92977e+10
-3.93542e+10
-3.944e+10
-3.95645e+10
-3.97366e+10
-3.99638e+10
-4.02486e+10
-4.05879e+10
-4.09738e+10
-4.13943e+10
-4.18305e+10
-4.22556e+10
-4.26355e+10
-4.29319e+10
-4.3107e+10
-4.31414e+10
-4.30862e+10
-4.30507e+10
-4.29318e+10
-4.21274e+10
-4.02202e+10
-3.80793e+10
-3.68374e+10
-3.62553e+10
-3.6026e+10
-3.60099e+10
-3.61062e+10
-3.62558e+10
-3.6423e+10
-3.65879e+10
-3.67385e+10
-3.68672e+10
-3.69703e+10
-3.7049e+10
-3.71107e+10
-3.71683e+10
-3.7237e+10
-3.73284e+10
-3.74442e+10
-3.75757e+10
-3.77183e+10
-3.78972e+10
-3.81503e+10
-3.83526e+10
-3.79006e+10
-3.58602e+10
-3.27825e+10
-3.37536e+10
-4.63998e+10
-6.32757e+10
-3.9592e+10
-3.92444e+10
-3.92533e+10
-3.92736e+10
-3.93115e+10
-3.937e+10
-3.94513e+10
-3.95684e+10
-3.97319e+10
-3.99482e+10
-4.02195e+10
-4.0543e+10
-4.09112e+10
-4.13126e+10
-4.17297e+10
-4.21372e+10
-4.25022e+10
-4.27866e+10
-4.29518e+10
-4.29791e+10
-4.29216e+10
-4.28878e+10
-4.27855e+10
-4.20582e+10
-4.0276e+10
-3.82378e+10
-3.70143e+10
-3.64007e+10
-3.61347e+10
-3.60867e+10
-3.61556e+10
-3.62805e+10
-3.64238e+10
-3.65638e+10
-3.66873e+10
-3.67862e+10
-3.68568e+10
-3.69011e+10
-3.69278e+10
-3.69518e+10
-3.69908e+10
-3.706e+10
-3.71656e+10
-3.73047e+10
-3.74795e+10
-3.77241e+10
-3.8087e+10
-3.84539e+10
-3.82253e+10
-3.64462e+10
-3.36322e+10
-3.49272e+10
-4.75348e+10
-6.10068e+10
-3.19981e+10
-3.9129e+10
-3.91168e+10
-3.91315e+10
-3.91532e+10
-3.91849e+10
-3.92376e+10
-3.93287e+10
-3.94736e+10
-3.96849e+10
-3.99688e+10
-4.03246e+10
-4.07482e+10
-4.12355e+10
-4.17768e+10
-4.23445e+10
-4.2895e+10
-4.33799e+10
-4.37472e+10
-4.39525e+10
-4.40416e+10
-4.4222e+10
-4.45431e+10
-4.4019e+10
-4.10424e+10
-3.7249e+10
-3.55862e+10
-3.50497e+10
-3.49902e+10
-3.51899e+10
-3.54612e+10
-3.57289e+10
-3.59658e+10
-3.61654e+10
-3.63261e+10
-3.64479e+10
-3.65325e+10
-3.65849e+10
-3.66158e+10
-3.66408e+10
-3.66781e+10
-3.67432e+10
-3.68427e+10
-3.69742e+10
-3.71402e+10
-3.73729e+10
-3.77099e+10
-3.80133e+10
-3.76813e+10
-3.5901e+10
-3.35735e+10
-3.59378e+10
-4.87731e+10
-6.02881e+10
-3.09279e+10
-3.91433e+10
-3.91409e+10
-3.91606e+10
-3.91885e+10
-3.92232e+10
-3.92761e+10
-3.9365e+10
-3.95046e+10
-3.97074e+10
-3.99796e+10
-4.03204e+10
-4.07256e+10
-4.11896e+10
-4.17022e+10
-4.22395e+10
-4.27615e+10
-4.32199e+10
-4.35613e+10
-4.37279e+10
-4.37575e+10
-4.38744e+10
-4.41904e+10
-4.38249e+10
-4.1195e+10
-3.761e+10
-3.59116e+10
-3.52817e+10
-3.51619e+10
-3.53155e+10
-3.55537e+10
-3.57997e+10
-3.60222e+10
-3.62112e+10
-3.63625e+10
-3.64743e+10
-3.6547e+10
-3.65849e+10
-3.65977e+10
-3.66006e+10
-3.6612e+10
-3.66481e+10
-3.6717e+10
-3.68186e+10
-3.6959e+10
-3.71747e+10
-3.75085e+10
-3.78253e+10
-3.75115e+10
-3.56987e+10
-3.31098e+10
-3.47191e+10
-4.67068e+10
-5.92153e+10
-3.05415e+10
-3.89624e+10
-3.89468e+10
-3.89481e+10
-3.89426e+10
-3.89428e+10
-3.89615e+10
-3.9024e+10
-3.9158e+10
-3.93893e+10
-3.97337e+10
-4.01972e+10
-4.07802e+10
-4.14861e+10
-4.23102e+10
-4.32018e+10
-4.40816e+10
-4.48833e+10
-4.55488e+10
-4.60061e+10
-4.62897e+10
-4.66529e+10
-4.73389e+10
-4.76177e+10
-4.42307e+10
-3.84814e+10
-3.41517e+10
-3.38135e+10
-3.42479e+10
-3.47815e+10
-3.5237e+10
-3.56026e+10
-3.58906e+10
-3.61147e+10
-3.62834e+10
-3.64023e+10
-3.64771e+10
-3.65162e+10
-3.65314e+10
-3.65384e+10
-3.65557e+10
-3.65988e+10
-3.66743e+10
-3.67786e+10
-3.69126e+10
-3.71032e+10
-3.7378e+10
-3.75883e+10
-3.7139e+10
-3.5267e+10
-3.28879e+10
-3.49443e+10
-4.69846e+10
-5.90399e+10
-3.02306e+10
-3.8984e+10
-3.89727e+10
-3.89795e+10
-3.89771e+10
-3.89792e+10
-3.89995e+10
-3.90621e+10
-3.91943e+10
-3.94215e+10
-3.97595e+10
-4.02134e+10
-4.07837e+10
-4.14706e+10
-4.22654e+10
-4.31344e+10
-4.40083e+10
-4.47984e+10
-4.54373e+10
-4.57865e+10
-4.58691e+10
-4.60511e+10
-4.67816e+10
-4.73574e+10
-4.46201e+10
-3.91616e+10
-3.41171e+10
-3.38052e+10
-3.42599e+10
-3.47977e+10
-3.52507e+10
-3.56137e+10
-3.5901e+10
-3.61275e+10
-3.63018e+10
-3.64292e+10
-3.65145e+10
-3.65653e+10
-3.65927e+10
-3.66123e+10
-3.66411e+10
-3.66929e+10
-3.67722e+10
-3.68729e+10
-3.69924e+10
-3.71522e+10
-3.73709e+10
-3.74786e+10
-3.6826e+10
-3.45411e+10
-3.13785e+10
-3.21813e+10
-4.33341e+10
-5.8098e+10
-3.36954e+10
-3.89321e+10
-3.89367e+10
-3.89173e+10
-3.88904e+10
-3.88634e+10
-3.88566e+10
-3.89012e+10
-3.90347e+10
-3.92914e+10
-3.9688e+10
-4.02208e+10
-4.08743e+10
-4.16387e+10
-4.25022e+10
-4.34205e+10
-4.43074e+10
-4.51003e+10
-4.57571e+10
-4.6208e+10
-4.65054e+10
-4.6876e+10
-4.76852e+10
-4.86264e+10
-4.78119e+10
-4.26467e+10
-2.81529e+10
-3.08303e+10
-3.29333e+10
-3.41434e+10
-3.48842e+10
-3.53829e+10
-3.57369e+10
-3.59972e+10
-3.61884e+10
-3.63247e+10
-3.64163e+10
-3.64741e+10
-3.65121e+10
-3.65481e+10
-3.66004e+10
-3.66825e+10
-3.67972e+10
-3.69348e+10
-3.70858e+10
-3.72631e+10
-3.74798e+10
-3.75791e+10
-3.69658e+10
-3.48595e+10
-3.21425e+10
-3.39918e+10
-4.67145e+10
-6.05363e+10
-3.61281e+10
-3.89303e+10
-3.89355e+10
-3.89215e+10
-3.8899e+10
-3.88788e+10
-3.88791e+10
-3.8929e+10
-3.90632e+10
-3.9314e+10
-3.97e+10
-4.02222e+10
-4.08715e+10
-4.16365e+10
-4.25011e+10
-4.34302e+10
-4.43314e+10
-4.51003e+10
-4.5732e+10
-4.6121e+10
-4.62755e+10
-4.65533e+10
-4.76124e+10
-4.86378e+10
-4.81658e+10
-4.50142e+10
-2.7944e+10
-3.07249e+10
-3.28502e+10
-3.40922e+10
-3.48506e+10
-3.53583e+10
-3.57165e+10
-3.59789e+10
-3.61719e+10
-3.63106e+10
-3.64055e+10
-3.64676e+10
-3.65108e+10
-3.65525e+10
-3.66103e+10
-3.6697e+10
-3.68138e+10
-3.69493e+10
-3.70916e+10
-3.72496e+10
-3.74286e+10
-3.74503e+10
-3.66572e+10
-3.41997e+10
-3.12242e+10
-3.39553e+10
-4.87613e+10
-6.01366e+10
-3.00087e+10
-3.89214e+10
-3.89258e+10
-3.89066e+10
-3.88774e+10
-3.88478e+10
-3.88401e+10
-3.88867e+10
-3.90268e+10
-3.92952e+10
-3.97022e+10
-4.02333e+10
-4.08764e+10
-4.16349e+10
-4.25049e+10
-4.34317e+10
-4.43262e+10
-4.51293e+10
-4.57907e+10
-4.62586e+10
-4.65629e+10
-4.69402e+10
-4.76748e+10
-4.84432e+10
-4.46016e+10
-2.15586e+10
-3.03309e+10
-3.2563e+10
-3.38808e+10
-3.46867e+10
-3.52171e+10
-3.55827e+10
-3.58432e+10
-3.60289e+10
-3.61567e+10
-3.62388e+10
-3.6287e+10
-3.63161e+10
-3.63444e+10
-3.63904e+10
-3.64675e+10
-3.65774e+10
-3.67088e+10
-3.68496e+10
-3.70108e+10
-3.72109e+10
-3.73178e+10
-3.67727e+10
-3.47811e+10
-3.20498e+10
-3.33474e+10
-4.50036e+10
-6.01356e+10
-3.86898e+10
-3.89192e+10
-3.89434e+10
-3.89191e+10
-3.88967e+10
-3.88735e+10
-3.88722e+10
-3.89213e+10
-3.90573e+10
-3.93132e+10
-3.97061e+10
-4.02335e+10
-4.08831e+10
-4.16452e+10
-4.25075e+10
-4.3432e+10
-4.43341e+10
-4.51136e+10
-4.57273e+10
-4.61206e+10
-4.62584e+10
-4.65219e+10
-4.75175e+10
-4.90138e+10
-4.82065e+10
-2.25595e+10
-3.03189e+10
-3.25223e+10
-3.38558e+10
-3.46805e+10
-3.5224e+10
-3.55985e+10
-3.58645e+10
-3.60527e+10
-3.61804e+10
-3.62594e+10
-3.63015e+10
-3.6321e+10
-3.63358e+10
-3.63645e+10
-3.6421e+10
-3.65082e+10
-3.66164e+10
-3.67353e+10
-3.68785e+10
-3.70658e+10
-3.71601e+10
-3.65785e+10
-3.45276e+10
-3.20301e+10
-3.47224e+10
-4.84489e+10
-6.04999e+10
-3.08716e+10
-3.90065e+10
-3.90025e+10
-3.9001e+10
-3.89863e+10
-3.89746e+10
-3.89819e+10
-3.90365e+10
-3.9173e+10
-3.94239e+10
-3.98017e+10
-4.02956e+10
-4.09016e+10
-4.16243e+10
-4.2455e+10
-4.33479e+10
-4.42213e+10
-4.49874e+10
-4.5606e+10
-4.60108e+10
-4.6187e+10
-4.63929e+10
-4.70033e+10
-4.76699e+10
-4.64296e+10
-3.69198e+10
-3.28558e+10
-3.2894e+10
-3.36772e+10
-3.44391e+10
-3.50196e+10
-3.54449e+10
-3.5758e+10
-3.59903e+10
-3.61596e+10
-3.62764e+10
-3.63485e+10
-3.6385e+10
-3.63982e+10
-3.64042e+10
-3.64196e+10
-3.6457e+10
-3.6518e+10
-3.65923e+10
-3.66701e+10
-3.67677e+10
-3.6918e+10
-3.70235e+10
-3.65833e+10
-3.48584e+10
-3.26161e+10
-3.47524e+10
-4.69355e+10
-5.83035e+10
-3.03357e+10
-3.90103e+10
-3.90239e+10
-3.90227e+10
-3.902e+10
-3.90209e+10
-3.90412e+10
-3.91052e+10
-3.92429e+10
-3.94824e+10
-3.98384e+10
-4.03089e+10
-4.08854e+10
-4.15602e+10
-4.23229e+10
-4.31462e+10
-4.3962e+10
-4.46992e+10
-4.52737e+10
-4.56494e+10
-4.58783e+10
-4.62235e+10
-4.69231e+10
-4.72601e+10
-4.6097e+10
-3.76597e+10
-3.25523e+10
-3.2643e+10
-3.3517e+10
-3.43463e+10
-3.49702e+10
-3.54216e+10
-3.57503e+10
-3.59916e+10
-3.61654e+10
-3.62829e+10
-3.63521e+10
-3.6382e+10
-3.6385e+10
-3.63769e+10
-3.63748e+10
-3.63916e+10
-3.64302e+10
-3.64819e+10
-3.65378e+10
-3.66137e+10
-3.67385e+10
-3.68047e+10
-3.62908e+10
-3.44031e+10
-3.17474e+10
-3.31172e+10
-4.51627e+10
-5.90672e+10
-3.25561e+10
-3.92421e+10
-3.9245e+10
-3.9263e+10
-3.92817e+10
-3.93094e+10
-3.93557e+10
-3.94372e+10
-3.95734e+10
-3.9782e+10
-4.00716e+10
-4.0439e+10
-4.08783e+10
-4.13831e+10
-4.19388e+10
-4.25141e+10
-4.30588e+10
-4.35109e+10
-4.38121e+10
-4.39152e+10
-4.38604e+10
-4.38816e+10
-4.4117e+10
-4.37227e+10
-4.09184e+10
-3.7541e+10
-3.58041e+10
-3.51764e+10
-3.50762e+10
-3.52453e+10
-3.54806e+10
-3.57127e+10
-3.5915e+10
-3.6081e+10
-3.62081e+10
-3.6296e+10
-3.63458e+10
-3.63626e+10
-3.63558e+10
-3.63387e+10
-3.63257e+10
-3.63274e+10
-3.63438e+10
-3.63637e+10
-3.63769e+10
-3.64003e+10
-3.64716e+10
-3.6511e+10
-3.60528e+10
-3.43629e+10
-3.20464e+10
-3.37558e+10
-4.57376e+10
-5.88323e+10
-3.09388e+10
-3.92336e+10
-3.92355e+10
-3.92531e+10
-3.92738e+10
-3.93049e+10
-3.93556e+10
-3.94418e+10
-3.95817e+10
-3.97916e+10
-4.00795e+10
-4.04431e+10
-4.08742e+10
-4.13617e+10
-4.18895e+10
-4.24301e+10
-4.29402e+10
-4.33696e+10
-4.36621e+10
-4.37856e+10
-4.38035e+10
-4.39289e+10
-4.42097e+10
-4.37384e+10
-4.09983e+10
-3.74805e+10
-3.56052e+10
-3.49784e+10
-3.49234e+10
-3.51383e+10
-3.54059e+10
-3.56572e+10
-3.5869e+10
-3.60375e+10
-3.61622e+10
-3.62439e+10
-3.62846e+10
-3.62902e+10
-3.62707e+10
-3.62403e+10
-3.62146e+10
-3.62055e+10
-3.62147e+10
-3.62322e+10
-3.62475e+10
-3.6273e+10
-3.63361e+10
-3.63397e+10
-3.57872e+10
-3.38359e+10
-3.06909e+10
-3.04172e+10
-4.08995e+10
-5.91169e+10
-4.3925e+10
-3.93332e+10
-3.93401e+10
-3.93628e+10
-3.93979e+10
-3.94498e+10
-3.95253e+10
-3.96345e+10
-3.97885e+10
-3.99959e+10
-4.026e+10
-4.05786e+10
-4.09442e+10
-4.13441e+10
-4.17581e+10
-4.21578e+10
-4.25079e+10
-4.27706e+10
-4.2909e+10
-4.28964e+10
-4.27722e+10
-4.265e+10
-4.24635e+10
-4.16719e+10
-3.99022e+10
-3.79825e+10
-3.67921e+10
-3.61588e+10
-3.58665e+10
-3.58025e+10
-3.58578e+10
-3.59673e+10
-3.60904e+10
-3.62049e+10
-3.6298e+10
-3.63629e+10
-3.63974e+10
-3.64051e+10
-3.63945e+10
-3.63788e+10
-3.63726e+10
-3.63862e+10
-3.64201e+10
-3.64637e+10
-3.65074e+10
-3.65686e+10
-3.66862e+10
-3.67855e+10
-3.64132e+10
-3.48473e+10
-3.26535e+10
-3.42407e+10
-4.54547e+10
-5.79651e+10
-3.02115e+10
-3.93175e+10
-3.93231e+10
-3.93453e+10
-3.93798e+10
-3.94316e+10
-3.95078e+10
-3.9619e+10
-3.97765e+10
-3.99896e+10
-4.02621e+10
-4.05917e+10
-4.09703e+10
-4.13845e+10
-4.18134e+10
-4.22283e+10
-4.25926e+10
-4.28658e+10
-4.30089e+10
-4.30051e+10
-4.29036e+10
-4.28052e+10
-4.26065e+10
-4.17554e+10
-3.98871e+10
-3.78592e+10
-3.66238e+10
-3.60087e+10
-3.57538e+10
-3.57254e+10
-3.58066e+10
-3.5931e+10
-3.60603e+10
-3.61743e+10
-3.6262e+10
-3.63178e+10
-3.63405e+10
-3.63344e+10
-3.63091e+10
-3.62787e+10
-3.62587e+10
-3.62606e+10
-3.6286e+10
-3.63248e+10
-3.63667e+10
-3.64247e+10
-3.65287e+10
-3.65897e+10
-3.61223e+10
-3.42913e+10
-3.13626e+10
-3.15823e+10
-4.24054e+10
-5.81794e+10
-3.50485e+10
-3.94253e+10
-3.94328e+10
-3.94556e+10
-3.94928e+10
-3.95489e+10
-3.96293e+10
-3.97409e+10
-3.98905e+10
-4.00828e+10
-4.0319e+10
-4.05967e+10
-4.0909e+10
-4.12442e+10
-4.15846e+10
-4.19068e+10
-4.21836e+10
-4.23866e+10
-4.24878e+10
-4.24714e+10
-4.2359e+10
-4.2171e+10
-4.17845e+10
-4.09334e+10
-3.96179e+10
-3.8286e+10
-3.73147e+10
-3.67125e+10
-3.63892e+10
-3.62555e+10
-3.62379e+10
-3.62847e+10
-3.63598e+10
-3.64397e+10
-3.65088e+10
-3.65581e+10
-3.65844e+10
-3.65906e+10
-3.65859e+10
-3.65839e+10
-3.65999e+10
-3.66449e+10
-3.672e+10
-3.6815e+10
-3.69206e+10
-3.70539e+10
-3.72507e+10
-3.74246e+10
-3.70962e+10
-3.55223e+10
-3.3319e+10
-3.51049e+10
-4.70121e+10
-6.0233e+10
-3.43388e+10
-3.94356e+10
-3.94392e+10
-3.94611e+10
-3.94962e+10
-3.95499e+10
-3.96273e+10
-3.97358e+10
-3.98825e+10
-4.00727e+10
-4.03082e+10
-4.05869e+10
-4.09028e+10
-4.12446e+10
-4.15955e+10
-4.19328e+10
-4.22281e+10
-4.24492e+10
-4.25645e+10
-4.25598e+10
-4.24605e+10
-4.22834e+10
-4.18912e+10
-4.10085e+10
-3.96465e+10
-3.82778e+10
-3.73047e+10
-3.67199e+10
-3.64141e+10
-3.62922e+10
-3.62801e+10
-3.6327e+10
-3.63987e+10
-3.64728e+10
-3.65346e+10
-3.65756e+10
-3.6593e+10
-3.659e+10
-3.65759e+10
-3.65646e+10
-3.65708e+10
-3.66047e+10
-3.66659e+10
-3.67418e+10
-3.68195e+10
-3.69109e+10
-3.70457e+10
-3.71297e+10
-3.66602e+10
-3.48489e+10
-3.24275e+10
-3.47172e+10
-4.81759e+10
-6.08922e+10
-3.06579e+10
-3.95388e+10
-3.95481e+10
-3.95734e+10
-3.96129e+10
-3.96705e+10
-3.97493e+10
-3.98539e+10
-3.99877e+10
-4.01527e+10
-4.03482e+10
-4.05711e+10
-4.0815e+10
-4.10702e+10
-4.13236e+10
-4.15587e+10
-4.17551e+10
-4.18879e+10
-4.19356e+10
-4.18923e+10
-4.17687e+10
-4.15501e+10
-4.11412e+10
-4.04349e+10
-3.94958e+10
-3.85564e+10
-3.77945e+10
-3.72509e+10
-3.69037e+10
-3.67058e+10
-3.66111e+10
-3.65825e+10
-3.65911e+10
-3.66154e+10
-3.66393e+10
-3.66521e+10
-3.66491e+10
-3.66317e+10
-3.6608e+10
-3.65906e+10
-3.65935e+10
-3.66263e+10
-3.66878e+10
-3.6765e+10
-3.6845e+10
-3.69394e+10
-3.70726e+10
-3.71306e+10
-3.65741e+10
-3.45635e+10
-3.16019e+10
-3.24548e+10
-4.50324e+10
-6.41715e+10
-4.63105e+10
-3.95557e+10
-3.9561e+10
-3.95861e+10
-3.96241e+10
-3.96797e+10
-3.97558e+10
-3.98567e+10
-3.9986e+10
-4.01458e+10
-4.03355e+10
-4.05521e+10
-4.07898e+10
-4.10393e+10
-4.12886e+10
-4.15217e+10
-4.17179e+10
-4.18523e+10
-4.19033e+10
-4.18655e+10
-4.17501e+10
-4.15425e+10
-4.11467e+10
-4.04563e+10
-3.95314e+10
-3.86045e+10
-3.7851e+10
-3.73103e+10
-3.69595e+10
-3.67532e+10
-3.66475e+10
-3.6607e+10
-3.6604e+10
-3.66177e+10
-3.66325e+10
-3.66381e+10
-3.663e+10
-3.66099e+10
-3.65857e+10
-3.65698e+10
-3.65753e+10
-3.66102e+10
-3.66708e+10
-3.67404e+10
-3.68012e+10
-3.68601e+10
-3.69378e+10
-3.69138e+10
-3.62264e+10
-3.40614e+10
-3.14188e+10
-3.436e+10
-4.9733e+10
-6.35956e+10
-3.34862e+10
-3.96456e+10
-3.96546e+10
-3.96827e+10
-3.97247e+10
-3.97836e+10
-3.98611e+10
-3.99596e+10
-4.00806e+10
-4.02239e+10
-4.03875e+10
-4.0567e+10
-4.07558e+10
-4.09449e+10
-4.11236e+10
-4.12793e+10
-4.13975e+10
-4.14623e+10
-4.14599e+10
-4.13841e+10
-4.12348e+10
-4.09941e+10
-4.06152e+10
-4.00681e+10
-3.94056e+10
-3.87397e+10
-3.81584e+10
-3.77004e+10
-3.73696e+10
-3.71494e+10
-3.70161e+10
-3.69455e+10
-3.69155e+10
-3.69066e+10
-3.6903e+10
-3.6893e+10
-3.68706e+10
-3.68366e+10
-3.67983e+10
-3.67683e+10
-3.67609e+10
-3.67864e+10
-3.6845e+10
-3.69245e+10
-3.70144e+10
-3.71282e+10
-3.72871e+10
-3.73595e+10
-3.67765e+10
-3.46987e+10
-3.17241e+10
-3.27007e+10
-4.48709e+10
-6.14692e+10
-3.90701e+10
-3.96442e+10
-3.96521e+10
-3.96791e+10
-3.97202e+10
-3.97782e+10
-3.98546e+10
-3.99518e+10
-4.00712e+10
-4.02126e+10
-4.03739e+10
-4.05508e+10
-4.07366e+10
-4.09227e+10
-4.10986e+10
-4.12518e+10
-4.13681e+10
-4.14326e+10
-4.14311e+10
-4.13573e+10
-4.12114e+10
-4.09765e+10
-4.06074e+10
-4.00743e+10
-3.94288e+10
-3.87764e+10
-3.8203e+10
-3.77467e+10
-3.74126e+10
-3.7186e+10
-3.70448e+10
-3.69658e+10
-3.69273e+10
-3.69103e+10
-3.68991e+10
-3.68824e+10
-3.68545e+10
-3.68161e+10
-3.67748e+10
-3.67432e+10
-3.67352e+10
-3.67605e+10
-3.68172e+10
-3.68908e+10
-3.69667e+10
-3.70544e+10
-3.71716e+10
-3.71773e+10
-3.64755e+10
-3.42506e+10
-3.15206e+10
-3.4061e+10
-4.81294e+10
-6.10402e+10
-3.13029e+10
-3.97371e+10
-3.97404e+10
-3.97652e+10
-3.98017e+10
-3.98533e+10
-3.99208e+10
-4.00054e+10
-4.01075e+10
-4.02263e+10
-4.03594e+10
-4.05027e+10
-4.06502e+10
-4.07945e+10
-4.09267e+10
-4.10362e+10
-4.111e+10
-4.11346e+10
-4.10999e+10
-4.10006e+10
-4.08309e+10
-4.05766e+10
-4.02185e+10
-3.97587e+10
-3.92379e+10
-3.87173e+10
-3.82481e+10
-3.78584e+10
-3.75564e+10
-3.73368e+10
-3.71872e+10
-3.70915e+10
-3.70326e+10
-3.69936e+10
-3.69592e+10
-3.69176e+10
-3.68623e+10
-3.67933e+10
-3.6718e+10
-3.66501e+10
-3.66055e+10
-3.65966e+10
-3.66267e+10
-3.66884e+10
-3.67767e+10
-3.69122e+10
-3.71225e+10
-3.72777e+10
-3.68265e+10
-3.50466e+10
-3.28771e+10
-3.53914e+10
-4.80988e+10
-5.95518e+10
-3.04203e+10
-3.97305e+10
-3.97358e+10
-3.97609e+10
-3.97986e+10
-3.98519e+10
-3.99214e+10
-4.00085e+10
-4.01134e+10
-4.02354e+10
-4.03718e+10
-4.05183e+10
-4.06686e+10
-4.08152e+10
-4.09488e+10
-4.10584e+10
-4.11317e+10
-4.11561e+10
-4.11214e+10
-4.10214e+10
-4.08498e+10
-4.0592e+10
-4.0229e+10
-3.97643e+10
-3.9238e+10
-3.87126e+10
-3.82383e+10
-3.78429e+10
-3.75353e+10
-3.73102e+10
-3.71551e+10
-3.7054e+10
-3.69895e+10
-3.69445e+10
-3.69038e+10
-3.68558e+10
-3.6794e+10
-3.67195e+10
-3.66402e+10
-3.65704e+10
-3.65267e+10
-3.65224e+10
-3.65611e+10
-3.66342e+10
-3.67338e+10
-3.68753e+10
-3.70759e+10
-3.71806e+10
-3.65818e+10
-3.44774e+10
-3.17572e+10
-3.35972e+10
-4.6116e+10
-5.91864e+10
-3.22505e+10
-3.9784e+10
-3.97928e+10
-3.98145e+10
-3.98493e+10
-3.98973e+10
-3.99587e+10
-4.00336e+10
-4.01217e+10
-4.02213e+10
-4.03296e+10
-4.04423e+10
-4.05539e+10
-4.06578e+10
-4.07468e+10
-4.08135e+10
-4.08507e+10
-4.08513e+10
-4.08069e+10
-4.07098e+10
-4.05524e+10
-4.03247e+10
-4.00209e+10
-3.96486e+10
-3.92346e+10
-3.88162e+10
-3.84259e+10
-3.80862e+10
-3.78079e+10
-3.75923e+10
-3.74338e+10
-3.73224e+10
-3.7245e+10
-3.71871e+10
-3.71343e+10
-3.70752e+10
-3.70034e+10
-3.69197e+10
-3.68317e+10
-3.67521e+10
-3.66963e+10
-3.66771e+10
-3.6697e+10
-3.67471e+10
-3.68197e+10
-3.69311e+10
-3.70991e+10
-3.71765e+10
-3.66005e+10
-3.4691e+10
-3.24904e+10
-3.49655e+10
-4.71371e+10
-5.82603e+10
-2.88626e+10
-3.97916e+10
-3.97976e+10
-3.98205e+10
-3.98554e+10
-3.99038e+10
-3.99656e+10
-4.00412e+10
-4.013e+10
-4.02307e+10
-4.03404e+10
-4.0455e+10
-4.05692e+10
-4.06766e+10
-4.07702e+10
-4.08421e+10
-4.08838e+10
-4.08867e+10
-4.08425e+10
-4.07442e+10
-4.05839e+10
-4.03515e+10
-4.00406e+10
-3.96587e+10
-3.92355e+10
-3.88088e+10
-3.84119e+10
-3.80676e+10
-3.77864e+10
-3.75692e+10
-3.74098e+10
-3.7298e+10
-3.722e+10
-3.7161e+10
-3.71067e+10
-3.70452e+10
-3.69698e+10
-3.68809e+10
-3.67863e+10
-3.67003e+10
-3.66396e+10
-3.66177e+10
-3.66378e+10
-3.66909e+10
-3.6767e+10
-3.68767e+10
-3.70241e+10
-3.70304e+10
-3.62651e+10
-3.39299e+10
-3.08922e+10
-3.20776e+10
-4.37609e+10
-5.81747e+10
-3.46251e+10
-3.98508e+10
-3.98547e+10
-3.98765e+10
-3.99082e+10
-3.99522e+10
-4.00076e+10
-4.00743e+10
-4.01514e+10
-4.02369e+10
-4.03279e+10
-4.04203e+10
-4.05091e+10
-4.05885e+10
-4.06522e+10
-4.06934e+10
-4.07046e+10
-4.06789e+10
-4.06105e+10
-4.04942e+10
-4.03244e+10
-4.00957e+10
-3.98076e+10
-3.94704e+10
-3.91052e+10
-3.87381e+10
-3.83939e+10
-3.80908e+10
-3.78385e+10
-3.76396e+10
-3.74905e+10
-3.7383e+10
-3.73059e+10
-3.72465e+10
-3.71918e+10
-3.71312e+10
-3.70585e+10
-3.69735e+10
-3.68841e+10
-3.68044e+10
-3.67511e+10
-3.67366e+10
-3.67623e+10
-3.68169e+10
-3.68873e+10
-3.69802e+10
-3.70983e+10
-3.70709e+10
-3.62997e+10
-3.4048e+10
-3.13187e+10
-3.33211e+10
-4.61896e+10
-6.10279e+10
-3.84345e+10
-3.98524e+10
-3.98541e+10
-3.98755e+10
-3.99065e+10
-3.99494e+10
-4.00034e+10
-4.00684e+10
-4.01432e+10
-4.02261e+10
-4.03142e+10
-4.04034e+10
-4.04891e+10
-4.05658e+10
-4.06276e+10
-4.06679e+10
-4.06791e+10
-4.06539e+10
-4.05872e+10
-4.0474e+10
-4.0309e+10
-4.0087e+10
-3.9807e+10
-3.9479e+10
-3.91222e+10
-3.87622e+10
-3.84229e+10
-3.81217e+10
-3.78685e+10
-3.76663e+10
-3.75123e+10
-3.73987e+10
-3.73144e+10
-3.72468e+10
-3.71829e+10
-3.71118e+10
-3.70273e+10
-3.69294e+10
-3.68262e+10
-3.67322e+10
-3.66652e+10
-3.66387e+10
-3.66553e+10
-3.67044e+10
-3.67738e+10
-3.68692e+10
-3.69878e+10
-3.69422e+10
-3.60865e+10
-3.3639e+10
-3.08756e+10
-3.40743e+10
-4.91098e+10
-5.99802e+10
-2.89129e+10
-3.9894e+10
-3.98957e+10
-3.99135e+10
-3.99396e+10
-3.99757e+10
-4.00208e+10
-4.00746e+10
-4.01356e+10
-4.02021e+10
-4.02712e+10
-4.03393e+10
-4.04022e+10
-4.04552e+10
-4.04932e+10
-4.05112e+10
-4.05034e+10
-4.04646e+10
-4.03899e+10
-4.02749e+10
-4.0116e+10
-3.99108e+10
-3.96614e+10
-3.93752e+10
-3.90656e+10
-3.87499e+10
-3.84452e+10
-3.81653e+10
-3.79199e+10
-3.77132e+10
-3.75445e+10
-3.74094e+10
-3.73002e+10
-3.7207e+10
-3.71198e+10
-3.703e+10
-3.69327e+10
-3.68284e+10
-3.6725e+10
-3.66372e+10
-3.65831e+10
-3.65778e+10
-3.66253e+10
-3.67162e+10
-3.68388e+10
-3.69987e+10
-3.71968e+10
-3.72684e+10
-3.66179e+10
-3.44724e+10
-3.17115e+10
-3.3375e+10
-4.57404e+10
-6.03986e+10
-3.59129e+10
-3.98948e+10
-3.98957e+10
-3.99144e+10
-3.99415e+10
-3.99788e+10
-4.00252e+10
-4.00802e+10
-4.01423e+10
-4.02096e+10
-4.02792e+10
-4.03474e+10
-4.04099e+10
-4.04618e+10
-4.04982e+10
-4.0514e+10
-4.05043e+10
-4.04641e+10
-4.03884e+10
-4.02727e+10
-4.01135e+10
-3.99085e+10
-3.96599e+10
-3.93745e+10
-3.90658e+10
-3.87507e+10
-3.84457e+10
-3.8165e+10
-3.79178e+10
-3.77088e+10
-3.75376e+10
-3.73998e+10
-3.72874e+10
-3.71906e+10
-3.7099e+10
-3.70038e+10
-3.69001e+10
-3.67889e+10
-3.66785e+10
-3.65846e+10
-3.65257e+10
-3.65174e+10
-3.65636e+10
-3.6654e+10
-3.67746e+10
-3.69273e+10
-3.71062e+10
-3.71295e+10
-3.63704e+10
-3.40356e+10
-3.12111e+10
-3.37181e+10
-4.76262e+10
-5.96609e+10
-2.95775e+10
-3.99418e+10
-3.99486e+10
-3.99628e+10
-3.99853e+10
-4.00158e+10
-4.00538e+10
-4.00983e+10
-4.01479e+10
-4.02006e+10
-4.02537e+10
-4.03042e+10
-4.03481e+10
-4.03814e+10
-4.04e+10
-4.03995e+10
-4.03757e+10
-4.03241e+10
-4.02406e+10
-4.01219e+10
-3.99657e+10
-3.97723e+10
-3.95442e+10
-3.92878e+10
-3.90133e+10
-3.87331e+10
-3.84602e+10
-3.82069e+10
-3.79814e+10
-3.77887e+10
-3.76294e+10
-3.75e+10
-3.73941e+10
-3.7303e+10
-3.72168e+10
-3.71265e+10
-3.70257e+10
-3.69132e+10
-3.67948e+10
-3.66838e+10
-3.65982e+10
-3.65544e+10
-3.65583e+10
-3.66012e+10
-3.66718e+10
-3.67805e+10
-3.69393e+10
-3.69995e+10
-3.63833e+10
-3.43049e+10
-3.1611e+10
-3.35661e+10
-4.61802e+10
-5.80491e+10
-2.96191e+10
-3.99464e+10
-3.99472e+10
-3.99634e+10
-3.99861e+10
-4.00172e+10
-4.00557e+10
-4.01008e+10
-4.0151e+10
-4.02045e+10
-4.02587e+10
-4.03102e+10
-4.03554e+10
-4.03901e+10
-4.04096e+10
-4.04093e+10
-4.03844e+10
-4.0331e+10
-4.02454e+10
-4.01243e+10
-3.99656e+10
-3.9769e+10
-3.95371e+10
-3.9277e+10
-3.89986e+10
-3.87145e+10
-3.84382e+10
-3.81813e+10
-3.79522e+10
-3.77555e+10
-3.7592e+10
-3.74583e+10
-3.7348e+10
-3.72523e+10
-3.71615e+10
-3.70669e+10
-3.69629e+10
-3.6849e+10
-3.67314e+10
-3.66238e+10
-3.65449e+10
-3.65114e+10
-3.65284e+10
-3.65841e+10
-3.66624e+10
-3.67639e+10
-3.68818e+10
-3.68396e+10
-3.60216e+10
-3.35591e+10
-3.00354e+10
-3.0347e+10
-4.19286e+10
-5.78862e+10
-3.26412e+10
-3.9958e+10
-3.99725e+10
-3.99806e+10
-4.00004e+10
-4.00271e+10
-4.00602e+10
-4.00983e+10
-4.01401e+10
-4.01836e+10
-4.02262e+10
-4.0265e+10
-4.02964e+10
-4.03168e+10
-4.03223e+10
-4.0309e+10
-4.0273e+10
-4.02106e+10
-4.01187e+10
-3.9995e+10
-3.98386e+10
-3.96506e+10
-3.94337e+10
-3.91931e+10
-3.89367e+10
-3.86748e+10
-3.84184e+10
-3.81777e+10
-3.7961e+10
-3.77732e+10
-3.76157e+10
-3.74856e+10
-3.73769e+10
-3.72811e+10
-3.71882e+10
-3.7088e+10
-3.69729e+10
-3.68411e+10
-3.66973e+10
-3.65544e+10
-3.64304e+10
-3.63438e+10
-3.63033e+10
-3.63022e+10
-3.63303e+10
-3.64079e+10
-3.65677e+10
-3.66696e+10
-3.61166e+10
-3.40081e+10
-3.08725e+10
-3.16027e+10
-4.32045e+10
-5.81444e+10
-3.31382e+10
-3.99665e+10
-3.99683e+10
-3.99806e+10
-3.99994e+10
-4.00251e+10
-4.00566e+10
-4.00929e+10
-4.01326e+10
-4.01737e+10
-4.02139e+10
-4.02503e+10
-4.02795e+10
-4.02982e+10
-4.03025e+10
-4.02886e+10
-4.02524e+10
-4.01905e+10
-4.00996e+10
-3.99772e+10
-3.98221e+10
-3.96345e+10
-3.94175e+10
-3.91764e+10
-3.89196e+10
-3.86572e+10
-3.83999e+10
-3.8158e+10
-3.79398e+10
-3.77502e+10
-3.75906e+10
-3.74584e+10
-3.73479e+10
-3.72504e+10
-3.71559e+10
-3.7055e+10
-3.69409e+10
-3.68119e+10
-3.6673e+10
-3.65366e+10
-3.64216e+10
-3.63473e+10
-3.6323e+10
-3.6343e+10
-3.63996e+10
-3.65104e+10
-3.66935e+10
-3.68003e+10
-3.622e+10
-3.39967e+10
-3.04443e+10
-2.9998e+10
-3.99993e+10
-5.61014e+10
-3.46668e+10
-4.0005e+10
-3.99939e+10
-4.00069e+10
-4.0022e+10
-4.0044e+10
-4.00706e+10
-4.01011e+10
-4.0134e+10
-4.01676e+10
-4.01993e+10
-4.02267e+10
-4.02469e+10
-4.02563e+10
-4.02522e+10
-4.02308e+10
-4.01891e+10
-4.01241e+10
-4.0033e+10
-3.9914e+10
-3.97654e+10
-3.95877e+10
-3.93846e+10
-3.91617e+10
-3.89266e+10
-3.86869e+10
-3.84519e+10
-3.82309e+10
-3.80317e+10
-3.78586e+10
-3.77129e+10
-3.75918e+10
-3.74891e+10
-3.73961e+10
-3.73025e+10
-3.71993e+10
-3.7081e+10
-3.69478e+10
-3.68071e+10
-3.66721e+10
-3.65615e+10
-3.64951e+10
-3.64866e+10
-3.6538e+10
-3.66483e+10
-3.68494e+10
-3.71952e+10
-3.7554e+10
-3.72727e+10
-3.5308e+10
-3.20558e+10
-3.27085e+10
-4.43789e+10
-5.61908e+10
-2.85022e+10
-3.99984e+10
-3.99922e+10
-4.00069e+10
-4.0024e+10
-4.00479e+10
-4.00763e+10
-4.01084e+10
-4.01425e+10
-4.01769e+10
-4.02089e+10
-4.02361e+10
-4.02553e+10
-4.02632e+10
-4.02569e+10
-4.02326e+10
-4.01874e+10
-4.01182e+10
-4.00222e+10
-3.98977e+10
-3.97437e+10
-3.9561e+10
-3.93532e+10
-3.91258e+10
-3.88862e+10
-3.86426e+10
-3.84047e+10
-3.81816e+10
-3.79811e+10
-3.78073e+10
-3.76619e+10
-3.75418e+10
-3.74409e+10
-3.73505e+10
-3.72599e+10
-3.71598e+10
-3.70437e+10
-3.6911e+10
-3.67679e+10
-3.66267e+10
-3.65049e+10
-3.64215e+10
-3.63905e+10
-3.64174e+10
-3.65095e+10
-3.6704e+10
-3.70491e+10
-3.74244e+10
-3.71988e+10
-3.53291e+10
-3.2206e+10
-3.29721e+10
-4.43459e+10
-5.48295e+10
-2.71981e+10
-4.00272e+10
-4.00089e+10
-4.0019e+10
-4.00304e+10
-4.00479e+10
-4.00689e+10
-4.00926e+10
-4.01174e+10
-4.01418e+10
-4.01635e+10
-4.01803e+10
-4.01895e+10
-4.01881e+10
-4.01736e+10
-4.0143e+10
-4.00937e+10
-4.00234e+10
-3.99299e+10
-3.98115e+10
-3.9667e+10
-3.94968e+10
-3.9304e+10
-3.90934e+10
-3.88709e+10
-3.8643e+10
-3.84181e+10
-3.82039e+10
-3.80075e+10
-3.78331e+10
-3.76823e+10
-3.75523e+10
-3.74374e+10
-3.73291e+10
-3.72178e+10
-3.70957e+10
-3.69589e+10
-3.68094e+10
-3.66555e+10
-3.65099e+10
-3.63887e+10
-3.63088e+10
-3.62845e+10
-3.63252e+10
-3.64395e+10
-3.66558e+10
-3.70156e+10
-3.73962e+10
-3.7111e+10
-3.49469e+10
-3.10319e+10
-3.05787e+10
-4.20345e+10
-5.85339e+10
-3.64005e+10
-4.00092e+10
-4.00057e+10
-4.00126e+10
-4.00249e+10
-4.00428e+10
-4.00646e+10
-4.0089e+10
-4.01145e+10
-4.01394e+10
-4.01615e+10
-4.01785e+10
-4.01876e+10
-4.01859e+10
-4.01707e+10
-4.0139e+10
-4.00879e+10
-4.00152e+10
-3.99184e+10
-3.97962e+10
-3.96478e+10
-3.94742e+10
-3.92789e+10
-3.90664e+10
-3.88432e+10
-3.86162e+10
-3.8394e+10
-3.81843e+10
-3.79939e+10
-3.78269e+10
-3.76844e+10
-3.75634e+10
-3.74575e+10
-3.73575e+10
-3.72528e+10
-3.71341e+10
-3.69961e+10
-3.68395e+10
-3.66716e+10
-3.65048e+10
-3.63553e+10
-3.62407e+10
-3.61762e+10
-3.61724e+10
-3.62425e+10
-3.64277e+10
-3.67839e+10
-3.71918e+10
-3.69728e+10
-3.49202e+10
-3.11607e+10
-3.0908e+10
-4.25938e+10
-5.84738e+10
-3.51134e+10
-4.37616e+10
-4.81346e+10
-4.50977e+10
-4.56732e+10
-4.73026e+10
-3.181e+10
-4.43007e+10
-3.23261e+10
-1.49535e+10
-1.46974e+10
-4.65167e+10
-4.94231e+10
-4.52602e+10
-4.80244e+10
-4.82458e+10
-3.19484e+10
-4.56417e+10
-3.13432e+10
-1.43415e+10
-1.37201e+10
-4.69427e+10
-4.74666e+10
-4.20749e+10
-4.79762e+10
-4.41316e+10
-1.49114e+10
-1.55536e+10
-4.01785e+10
-3.02176e+10
-4.20773e+10
-3.10308e+10
-4.82913e+10
-4.81985e+10
-4.52842e+10
-4.8164e+10
-4.60971e+10
-1.58793e+10
-1.61986e+10
-4.28626e+10
-3.11795e+10
-4.34514e+10
-3.08622e+10
-4.18316e+10
-4.43604e+10
-4.21928e+10
-4.61931e+10
-4.29197e+10
-4.64611e+10
-4.34273e+10
-3.60082e+10
-3.89446e+10
-3.6693e+10
-3.87507e+10
-3.54108e+10
-3.91731e+10
-3.60565e+10
-4.24583e+10
-4.473e+10
-4.25411e+10
-4.66775e+10
-4.40422e+10
-4.7838e+10
-4.45961e+10
-3.67e+10
-3.89758e+10
-3.64379e+10
-3.94108e+10
-3.58325e+10
-3.92839e+10
-3.54884e+10
-4.93946e+10
-4.86016e+10
-4.96108e+10
-4.89562e+10
-4.86315e+10
-4.89982e+10
-4.8915e+10
-4.20335e+10
-3.88663e+10
-4.29016e+10
-3.89114e+10
-4.06594e+10
-2.93211e+10
-2.83727e+10
-2.97945e+10
-2.17233e+10
-2.60292e+10
-2.18408e+10
-2.65429e+10
-4.96083e+10
-4.81308e+10
-4.91873e+10
-4.90925e+10
-4.92595e+10
-4.88237e+10
-4.91111e+10
-4.06988e+10
-3.99772e+10
-4.56147e+10
-4.02106e+10
-4.09491e+10
-2.96113e+10
-2.74989e+10
-2.9244e+10
-2.15133e+10
-2.63463e+10
-2.11674e+10
-2.59498e+10
-4.77971e+10
-4.88361e+10
-4.85623e+10
-4.80993e+10
-4.85421e+10
-4.82979e+10
-4.90114e+10
-4.53698e+10
-4.48644e+10
-4.60462e+10
-4.63887e+10
-4.45469e+10
-3.70183e+10
-3.51903e+10
-2.57838e+10
-2.2068e+10
-2.63438e+10
-2.70791e+10
-2.85129e+10
-2.76285e+10
-2.89624e+10
-4.92404e+10
-4.87734e+10
-4.91703e+10
-4.85788e+10
-4.94476e+10
-4.82021e+10
-4.91538e+10
-4.79095e+10
-4.86174e+10
-4.89425e+10
-4.77082e+10
-4.9003e+10
-4.06315e+10
-3.93298e+10
-2.65814e+10
-2.25514e+10
-2.62057e+10
-2.78212e+10
-2.89405e+10
-2.76207e+10
-2.84863e+10
-4.2027e+10
-4.6386e+10
-4.24342e+10
-4.36932e+10
-4.11977e+10
-4.39669e+10
-4.15932e+10
-3.33033e+10
-3.7416e+10
-3.38281e+10
-3.77164e+10
-3.52355e+10
-3.82313e+10
-3.57853e+10
-4.29275e+10
-4.61342e+10
-4.30181e+10
-4.40323e+10
-4.16773e+10
-4.4187e+10
-4.17225e+10
-3.36716e+10
-3.76004e+10
-3.32552e+10
-3.82428e+10
-3.57359e+10
-3.80861e+10
-3.53273e+10
-4.60182e+10
-4.35293e+10
-4.39408e+10
-4.36096e+10
-4.56794e+10
-4.63263e+10
-4.44192e+10
-4.43244e+10
-4.40353e+10
-4.717e+10
-4.70399e+10
-4.74954e+10
-4.58247e+10
-4.7545e+10
-4.67537e+10
-4.73806e+10
-4.69732e+10
-4.69175e+10
-4.8161e+10
-4.66485e+10
-4.79004e+10
-4.75728e+10
-4.71936e+10
-4.86498e+10
-4.19863e+10
-4.36041e+10
-3.97382e+10
-3.93614e+10
-4.15277e+10
-3.86689e+10
-3.74559e+10
-2.93526e+10
-2.04294e+10
-1.45298e+10
-2.02874e+10
-2.86596e+10
-3.83492e+10
-3.71547e+10
-2.90347e+10
-1.98876e+10
-1.4625e+10
-2.01244e+10
-2.76185e+10
-4.7876e+10
-4.59268e+10
-4.72226e+10
-4.66167e+10
-4.74249e+10
-4.9012e+10
-4.68079e+10
-4.36369e+10
-4.51806e+10
-4.77912e+10
-4.81781e+10
-4.86635e+10
-4.85229e+10
-4.78566e+10
-4.8896e+10
-4.82662e+10
-4.81968e+10
-4.84144e+10
-4.84571e+10
-4.89697e+10
-4.87803e+10
-4.78568e+10
-4.92316e+10
-5.08462e+10
-4.0857e+10
-4.60861e+10
-4.0378e+10
-4.04835e+10
-3.95136e+10
-3.50944e+10
-3.61695e+10
-2.55227e+10
-1.92183e+10
-1.38768e+10
-2.67856e+10
-1.87081e+10
-3.49239e+10
-3.32183e+10
-2.51811e+10
-1.82069e+10
-1.32827e+10
-1.81361e+10
-2.40822e+10
-4.56274e+10
-4.48264e+10
-4.60702e+10
-4.59766e+10
-4.81008e+10
-4.72817e+10
-4.72537e+10
-4.64088e+10
-4.76917e+10
-4.5437e+10
-4.28974e+10
-4.23628e+10
-4.315e+10
-4.48238e+10
-4.60029e+10
-4.3271e+10
-4.46909e+10
-4.68258e+10
-4.39207e+10
-2.86022e+10
-1.45949e+10
-1.99679e+10
-2.0016e+10
-2.72365e+10
-3.74566e+10
-3.88432e+10
-2.9007e+10
-1.50821e+10
-2.10706e+10
-2.05442e+10
-3.01974e+10
-3.97499e+10
-3.67393e+10
-4.04523e+10
-3.68307e+10
-3.82204e+10
-4.00638e+10
-4.12154e+10
-3.78647e+10
-4.10342e+10
-3.72913e+10
-4.8037e+10
-4.7901e+10
-4.77211e+10
-4.8909e+10
-4.86257e+10
-4.88566e+10
-4.7103e+10
-4.8971e+10
-4.78393e+10
-4.75527e+10
-4.58674e+10
-4.61485e+10
-4.71541e+10
-4.67203e+10
-4.74582e+10
-4.58857e+10
-4.65886e+10
-4.59917e+10
-4.77457e+10
-3.205e+10
-1.59036e+10
-2.17369e+10
-3.07616e+10
-2.20075e+10
-4.10371e+10
-4.00066e+10
-3.23706e+10
-1.57738e+10
-2.22387e+10
-2.21798e+10
-3.15101e+10
-4.24448e+10
-3.82721e+10
-4.34213e+10
-4.15296e+10
-3.85247e+10
-4.27726e+10
-4.35142e+10
-3.86957e+10
-3.86248e+10
-4.17219e+10
-4.69491e+10
-4.54282e+10
-4.77962e+10
-4.87391e+10
-4.54064e+10
-4.86711e+10
-4.69203e+10
-4.80798e+10
-4.65493e+10
-4.83194e+10
-4.95868e+10
-4.69838e+10
-4.80136e+10
-4.94941e+10
-4.69252e+10
-4.78414e+10
-4.61729e+10
-4.9324e+10
-4.5998e+10
-4.88915e+10
-4.75459e+10
-3.19862e+10
-3.46594e+10
-3.19341e+10
-2.74083e+10
-3.4766e+10
-2.74346e+10
-3.17325e+10
-3.19286e+10
-3.2103e+10
-3.5169e+10
-2.73192e+10
-3.50203e+10
-2.73983e+10
-3.16003e+10
-4.81298e+10
-4.90887e+10
-4.89048e+10
-4.97664e+10
-4.71889e+10
-4.97054e+10
-4.82119e+10
-3.07005e+10
-3.49871e+10
-3.18307e+10
-2.66652e+10
-3.49306e+10
-3.09879e+10
-2.63402e+10
-3.05915e+10
-3.15123e+10
-3.46644e+10
-2.58622e+10
-3.48607e+10
-2.59631e+10
-3.01792e+10
-4.68002e+10
-4.80751e+10
-4.56525e+10
-4.75185e+10
-4.82511e+10
-4.57171e+10
-4.66127e+10
-4.7382e+10
-4.92016e+10
-4.79034e+10
-4.64016e+10
-4.87956e+10
-4.80213e+10
-4.60648e+10
-3.06648e+10
-2.62647e+10
-3.27879e+10
-3.04533e+10
-2.64706e+10
-3.30077e+10
-3.02382e+10
-3.10428e+10
-2.72668e+10
-3.08433e+10
-3.3634e+10
-2.69037e+10
-3.1408e+10
-3.33347e+10
-4.83829e+10
-4.96598e+10
-4.67745e+10
-4.8017e+10
-4.82759e+10
-4.97422e+10
-4.68495e+10
-4.85579e+10
-4.94416e+10
-4.82143e+10
-4.72177e+10
-4.98606e+10
-4.65739e+10
-4.84311e+10
-3.24102e+10
-2.77772e+10
-3.38307e+10
-3.10474e+10
-3.20361e+10
-2.79019e+10
-3.38917e+10
-3.26797e+10
-2.79408e+10
-3.09772e+10
-3.38329e+10
-2.80092e+10
-3.38993e+10
-3.2478e+10
-4.84295e+10
-4.01419e+10
-5.38808e+10
-4.19551e+10
-3.98944e+10
-4.89855e+10
-5.36649e+10
-4.9026e+10
-4.74892e+10
-4.77231e+10
-4.87732e+10
-4.86489e+10
-4.87625e+10
-4.7907e+10
-4.94036e+10
-4.91358e+10
-4.22145e+10
-4.00013e+10
-5.25617e+10
-4.00413e+10
-5.4146e+10
-4.77763e+10
-5.13532e+10
-4.06989e+10
-4.0564e+10
-5.52293e+10
-4.0462e+10
-5.20587e+10
-5.47718e+10
-5.27467e+10
-5.24985e+10
-5.2464e+10
-5.27776e+10
-5.10624e+10
-4.07313e+10
-4.04586e+10
-5.44896e+10
-5.09458e+10
-4.04521e+10
-5.44857e+10
-5.32494e+10
-5.42009e+10
-5.32271e+10
-5.40534e+10
-4.34995e+10
-4.33957e+10
-4.58034e+10
-4.49351e+10
-4.24598e+10
-4.40374e+10
-4.54664e+10
-4.18936e+10
-4.1951e+10
-4.17037e+10
-4.21493e+10
-4.23926e+10
-4.28533e+10
-4.22345e+10
-4.29954e+10
-4.29458e+10
-4.44694e+10
-4.2504e+10
-4.50887e+10
-4.23664e+10
-4.50455e+10
-4.32548e+10
-3.70011e+10
-3.66626e+10
-4.78984e+10
-4.81017e+10
-4.76127e+10
-4.80661e+10
-4.78738e+10
-4.79773e+10
-4.80991e+10
-4.72227e+10
-4.64168e+10
-4.69773e+10
-4.67861e+10
-4.76838e+10
-4.78727e+10
-4.75306e+10
-4.78817e+10
-4.77232e+10
-4.78012e+10
-4.70119e+10
-4.81777e+10
-4.75479e+10
-4.75357e+10
-4.81716e+10
-4.02365e+10
-3.98081e+10
-4.4648e+10
-4.54749e+10
-4.56619e+10
-4.57207e+10
-4.52329e+10
-4.49728e+10
-4.53773e+10
-4.45948e+10
-4.56119e+10
-4.56224e+10
-4.44134e+10
-4.46845e+10
-4.66526e+10
-4.57827e+10
-4.51579e+10
-4.44962e+10
-4.56643e+10
-4.51244e+10
-4.50132e+10
-4.51656e+10
-4.51335e+10
-4.41309e+10
-4.57285e+10
-4.57324e+10
-4.64939e+10
-4.65144e+10
-4.54037e+10
-4.55971e+10
-4.74536e+10
-4.78339e+10
-5.05949e+10
-5.00192e+10
-4.79568e+10
-4.71257e+10
-4.8055e+10
-4.61791e+10
-4.92503e+10
-4.5973e+10
-4.64472e+10
-4.634e+10
-4.79393e+10
-4.57001e+10
-4.8307e+10
-4.61859e+10
-4.60907e+10
-4.69183e+10
-4.64057e+10
-4.69007e+10
-4.68831e+10
-4.63399e+10
-4.62478e+10
-4.42568e+10
-4.29761e+10
-4.27244e+10
-4.43822e+10
-4.45339e+10
-4.36465e+10
-4.31205e+10
-4.48832e+10
-4.59146e+10
-4.68864e+10
-4.67989e+10
-4.61389e+10
-4.68333e+10
-4.62964e+10
-4.60397e+10
-4.72505e+10
-4.71551e+10
-4.66316e+10
-4.69926e+10
-4.69679e+10
-4.67289e+10
-4.6921e+10
-4.66065e+10
-4.68281e+10
-4.59419e+10
-4.56925e+10
-4.63764e+10
-4.52185e+10
-4.67505e+10
-4.73272e+10
-4.74558e+10
-4.73399e+10
-4.6999e+10
-4.71852e+10
-4.71551e+10
-4.57049e+10
-4.44261e+10
-4.54958e+10
-4.48333e+10
-4.76048e+10
-4.88177e+10
-4.99239e+10
-4.03938e+10
-5.42053e+10
-4.18312e+10
-4.95741e+10
-4.04216e+10
-5.4486e+10
-5.17382e+10
-5.25619e+10
-5.22522e+10
-5.20865e+10
-5.11057e+10
-5.00857e+10
-5.03247e+10
-5.11984e+10
-5.03226e+10
-4.16807e+10
-4.06362e+10
-5.47887e+10
-5.07905e+10
-4.04632e+10
-5.46621e+10
-3.89972e+10
-3.89731e+10
-1.76623e+10
-2.46965e+10
-2.06832e+10
-2.96383e+10
-2.47707e+10
-2.10785e+10
-1.75278e+10
-1.25401e+10
-1.0307e+10
-9.7502e+09
-1.29142e+10
-1.27231e+10
-1.03375e+10
-1.27358e+10
-1.00617e+10
-1.73509e+10
-2.94244e+10
-2.45063e+10
-2.04003e+10
-2.45587e+10
-2.07272e+10
-1.78438e+10
-3.80903e+10
-3.77136e+10
-1.68599e+10
-2.44694e+10
-2.86135e+10
-2.02051e+10
-2.41502e+10
-1.72323e+10
-1.96487e+10
-1.20812e+10
-1.00172e+10
-1.175e+10
-1.01567e+10
-1.64347e+10
-2.81658e+10
-2.3449e+10
-1.84023e+10
-2.37709e+10
-1.9107e+10
-1.59863e+10
-1.23741e+10
-1.03987e+10
-1.25996e+10
-1.03058e+10
-4.72802e+10
-4.75784e+10
-4.75877e+10
-4.78867e+10
-4.74838e+10
-4.76225e+10
-4.75219e+10
-4.79511e+10
-5.02989e+10
-5.05177e+10
-4.7865e+10
-4.70338e+10
-4.74781e+10
-4.70514e+10
-4.74755e+10
-4.72575e+10
-4.6883e+10
-4.73753e+10
-4.82215e+10
-5.16577e+10
-5.08689e+10
-4.89712e+10
-5.04369e+10
-4.71387e+10
-4.96425e+10
-4.81642e+10
-4.79269e+10
-4.53891e+10
-5.56107e+10
-5.82115e+10
-5.66763e+10
-5.77778e+10
-5.32805e+10
-5.53759e+10
-5.42762e+10
-5.13395e+10
-5.72708e+10
-5.4793e+10
-4.77188e+10
-4.37927e+10
-6.66869e+10
-4.42409e+10
-7.19243e+10
-4.60369e+10
-4.8127e+10
-4.80504e+10
-4.82898e+10
-4.81564e+10
-4.82379e+10
-4.79775e+10
-4.82959e+10
-4.72545e+10
-4.63617e+10
-4.68414e+10
-4.6907e+10
-4.78689e+10
-4.79895e+10
-4.78869e+10
-4.75978e+10
-4.80952e+10
-4.7589e+10
-4.77908e+10
-4.76881e+10
-4.78107e+10
-4.73786e+10
-4.80406e+10
-4.80873e+10
-4.81061e+10
-4.78575e+10
-4.82457e+10
-4.81849e+10
-4.84522e+10
-4.78575e+10
-4.83283e+10
-4.81078e+10
-4.77561e+10
-4.76176e+10
-4.78095e+10
-4.76185e+10
-4.8033e+10
-4.82451e+10
-4.83353e+10
-4.81442e+10
-4.77325e+10
-4.81208e+10
-4.77941e+10
-4.82127e+10
-4.76741e+10
-4.82832e+10
-4.77779e+10
-5.00793e+10
-5.16791e+10
-5.36379e+10
-4.09058e+10
-5.59088e+10
-4.11051e+10
-5.30015e+10
-4.10317e+10
-5.65829e+10
-5.76624e+10
-5.89731e+10
-5.97527e+10
-5.68886e+10
-5.70374e+10
-5.65914e+10
-5.55972e+10
-5.91178e+10
-5.45419e+10
-4.11444e+10
-4.09683e+10
-5.51083e+10
-4.10991e+10
-5.70967e+10
-5.24278e+10
-3.52568e+10
-3.56577e+10
-1.43667e+10
-2.57673e+10
-2.18956e+10
-1.56342e+10
-2.20743e+10
-1.60048e+10
-1.40134e+10
-1.10229e+10
-9.81932e+09
-1.13257e+10
-9.6611e+09
-1.47955e+10
-2.62133e+10
-2.27978e+10
-1.74504e+10
-1.52816e+10
-2.23872e+10
-1.67494e+10
-1.06241e+10
-9.2482e+09
-1.02938e+10
-9.42463e+09
-3.51248e+10
-3.47548e+10
-1.31817e+10
-2.15494e+10
-1.50706e+10
-2.51532e+10
-2.1374e+10
-1.34673e+10
-1.48446e+10
-8.95921e+09
-8.6163e+09
-7.93876e+09
-9.59398e+09
-9.4665e+09
-8.85824e+09
-9.82563e+09
-8.36979e+09
-1.25152e+10
-2.455e+10
-2.10266e+10
-1.40653e+10
-2.09479e+10
-1.40036e+10
-1.33915e+10
-4.52392e+10
-4.49535e+10
-4.49989e+10
-4.43332e+10
-4.64587e+10
-4.63304e+10
-4.48316e+10
-4.42016e+10
-4.66792e+10
-4.4851e+10
-4.54943e+10
-4.5732e+10
-4.48366e+10
-4.41889e+10
-4.37209e+10
-4.38317e+10
-4.42547e+10
-4.58047e+10
-4.67385e+10
-4.56832e+10
-4.75825e+10
-4.6592e+10
-4.39817e+10
-4.72909e+10
-4.6758e+10
-4.76274e+10
-4.36639e+10
-4.48803e+10
-4.50988e+10
-4.50922e+10
-4.4541e+10
-4.48155e+10
-4.39646e+10
-4.24468e+10
-4.20177e+10
-4.19772e+10
-4.2309e+10
-4.24151e+10
-4.25108e+10
-4.28733e+10
-4.19405e+10
-4.33979e+10
-4.48611e+10
-4.42192e+10
-4.45757e+10
-4.4419e+10
-4.46459e+10
-4.31397e+10
-4.5346e+10
-4.54691e+10
-4.61985e+10
-4.56245e+10
-4.60957e+10
-4.45823e+10
-4.58642e+10
-4.53638e+10
-4.59209e+10
-4.49681e+10
-4.58766e+10
-4.45124e+10
-4.32852e+10
-4.35855e+10
-4.40796e+10
-4.61366e+10
-4.65127e+10
-4.70456e+10
-4.66375e+10
-4.67933e+10
-4.63258e+10
-4.62343e+10
-1.7261e+10
-2.0808e+10
-2.42344e+10
-2.85378e+10
-2.06523e+10
-1.75333e+10
-2.4054e+10
-1.23751e+10
-1.04075e+10
-9.86576e+09
-1.27388e+10
-1.26872e+10
-1.05678e+10
-1.01955e+10
-1.30004e+10
-1.67382e+10
-2.80253e+10
-1.94673e+10
-2.35927e+10
-1.98434e+10
-2.36985e+10
-1.72629e+10
-3.78464e+10
-3.83994e+10
-1.82711e+10
-2.12841e+10
-2.45745e+10
-2.93653e+10
-1.79505e+10
-2.17356e+10
-2.48132e+10
-1.39768e+10
-1.0997e+10
-1.09378e+10
-1.42931e+10
-1.36021e+10
-1.07675e+10
-1.08361e+10
-1.33148e+10
-1.87011e+10
-2.97618e+10
-2.29984e+10
-2.53916e+10
-2.2471e+10
-2.50815e+10
-1.91225e+10
-4.47075e+10
-4.97333e+10
-3.7983e+10
-3.9586e+10
-4.95591e+10
-3.77516e+10
-4.50757e+10
-4.41106e+10
-4.26524e+10
-4.27026e+10
-4.4159e+10
-4.359e+10
-4.32469e+10
-4.27029e+10
-4.40759e+10
-4.54303e+10
-3.9682e+10
-4.8691e+10
-3.77892e+10
-5.00115e+10
-3.78393e+10
-4.43552e+10
-4.59224e+10
-5.0168e+10
-4.03259e+10
-3.83172e+10
-5.06126e+10
-4.55155e+10
-3.85177e+10
-4.60202e+10
-4.64851e+10
-4.56763e+10
-4.65606e+10
-4.53664e+10
-4.39382e+10
-4.47685e+10
-4.46707e+10
-4.63811e+10
-4.06916e+10
-5.13451e+10
-3.90715e+10
-5.09815e+10
-3.88274e+10
-4.67697e+10
-4.83203e+10
-4.80958e+10
-4.78016e+10
-4.90104e+10
-4.75087e+10
-4.61932e+10
-4.78674e+10
-5.20978e+10
-4.72378e+10
-4.80571e+10
-4.7704e+10
-4.79016e+10
-4.79514e+10
-4.81394e+10
-4.81868e+10
-4.7972e+10
-4.81977e+10
-4.79229e+10
-4.68591e+10
-4.80665e+10
-4.76658e+10
-4.83918e+10
-4.77322e+10
-4.76951e+10
-5.06322e+10
-4.81052e+10
-4.72123e+10
-4.75508e+10
-4.74786e+10
-4.75776e+10
-4.74065e+10
-4.75806e+10
-4.74514e+10
-4.68263e+10
-4.66025e+10
-4.64357e+10
-4.71211e+10
-4.69467e+10
-4.74027e+10
-4.71471e+10
-4.70615e+10
-4.66775e+10
-4.73242e+10
-4.73668e+10
-4.71926e+10
-4.81347e+10
-4.76619e+10
-4.7622e+10
-4.74789e+10
-4.81465e+10
-4.74447e+10
-4.77777e+10
-4.78145e+10
-4.78702e+10
-4.75927e+10
-4.78984e+10
-4.85757e+10
-4.86499e+10
-4.78428e+10
-4.79065e+10
-4.84277e+10
-4.82104e+10
-4.87353e+10
-4.75816e+10
-4.77905e+10
-4.767e+10
-4.76991e+10
-4.76433e+10
-4.77317e+10
-4.75563e+10
-2.03708e+10
-2.51585e+10
-3.16559e+10
-2.68236e+10
-2.46956e+10
-2.07152e+10
-2.65437e+10
-1.485e+10
-1.09993e+10
-1.1025e+10
-1.45558e+10
-1.5051e+10
-1.09788e+10
-1.09984e+10
-1.52317e+10
-2.00225e+10
-3.1203e+10
-2.35708e+10
-2.59403e+10
-2.42407e+10
-1.96306e+10
-2.62258e+10
-4.13883e+10
-4.14601e+10
-2.10431e+10
-2.54488e+10
-2.70504e+10
-3.26553e+10
-2.09098e+10
-2.58177e+10
-2.71513e+10
-1.51437e+10
-1.08566e+10
-1.02417e+10
-1.52238e+10
-1.5232e+10
-1.07377e+10
-1.04644e+10
-1.52238e+10
-2.07578e+10
-3.24871e+10
-2.48507e+10
-2.67865e+10
-2.55275e+10
-2.69421e+10
-2.0967e+10
-4.73337e+10
-4.20296e+10
-5.24661e+10
-3.99433e+10
-5.21225e+10
-3.96663e+10
-4.77057e+10
-4.72946e+10
-4.70704e+10
-4.69936e+10
-4.74966e+10
-4.70996e+10
-4.17185e+10
-5.16751e+10
-3.94376e+10
-5.18381e+10
-4.70372e+10
-3.94376e+10
-4.76475e+10
-4.84111e+10
-4.79099e+10
-4.80108e+10
-4.80307e+10
-5.28344e+10
-4.00708e+10
-4.28458e+10
-5.30422e+10
-4.80041e+10
-4.00421e+10
-4.91069e+10
-4.89529e+10
-4.91937e+10
-4.89578e+10
-4.86058e+10
-4.89017e+10
-4.91714e+10
-4.8415e+10
-4.88474e+10
-4.32024e+10
-5.2343e+10
-4.02678e+10
-5.37041e+10
-4.02707e+10
-4.75351e+10
)
;

boundaryField
{
    inlet
    {
        type            zeroGradient;
    }
    outlet
    {
        type            fixedValue;
        value           uniform 101325;
    }
    rightSide
    {
        type            symmetryPlane;
    }
    leftSide
    {
        type            symmetryPlane;
    }
    duct
    {
        type            zeroGradient;
    }
    cylinder
    {
        type            zeroGradient;
    }
}


// ************************************************************************* //
