/*--------------------------------*- C++ -*----------------------------------*\
| =========                 |                                                 |
| \\      /  F ield         | OpenFOAM: The Open Source CFD Toolbox           |
|  \\    /   O peration     | Version:  4.1                                   |
|   \\  /    A nd           | Web:      www.OpenFOAM.org                      |
|    \\/     M anipulation  |                                                 |
\*---------------------------------------------------------------------------*/
FoamFile
{
    version     2.0;
    format      ascii;
    class       volScalarField;
    location    "14";
    object      omega;
}
// * * * * * * * * * * * * * * * * * * * * * * * * * * * * * * * * * * * * * //

dimensions      [0 0 -1 0 0 0 0];

internalField   nonuniform List<scalar> 
4432
(
0.0111032
0.0114022
0.0117126
0.0120201
0.0123675
0.0126572
0.0129988
0.0132603
0.0135354
0.0137175
0.0137462
0.013779
0.0136961
0.013377
0.0130693
0.0123148
0.0119087
0.0141163
0.0234016
0.0267741
0.0326027
0.0397679
0.0425598
0.0435338
0.0452396
0.0469033
0.0460834
0.0465517
0.0468448
0.0450285
0.0394599
0.0407263
0.0419913
0.0392299
0.0354677
0.0352906
0.0335386
0.0316304
0.0291332
0.0254745
0.0196143
0.0192593
0.0173102
0.0152772
0.0132665
0.0119408
0.0115303
0.0114485
0.0105107
0.0101606
0.00725291
0.00539321
0.00703951
0.0114367
0.0111069
0.0114003
0.0117581
0.0120449
0.0124127
0.012677
0.013022
0.0132666
0.0135365
0.0137523
0.0138614
0.013868
0.0138119
0.0136508
0.0132373
0.0127614
0.0128208
0.0193432
0.028005
0.0302237
0.0348309
0.0424364
0.0443426
0.0441765
0.044723
0.0448395
0.0438205
0.0421576
0.0389258
0.0364972
0.0335651
0.0315837
0.0306132
0.0296784
0.028885
0.0281765
0.027565
0.0271496
0.0248508
0.0229272
0.0197087
0.0172162
0.0139213
0.0108721
0.00851122
0.00879755
0.00925664
0.0119439
0.0118643
0.0119881
0.00900936
0.0062623
0.00812206
0.0129678
21.4083
3.01047
0.879067
0.507976
0.351772
0.310311
0.285363
0.249248
0.204321
0.168636
0.136955
0.115428
0.0966946
0.0837485
0.0709448
0.0637089
0.0596612
0.0583105
0.0585505
0.0571515
0.0631045
0.0863316
0.102507
0.121488
0.135924
0.153969
0.170371
0.168349
0.16228
0.163995
0.184565
0.193712
0.267588
0.223807
0.282355
0.335593
0.433618
0.631001
0.526852
0.379405
0.428576
0.491184
0.51704
0.482804
0.436151
0.404
0.471543
0.604091
0.535635
0.411455
0.556069
1.10788
1.04024
1.82648
21.4086
3.0059
0.882867
0.501609
0.367639
0.314091
0.279619
0.230238
0.18765
0.152809
0.129565
0.1088
0.0954429
0.0824215
0.0742622
0.069698
0.0653671
0.0899205
0.0652289
0.0664809
0.0868653
0.10184
0.111969
0.122163
0.135194
0.133637
0.138327
0.137648
0.133891
0.133623
0.144741
0.180614
0.127267
0.12611
0.174646
0.221384
0.261672
0.312535
0.317952
0.262819
0.312754
0.310361
0.411636
0.493269
0.68859
0.624991
0.531332
0.632721
0.585471
0.568439
0.906082
1.37795
1.45718
1.88962
21.3994
2.99427
0.894522
0.457701
0.354817
0.295271
0.247551
0.214339
0.190005
0.169003
0.151228
0.132307
0.117721
0.101268
0.0900334
0.0795314
0.0751972
0.0725829
0.0682282
0.0670529
0.0756491
0.122854
0.112765
0.135267
0.192427
0.199526
0.176825
0.189006
0.199158
0.207081
0.258001
0.321988
0.346744
0.40951
0.571281
0.73436
0.572986
0.560981
0.540653
0.564121
0.593026
0.614759
0.589853
0.574785
0.540963
0.516387
0.463349
0.310325
0.522713
0.591064
0.64584
0.859425
1.009
1.14007
21.3996
2.9939
0.895058
0.454448
0.350963
0.299057
0.244286
0.213063
0.186308
0.161969
0.143143
0.124579
0.110808
0.0983791
0.0856301
0.0773323
0.0747189
0.0711456
0.0722694
0.0829682
0.080318
0.0954151
0.11518
0.12873
0.172114
0.129758
0.131643
0.134064
0.161127
0.140956
0.166711
0.216991
0.193923
0.271781
0.323229
0.377802
0.409951
0.431497
0.433173
0.442492
0.500611
0.568716
0.607585
0.654472
0.6877
0.546058
0.289279
0.130665
0.456746
0.585427
0.727403
0.771531
1.23375
1.19799
21.4004
2.99485
0.895627
0.45519
0.352969
0.293025
0.242083
0.207275
0.183151
0.164073
0.147372
0.131749
0.117695
0.103839
0.0937679
0.0821529
0.0773922
0.0721104
0.0686241
0.0780291
0.0827946
0.104202
0.103796
0.174741
0.129538
0.14868
0.181263
0.241067
0.286864
0.338533
0.382334
0.449529
0.678119
0.600402
0.558469
0.55599
0.513146
0.512418
0.519003
0.540732
0.581365
0.588668
0.556059
0.551864
0.517202
0.484486
0.330777
0.255015
0.431414
0.578189
0.748587
0.668205
0.847796
0.99852
21.4027
2.98264
0.837629
0.575049
0.199689
0.270853
0.267283
0.230571
0.203977
0.180418
0.158987
0.1378
0.119929
0.105385
0.0900985
0.0828068
0.0734965
0.0699215
0.0845582
0.0720101
0.0873469
0.0844113
0.0919208
0.0997702
0.11262
0.12753
0.138933
0.125308
0.132231
0.145127
0.194087
0.210768
0.286478
0.349244
0.393812
0.419107
0.419996
0.444826
0.447166
0.489831
0.523413
0.623072
0.666685
0.649554
0.680248
0.337169
0.185324
0.20545
0.239218
0.434512
0.647294
0.698761
0.746282
0.915791
21.4027
2.98652
0.839076
0.581567
0.183729
0.23578
0.256424
0.233014
0.210222
0.182374
0.159376
0.137432
0.120819
0.105679
0.0932736
0.0819832
0.0769273
0.0751055
0.0945027
0.112533
0.144066
0.124865
0.13873
0.175645
0.173012
0.196888
0.226572
0.301847
0.314907
0.506986
0.721778
0.542106
0.533667
0.468383
0.472923
0.483586
0.484671
0.488007
0.493915
0.50351
0.500958
0.496736
0.495227
0.493725
0.483338
0.422483
0.196797
0.200159
0.297116
0.450212
0.409879
0.65234
0.818222
1.20281
21.4015
2.99109
0.890999
0.48532
0.25516
0.21127
0.232761
0.207283
0.186117
0.16973
0.153472
0.13521
0.119057
0.104366
0.0934654
0.0872855
0.0809113
0.0754718
0.0768192
0.0902349
0.0926687
0.0970818
0.110453
0.112135
0.114356
0.138523
0.120528
0.126847
0.146386
0.193535
0.29284
0.337871
0.384864
0.393438
0.420771
0.439204
0.43991
0.441796
0.450591
0.482045
0.527451
0.506866
0.488611
0.497824
0.566791
0.257585
0.167059
0.158392
0.26544
0.279593
0.31789
0.734256
0.827428
1.12623
21.4034
2.99776
0.899211
0.377481
0.282507
0.306099
0.276026
0.244084
0.209392
0.179189
0.155701
0.135647
0.118328
0.105693
0.0915534
0.0809956
0.0764307
0.0717133
0.106142
0.107201
0.119131
0.152808
0.167681
0.212236
0.1995
0.260267
0.277301
0.426881
0.526563
0.48447
0.424047
0.374914
0.406481
0.420106
0.4333
0.424789
0.409931
0.39973
0.404282
0.442544
0.449829
0.463714
0.481545
0.471362
0.439537
0.165966
0.136404
0.143028
0.217681
0.330767
0.430908
0.339553
0.525844
0.960357
21.4035
2.99474
0.894574
0.456212
0.352508
0.294362
0.245105
0.208075
0.182278
0.161698
0.147243
0.131051
0.117299
0.103675
0.0919017
0.0859173
0.0800058
0.077765
0.0906911
0.0930765
0.0991804
0.104345
0.109755
0.120892
0.117272
0.12041
0.122291
0.15869
0.195792
0.279947
0.345308
0.376088
0.395001
0.395377
0.421204
0.40645
0.406216
0.38328
0.407773
0.42371
0.466615
0.428934
0.442724
0.396438
0.383443
0.217414
0.165676
0.145707
0.230517
0.256021
0.341156
0.369443
0.660403
0.899893
21.4041
3.00186
0.873249
0.494281
0.3498
0.303475
0.275243
0.238847
0.209083
0.180873
0.157028
0.136085
0.118359
0.105509
0.091639
0.0818946
0.0759589
0.086571
0.0924201
0.142769
0.153167
0.214308
0.161918
0.202878
0.235822
0.328285
0.400172
0.34158
0.351866
0.308493
0.316408
0.327384
0.35431
0.349384
0.357128
0.348768
0.359717
0.378377
0.396045
0.414974
0.430856
0.441231
0.420993
0.398834
0.150905
0.105318
0.114246
0.130376
0.193681
0.209577
0.384622
0.582176
0.632762
0.682818
21.4044
2.99769
0.893884
0.461996
0.357066
0.292176
0.256364
0.21756
0.187367
0.163186
0.145287
0.129235
0.116069
0.103372
0.0911243
0.0795558
0.0821191
0.086513
0.0723578
0.113828
0.121118
0.130798
0.140663
0.144928
0.145786
0.167788
0.177107
0.216323
0.282599
0.289343
0.324439
0.3451
0.359143
0.354594
0.356127
0.37193
0.370904
0.359758
0.367553
0.403103
0.406599
0.43091
0.381823
0.340329
0.283117
0.131213
0.102491
0.12197
0.250657
0.246369
0.38905
0.492333
0.841765
0.991572
21.4096
2.98865
0.840909
0.575056
0.194606
0.251311
0.247072
0.212395
0.1931
0.172946
0.153498
0.136261
0.119065
0.104929
0.09331
0.0806514
0.0728926
0.0820864
0.100775
0.154201
0.151146
0.169397
0.205421
0.322834
0.31017
0.303885
0.303642
0.277623
0.26021
0.263712
0.283037
0.300698
0.323391
0.331346
0.346004
0.354942
0.370745
0.38328
0.391671
0.396617
0.388243
0.364578
0.337048
0.18538
0.128772
0.101175
0.107614
0.11489
0.185586
0.215088
0.474514
0.702749
0.846108
0.998209
21.4101
2.98501
0.837864
0.575637
0.183446
0.230398
0.250404
0.224563
0.202329
0.176379
0.15313
0.134511
0.118522
0.105067
0.0921744
0.0804095
0.0767002
0.0914067
0.0675277
0.119187
0.128357
0.132197
0.144239
0.158146
0.162293
0.24524
0.234353
0.255458
0.308757
0.305373
0.301148
0.317525
0.307721
0.311967
0.320848
0.332177
0.350658
0.391785
0.386962
0.385314
0.372847
0.317523
0.27998
0.202798
0.194483
0.11798
0.090859
0.119844
0.264895
0.317469
0.398778
0.495691
0.703615
1.0289
21.4087
3.00425
0.899395
0.380564
0.285296
0.308197
0.273893
0.220872
0.194695
0.172276
0.153005
0.135586
0.119179
0.105466
0.0935926
0.0825051
0.0735171
0.0813708
0.146194
0.172021
0.265353
0.246678
0.226678
0.237967
0.229189
0.234015
0.240976
0.251155
0.250758
0.263225
0.282332
0.309632
0.326153
0.330635
0.339863
0.341381
0.347742
0.36473
0.378335
0.384889
0.37536
0.343384
0.28552
0.223373
0.113455
0.100231
0.0895351
0.104409
0.174728
0.247774
0.440089
0.937792
0.945312
0.821749
21.4106
2.98517
0.893684
0.44733
0.348956
0.286923
0.241298
0.205989
0.180893
0.162215
0.144955
0.130595
0.116377
0.104433
0.0931391
0.082186
0.0775699
0.0838734
0.0840592
0.124147
0.148088
0.156641
0.172611
0.199405
0.194586
0.293781
0.266048
0.268825
0.289787
0.279234
0.27716
0.305829
0.302326
0.311003
0.318135
0.350026
0.338441
0.36524
0.339768
0.347725
0.325243
0.287703
0.278965
0.293967
0.121458
0.100712
0.084289
0.104531
0.295765
0.34628
0.38519
0.676655
1.19449
1.17391
21.414
2.99291
0.891481
0.448888
0.347643
0.289655
0.245339
0.205868
0.186059
0.16706
0.149511
0.133865
0.118622
0.106025
0.0949495
0.0852282
0.0758128
0.07844
0.184318
0.221101
0.226318
0.224892
0.251589
0.246815
0.206677
0.218862
0.231656
0.239555
0.244562
0.255474
0.268671
0.284438
0.304864
0.321223
0.327573
0.33129
0.33509
0.340326
0.350379
0.3569
0.32394
0.269059
0.189537
0.148291
0.104243
0.084085
0.0887373
0.106989
0.178569
0.276515
0.287214
1.25091
1.02146
0.751509
21.4132
2.99545
0.891017
0.462676
0.35549
0.293909
0.247316
0.210137
0.18196
0.160654
0.142096
0.127826
0.11454
0.103894
0.0937116
0.0843531
0.074498
0.0746115
0.115505
0.161867
0.175038
0.180013
0.184409
0.181246
0.268073
0.292377
0.256179
0.272294
0.260868
0.261871
0.25996
0.290327
0.294526
0.300224
0.296111
0.284554
0.319903
0.287454
0.297738
0.285869
0.265776
0.212829
0.261976
0.178378
0.109867
0.0883706
0.0821589
0.104681
0.32193
0.475416
0.562493
0.785173
0.792834
0.939197
21.4148
3.00172
0.847687
0.561357
0.192115
0.227669
0.23607
0.224063
0.197363
0.172973
0.151709
0.134736
0.119015
0.107093
0.0958883
0.0892151
0.0767722
0.0757988
0.140411
0.208153
0.175469
0.164886
0.201698
0.218839
0.206336
0.201403
0.204305
0.222515
0.226967
0.228107
0.238331
0.25405
0.256466
0.273122
0.29133
0.288842
0.273643
0.288176
0.300348
0.290621
0.2677
0.201473
0.167256
0.110507
0.0868506
0.0783197
0.0841303
0.0973334
0.135628
0.26281
0.439262
0.448571
1.40343
1.3802
21.415
2.9994
0.867825
0.4908
0.326003
0.288438
0.269204
0.234848
0.199459
0.170632
0.14701
0.12979
0.115227
0.104238
0.0948477
0.0868202
0.0789174
0.0723047
0.0881158
0.148204
0.165368
0.162536
0.18148
0.192753
0.243375
0.23594
0.244919
0.259301
0.256742
0.257359
0.257977
0.270673
0.262453
0.268379
0.272579
0.26981
0.288691
0.275141
0.2589
0.219532
0.214588
0.18894
0.172269
0.114764
0.0895828
0.0799274
0.0819956
0.10376
0.26314
0.529898
0.642784
0.761597
0.958286
0.956713
21.4198
3.00536
0.843146
0.561191
0.1821
0.249035
0.249568
0.228335
0.200627
0.175876
0.154084
0.136225
0.120368
0.108009
0.0972381
0.0892885
0.0818788
0.0764705
0.0920307
0.175095
0.17419
0.182507
0.180447
0.188433
0.207254
0.211836
0.187908
0.204029
0.203214
0.231934
0.19979
0.225304
0.235322
0.241751
0.239521
0.254133
0.252209
0.283463
0.282483
0.273072
0.235128
0.172202
0.109239
0.084887
0.0777697
0.0749681
0.0788598
0.0951658
0.104317
0.132652
0.202473
0.330012
0.492924
0.841068
21.4192
2.99791
0.888508
0.459685
0.352683
0.294158
0.250861
0.215318
0.190365
0.167197
0.146815
0.130467
0.116123
0.104919
0.0954976
0.0875945
0.0815698
0.0737178
0.0804714
0.101003
0.136967
0.14486
0.169954
0.179638
0.194838
0.242866
0.231316
0.223668
0.236202
0.241927
0.240535
0.2413
0.258305
0.237928
0.259894
0.227755
0.266465
0.245057
0.201265
0.180694
0.161923
0.143358
0.111463
0.0910736
0.0809928
0.0745945
0.0781377
0.0855694
0.118945
0.194441
0.331045
0.621845
1.12879
0.77111
21.4219
2.99647
0.840845
0.565495
0.188639
0.245718
0.245041
0.225952
0.199306
0.175226
0.154132
0.136696
0.121567
0.108788
0.0984146
0.0892902
0.0839355
0.076368
0.0760629
0.118427
0.143562
0.150908
0.167535
0.196128
0.192311
0.204461
0.190729
0.219534
0.193922
0.21743
0.198072
0.201454
0.230527
0.229618
0.226701
0.211347
0.227052
0.280906
0.261344
0.234366
0.180812
0.12281
0.0955909
0.0786891
0.0784389
0.0751636
0.0765964
0.0858679
0.0959189
0.115787
0.131252
0.168529
0.17474
0.354007
21.4207
2.99711
0.893447
0.445999
0.344091
0.28793
0.239261
0.205627
0.180821
0.163724
0.148146
0.133413
0.118866
0.106789
0.0969892
0.0891215
0.0828488
0.0771787
0.0730616
0.0899004
0.0987399
0.113314
0.123256
0.162285
0.164863
0.22082
0.215886
0.181508
0.256992
0.260214
0.240793
0.239962
0.226535
0.212609
0.249353
0.204211
0.181957
0.144242
0.196769
0.187273
0.169201
0.13419
0.101941
0.0815304
0.0802611
0.0724152
0.0750084
0.0809233
0.0949971
0.115349
0.14897
0.221689
0.422601
0.837265
21.4256
2.99572
0.891121
0.449402
0.347217
0.28988
0.249971
0.214415
0.18701
0.165833
0.149268
0.134723
0.121557
0.109824
0.0997053
0.0900836
0.0844597
0.0778394
0.0741929
0.0854837
0.106961
0.125467
0.122113
0.170889
0.201816
0.197073
0.223003
0.216747
0.207091
0.204624
0.193171
0.204846
0.219707
0.21919
0.204422
0.206586
0.224231
0.187191
0.256251
0.231998
0.157813
0.0987041
0.0882698
0.0773295
0.0754204
0.0751762
0.0779691
0.0840658
0.0936559
0.105116
0.126503
0.143321
0.181263
0.207416
21.4255
2.99995
0.876573
0.475228
0.344977
0.296347
0.264774
0.227662
0.191346
0.168819
0.149809
0.13621
0.122661
0.110219
0.0993024
0.0905464
0.0840067
0.0772616
0.0749962
0.0757045
0.0772214
0.0956485
0.103915
0.154573
0.157263
0.193072
0.186174
0.214813
0.211044
0.234346
0.210092
0.186317
0.235687
0.177989
0.20752
0.156732
0.195446
0.174488
0.180057
0.127659
0.146117
0.132607
0.0969124
0.0922997
0.0840313
0.076646
0.0768325
0.0834588
0.0903
0.108366
0.123578
0.161667
0.183583
0.26059
21.4268
2.99782
0.888693
0.444858
0.34604
0.286416
0.246253
0.211375
0.183988
0.163078
0.146544
0.132658
0.120871
0.109789
0.101486
0.0918107
0.0850656
0.0791164
0.0748438
0.0754983
0.0838087
0.0919446
0.0998007
0.101492
0.47319
0.284648
0.217773
0.230523
0.206403
0.194508
0.174384
0.171956
0.211308
0.209464
0.197544
0.191529
0.19013
0.19717
0.161983
0.125991
0.0962453
0.0845834
0.0833261
0.0787252
0.0794797
0.0835466
0.0905333
0.10142
0.115207
0.127782
0.147286
0.165134
0.176899
0.207323
21.4262
3.00482
0.875062
0.47452
0.337582
0.296637
0.251495
0.225747
0.195043
0.169914
0.150278
0.13611
0.123781
0.112008
0.100867
0.0921806
0.084985
0.0784892
0.0741131
0.0731243
0.0692884
0.0792139
0.104827
0.106537
0.399501
0.160804
0.143171
0.180013
0.196704
0.192915
0.205188
0.1985
0.198007
0.186234
0.182386
0.169305
0.176712
0.162568
0.15976
0.124797
0.0872411
0.0948648
0.0827076
0.0741153
0.0748557
0.0813125
0.0912566
0.0984697
0.109283
0.125136
0.14186
0.158308
0.171278
0.210597
21.4321
2.9932
0.887424
0.441493
0.340299
0.283108
0.238444
0.203645
0.178141
0.158138
0.143056
0.130186
0.119835
0.109936
0.101396
0.0933075
0.0863973
0.0800798
0.0760585
0.0727341
0.0763669
0.0832478
0.0833314
0.201116
0.33988
0.198901
0.182114
0.180566
0.188863
0.165266
0.202667
0.217951
0.180948
0.165309
0.128736
0.173345
0.167894
0.129077
0.102105
0.0880052
0.0859195
0.0814964
0.079596
0.0794353
0.0883122
0.0995087
0.116942
0.129194
0.15495
0.176304
0.191673
0.199806
0.232128
21.4312
2.99951
0.875025
0.463954
0.333907
0.290303
0.261935
0.229535
0.203016
0.178185
0.156548
0.139441
0.125762
0.113269
0.102384
0.0932904
0.0859041
0.0796767
0.0743365
0.0723188
0.068615
0.0718618
0.0791183
0.221294
0.506164
0.216463
0.175167
0.152941
0.14504
0.140864
0.124862
0.137345
0.108434
0.135358
0.143242
0.14517
0.118105
0.0900481
0.100994
0.0888005
0.0809221
0.0791958
0.079516
0.0828844
0.0895993
0.0984225
0.110612
0.132065
0.155511
0.173761
0.187432
0.188003
0.232497
21.4328
2.99511
0.88373
0.450539
0.343602
0.285127
0.237994
0.202117
0.176224
0.157805
0.145212
0.132826
0.121312
0.110954
0.101896
0.0937886
0.0872631
0.0810698
0.0762878
0.0736464
0.0746783
0.0759593
0.0799928
0.0855322
0.245951
0.303222
0.249836
0.193316
0.174816
0.173346
0.161612
0.160007
0.162237
0.150041
0.136997
0.122564
0.116586
0.105538
0.0971797
0.0900059
0.08572
0.0783622
0.0763101
0.0743509
0.0781254
0.093379
0.109435
0.138005
0.160335
0.203834
0.226875
0.240064
0.245419
0.289867
21.432
3.00347
0.871075
0.480947
0.338689
0.290163
0.265531
0.226806
0.200668
0.178552
0.159463
0.143305
0.12898
0.115844
0.103863
0.094823
0.0867246
0.0805786
0.0747147
0.0721832
0.0699707
0.0683802
0.0712958
0.0842015
0.272912
0.311052
0.254859
0.204707
0.176671
0.159387
0.145949
0.136452
0.131836
0.119795
0.114347
0.110526
0.106963
0.101212
0.0951955
0.091148
0.0875096
0.0830028
0.0808588
0.0803773
0.0837329
0.094439
0.106962
0.137022
0.162033
0.19442
0.209949
0.220628
0.234519
0.30713
21.4374
2.99751
0.883381
0.455928
0.348208
0.288936
0.239778
0.20255
0.175164
0.156458
0.143958
0.134226
0.123882
0.113463
0.103609
0.0949901
0.0880573
0.0822349
0.0765858
0.073994
0.0717105
0.0714437
0.0717018
0.0742343
0.0820904
0.108837
0.149034
0.17359
0.167296
0.166697
0.152801
0.142513
0.13551
0.127619
0.117821
0.108914
0.101927
0.0935954
0.0888949
0.0807451
0.0745216
0.0679349
0.069768
0.0685539
0.0755718
0.0994666
0.123313
0.167676
0.198696
0.251972
0.27856
0.288748
0.319392
0.401363
21.4362
3.0103
0.840243
0.557578
0.177952
0.233155
0.234663
0.223111
0.201581
0.178952
0.159977
0.143183
0.130694
0.117691
0.105978
0.0963008
0.0877959
0.0814655
0.0753575
0.0727435
0.0695471
0.0682182
0.0679267
0.0707861
0.0800744
0.116801
0.163944
0.183197
0.169015
0.154841
0.143999
0.133888
0.126022
0.117701
0.110448
0.105092
0.099967
0.0949428
0.089627
0.08529
0.0773689
0.0712412
0.0701924
0.0727747
0.0820962
0.0961097
0.118499
0.164951
0.200528
0.247298
0.286654
0.289405
0.382949
0.420569
21.4369
3.00712
0.871358
0.473583
0.324043
0.287088
0.248151
0.217819
0.189344
0.164866
0.149186
0.135762
0.126635
0.115569
0.106381
0.096831
0.0893002
0.0833904
0.0773163
0.0746868
0.0697553
0.0692331
0.0675801
0.0680285
0.0685641
0.0727216
0.0835464
0.090477
0.109849
0.11905
0.115859
0.109917
0.121281
0.112512
0.103142
0.0944282
0.0883566
0.0805748
0.0732385
0.0650656
0.0610243
0.0589082
0.0612569
0.0695037
0.0829857
0.114269
0.142781
0.19292
0.23789
0.286313
0.339141
0.385194
0.507879
0.494939
21.4366
3.01238
0.847372
0.551635
0.192564
0.250557
0.246356
0.22551
0.200868
0.177749
0.159167
0.143121
0.130009
0.118711
0.108068
0.0983931
0.0895651
0.0830677
0.0765326
0.0734795
0.0686748
0.0670868
0.0662458
0.06646
0.0670395
0.0751879
0.0873313
0.10162
0.125549
0.117942
0.124203
0.123911
0.11457
0.104177
0.0977469
0.0911837
0.0865784
0.0803461
0.0744776
0.0678498
0.0616833
0.0603867
0.064063
0.0683752
0.0821999
0.102532
0.137514
0.210806
0.25705
0.340058
0.394772
0.423496
0.567613
0.524156
21.4413
2.99792
0.887501
0.440579
0.339754
0.281539
0.236559
0.203156
0.179689
0.160938
0.148121
0.135394
0.125697
0.116372
0.108354
0.100521
0.0931056
0.0867594
0.0803457
0.0759632
0.0717998
0.0683199
0.066078
0.0649746
0.0653284
0.0667199
0.0687602
0.0724084
0.0750108
0.0744798
0.0740566
0.0816454
0.0777297
0.0736634
0.0700591
0.0660147
0.0623838
0.0585855
0.055207
0.0520646
0.0517508
0.054608
0.0617883
0.0702783
0.0921966
0.12358
0.158205
0.223202
0.291753
0.329127
0.478596
0.612753
0.648491
0.645135
21.4409
2.99765
0.885432
0.438832
0.337933
0.281002
0.234861
0.201979
0.177652
0.160632
0.149076
0.138539
0.128452
0.117974
0.109142
0.101331
0.0940791
0.0874928
0.0812273
0.0764036
0.0727263
0.0686119
0.066083
0.0647858
0.0648184
0.0663094
0.0696632
0.0714005
0.084823
0.0808798
0.0864251
0.0889458
0.0889414
0.0830281
0.0759953
0.0709496
0.066362
0.0616228
0.0575835
0.0540612
0.0545981
0.0545588
0.0627686
0.0716505
0.0849626
0.114313
0.170131
0.265381
0.325035
0.470673
0.572233
0.580343
0.573495
0.760523
21.4416
3.00411
0.877727
0.453494
0.327854
0.28396
0.255554
0.221225
0.190431
0.166283
0.14984
0.13589
0.125918
0.116684
0.108254
0.100742
0.0941234
0.0883658
0.0831067
0.0785979
0.074944
0.0713228
0.0678321
0.0652761
0.0638893
0.0624553
0.0633643
0.062606
0.0654368
0.0652158
0.0630898
0.060791
0.0586369
0.0571075
0.055861
0.0538907
0.0521899
0.0515032
0.0496645
0.0496212
0.0513019
0.0561087
0.0617908
0.0690624
0.0952374
0.129884
0.177506
0.254605
0.308679
0.339141
0.630691
0.683677
0.589499
0.73227
21.4421
3.00084
0.873797
0.452365
0.323417
0.28055
0.255595
0.221417
0.18962
0.165898
0.148547
0.135386
0.125287
0.116015
0.108456
0.101004
0.094533
0.0886312
0.0837382
0.0789184
0.0751018
0.0718796
0.0682854
0.0655608
0.0638796
0.0632052
0.0625479
0.062658
0.0618153
0.0656244
0.0661752
0.0661597
0.0659919
0.0614896
0.0579292
0.0551259
0.0529991
0.0520102
0.0495055
0.0506962
0.0501699
0.0562241
0.0622331
0.0728422
0.0817129
0.120627
0.197941
0.28042
0.318169
0.534299
0.606903
0.552862
0.709426
0.656272
21.445
2.99852
0.89197
0.434448
0.335742
0.28027
0.234514
0.204762
0.181883
0.163214
0.147485
0.135432
0.125127
0.116266
0.108187
0.100082
0.0933062
0.0870179
0.08127
0.0770243
0.0733526
0.0705685
0.0675742
0.0651072
0.0628197
0.0614644
0.059741
0.0585424
0.0576754
0.0567152
0.0557012
0.0544295
0.0532846
0.0521771
0.0514406
0.0503901
0.0498739
0.0493934
0.0493723
0.0495269
0.051108
0.0569621
0.0601649
0.074963
0.0954736
0.135844
0.191506
0.207493
0.263973
0.341526
0.621784
0.754043
0.912568
0.784239
21.4446
2.99939
0.874229
0.46084
0.337135
0.286893
0.257625
0.225394
0.195312
0.170531
0.151378
0.136858
0.125725
0.116691
0.108045
0.10003
0.0934525
0.0868192
0.0818772
0.0768947
0.0729181
0.0699336
0.0671422
0.0641577
0.0620463
0.0606975
0.0593913
0.0582758
0.0570709
0.0558639
0.0547042
0.0535568
0.0524551
0.0511124
0.0500397
0.0483601
0.0479639
0.0476459
0.0474175
0.0491228
0.0490672
0.0578408
0.058947
0.0677597
0.0768642
0.130321
0.165152
0.279467
0.279874
0.532795
0.591833
0.584765
0.934387
0.701623
21.4452
2.99851
0.891655
0.435969
0.332568
0.277941
0.232473
0.198338
0.173469
0.155801
0.142316
0.131912
0.12274
0.114519
0.10697
0.0997652
0.0929587
0.0866541
0.0809675
0.0759373
0.0719043
0.0679051
0.0650711
0.062196
0.0597451
0.0580117
0.0564882
0.0550043
0.0539239
0.0528801
0.0520497
0.0512663
0.0506072
0.0499426
0.0492984
0.0486862
0.0480615
0.0478565
0.0479073
0.0478024
0.0484324
0.0507533
0.0503122
0.0702663
0.0949334
0.126422
0.198792
0.189386
0.215124
0.354724
0.636749
1.10476
1.03496
1.20582
21.4447
3.00227
0.889961
0.422423
0.328505
0.277516
0.232539
0.204326
0.181949
0.162676
0.147397
0.135085
0.125047
0.116008
0.108034
0.100078
0.0932376
0.086606
0.0811686
0.0761382
0.0715837
0.067817
0.0645026
0.0614286
0.0587841
0.0567794
0.0552769
0.0542673
0.0532781
0.0523399
0.0512502
0.0503564
0.04939
0.0484889
0.0474603
0.0469301
0.0464301
0.0463145
0.0461084
0.0470813
0.0469297
0.0530909
0.0559286
0.0714314
0.0904476
0.103616
0.123272
0.218227
0.235319
0.594285
0.778244
0.839476
1.01543
1.19697
21.448
2.99674
0.883459
0.435132
0.334033
0.279171
0.234821
0.201699
0.177525
0.159384
0.145097
0.133161
0.123684
0.115471
0.108053
0.100576
0.0944891
0.0872981
0.0818612
0.076061
0.0720407
0.0680575
0.0646642
0.0615364
0.0592127
0.0566756
0.0546821
0.0532054
0.0518215
0.0506431
0.0496402
0.0485169
0.0476591
0.0468852
0.0461992
0.0457115
0.0452396
0.0450609
0.045437
0.0447048
0.0453735
0.0464639
0.0517568
0.0737969
0.0918604
0.0907948
0.106215
0.173915
0.204219
0.290956
0.523888
0.883436
0.975124
1.16664
21.4472
2.99765
0.886549
0.42296
0.324971
0.274211
0.232056
0.198365
0.177378
0.160043
0.14659
0.135197
0.125301
0.11699
0.108988
0.101362
0.0940852
0.0870443
0.0812927
0.0759373
0.0714199
0.0673557
0.0637865
0.0608186
0.0581885
0.0558476
0.0540979
0.0523424
0.0511117
0.0498428
0.0488604
0.0477483
0.0469257
0.0461949
0.0452811
0.0447145
0.0439509
0.0436036
0.0444273
0.0446658
0.0469825
0.0542221
0.054494
0.0778344
0.0774683
0.154153
0.123075
0.197553
0.2795
0.498589
0.633773
0.68764
0.853389
0.83223
21.4473
3.00016
0.887805
0.422337
0.326075
0.275391
0.232531
0.199442
0.176022
0.159155
0.145746
0.135204
0.125674
0.116545
0.108981
0.101273
0.0946049
0.0877927
0.0821122
0.0765912
0.0721831
0.0679292
0.0648113
0.0616216
0.059256
0.0565429
0.0543
0.0529041
0.0513441
0.0502198
0.0490554
0.0480985
0.046859
0.0461532
0.0452007
0.0446904
0.0438936
0.04326
0.0428986
0.0461619
0.0462802
0.0458171
0.0511911
0.0777145
0.0614285
0.0788396
0.0924158
0.14897
0.167066
0.289314
0.490731
0.609298
0.930819
0.848617
21.4474
2.99902
0.884188
0.427495
0.327519
0.280068
0.224219
0.194295
0.174296
0.158424
0.145745
0.134692
0.125285
0.116352
0.108851
0.101341
0.0942975
0.0876044
0.0813515
0.0762128
0.0714944
0.0673144
0.0638844
0.0608683
0.0582887
0.0558727
0.0540848
0.0521835
0.0508467
0.0495317
0.0483906
0.0473693
0.0463391
0.0453749
0.0444297
0.0437976
0.043102
0.0426242
0.0434218
0.0426913
0.0432951
0.0439644
0.0477997
0.0688425
0.0877395
0.119035
0.12978
0.187471
0.201514
0.62622
0.633674
0.668188
0.696492
0.50958
21.4484
3.00017
0.891151
0.427388
0.325998
0.275006
0.228154
0.197488
0.175073
0.158495
0.145381
0.134782
0.125404
0.116672
0.109055
0.101275
0.0944421
0.0879897
0.0822427
0.0769737
0.0722816
0.0681245
0.0646452
0.0614385
0.0587456
0.056177
0.0541485
0.0524652
0.0509249
0.0495616
0.0482625
0.0471642
0.0462631
0.0453004
0.0447367
0.0438617
0.0431259
0.0427199
0.0422957
0.0418949
0.0416798
0.04236
0.0574632
0.0464954
0.0505071
0.0625859
0.0690347
0.148431
0.219027
0.228133
0.488236
0.567564
0.755035
0.675161
21.4481
3.00105
0.888843
0.416701
0.322872
0.2779
0.224123
0.194601
0.173444
0.157435
0.144122
0.13334
0.123773
0.115386
0.107635
0.100726
0.0939309
0.0877951
0.0816068
0.0765297
0.0717477
0.067515
0.0641535
0.0613926
0.05892
0.0566026
0.0548033
0.0529326
0.0514141
0.0499604
0.0485973
0.047559
0.0463364
0.0453979
0.0442935
0.0436457
0.0428253
0.0420145
0.0415246
0.0412223
0.0409456
0.0431488
0.0426823
0.0505218
0.054944
0.0790965
0.112836
0.14363
0.234313
0.46514
0.466323
0.459514
0.608264
0.404204
21.4484
2.99841
0.88402
0.427748
0.329642
0.27497
0.230391
0.195693
0.170432
0.152751
0.140032
0.130369
0.123065
0.115317
0.108168
0.101378
0.094716
0.0886277
0.0831178
0.0778239
0.0732848
0.0689212
0.0650428
0.0614384
0.058736
0.0561208
0.0542
0.0523588
0.0509377
0.0494771
0.0481443
0.0468693
0.0457265
0.0445466
0.0436136
0.0427652
0.0422925
0.0415225
0.0411399
0.0402317
0.0412955
0.0416705
0.0427062
0.0491093
0.051687
0.0650235
0.061069
0.197148
0.136516
0.298068
0.54156
0.70298
1.27866
1.36655
21.4478
3.00063
0.889815
0.421627
0.32445
0.272119
0.230186
0.198754
0.175393
0.158424
0.144772
0.134151
0.124667
0.116516
0.10868
0.101576
0.0949348
0.0886273
0.0831592
0.0777235
0.0725976
0.0681906
0.0645706
0.0613148
0.058636
0.0561535
0.0543459
0.0524537
0.0509696
0.0493903
0.0479284
0.0467043
0.0453538
0.0442947
0.0431215
0.0425017
0.0414999
0.0408836
0.0402418
0.0401166
0.0393753
0.0397455
0.0518406
0.0856534
0.0613486
0.072783
0.11199
0.162162
0.264016
0.295419
0.472123
1.17762
1.44773
1.37562
21.4487
3.00104
0.887141
0.417724
0.320543
0.273858
0.230215
0.198989
0.175653
0.157792
0.143704
0.132238
0.122976
0.114756
0.107222
0.100404
0.0936981
0.0875647
0.0819177
0.0767226
0.072175
0.0681095
0.0645267
0.0613114
0.058633
0.0562213
0.054193
0.0524508
0.0508179
0.0494379
0.0480199
0.0468562
0.045596
0.0446604
0.0435426
0.042658
0.0417862
0.041118
0.0399372
0.0392612
0.0399834
0.0387399
0.0402087
0.0498914
0.0605831
0.121581
0.0797105
0.0920683
0.118829
0.316912
0.755278
1.30446
1.40376
0.885087
21.4483
3.0022
0.888502
0.410094
0.318974
0.269662
0.232374
0.2005
0.176201
0.158292
0.144299
0.133227
0.12371
0.115589
0.107861
0.100978
0.0943681
0.0882236
0.0826942
0.0775253
0.0727463
0.068529
0.0648068
0.061582
0.0587868
0.0563199
0.0543349
0.0525205
0.0509418
0.0494497
0.0480015
0.0468677
0.0457104
0.0448445
0.0439889
0.0430836
0.0423832
0.0415698
0.040566
0.0402193
0.0385839
0.042174
0.0538656
0.0533386
0.0818111
0.11629
0.0993727
0.160522
0.190757
0.442599
0.505057
0.834518
1.91585
1.48063
21.45
2.97925
0.866599
0.375861
0.276056
0.299511
0.264387
0.21647
0.186123
0.167409
0.152029
0.13902
0.127639
0.117833
0.109066
0.101511
0.0947231
0.0887753
0.0834235
0.0786082
0.0741381
0.070085
0.0664773
0.0634376
0.0606571
0.0585067
0.0563195
0.0546443
0.0529036
0.0515293
0.0501372
0.0487655
0.0475439
0.0462418
0.0452938
0.0443411
0.0434982
0.0420581
0.0413367
0.0393495
0.038965
0.0385141
0.0398812
0.0403706
0.0430898
0.0493837
0.0513698
0.076568
0.0632241
0.549002
1.41281
1.66855
1.60369
1.7522
21.4459
3.00261
0.889018
0.419196
0.321772
0.271408
0.234971
0.207754
0.186007
0.166792
0.150485
0.137123
0.125964
0.116735
0.108666
0.101799
0.0953661
0.0896712
0.0843306
0.0794352
0.074745
0.070652
0.0668718
0.0637367
0.0608346
0.0583403
0.0560613
0.0539503
0.0522952
0.0503558
0.0490769
0.0473622
0.0461855
0.0448543
0.0434996
0.0425799
0.040922
0.0396888
0.038173
0.0367734
0.0361307
0.0358142
0.035811
0.0391607
0.0642615
0.0797461
0.0902622
0.185257
0.203224
0.258764
0.658755
1.07543
1.62737
1.64661
0.0110643
0.0114831
0.0117905
0.0120764
0.012295
0.0125969
0.0128406
0.0131666
0.0134351
0.0137298
0.0140025
0.0142586
0.0145106
0.0147208
0.0149328
0.015097
0.0152915
0.0154612
0.0156612
0.0157953
0.0160911
0.0162855
0.0166896
0.0170503
0.0176199
0.017965
0.018584
0.0191249
0.0196972
0.0206304
0.0211213
0.0216266
0.0221143
0.0226875
0.0232032
0.0238796
0.0247226
0.0252054
0.0243726
0.0252396
0.0254799
0.0249058
0.0250402
0.0253243
0.0254751
0.0266478
0.0269917
0.0265615
0.0220611
0.0227056
0.0224616
0.0220195
0.0181291
0.0176207
0.0110867
0.0114591
0.0118027
0.012052
0.0123459
0.0125768
0.01288
0.0131745
0.0134627
0.0137496
0.0140232
0.0142631
0.0145029
0.0147613
0.0149534
0.0152592
0.0154654
0.0158194
0.0161647
0.0164736
0.0168541
0.0171431
0.0173637
0.0175179
0.0177783
0.0180697
0.0184322
0.0190828
0.0194696
0.0203536
0.0208249
0.0219096
0.0223795
0.0224572
0.0237548
0.0243793
0.0240215
0.0251408
0.025433
0.0257005
0.0258242
0.0249693
0.0252682
0.0260465
0.0271104
0.0267559
0.027443
0.0271419
0.0231502
0.0229782
0.024127
0.0253253
0.0272142
0.0286395
0.379137
0.21328
0.375913
0.150707
0.162654
0.213901
0.567499
0.249817
0.388038
0.421051
0.272509
0.0955231
0.220288
0.186839
0.167009
0.192102
0.290756
0.153322
0.560968
0.811719
0.234994
0.101128
0.218691
0.111599
0.294606
0.390405
0.46549
0.467723
0.442295
0.76987
0.533193
0.201784
0.0954931
0.269236
0.0952599
0.192118
0.638318
0.45884
0.623968
0.460459
0.473368
0.456488
0.172832
0.19698
0.233677
0.126056
0.160226
0.16562
0.203953
0.199395
0.243972
0.241396
0.170587
0.236366
0.270887
0.283637
0.148047
0.119788
0.13256
0.123548
0.122844
0.107005
0.101979
0.231676
0.146548
0.141026
0.197846
0.223528
0.141915
0.144174
0.131237
0.147958
0.152056
0.0978481
0.108629
0.140058
0.151073
0.228929
0.431417
0.569978
0.461253
0.267267
0.206962
0.294124
0.25978
0.22704
0.214367
0.249627
0.247524
0.103204
0.0771009
0.0874117
0.0887122
0.0940781
0.0758016
0.0857321
0.217568
0.315451
0.345729
0.305137
0.19914
0.177333
0.160149
0.161792
0.274503
0.186228
0.294808
0.184836
0.105854
0.101354
0.133094
0.0806754
0.0892143
0.0940016
0.104828
0.130049
0.221386
0.187612
0.205099
0.130376
0.42039
0.475697
0.263053
0.36483
0.297816
0.378982
0.298788
0.397715
0.30611
0.0825392
0.0789672
0.0839188
0.0733529
0.0767575
0.0746711
0.0766375
0.12751
0.219397
0.194237
0.130894
0.195726
0.832096
0.446388
0.325565
0.526489
0.275103
0.421038
0.373528
0.436827
0.405678
0.120591
0.0914143
0.112498
0.0828064
0.0906326
0.0764604
0.0931313
0.472503
0.28741
0.506349
0.126067
0.134435
0.14331
0.152533
0.104716
0.0843044
0.10265
0.0772241
0.0750433
0.0735891
0.0838412
0.421533
0.261628
0.413895
0.128308
0.124219
0.100589
0.192149
0.631648
0.233138
0.479241
0.239136
0.552521
0.581919
0.445582
0.28496
0.223732
0.485209
0.400119
0.131368
0.155215
0.137141
0.271429
0.0892343
0.0418117
0.415754
0.167596
0.161071
0.146011
0.54704
0.0790145
0.0984786
0.18939
0.615575
0.437338
0.500833
0.162014
0.124876
0.0598669
0.253573
0.2251
0.35854
0.224229
0.23334
0.117049
0.113971
0.267057
0.269266
0.435472
0.237324
0.255854
0.350335
0.189175
0.242151
0.167794
0.404093
0.376308
0.229476
0.152039
0.151355
0.322238
0.601079
0.137038
0.16872
0.521709
0.144807
0.0806613
0.0866868
0.625702
0.128407
0.203208
0.135284
0.431313
0.103285
0.0524828
0.224342
0.321436
0.26864
0.293333
0.164742
0.13573
0.118557
0.290602
0.278301
0.788218
0.261682
0.319012
0.135389
0.0660767
0.321811
0.331452
0.788852
0.358756
0.239124
0.10326
0.0379391
0.122173
0.21023
0.2129
0.207027
0.122094
0.0930723
0.0871751
0.206763
0.151065
0.320739
0.157674
0.134371
0.194706
0.289513
0.15112
0.201596
0.151574
0.438886
0.407587
0.428901
0.424815
0.464393
0.416737
0.504232
0.49131
0.413137
0.567011
0.49239
0.566155
0.476503
0.776891
0.777521
0.619967
0.458393
0.417315
0.75469
0.629847
0.490041
0.565795
0.0881216
0.0923649
0.138603
0.246604
0.175117
0.211024
0.122256
0.101456
0.0440619
0.178998
0.149788
0.231425
0.189472
0.141575
0.195195
0.243708
0.150359
0.160752
0.127032
0.834035
0.620121
0.597333
0.644206
0.527139
0.94307
1.09142
0.653013
0.482064
0.51965
0.568721
0.621341
0.580956
0.875147
0.558443
0.47716
0.95785
0.650069
0.688899
0.747835
0.821797
0.622212
0.156441
0.144241
0.117928
0.0973983
0.140599
0.0999701
0.15571
0.164936
0.14178
0.105621
0.104221
0.106349
0.165711
0.0999638
0.16114
0.140837
0.178284
0.15506
0.151746
0.122887
0.195365
0.275174
0.295392
0.257
0.227248
0.2972
0.219772
0.274743
0.301499
0.282659
0.332741
0.241384
0.333857
0.221347
0.279529
0.158246
0.0889471
0.0932833
0.0915882
0.094483
0.0914087
0.155696
0.197817
0.25357
0.192256
0.18796
0.235625
0.216516
0.161158
0.198313
0.161701
0.203423
0.156374
0.212869
0.161114
0.187629
0.152698
0.12972
0.138091
0.10485
0.140168
0.139289
0.15761
0.153618
0.147297
0.110656
0.14385
0.14848
0.149034
0.145457
0.427735
0.400828
0.420418
0.408784
0.369033
0.448394
0.415748
0.423045
0.450046
0.447167
0.483632
0.380954
0.445447
0.422938
0.149255
0.126299
0.133208
0.0946856
0.146273
0.128243
0.137773
0.15414
0.122835
0.0993867
0.131939
0.133989
0.135295
0.150516
0.437125
0.41926
0.446226
0.458227
0.424501
0.38655
0.383145
0.388212
0.420228
0.454627
0.546683
0.418171
0.394259
0.415403
0.162542
0.338421
0.113607
0.203224
0.320033
0.160895
0.107271
0.0632855
0.0270783
0.0769448
0.0267062
0.0720584
0.0797457
0.090682
0.0672107
0.12964
0.209921
0.345149
0.058648
0.327584
0.105611
0.25543
0.103258
0.198243
0.203642
0.107212
0.198477
0.107819
0.0999015
0.0666553
0.0790662
0.06405
0.0845318
0.109614
0.182375
0.200462
0.0998527
0.109961
0.199385
0.0975576
0.0694174
0.0806422
0.0868863
0.0674158
0.0852066
0.0820527
0.164539
0.137157
0.0841845
0.0839621
0.166345
0.0338076
0.0206951
0.038884
0.0165057
0.0486277
0.0573691
0.067587
0.045153
0.0610599
0.12166
0.0308379
0.173387
0.0732117
0.162374
0.0958481
0.438795
0.570167
0.0771689
0.0724121
0.127701
0.160393
0.0707383
0.0803124
0.164917
0.0362529
0.0511481
0.0514952
0.0375719
0.0355939
0.044589
0.046501
0.0359322
0.0864239
0.127769
0.0728084
0.168087
0.0829922
0.071132
0.168227
0.661685
0.573685
0.563294
0.281171
0.114018
0.553016
0.306925
0.599597
0.118688
0.0591626
0.0235274
0.0693314
0.0170129
0.0718676
0.0777942
0.081561
0.0676883
0.573928
0.665324
0.266911
0.0354292
0.275292
0.107727
0.517664
0.534425
0.274944
0.102604
0.695453
0.570956
0.292571
0.119882
0.0706019
0.0872789
0.0894053
0.0694762
0.0649568
0.0849318
0.0672079
0.076022
0.55465
0.59903
0.361515
0.121101
0.295855
0.128825
0.587602
0.38119
0.250603
0.0978873
0.354318
0.23743
0.0956357
0.34745
0.0424016
0.0201196
0.0461793
0.0160621
0.0749125
0.061379
0.0728954
0.0529957
0.369201
0.355728
0.288058
0.0344423
0.268914
0.0708779
0.282535
0.112559
0.0664999
0.379364
0.247421
0.418087
0.0941504
0.269448
0.383496
0.110676
0.0810427
0.0597854
0.0574782
0.0746075
0.407034
0.480052
0.300796
0.112397
0.301498
0.109474
0.491179
0.0617437
0.0547254
0.0442049
0.0586557
0.110536
0.129222
0.153445
0.33421
0.111052
0.208436
0.162836
0.352016
0.104635
0.0708661
0.0895192
0.0704663
0.0904684
0.0685911
0.0896836
0.0712897
0.0846687
0.145236
0.175622
0.258523
0.104815
0.152798
0.284314
0.104631
0.127142
0.121008
0.263783
0.223267
0.0928438
0.207496
0.221794
0.0981555
0.308309
0.247506
0.205059
0.279234
0.150957
0.180321
0.212327
0.190804
0.220241
0.306042
0.243439
0.190146
0.0571787
0.248736
0.0386698
0.283621
0.120712
0.116472
0.321445
0.234365
0.214853
0.0764293
0.237779
0.331183
0.0847945
0.205947
0.203793
0.232558
0.199868
0.359077
0.225553
0.265698
0.167627
0.25729
0.145758
0.446741
0.192457
0.209335
0.20442
0.197629
0.385541
0.285179
0.368798
0.102362
0.27388
0.391692
0.105878
0.0634821
0.068848
0.0821414
0.0588339
0.412547
0.388782
0.275477
0.100268
0.283882
0.445042
0.106074
0.0647853
0.073065
0.0831525
0.0568467
0.408443
0.282917
0.12074
0.355053
0.39509
0.276703
0.145873
0.0737071
0.0284908
0.0778598
0.0210455
0.0853563
0.100072
0.0784858
0.092928
0.391955
0.345122
0.274221
0.0433898
0.274372
0.120382
0.336645
0.416305
0.550189
0.192824
0.0942739
0.200911
0.103866
0.566833
0.0731953
0.0556926
0.0634801
0.0461329
0.493514
0.566409
0.21653
0.0940315
0.217266
0.450872
0.092244
0.0536325
0.042501
0.0488821
0.0387481
0.0934052
0.0966246
0.602678
0.202484
0.111657
0.652088
0.196191
0.508762
0.0970623
0.0592102
0.0246038
0.0517116
0.0233171
0.094162
0.066689
0.065699
0.0843001
0.536605
0.598768
0.292081
0.0444501
0.209022
0.0846722
0.40134
0.120304
0.0906971
0.111756
0.189676
0.111107
0.222247
0.109599
0.192967
0.109953
0.0709763
0.0300417
0.0864253
0.0300221
0.0782075
0.0949796
0.0760246
0.0999813
0.0969796
0.22279
0.217638
0.0607016
0.168102
0.104308
0.139375
0.124291
0.113663
0.649869
0.253876
0.258624
0.0859796
0.243922
0.0705255
0.737188
0.209011
0.222839
0.215284
0.225588
0.537302
0.233552
0.243537
0.15073
0.514762
0.240258
0.147971
0.178859
0.264692
0.189171
0.224073
0.129117
0.140886
0.690977
0.303712
0.112622
0.272588
0.265793
0.778554
0.115195
0.467984
0.392285
0.60088
0.193983
0.37299
0.347731
0.213228
0.553459
0.979064
0.357964
0.196504
0.0496769
0.311764
0.115007
0.554287
0.105831
0.0965332
0.0723645
0.0744758
0.161904
0.120642
0.0772439
0.0727722
0.162629
0.0395931
0.0498759
0.0375697
0.0575912
0.0373713
0.0537796
0.0404487
0.0499092
0.0800294
0.123296
0.0702328
0.156477
0.0783025
0.0735169
0.1612
0.0925375
0.0889865
0.246288
0.110785
0.166986
0.187676
0.114514
0.162491
0.295578
0.0585107
0.134234
0.254575
0.0394087
0.0628612
0.270322
0.0508443
0.214417
0.271258
0.184176
0.0499506
0.149166
0.106992
0.158667
0.148877
0.235971
0.0991724
0.192083
0.175891
0.0994731
0.259573
0.172607
0.0293099
0.252469
0.21903
0.0440714
0.0148869
0.20737
0.054734
0.159906
0.251124
0.187857
0.0928777
0.181638
0.0969202
0.175261
0.247083
0.433067
0.424475
0.395926
0.426192
0.339587
0.347436
0.432528
0.284112
0.219353
0.316037
0.174898
0.215803
0.198772
0.226854
0.127167
0.390388
0.436846
0.264794
0.430582
0.424015
0.431628
0.339862
0.440789
0.503799
0.504468
0.455341
0.447933
0.468174
0.412812
0.342801
0.465347
0.191112
0.211022
0.200679
0.231029
0.172628
0.20765
0.203067
0.146295
0.542197
0.55759
0.471118
0.506414
0.401881
0.545635
0.555542
0.503947
0.313383
0.43371
0.499432
0.528006
0.442067
0.379825
0.554632
0.285216
0.565848
0.529572
0.424205
0.469919
0.469589
0.401865
0.664977
0.488083
1.16244
0.509746
0.825641
0.385609
0.615772
0.40204
0.340586
0.44607
0.385505
0.355551
0.375819
0.420605
0.407586
0.487896
0.412571
0.495797
0.302286
0.371358
0.311163
0.337303
0.381613
0.442309
0.276859
0.460586
0.323879
0.424229
0.376451
0.0902831
0.093205
0.0943409
0.0804337
0.17633
0.149246
0.0893922
0.0882802
0.181959
0.0366515
0.0239849
0.0485126
0.0198157
0.0462704
0.0555003
0.0426335
0.0672777
0.069371
0.128477
0.0362593
0.168641
0.0767255
0.16132
0.0962058
0.108249
0.101988
0.199907
0.176408
0.0968563
0.16355
0.100102
0.158548
0.214124
0.0446103
0.211497
0.0575808
0.169369
0.227899
0.183552
0.0989638
0.161742
0.246997
0.10028
0.160924
0.0545445
0.176627
0.0500713
0.11177
0.226754
0.107378
0.165858
0.185569
0.111998
0.234437
0.164487
0.063802
0.168445
0.369516
0.0283428
0.0659438
0.221683
0.0642332
0.344164
0.219717
0.177728
0.0546639
0.14382
0.0988763
0.163562
0.144114
0.653621
0.644846
0.868257
0.598339
0.55201
0.72769
0.588011
0.253917
0.234034
0.244198
0.218036
0.267002
0.317108
0.272919
0.32899
0.588097
0.620559
0.455037
0.531499
0.494262
0.573294
0.530713
1.07039
1.23726
0.82146
0.867305
0.606226
0.763288
0.774011
0.978698
0.529175
0.614343
0.421507
0.639559
0.422683
0.524674
0.373797
0.58335
0.431945
0.822349
0.93061
0.788787
0.637825
1.07928
0.538101
0.643259
0.736584
0.69979
0.759162
0.643236
0.690312
0.601031
0.757143
0.415768
0.437661
0.458789
0.38888
0.543939
0.563618
0.587766
0.605515
0.472158
0.545617
0.486645
0.392723
0.387678
0.392973
0.423353
0.837579
0.892444
0.600399
0.712099
1.08091
0.806708
0.63152
0.623211
0.279249
0.621045
0.545252
0.545648
0.481395
0.634331
0.446287
0.914673
0.964189
1.08119
0.592086
1.19273
0.52244
0.668131
)
;

boundaryField
{
    inlet
    {
        type            fixedValue;
        value           uniform 440.15;
    }
    outlet
    {
        type            zeroGradient;
    }
    rightSide
    {
        type            symmetryPlane;
    }
    leftSide
    {
        type            symmetryPlane;
    }
    duct
    {
        Cmu             0.09;
        kappa           0.41;
        E               9.8;
        beta1           0.075;
        type            omegaWallFunction;
        value           nonuniform List<scalar> 
216
(
0.0111032
0.0111069
0.0114022
0.0114003
0.0117126
0.0117581
0.0120201
0.0120449
0.0123675
0.0124127
0.0126572
0.012677
0.0129988
0.013022
0.0132603
0.0132666
0.0135354
0.0135365
0.0137175
0.0137523
0.0137462
0.0138614
0.013779
0.013868
0.0136961
0.0138119
0.013377
0.0136508
0.0130693
0.0132373
0.0123148
0.0127614
0.0119087
0.0128208
0.0141163
0.0193432
0.0234016
0.028005
0.0267741
0.0302237
0.0326027
0.0348309
0.0397679
0.0424364
0.0425598
0.0443426
0.0435338
0.0441765
0.0452396
0.044723
0.0469033
0.0448395
0.0460834
0.0438205
0.0465517
0.0421576
0.0468448
0.0389258
0.0450285
0.0364972
0.0394599
0.0335651
0.0407263
0.0315837
0.0419913
0.0306132
0.0392299
0.0296784
0.0354677
0.028885
0.0352906
0.0281765
0.0335386
0.027565
0.0316304
0.0271496
0.0291332
0.0248508
0.0254745
0.0229272
0.0196143
0.0197087
0.0192593
0.0172162
0.0173102
0.0139213
0.0152772
0.0108721
0.0132665
0.00851122
0.0119408
0.00879755
0.0115303
0.00925664
0.0114485
0.0119439
0.0105107
0.0118643
0.0101606
0.0119881
0.00725291
0.00900936
0.00539321
0.0062623
0.00703951
0.00812206
0.0114367
0.0129678
0.0110643
0.0110867
0.0114831
0.0114591
0.0117905
0.0118027
0.0120764
0.012052
0.012295
0.0123459
0.0125969
0.0125768
0.0128406
0.01288
0.0131666
0.0131745
0.0134351
0.0134627
0.0137298
0.0137496
0.0140025
0.0140232
0.0142586
0.0142631
0.0145106
0.0145029
0.0147208
0.0147613
0.0149328
0.0149534
0.015097
0.0152592
0.0152915
0.0154654
0.0154612
0.0158194
0.0156612
0.0161647
0.0157953
0.0164736
0.0160911
0.0168541
0.0162855
0.0171431
0.0166896
0.0173637
0.0170503
0.0175179
0.0176199
0.0177783
0.017965
0.0180697
0.018584
0.0184322
0.0191249
0.0190828
0.0196972
0.0194696
0.0206304
0.0203536
0.0211213
0.0208249
0.0216266
0.0219096
0.0221143
0.0223795
0.0226875
0.0224572
0.0232032
0.0237548
0.0238796
0.0243793
0.0247226
0.0240215
0.0252054
0.0251408
0.0243726
0.025433
0.0252396
0.0257005
0.0254799
0.0258242
0.0249058
0.0249693
0.0250402
0.0252682
0.0253243
0.0260465
0.0254751
0.0271104
0.0266478
0.0267559
0.0269917
0.027443
0.0265615
0.0271419
0.0220611
0.0231502
0.0227056
0.0229782
0.0224616
0.024127
0.0220195
0.0253253
0.0181291
0.0272142
0.0176207
0.0286395
)
;
    }
    cylinder
    {
        Cmu             0.09;
        kappa           0.41;
        E               9.8;
        beta1           0.075;
        type            omegaWallFunction;
        value           nonuniform List<scalar> 
448
(
0.42039
0.475697
0.832096
0.446388
0.0892343
0.0418117
0.0790145
0.0984786
0.124876
0.0598669
0.117049
0.113971
0.0806613
0.0866868
0.103285
0.0524828
0.13573
0.118557
0.135389
0.0660767
0.10326
0.0379391
0.0930723
0.0871751
0.416737
0.504232
0.0881216
0.0923649
0.101456
0.0440619
0.94307
1.09142
0.113607
0.107271
0.0632855
0.0720584
0.058648
0.105611
0.107212
0.0999015
0.0666553
0.0998527
0.0975576
0.0694174
0.0820527
0.0841845
0.0338076
0.0486277
0.438795
0.570167
0.0724121
0.0707383
0.0362529
0.0355939
0.661685
0.573685
0.114018
0.118688
0.0591626
0.0718676
0.0354292
0.107727
0.102604
0.119882
0.0706019
0.0649568
0.121101
0.128825
0.0978873
0.0956357
0.0424016
0.0749125
0.112559
0.0664999
0.0941504
0.110676
0.0810427
0.112397
0.0617437
0.110536
0.129222
0.111052
0.104635
0.0708661
0.0685911
0.104815
0.104631
0.127142
0.121008
0.0928438
0.0981555
0.247506
0.180321
0.120712
0.116472
0.0764293
0.0847945
0.205947
0.192457
0.102362
0.105878
0.0634821
0.100268
0.0647853
0.12074
0.145873
0.0737071
0.0853563
0.0433898
0.120382
0.0942739
0.103866
0.0731953
0.0940315
0.092244
0.0536325
0.0934052
0.0966246
0.111657
0.0970623
0.0592102
0.094162
0.120304
0.0906971
0.111107
0.109953
0.0709763
0.0782075
0.124291
0.113663
0.0859796
0.0705255
0.209011
0.178859
0.129117
0.140886
0.112622
0.115195
0.467984
0.37299
0.105831
0.0965332
0.0744758
0.0727722
0.0395931
0.0373713
0.0925375
0.0889865
0.0585107
0.0628612
0.0991724
0.0994731
0.0293099
0.0148869
0.424475
0.284112
0.215803
0.440789
0.503799
0.191112
0.172628
0.313383
0.554632
0.424205
0.407586
0.302286
0.0902831
0.093205
0.0804337
0.0882802
0.0366515
0.0462704
0.108249
0.101988
0.0968563
0.100102
0.0446103
0.0545445
0.063802
0.0659438
0.644846
0.55201
0.253917
0.267002
1.07039
1.23726
0.867305
0.978698
0.614343
0.524674
0.759162
0.690312
0.415768
0.392723
0.892444
1.08091
0.623211
0.545648
0.0270783
0.0797457
0.0790662
0.0806422
0.0206951
0.0573691
0.0511481
0.044589
0.0235274
0.0777942
0.0872789
0.0849318
0.0201196
0.061379
0.0597854
0.0547254
0.0895192
0.0896836
0.205059
0.212327
0.203793
0.209335
0.068848
0.073065
0.0284908
0.100072
0.0556926
0.042501
0.0246038
0.066689
0.0300417
0.0949796
0.222839
0.264692
0.392285
0.347731
0.0498759
0.0537796
0.134234
0.270322
0.252469
0.20737
0.219353
0.198772
0.211022
0.20765
0.285216
0.469919
0.487896
0.371358
0.0239849
0.0555003
0.211497
0.176627
0.168445
0.221683
0.234034
0.317108
0.421507
0.373797
0.437661
0.387678
0.279249
0.481395
0.0769448
0.0267062
0.0672107
0.090682
0.06405
0.0845318
0.0674158
0.0868863
0.038884
0.0165057
0.0308379
0.0732117
0.045153
0.067587
0.339587
0.528006
0.264794
0.424015
0.0514952
0.0375719
0.0728084
0.071132
0.0359322
0.046501
0.455037
0.494262
0.0693314
0.0170129
0.0676883
0.081561
0.0894053
0.0694762
0.0672079
0.076022
0.0461793
0.0160621
0.0344423
0.0708779
0.0529957
0.0728954
0.0574782
0.0746075
0.109474
0.0442049
0.0586557
0.0904684
0.0704663
0.0712897
0.0846687
0.279234
0.150957
0.0571787
0.0386698
0.190804
0.220241
0.232558
0.167627
0.199868
0.145758
0.20442
0.197629
0.0588339
0.0821414
0.106074
0.0568467
0.0831525
0.0778598
0.0210455
0.0784858
0.092928
0.0461329
0.0634801
0.0387481
0.0488821
0.0517116
0.0233171
0.0444501
0.0846722
0.065699
0.0843001
0.0864253
0.0300221
0.0607016
0.104308
0.0760246
0.0999813
0.215284
0.15073
0.225588
0.147971
0.189171
0.224073
0.0496769
0.115007
0.60088
0.193983
0.213228
0.553459
0.110785
0.114514
0.0575912
0.0375697
0.0702328
0.0735169
0.0404487
0.0499092
0.0928777
0.0969202
0.254575
0.0394087
0.0499506
0.106992
0.0508443
0.214417
0.21903
0.0440714
0.054734
0.159906
0.316037
0.174898
0.127167
0.226854
0.455341
0.340586
0.342801
0.355551
0.276859
0.200679
0.231029
0.471118
0.401881
0.146295
0.203067
0.565848
0.529572
1.16244
0.825641
0.401865
0.469589
0.412571
0.495797
0.323879
0.337303
0.311163
0.0485126
0.0198157
0.0362593
0.0767255
0.0426335
0.0672777
0.107378
0.111998
0.0575808
0.0989638
0.169369
0.10028
0.0500713
0.11177
0.369516
0.0283428
0.0546639
0.0988763
0.0642332
0.344164
0.244198
0.218036
0.32899
0.272919
1.07928
0.639559
0.422683
0.788787
0.431945
0.58335
0.458789
0.587766
0.38888
0.472158
0.423353
0.392973
0.621045
0.545252
1.08119
1.19273
0.446287
0.634331
)
;
    }
}


// ************************************************************************* //
