/*--------------------------------*- C++ -*----------------------------------*\
| =========                 |                                                 |
| \\      /  F ield         | OpenFOAM: The Open Source CFD Toolbox           |
|  \\    /   O peration     | Version:  4.1                                   |
|   \\  /    A nd           | Web:      www.OpenFOAM.org                      |
|    \\/     M anipulation  |                                                 |
\*---------------------------------------------------------------------------*/
FoamFile
{
    version     2.0;
    format      ascii;
    class       volScalarField;
    location    "63";
    object      omega;
}
// * * * * * * * * * * * * * * * * * * * * * * * * * * * * * * * * * * * * * //

dimensions      [0 0 -1 0 0 0 0];

internalField   nonuniform List<scalar> 
4432
(
0.0110998
0.0114421
0.0118209
0.0121477
0.0125207
0.0128335
0.0131986
0.0135004
0.0138542
0.014146
0.0144843
0.0147678
0.015089
0.0153626
0.0156681
0.0159287
0.0162209
0.016467
0.0167474
0.0169784
0.0172488
0.0174681
0.0177329
0.0179369
0.0181966
0.0183868
0.0186494
0.0188382
0.0191077
0.0193029
0.0195738
0.0197734
0.0200261
0.0202162
0.0204302
0.0206105
0.0207857
0.0209617
0.0211081
0.0212892
0.0214157
0.0215865
0.0217169
0.0218753
0.0220029
0.0221337
0.0222222
0.0223472
0.0224291
0.022574
0.0226589
0.0228604
0.0229169
0.0231446
0.0111087
0.0114334
0.0118341
0.012136
0.0125369
0.0128189
0.0132172
0.0134834
0.0138738
0.0141276
0.0145033
0.0147498
0.0151058
0.0153468
0.0156817
0.0159165
0.0162321
0.0164581
0.0167578
0.0169717
0.0172585
0.0174629
0.0177422
0.0179356
0.0182081
0.0183931
0.0186632
0.0188477
0.0191169
0.0193096
0.0195752
0.0197773
0.0200209
0.0202213
0.0204238
0.0206248
0.0207896
0.0209876
0.0211399
0.0213257
0.0214848
0.0216445
0.02181
0.0219385
0.022078
0.0221665
0.0223073
0.0223835
0.0225132
0.0225831
0.0227091
0.0227678
0.0228535
0.0230405
21.7961
3.38016
1.22826
0.663109
0.436285
0.320337
0.251521
0.206458
0.174822
0.151464
0.133544
0.119383
0.107916
0.0984528
0.0905079
0.0837568
0.0779391
0.0728923
0.0684534
0.0645446
0.0610483
0.0579385
0.0551155
0.0525884
0.0502602
0.0481693
0.0462131
0.04446
0.0427941
0.0413123
0.0398791
0.038611
0.0373521
0.0362388
0.0351062
0.0341074
0.0330889
0.0321964
0.031294
0.0305044
0.0297102
0.029009
0.0283165
0.0276938
0.0270923
0.0265265
0.0259864
0.0254613
0.0249747
0.0244945
0.0240846
0.0236536
0.0234059
0.0228788
21.796
3.38016
1.22826
0.663108
0.436284
0.320336
0.25152
0.206457
0.174821
0.151462
0.133544
0.11938
0.107916
0.0984498
0.0905086
0.0837538
0.0779398
0.072889
0.068453
0.0645416
0.0610471
0.0579373
0.0551141
0.0525902
0.0502594
0.0481751
0.0462142
0.0444693
0.0427965
0.0413203
0.0398764
0.0386091
0.0373352
0.036224
0.0350798
0.0340924
0.0330694
0.0322001
0.0312934
0.0305234
0.0297231
0.0290418
0.0283335
0.0277308
0.0270952
0.0265552
0.0259748
0.0254871
0.0249577
0.0245265
0.0240602
0.0236752
0.02335
0.0227989
21.7958
3.38038
1.22857
0.663409
0.436559
0.320585
0.251748
0.206656
0.175007
0.151646
0.133727
0.119569
0.108104
0.0986457
0.0907037
0.0839556
0.0781407
0.0730944
0.0686593
0.0647493
0.0612587
0.0581471
0.0553326
0.0528019
0.050482
0.0483834
0.0464341
0.0446692
0.0430089
0.0415112
0.0400802
0.0387965
0.0375463
0.0364273
0.0353182
0.0343244
0.0333325
0.0324409
0.0315596
0.0307562
0.0299724
0.0292478
0.0285509
0.0278994
0.0272771
0.0266801
0.0261379
0.0255685
0.0251231
0.0245704
0.0242471
0.0237009
0.0235554
0.0227679
21.7958
3.38038
1.22857
0.663406
0.436557
0.320583
0.251747
0.206654
0.175006
0.151644
0.133727
0.119566
0.108105
0.0986428
0.0907038
0.0839535
0.0781399
0.0730933
0.0686563
0.0647494
0.0612551
0.0581506
0.0553291
0.0528073
0.0504777
0.0483893
0.0464303
0.0446768
0.0430063
0.0415187
0.0400755
0.0387989
0.0375343
0.0364244
0.0353017
0.0343232
0.0333187
0.0324492
0.0315483
0.0307728
0.0299669
0.0292725
0.0285515
0.0279213
0.0272769
0.0266968
0.0261287
0.0255927
0.0251045
0.0246163
0.0242211
0.0237167
0.0235688
0.0227334
21.7959
3.38031
1.22851
0.663352
0.436508
0.320538
0.251705
0.206615
0.174968
0.151608
0.13369
0.119531
0.108069
0.098609
0.0906702
0.0839194
0.0781081
0.0730588
0.0686283
0.0647184
0.0612367
0.0581275
0.0553209
0.0527898
0.050474
0.0483712
0.046426
0.0446552
0.0430014
0.0414935
0.0400731
0.0387726
0.0375431
0.0364056
0.0353328
0.0343166
0.0333693
0.0324459
0.0316034
0.0307614
0.030014
0.0292478
0.0285737
0.0278747
0.027261
0.0266329
0.026086
0.0255217
0.025074
0.0245528
0.0241861
0.0236695
0.0235096
0.0227242
21.7959
3.38031
1.2285
0.66335
0.436506
0.320537
0.251704
0.206614
0.174966
0.151608
0.133688
0.119532
0.108067
0.0986101
0.0906668
0.0839215
0.0781035
0.0730616
0.0686223
0.0647225
0.0612286
0.0581316
0.0553093
0.0527934
0.0504611
0.0483779
0.0464173
0.0446666
0.0429978
0.0415067
0.0400714
0.0387832
0.0375387
0.0364085
0.0353208
0.034311
0.0333532
0.032438
0.03159
0.0307612
0.030002
0.0292557
0.0285619
0.0278935
0.0272597
0.0266555
0.0261092
0.0255425
0.0251066
0.0245752
0.0241745
0.0237972
0.0232095
0.0227863
21.796
3.38029
1.22848
0.663332
0.436489
0.32052
0.251687
0.206595
0.174949
0.151587
0.133671
0.119508
0.108048
0.0985823
0.0906463
0.0838902
0.0780815
0.0730279
0.0686015
0.0646899
0.0612106
0.0581021
0.0552952
0.0527688
0.0504528
0.0483604
0.0464143
0.0446548
0.0429971
0.0414987
0.040071
0.0387788
0.0375388
0.036409
0.0353243
0.0343186
0.0333634
0.0324484
0.0316048
0.030762
0.0300195
0.0292336
0.02858
0.0278444
0.0272727
0.0265963
0.0261077
0.0255105
0.0250946
0.0245674
0.024197
0.0237379
0.0231531
0.0227453
21.796
3.38029
1.22848
0.663331
0.436488
0.320519
0.251686
0.206594
0.174949
0.151586
0.13367
0.119507
0.108047
0.0985818
0.0906453
0.0838894
0.0780807
0.0730269
0.0686009
0.0646878
0.0612093
0.0580971
0.0552926
0.0527626
0.0504509
0.0483571
0.0464151
0.0446569
0.0429997
0.0415052
0.0400728
0.0387875
0.037535
0.0364162
0.0353092
0.0343249
0.0333358
0.0324605
0.0315703
0.0307823
0.029981
0.0292603
0.0285477
0.0278759
0.0272606
0.0266321
0.0261205
0.0255374
0.025111
0.0245751
0.0241902
0.0236887
0.023319
0.0228257
21.796
3.38029
1.22848
0.663323
0.436474
0.320503
0.251667
0.206574
0.174925
0.151562
0.133642
0.119479
0.108015
0.0985495
0.09061
0.0838528
0.0780439
0.0729874
0.0685656
0.0646471
0.0611787
0.0580565
0.0552696
0.0527273
0.0504433
0.0483318
0.0464234
0.0446354
0.0430167
0.0414822
0.0400962
0.0387632
0.0375643
0.0363911
0.0353452
0.0343023
0.0333818
0.0324391
0.0316174
0.0307542
0.0300163
0.0292251
0.0285656
0.0278471
0.0272623
0.026623
0.0261162
0.0255536
0.0251041
0.0245948
0.0241684
0.0236598
0.0233405
0.0227129
21.796
3.38029
1.22848
0.663322
0.436473
0.320501
0.251666
0.206573
0.174925
0.151561
0.133643
0.119478
0.108016
0.0985477
0.0906105
0.0838512
0.0780438
0.0729857
0.0685644
0.0646439
0.0611756
0.0580523
0.055267
0.0527219
0.0504413
0.0483256
0.0464244
0.0446316
0.0430235
0.0414808
0.0401065
0.0387588
0.0375746
0.0363799
0.035355
0.034282
0.0333896
0.0324126
0.031626
0.0307293
0.0300314
0.0292083
0.0285899
0.0278387
0.0272986
0.026616
0.0261546
0.0255312
0.0251348
0.0245476
0.0241844
0.0236588
0.0232422
0.0226848
21.796
3.38028
1.22848
0.663313
0.436459
0.320485
0.251646
0.206553
0.174899
0.151537
0.133611
0.11945
0.107978
0.0985157
0.0905679
0.0838143
0.0779961
0.0729447
0.0685135
0.0646024
0.0611257
0.0580147
0.0552233
0.0526958
0.0504113
0.0483167
0.0464093
0.0446345
0.0430165
0.041487
0.0401034
0.038766
0.0375762
0.0363902
0.0353628
0.034297
0.0334024
0.0324311
0.0316392
0.0307419
0.0300365
0.0292102
0.0285861
0.0278331
0.0272911
0.0266083
0.0261475
0.0255223
0.0251231
0.0245259
0.0241498
0.0236198
0.0231658
0.0226073
21.796
3.38028
1.22848
0.663312
0.436458
0.320483
0.251645
0.206551
0.1749
0.151535
0.133613
0.119447
0.107981
0.0985122
0.0905706
0.0838101
0.0779991
0.0729395
0.0685158
0.0645952
0.0611272
0.0580057
0.0552255
0.052686
0.0504157
0.0483061
0.0464156
0.0446256
0.0430238
0.0414811
0.0401084
0.0387624
0.0375772
0.0363877
0.0353597
0.0342926
0.0333961
0.0324216
0.0316337
0.0307347
0.0300388
0.0292104
0.0285968
0.0278436
0.027302
0.0266267
0.0261464
0.0255403
0.0250998
0.0245382
0.0241381
0.0235799
0.0233092
0.0224222
21.7961
3.38028
1.22848
0.66331
0.436448
0.320467
0.251626
0.206528
0.174875
0.151506
0.133583
0.119413
0.107944
0.0984712
0.0905259
0.0837626
0.0779459
0.0728858
0.0684551
0.0645401
0.061064
0.0579588
0.055167
0.0526585
0.0503729
0.0483072
0.0463899
0.0446472
0.0430038
0.0415092
0.0400892
0.0387952
0.0375633
0.0364292
0.0353537
0.034341
0.0333967
0.0324704
0.0316381
0.030775
0.0300421
0.0292351
0.0285969
0.0278535
0.0272989
0.0266214
0.0261392
0.0255147
0.0250822
0.0244948
0.0240922
0.0235666
0.0230915
0.0225566
21.7961
3.38029
1.22848
0.663308
0.436446
0.320466
0.251625
0.206529
0.174874
0.151508
0.13358
0.119415
0.107941
0.098474
0.0905227
0.0837653
0.077942
0.072888
0.0684508
0.0645396
0.0610597
0.0579539
0.0551656
0.0526486
0.0503742
0.0482913
0.0463963
0.0446303
0.0430185
0.0414963
0.0401103
0.0387843
0.0375835
0.0364139
0.0353679
0.0343187
0.0334041
0.032444
0.0316429
0.0307504
0.0300499
0.0292197
0.0286109
0.0278459
0.0273162
0.0266189
0.0261506
0.0255121
0.0250856
0.024494
0.0240943
0.0235772
0.023102
0.0225645
21.7961
3.38028
1.22848
0.663302
0.436433
0.320449
0.251605
0.206505
0.174848
0.151478
0.133549
0.119377
0.107902
0.098427
0.0904753
0.0837082
0.0778849
0.0728198
0.0683839
0.0644638
0.0609878
0.0578783
0.0550988
0.0525924
0.0503359
0.0482774
0.0463949
0.0446503
0.0430344
0.041529
0.040128
0.038821
0.0375979
0.0364546
0.0353782
0.0343654
0.0334109
0.0324964
0.0316481
0.0308034
0.0300493
0.0292643
0.0285977
0.0278811
0.0272919
0.0266422
0.0261193
0.0255159
0.025055
0.0244799
0.0240795
0.0235475
0.0231081
0.0225207
21.7961
3.38028
1.22848
0.663301
0.436432
0.320448
0.251605
0.206505
0.174848
0.151478
0.133549
0.119378
0.107902
0.0984278
0.0904746
0.0837084
0.0778837
0.0728195
0.0683819
0.0644615
0.0609844
0.0578743
0.0550964
0.0525869
0.0503345
0.0482686
0.0463938
0.0446407
0.0430375
0.0415222
0.0401353
0.0388143
0.0376045
0.0364445
0.0353818
0.0343514
0.0334108
0.0324807
0.0316445
0.0307897
0.0300493
0.0292551
0.0286094
0.0278716
0.0273143
0.0266292
0.0261418
0.0255031
0.0250685
0.0244744
0.0240896
0.0235519
0.0231198
0.0225362
21.7961
3.38028
1.22849
0.663302
0.436424
0.320433
0.251586
0.206481
0.174823
0.151447
0.133517
0.119338
0.107862
0.0983776
0.0904235
0.0836461
0.0778183
0.0727431
0.0682997
0.0643715
0.0608889
0.0577815
0.0550069
0.0525231
0.0502893
0.0482718
0.0464096
0.0446885
0.0430784
0.0415818
0.0401806
0.0388701
0.0376433
0.036495
0.0354169
0.0344057
0.0334472
0.0325444
0.0316817
0.030861
0.0300764
0.0293272
0.0286113
0.0279424
0.0272927
0.0266878
0.026125
0.0255227
0.0250913
0.0244766
0.0241363
0.0235434
0.0232979
0.0223978
21.7961
3.38029
1.22849
0.663301
0.436423
0.320432
0.251586
0.20648
0.174825
0.151446
0.13352
0.119336
0.107866
0.0983748
0.0904277
0.0836424
0.0778222
0.0727387
0.0683024
0.0643668
0.0608889
0.0577771
0.0550078
0.0525174
0.0502884
0.0482574
0.0464056
0.0446746
0.043077
0.0415758
0.0401821
0.0388722
0.0376444
0.0365008
0.0354106
0.0344095
0.0334312
0.032545
0.0316586
0.0308599
0.0300575
0.0293246
0.0286143
0.0279312
0.0273219
0.0266695
0.0261527
0.0255262
0.025088
0.0245058
0.0241158
0.0235684
0.0232859
0.0223542
21.7961
3.38028
1.22849
0.663296
0.436412
0.320418
0.251566
0.206462
0.174795
0.151423
0.13348
0.119308
0.107814
0.0983383
0.0903612
0.0835931
0.0777381
0.0726707
0.0681975
0.0642756
0.0607682
0.0576697
0.0548944
0.0524382
0.0502619
0.0482803
0.0464716
0.044769
0.0431822
0.0417032
0.0402884
0.0389918
0.0377186
0.0365901
0.0354545
0.0344782
0.0334618
0.0326149
0.0316813
0.0309478
0.0300756
0.0294229
0.028646
0.0280217
0.0273859
0.0267469
0.0262644
0.0256005
0.0252346
0.0246171
0.0242727
0.0236525
0.0232879
0.0226393
21.7961
3.38028
1.22849
0.663295
0.436411
0.320418
0.251566
0.206462
0.174796
0.151423
0.133482
0.119307
0.107817
0.0983362
0.0903657
0.0835882
0.0777451
0.0726621
0.068208
0.0642632
0.0607806
0.0576585
0.0549038
0.0524336
0.0502607
0.0482799
0.0464703
0.0447625
0.0431856
0.0416882
0.0403009
0.0389699
0.0377423
0.0365605
0.0354849
0.0344364
0.0334952
0.0325566
0.0317209
0.030879
0.0301153
0.0293692
0.0286695
0.0279959
0.0273874
0.0267372
0.0262335
0.0255932
0.0251906
0.0245714
0.024238
0.0236334
0.0233982
0.022536
21.7962
3.38028
1.22851
0.6633
0.436403
0.320409
0.251544
0.206452
0.174761
0.151415
0.133429
0.119302
0.107741
0.0983335
0.0902607
0.0835851
0.0776025
0.0726514
0.0680187
0.0642362
0.0605481
0.0576118
0.0546944
0.0524337
0.0503177
0.0485329
0.0468171
0.0452439
0.0436858
0.0422433
0.0408417
0.0395345
0.0382697
0.0371149
0.0359867
0.0350063
0.0339901
0.033158
0.0322376
0.0315155
0.0306699
0.0300449
0.0293061
0.0287419
0.0281195
0.0275885
0.0270854
0.0265796
0.0261323
0.0257691
0.0253761
0.0249549
0.0247827
0.0242945
21.7962
3.38029
1.22851
0.663299
0.436403
0.32041
0.251543
0.206454
0.17476
0.151418
0.133427
0.119306
0.107739
0.0983378
0.0902596
0.0835877
0.0776037
0.0726505
0.0680244
0.0642287
0.0605615
0.0575943
0.054715
0.0524198
0.050336
0.0485261
0.0468165
0.0451805
0.0436399
0.0421657
0.0407878
0.0394658
0.0382189
0.0370569
0.0359316
0.0349316
0.0339183
0.0330441
0.03215
0.0313527
0.0305631
0.029866
0.0291247
0.0285437
0.0279047
0.0273435
0.0267953
0.0263488
0.0257932
0.0253797
0.0249828
0.0245644
0.02438
0.0239761
21.7962
3.38028
1.22851
0.663299
0.436396
0.320402
0.251527
0.206443
0.174734
0.151408
0.133386
0.1193
0.107675
0.098339
0.0901614
0.0835986
0.0774553
0.0726738
0.0677969
0.0642736
0.0602229
0.0577299
0.0543699
0.0529683
0.051154
0.0510763
0.0505904
0.0499737
0.0484128
0.0467253
0.0450348
0.0433583
0.0418599
0.0404875
0.0392825
0.0382794
0.0373346
0.0365698
0.0358905
0.0352622
0.0345915
0.0343606
0.0338945
0.033874
0.0333199
0.0334694
0.0334188
0.0336083
0.0341574
0.0347688
0.035636
0.0359479
0.0371005
0.0372882
21.7962
3.38029
1.22851
0.663299
0.436395
0.320403
0.251525
0.206446
0.174731
0.151412
0.133384
0.119304
0.107675
0.0983394
0.0901664
0.083593
0.0774675
0.0726589
0.0678215
0.0642444
0.0602639
0.0576841
0.0544094
0.0530404
0.0510948
0.050642
0.0497104
0.0484842
0.0468035
0.0451744
0.0435578
0.0420921
0.0406489
0.0394574
0.0381852
0.0372098
0.0361443
0.0352416
0.0344501
0.0335426
0.0329728
0.0325325
0.0321858
0.0320971
0.0315446
0.0318222
0.0322166
0.0327065
0.0332867
0.0339062
0.0346737
0.0352255
0.0360217
0.0362578
21.7962
3.38029
1.22853
0.663306
0.436405
0.320378
0.251548
0.206387
0.174784
0.151308
0.133479
0.119141
0.10782
0.0981042
0.0903688
0.0832702
0.0777301
0.072223
0.0681415
0.0636577
0.0606085
0.0569654
0.0551846
0.0547109
0.0630539
0.110992
0.115157
0.116593
0.115211
0.112419
0.108063
0.103859
0.0999577
0.0962871
0.0930275
0.0900222
0.087454
0.0851384
0.0831981
0.0815737
0.0801521
0.07887
0.0775268
0.0764141
0.0749754
0.0739683
0.0723772
0.0713976
0.0696832
0.0684512
0.0666215
0.0647292
0.0629705
0.0600257
21.7962
3.38029
1.22853
0.663306
0.436405
0.32038
0.251547
0.206391
0.174783
0.151312
0.133478
0.119145
0.107821
0.0981079
0.0903696
0.0832748
0.0777284
0.0722339
0.0681322
0.0636795
0.060592
0.0570105
0.0551512
0.0544346
0.0591323
0.0895614
0.0916137
0.0960008
0.0965713
0.0962744
0.0955763
0.0940629
0.0921675
0.0903461
0.0879997
0.0859482
0.0842749
0.0827534
0.0813842
0.080223
0.0790724
0.0779278
0.0765496
0.0754124
0.0738622
0.0727758
0.0710357
0.0699212
0.0680497
0.0667159
0.0647837
0.0628575
0.0610243
0.0580291
21.7962
3.38029
1.22854
0.66331
0.436408
0.320373
0.251551
0.206372
0.174793
0.15128
0.133496
0.119095
0.107852
0.0980327
0.0904203
0.083157
0.0778126
0.0720493
0.0682252
0.0635547
0.0601207
0.0567989
0.0560071
0.0691704
0.273623
0.344594
0.19124
0.121237
0.109446
0.101943
0.0970031
0.0925089
0.0878695
0.0832183
0.0787722
0.0746387
0.0708977
0.0674974
0.064359
0.0614197
0.058596
0.0558551
0.0531907
0.050763
0.0483524
0.0461977
0.0440128
0.0420787
0.0401931
0.0384678
0.0370233
0.0356258
0.0346832
0.0336283
21.7962
3.38029
1.22854
0.663311
0.436408
0.320372
0.251553
0.206371
0.174798
0.151275
0.133508
0.119083
0.107872
0.0980119
0.0904494
0.0831286
0.0778531
0.0719955
0.0683401
0.0633025
0.0607683
0.0560339
0.0564096
0.0674966
0.19299
0.316016
0.180024
0.139194
0.112925
0.0991008
0.0929294
0.0889792
0.085269
0.081493
0.0776319
0.0738671
0.0703622
0.067029
0.0639007
0.0608983
0.0579663
0.0552099
0.0525522
0.0502631
0.047909
0.0460224
0.0438326
0.0422318
0.0402667
0.038915
0.0374072
0.0362433
0.0353436
0.0342047
21.7962
3.3803
1.22856
0.663327
0.436416
0.320375
0.251555
0.20637
0.174798
0.151273
0.133505
0.119082
0.107865
0.0980127
0.0904375
0.0831341
0.0778226
0.0720414
0.0682229
0.0634443
0.0607596
0.0559554
0.0586708
0.106851
0.183611
0.193807
0.118773
0.109257
0.103406
0.0991674
0.0951115
0.0911016
0.0872864
0.0837883
0.0805433
0.0775877
0.0748464
0.0724212
0.0702913
0.0684447
0.0669495
0.0655941
0.0646282
0.0635147
0.0628528
0.061811
0.0611435
0.0598186
0.0589107
0.0567533
0.0553822
0.0525682
0.0504335
21.7962
3.3803
1.22856
0.663327
0.436417
0.320375
0.251557
0.206371
0.1748
0.151276
0.133505
0.119091
0.107856
0.0980369
0.0904074
0.0831833
0.0777728
0.0720985
0.0681672
0.0636427
0.0599049
0.0568213
0.0576626
0.124349
0.173317
0.186382
0.150316
0.124278
0.110026
0.102772
0.098245
0.0944847
0.0909939
0.0877742
0.0847675
0.0820162
0.0794507
0.0771515
0.0750548
0.0732041
0.071546
0.0700033
0.0687243
0.0672206
0.0660724
0.0641491
0.0628743
0.0604532
0.0589989
0.0561489
0.0543136
0.050986
0.0486056
21.7962
3.3803
1.22858
0.663339
0.436421
0.320388
0.251551
0.206393
0.174782
0.151312
0.133475
0.119141
0.107817
0.0980979
0.0903683
0.0832532
0.0777346
0.0721942
0.0681466
0.0636266
0.0606059
0.0569199
0.0551893
0.0574047
0.101286
0.108617
0.10889
0.110838
0.110055
0.107142
0.103118
0.0988471
0.0944824
0.0901443
0.0860892
0.0822641
0.0787738
0.0753966
0.072224
0.0689639
0.0658464
0.0625291
0.0593182
0.0558503
0.0524913
0.0488993
0.0454853
0.042036
0.038814
0.0359708
0.0332064
0.0310929
0.0285567
0.0272405
21.7962
3.38031
1.22858
0.66334
0.436421
0.32039
0.251551
0.206397
0.174781
0.151318
0.133471
0.119152
0.107808
0.0981172
0.090349
0.083286
0.0777012
0.0722414
0.0681108
0.0636629
0.060586
0.0569583
0.0551685
0.0568767
0.0841977
0.0869047
0.0878881
0.0896961
0.0895576
0.0882698
0.0858976
0.0832672
0.0803595
0.0772192
0.0740725
0.0709192
0.0679254
0.0649084
0.0620581
0.0590868
0.0562686
0.0532373
0.0503771
0.0472852
0.0444422
0.0414495
0.0389163
0.0363108
0.0341367
0.0319124
0.0300423
0.0282543
0.0266023
0.0253395
21.7962
3.38031
1.2286
0.663365
0.436426
0.320419
0.251532
0.206452
0.17473
0.151415
0.133377
0.119304
0.107661
0.098339
0.0901415
0.083595
0.0774235
0.0726699
0.0677471
0.064271
0.0601454
0.057738
0.054233
0.0530677
0.0507904
0.0506014
0.0499744
0.048804
0.0470596
0.0452538
0.0435418
0.0419056
0.0404243
0.0389907
0.0377144
0.0364412
0.035329
0.0341729
0.0331887
0.0321214
0.0312462
0.0302546
0.0294841
0.0285627
0.0278951
0.0270369
0.0264691
0.0256716
0.0251962
0.0244558
0.0240403
0.0233534
0.022938
0.0223252
21.7962
3.38031
1.2286
0.663365
0.436428
0.320419
0.251535
0.206451
0.174736
0.151413
0.133386
0.1193
0.107674
0.0983305
0.0901609
0.0835781
0.0774569
0.072637
0.0678029
0.0642173
0.060231
0.0576486
0.0543701
0.0529708
0.0510026
0.0503901
0.0492844
0.0477144
0.0459712
0.0442539
0.042614
0.0410475
0.0396093
0.0382295
0.0369888
0.0357684
0.0346983
0.0336072
0.0326784
0.0316886
0.0308768
0.0299703
0.0292617
0.0284245
0.0278076
0.0270243
0.0264924
0.0257501
0.0252956
0.0245802
0.0241858
0.0235048
0.0230964
0.0225177
21.7962
3.38031
1.22862
0.66338
0.436444
0.320429
0.251556
0.206457
0.174766
0.151414
0.133429
0.119297
0.107736
0.0983227
0.0902474
0.0835681
0.0775781
0.072628
0.0679809
0.0642032
0.0604963
0.0575604
0.0546409
0.0523598
0.0502581
0.0484231
0.0466958
0.0450352
0.043476
0.0419947
0.0406229
0.0392857
0.0380555
0.0368379
0.0357399
0.0346327
0.0336605
0.0326554
0.0317985
0.0308814
0.0301235
0.0292789
0.0286087
0.027822
0.0272296
0.026486
0.0259661
0.025255
0.0248049
0.0241145
0.0237216
0.0230731
0.0226451
0.0220419
21.7962
3.38032
1.22862
0.663381
0.436445
0.320429
0.251558
0.206458
0.17477
0.151414
0.133436
0.119294
0.107745
0.0983179
0.0902612
0.0835598
0.0775982
0.0726146
0.0680105
0.0641837
0.0605364
0.0575393
0.0546796
0.0523553
0.0502745
0.0484293
0.0466903
0.0450216
0.0434532
0.0419735
0.0405888
0.0392551
0.0380139
0.0368002
0.035695
0.0345926
0.0336172
0.0326177
0.0317588
0.0308481
0.0300893
0.0292526
0.0285812
0.0278035
0.0272086
0.0264771
0.0259509
0.0252593
0.0247918
0.0241395
0.0237187
0.02311
0.0226879
0.0220795
21.7962
3.38032
1.22865
0.663406
0.436466
0.320444
0.25158
0.206469
0.174801
0.151423
0.133479
0.119301
0.107806
0.0983242
0.0903449
0.0835689
0.0777115
0.0726345
0.0681604
0.0642257
0.0607182
0.0576062
0.0548299
0.0523631
0.0501763
0.0481816
0.0463571
0.044637
0.0430562
0.0415578
0.0401785
0.0388455
0.0376212
0.0364196
0.0353335
0.0342499
0.0332944
0.0323172
0.0314771
0.0305881
0.0298456
0.0290284
0.0283679
0.0276086
0.027017
0.0263062
0.0257738
0.0251073
0.0246286
0.0240051
0.0235958
0.0229787
0.0227363
0.021853
21.7962
3.38033
1.22865
0.663408
0.436467
0.320446
0.251582
0.206472
0.174802
0.151427
0.133481
0.119307
0.107808
0.0983303
0.0903468
0.083576
0.0777141
0.0726423
0.0681645
0.0642338
0.0607237
0.0576144
0.0548343
0.0523688
0.0501753
0.048186
0.0463563
0.0446488
0.043059
0.041573
0.0401793
0.0388584
0.0376208
0.0364322
0.0353377
0.0342658
0.0333047
0.0323347
0.0314909
0.0306051
0.0298629
0.0290431
0.0283912
0.0276199
0.0270503
0.0263153
0.0258209
0.0251187
0.0246878
0.0240322
0.0236428
0.0230444
0.0227613
0.0218426
21.7962
3.38033
1.22867
0.663427
0.436486
0.320464
0.251602
0.206492
0.174829
0.151449
0.133515
0.119332
0.107853
0.0983627
0.0904054
0.0836191
0.0777889
0.072702
0.0682572
0.0643143
0.0608311
0.0577068
0.0549334
0.0524271
0.050191
0.0481453
0.0462832
0.044541
0.0429422
0.0414345
0.0400458
0.0387186
0.0374943
0.0363076
0.0352243
0.0341549
0.0332014
0.0322316
0.0313953
0.0305069
0.0297742
0.0289495
0.0283062
0.0275315
0.0269652
0.0262344
0.0257346
0.0250455
0.0246001
0.0239632
0.0235535
0.0229975
0.0225535
0.021993
21.7962
3.38034
1.22867
0.663428
0.436487
0.320465
0.251604
0.206494
0.174831
0.151453
0.133517
0.119338
0.107855
0.098369
0.0904072
0.0836265
0.0777918
0.0727104
0.0682621
0.0643237
0.0608381
0.0577174
0.0549401
0.0524374
0.0501938
0.0481558
0.0462845
0.0445582
0.0429448
0.0414549
0.0400448
0.0387374
0.0374914
0.0363276
0.0352251
0.0341793
0.033207
0.0322588
0.031404
0.0305348
0.0297852
0.0289761
0.0283212
0.0275564
0.026987
0.0262598
0.0257645
0.0250757
0.0246408
0.0239926
0.0236169
0.0229826
0.0227257
0.0218532
21.7962
3.38034
1.2287
0.663453
0.436508
0.320485
0.251625
0.206515
0.174856
0.151478
0.133549
0.119369
0.107894
0.0984088
0.0904556
0.0836779
0.0778511
0.0727759
0.0683332
0.0644024
0.0609163
0.0577988
0.0550081
0.0524931
0.0502223
0.0481542
0.0462591
0.0445104
0.0428871
0.0413796
0.0399693
0.0386488
0.037408
0.0362355
0.035136
0.034085
0.03311
0.0321612
0.0313014
0.0304343
0.0296807
0.0288712
0.0282165
0.0274461
0.026884
0.0261483
0.0256652
0.0249646
0.0245458
0.0238709
0.0234972
0.0228729
0.0224482
0.0218746
21.7962
3.38035
1.2287
0.663454
0.43651
0.320487
0.251627
0.206518
0.174859
0.151482
0.133552
0.119373
0.107898
0.098413
0.090461
0.0836821
0.0778584
0.0727805
0.0683423
0.0644078
0.0609268
0.0578057
0.055018
0.0525019
0.0502301
0.0481646
0.046265
0.0445254
0.0428925
0.0413995
0.0399719
0.0386718
0.0374081
0.0362616
0.0351369
0.0341151
0.0331152
0.0321945
0.0313112
0.0304671
0.029694
0.0289024
0.0282329
0.0274784
0.0269037
0.0261829
0.0256867
0.0250005
0.024566
0.0239061
0.0235289
0.0228669
0.0225913
0.021785
21.7962
3.38034
1.22871
0.663472
0.436529
0.320506
0.251649
0.20654
0.174884
0.151507
0.133583
0.119404
0.107935
0.0984518
0.0905055
0.0837305
0.0779105
0.072839
0.0684015
0.0644736
0.0609889
0.0578682
0.0550724
0.0525433
0.0502603
0.0481672
0.0462672
0.0444887
0.0428757
0.0413321
0.0399441
0.0385839
0.0373767
0.0361656
0.0351045
0.0340187
0.0330779
0.0321018
0.0312632
0.030382
0.0296313
0.0288265
0.0281562
0.027408
0.0268164
0.026109
0.0255923
0.0249221
0.0244606
0.0238186
0.0234138
0.0227871
0.0223837
0.0217862
21.7962
3.38035
1.22872
0.663474
0.43653
0.320508
0.25165
0.206543
0.174886
0.151512
0.133585
0.11941
0.107937
0.0984584
0.0905079
0.0837375
0.0779142
0.0728466
0.0684067
0.0644821
0.0609952
0.0578782
0.0550796
0.0525549
0.0502656
0.0481815
0.0462684
0.0445075
0.0428738
0.0413564
0.0399394
0.0386129
0.0373703
0.0361975
0.0350998
0.0340522
0.0330795
0.0321339
0.0312735
0.0304088
0.0296513
0.0288473
0.0281849
0.0274277
0.0268477
0.0261343
0.0256201
0.0249498
0.0244877
0.0238545
0.0234308
0.02284
0.0223995
0.0218477
21.7962
3.38035
1.22874
0.663497
0.436551
0.320528
0.25167
0.206565
0.174909
0.151538
0.133612
0.119441
0.107969
0.0984955
0.0905458
0.0837814
0.0779578
0.0728967
0.0684541
0.0645357
0.0610417
0.0579287
0.0551159
0.0525896
0.0502822
0.0481898
0.0462616
0.0444882
0.0428492
0.0413134
0.0399048
0.0385519
0.0373322
0.0361249
0.035062
0.0339721
0.0330398
0.0320478
0.0312273
0.0303191
0.0295951
0.0287579
0.0281157
0.0273369
0.0267643
0.0260338
0.0255237
0.0248362
0.0243781
0.0237417
0.0233307
0.0227055
0.0224425
0.0215663
21.7962
3.38036
1.22874
0.663499
0.436552
0.32053
0.251672
0.206569
0.174911
0.151543
0.133614
0.119448
0.107971
0.098503
0.0905485
0.0837892
0.0779625
0.0729042
0.0684619
0.064542
0.0610531
0.057934
0.0551302
0.0525946
0.0502985
0.0481943
0.0462782
0.0444939
0.0428662
0.041322
0.0399235
0.038563
0.0373537
0.0361371
0.0350864
0.0339855
0.0330671
0.0320649
0.0312561
0.030342
0.0296232
0.0287866
0.0281428
0.0273712
0.0267937
0.0260743
0.0255577
0.024882
0.0244211
0.0237865
0.0233689
0.0228014
0.0223544
0.0217981
21.7961
3.38036
1.22876
0.663516
0.43657
0.320549
0.251692
0.206589
0.174934
0.151566
0.13364
0.119473
0.108002
0.098533
0.090584
0.083824
0.078001
0.0729434
0.0685009
0.0645834
0.061088
0.0579718
0.0551542
0.0526218
0.0503046
0.0482042
0.0462652
0.0444855
0.0428374
0.0412989
0.0398821
0.0385309
0.0373016
0.0361023
0.0350253
0.0339517
0.0329997
0.0320285
0.0311865
0.0302962
0.0295551
0.0287286
0.0280762
0.0273049
0.0267269
0.0260001
0.025488
0.0247971
0.0243513
0.023697
0.023288
0.0227225
0.0222658
0.0217194
21.7961
3.38037
1.22876
0.663518
0.436571
0.320551
0.251694
0.206593
0.174936
0.15157
0.133643
0.119479
0.108005
0.0985394
0.090587
0.0838314
0.0780048
0.0729518
0.0685059
0.0645926
0.0610948
0.0579811
0.0551643
0.0526303
0.0503175
0.0482116
0.0462807
0.0444915
0.0428561
0.0413047
0.0399046
0.0385368
0.0373288
0.0361073
0.0350567
0.0339565
0.0330328
0.0320389
0.0312159
0.0303189
0.0295761
0.0287641
0.0280926
0.0273472
0.0267474
0.0260442
0.0255174
0.0248455
0.0243813
0.0237495
0.0233376
0.0227639
0.0223318
0.0217625
21.7961
3.38037
1.22878
0.663541
0.436593
0.32057
0.251715
0.206612
0.174959
0.151592
0.133669
0.119503
0.108034
0.0985665
0.0906192
0.0838612
0.0780386
0.0729833
0.0685387
0.0646239
0.0611224
0.058009
0.0551809
0.0526497
0.0503184
0.0482193
0.0462635
0.0444884
0.0428229
0.0412946
0.0398569
0.0385251
0.0372657
0.0361002
0.0349783
0.0339556
0.0329445
0.0320351
0.0311285
0.0302976
0.0294985
0.0287205
0.0280224
0.0272929
0.0266688
0.0259893
0.0254237
0.0247793
0.0242862
0.0236515
0.0232392
0.0226385
0.022203
0.0216531
21.7961
3.38038
1.22879
0.663543
0.436594
0.320573
0.251716
0.206616
0.174961
0.151598
0.13367
0.11951
0.108035
0.0985752
0.0906198
0.0838716
0.0780394
0.0729953
0.0685408
0.0646366
0.061127
0.0580217
0.0551891
0.0526608
0.0503323
0.0482269
0.0462837
0.0444921
0.0428496
0.0412949
0.0398905
0.038523
0.0373054
0.0360961
0.0350217
0.0339525
0.0329856
0.0320415
0.0311584
0.0303237
0.0295108
0.0287685
0.0280242
0.0273453
0.0266834
0.0260227
0.0254683
0.0247957
0.0243503
0.0236823
0.0232911
0.0226761
0.0222718
0.0216927
21.7961
3.38039
1.22881
0.663564
0.436612
0.320589
0.251733
0.206632
0.174979
0.151613
0.13369
0.119526
0.108058
0.0985911
0.0906455
0.0838875
0.0780675
0.0730102
0.0685694
0.0646492
0.061153
0.0580294
0.0552074
0.0526624
0.0503376
0.0482207
0.0462752
0.0444787
0.04283
0.0412757
0.0398631
0.0384992
0.0372723
0.0360692
0.0349842
0.0339224
0.0329478
0.0320022
0.0311269
0.0302653
0.0294893
0.0286899
0.0280001
0.0272632
0.0266281
0.0259665
0.0253716
0.0247544
0.0242519
0.0236064
0.0232194
0.0226095
0.0221812
0.0216118
21.7961
3.3804
1.22881
0.663565
0.436614
0.320591
0.251735
0.206635
0.174981
0.151617
0.133692
0.119532
0.10806
0.0985982
0.0906472
0.083896
0.0780696
0.0730203
0.0685725
0.0646606
0.0611577
0.0580415
0.0552152
0.0526743
0.0503486
0.0482327
0.0462894
0.0444906
0.042846
0.0412889
0.0398793
0.0385154
0.0372879
0.0360886
0.0349987
0.0339445
0.0329605
0.0320299
0.0311343
0.0303048
0.0294887
0.0287411
0.0279976
0.0273148
0.0266379
0.026004
0.0254096
0.0247774
0.0243047
0.0236407
0.023274
0.022597
0.0223643
0.0215209
21.7959
3.38047
1.22889
0.663628
0.436666
0.320635
0.251775
0.20667
0.175016
0.151647
0.133727
0.119556
0.108094
0.098619
0.0906828
0.0839131
0.0781062
0.0730338
0.0686081
0.0646705
0.0611887
0.0580483
0.0552368
0.0526774
0.0503568
0.0482325
0.0462823
0.0444874
0.042826
0.0412817
0.0398498
0.0385017
0.0372502
0.0360672
0.0349527
0.0339158
0.0329071
0.0319935
0.0310781
0.0302597
0.0294388
0.0286873
0.0279651
0.0272663
0.0266237
0.0260152
0.0254123
0.0249063
0.0243252
0.0238688
0.0234062
0.0229611
0.0225104
0.0218235
21.7959
3.38048
1.22889
0.66363
0.436668
0.320637
0.251777
0.206674
0.175018
0.151652
0.133728
0.119563
0.108095
0.0986282
0.0906836
0.0839243
0.0781075
0.0730464
0.0686105
0.0646842
0.0611927
0.0580628
0.0552428
0.0526927
0.0503656
0.048248
0.0462937
0.0445028
0.042839
0.0412966
0.0398637
0.0385169
0.0372642
0.0360843
0.0349656
0.0339369
0.0329165
0.0320221
0.0310825
0.0302971
0.0294433
0.0287247
0.0279877
0.0272875
0.0266805
0.0260127
0.0254971
0.0248869
0.0244357
0.0238653
0.0234492
0.0228988
0.0225989
0.0218751
21.7963
3.38035
1.22877
0.663451
0.436446
0.320398
0.251543
0.206448
0.174817
0.151459
0.133542
0.119375
0.10791
0.0984367
0.0904967
0.0837277
0.0779177
0.0728446
0.0684186
0.0644775
0.0609992
0.0578519
0.0550468
0.0524794
0.0501665
0.0480329
0.0460933
0.0442848
0.0426381
0.041068
0.039608
0.038213
0.036899
0.0356654
0.0344619
0.0333816
0.0322695
0.0313232
0.0303048
0.0294706
0.0285559
0.027808
0.0270534
0.0263184
0.0257938
0.0251625
0.02474
0.0242663
0.0239435
0.0234041
0.0232274
0.0230671
0.0228292
0.0227997
21.7963
3.38036
1.22877
0.663452
0.436447
0.320399
0.251546
0.206451
0.17482
0.151462
0.133546
0.119379
0.107915
0.0984413
0.0905015
0.0837332
0.0779235
0.0728511
0.0684256
0.0644848
0.0610079
0.05786
0.0550577
0.0524887
0.0501791
0.0480443
0.0461061
0.0442991
0.0426496
0.0410866
0.0396229
0.0382333
0.0369237
0.0356815
0.0345028
0.0333891
0.0323283
0.0313226
0.0303805
0.0294605
0.0286505
0.0277905
0.0271385
0.0263462
0.0258146
0.0252049
0.024786
0.0242886
0.0239882
0.0233216
0.0231307
0.023186
0.0227632
0.0227512
0.0110836
0.0114571
0.0118048
0.0121622
0.0125041
0.0128473
0.0131813
0.0135124
0.0138363
0.0141565
0.0144687
0.014777
0.0150766
0.0153721
0.0156598
0.0159407
0.0162178
0.0164831
0.0167508
0.0170012
0.0172597
0.0174994
0.0177487
0.0179851
0.0182233
0.0184647
0.0186952
0.018937
0.0191757
0.0194106
0.0196387
0.0198574
0.0200597
0.0202638
0.0204332
0.0206126
0.0207551
0.0209065
0.0210059
0.0211319
0.021204
0.0213136
0.021385
0.0215434
0.0216333
0.0215745
0.0215045
0.0212728
0.0211692
0.020867
0.0205706
0.0203398
0.0197828
0.019632
0.0110794
0.0114614
0.0117971
0.0121702
0.0124947
0.0128578
0.0131724
0.0135232
0.0138299
0.0141653
0.0144658
0.0147831
0.0150771
0.0153758
0.0156626
0.0159435
0.0162216
0.0164863
0.016755
0.0170057
0.0172644
0.0175052
0.0177553
0.0179911
0.0182332
0.0184706
0.0187087
0.0189452
0.019191
0.0194243
0.019659
0.0198753
0.0200898
0.0202852
0.0204713
0.0206447
0.0207976
0.0209449
0.0210639
0.0211824
0.021253
0.0213416
0.0214348
0.0215094
0.0216692
0.0216338
0.0215827
0.0213923
0.0212421
0.0209945
0.0206631
0.0204706
0.019937
0.0197994
0.246804
0.0598967
0.266835
0.108085
0.0954345
0.385722
0.308344
0.397428
0.157163
0.144242
0.170025
0.0675081
0.12418
0.115137
0.117093
0.349562
0.118955
0.281803
0.142371
0.149006
0.0951686
0.0682528
0.248935
0.0642506
0.276503
0.151789
0.14484
0.273951
0.385819
0.305736
0.402359
0.137116
0.067944
0.177118
0.0620227
0.105277
0.154677
0.146236
0.192897
0.3553
0.130502
0.266433
0.055473
0.054754
0.0553042
0.0580265
0.0820273
0.0581196
0.0841567
0.0471914
0.0643364
0.0489146
0.111549
0.169603
0.115083
0.176115
0.0563584
0.0544646
0.0560206
0.0566291
0.0771994
0.0568459
0.0745636
0.0512149
0.0578134
0.0503362
0.088628
0.134468
0.0778922
0.11623
0.06051
0.0559634
0.0600744
0.0550579
0.0693183
0.0561654
0.065211
0.479737
0.322825
0.336228
0.398204
0.503976
0.333133
0.342655
0.32984
0.18847
0.218058
0.184341
0.214979
0.05814
0.0567527
0.0575721
0.0565408
0.0626745
0.0586402
0.0584365
0.385721
0.259554
0.168641
0.230906
0.457948
0.264868
0.282792
0.265004
0.170541
0.200274
0.163333
0.197417
0.0605847
0.0572013
0.0618251
0.0567364
0.0587263
0.056402
0.0594951
0.546849
0.0983167
0.113091
0.102293
0.425101
0.58543
0.443696
0.209716
0.182397
0.210954
0.339888
0.33025
0.340865
0.331775
0.0648674
0.055716
0.066593
0.0562718
0.0588549
0.0561003
0.0597513
0.197398
0.125603
0.100436
0.312371
0.108092
0.502967
0.557514
0.204318
0.166244
0.202765
0.32292
0.271824
0.293521
0.255768
0.0831734
0.0569992
0.0856201
0.0546607
0.0559463
0.0546787
0.0558717
0.168097
0.103023
0.172373
0.0604806
0.047302
0.0611407
0.0484226
0.0766089
0.0573584
0.0730792
0.0545876
0.0554547
0.054506
0.0551509
0.137478
0.0770952
0.110758
0.0586797
0.0517425
0.057612
0.0499375
0.589114
0.156541
0.291248
0.180341
0.426889
0.557045
0.277063
0.166613
0.182321
0.535002
0.534382
0.0912122
0.106835
0.0928686
0.383569
1.09683
0.878349
0.503584
0.0891112
0.101531
0.0982656
0.470451
1.04891
1.01204
0.476309
0.306643
0.369103
0.384368
0.464118
0.59178
0.403729
0.412977
0.152383
0.130359
0.148247
0.360866
0.598501
0.58438
0.425002
0.145834
0.130946
0.147703
0.401795
0.228522
0.156877
0.137592
0.145352
0.351142
0.17702
0.124749
0.132921
0.136054
0.127844
0.189193
0.0986111
0.122208
0.286841
0.126112
0.25749
0.612058
0.150207
0.132871
0.123541
0.118834
0.154477
0.151832
0.0940946
0.387905
0.130114
0.190393
0.203018
0.362255
0.450958
0.57635
0.394645
0.148323
0.145469
0.400182
0.147877
0.449296
0.269439
0.389879
0.16019
0.141189
0.145188
0.322304
1.12434
0.887772
0.523726
0.100317
0.0866082
0.0978521
0.472711
1.10244
1.04469
0.596745
0.15715
0.287605
0.175602
0.430903
0.575632
0.282616
0.16918
0.544647
0.172516
0.42256
0.127773
0.158381
0.149665
0.352953
0.590498
0.557972
0.417466
0.130797
0.151595
0.146867
0.404825
0.470719
0.330742
0.334634
0.401881
0.460817
0.475982
0.312818
0.378887
0.451532
0.390524
0.262841
0.689571
0.148308
0.129127
0.106302
0.113762
0.136286
0.147064
0.0503392
0.235489
0.160372
0.151965
0.383233
0.142954
0.175846
0.123389
0.118413
0.135806
0.109295
0.389998
0.152171
0.153121
0.404386
0.151883
0.449051
0.257132
0.384267
0.14068
0.148952
0.144762
0.298041
0.423669
0.277293
0.155942
0.452813
0.243229
0.403597
0.127359
0.177524
0.199845
0.360736
0.176859
0.0761345
0.0558696
0.0726993
0.095226
0.0731917
0.15722
0.124694
0.0702817
0.0670133
0.0733878
0.0694075
0.135241
0.0729564
0.1754
0.0686369
0.094708
0.0740896
0.074173
0.0706102
0.169375
0.447409
0.369135
0.418556
0.373731
0.421872
0.367268
0.456377
0.443113
0.410335
0.388473
0.352404
0.40833
0.360513
0.439101
0.127326
0.0675414
0.0725051
0.0743351
0.0725239
0.0750943
0.123827
0.41039
0.307112
0.325811
0.359986
0.280766
0.42181
0.360434
0.397944
0.303919
0.215653
0.369313
0.237173
0.346731
0.403714
0.178502
0.0732997
0.0743449
0.0672038
0.0701753
0.0779806
0.155296
0.173948
0.0738077
0.0674882
0.0715305
0.0700253
0.17141
0.0769946
0.447072
0.367042
0.368027
0.420386
0.353244
0.423003
0.455132
0.439127
0.362175
0.410608
0.391225
0.345329
0.434624
0.406918
0.127569
0.0744485
0.06997
0.0681207
0.136809
0.0755902
0.0719556
0.130385
0.0752066
0.0685016
0.0829372
0.076497
0.0731407
0.122365
0.419865
0.381178
0.309451
0.328217
0.431099
0.372097
0.276498
0.403772
0.371637
0.296524
0.21052
0.362015
0.23162
0.403884
0.470501
0.542206
0.430474
0.472436
0.565676
0.46725
0.366574
0.399217
0.433037
0.528589
0.32438
0.400675
0.546028
0.550841
0.403766
0.49029
0.486746
0.568256
0.549037
0.577684
0.353873
0.434489
0.273082
0.457539
0.421445
0.421412
0.478451
0.255673
0.406145
0.124568
0.356798
0.289471
0.175091
0.258558
0.423728
0.533312
0.401515
0.380025
0.481601
0.417045
0.140768
0.165314
0.183441
0.120811
0.295007
1.00812
0.166684
0.547547
1.00356
0.2919
0.163483
0.513247
0.482323
0.603878
0.41408
0.54687
0.662228
0.661661
0.55019
0.280251
0.540186
0.777659
0.146406
0.95235
0.148262
0.244859
0.600006
0.540857
0.111895
0.207683
0.199904
0.16284
0.21769
0.109366
0.154579
0.128692
0.275987
0.155491
0.223736
0.0762936
0.0910781
0.0955654
0.0757466
0.142494
0.225682
0.479241
0.18909
0.182969
0.256249
0.169447
0.535935
0.542645
0.67374
0.272698
0.966206
0.58134
0.275626
0.675284
0.968521
0.496929
0.458588
0.556499
0.411023
0.506872
0.585654
0.588022
0.511242
0.671345
0.588329
0.236182
0.728681
0.238857
0.926084
0.452821
0.636649
0.256747
0.925268
0.551857
0.642525
0.256989
0.920388
0.480444
0.523745
0.551151
0.458534
0.485861
0.564812
0.493104
0.557826
0.632584
0.550071
0.253353
0.887904
0.255624
0.914235
0.615809
0.292832
0.183521
0.999536
0.533505
0.1878
1.00468
0.29277
0.459373
0.444159
0.546721
0.366564
0.536545
0.639883
0.631824
0.538799
0.242895
0.535641
0.17895
0.763091
0.156293
0.948462
0.207299
1.0975
1.07954
0.264262
0.170093
0.511081
0.924079
0.155362
0.278125
0.930426
0.451334
0.561099
0.457006
0.562049
0.255464
0.485689
0.184404
0.880004
0.184295
0.908929
0.257055
0.479323
0.584858
0.49885
0.588339
1.04444
1.05479
0.443411
0.538226
0.324326
0.465614
0.462204
0.556119
0.440458
0.384666
0.493651
0.370701
0.522714
0.384383
0.532306
0.39536
0.523212
0.447011
0.465587
0.550082
0.434929
0.434815
0.558986
0.454534
0.573137
0.571613
0.273173
0.159693
0.656307
0.426382
0.153374
0.67371
0.260791
0.418264
0.347305
0.486556
0.32866
0.425689
0.485084
0.410002
0.514142
0.267849
0.440456
0.226217
0.523219
0.230346
0.648807
0.241809
0.586073
0.586924
0.267381
0.150732
0.419243
0.67908
0.140856
0.265285
0.668603
0.40256
0.465204
0.398342
0.478935
0.263206
0.40675
0.15891
0.644015
0.157994
0.652039
0.264526
0.408128
0.4961
0.41572
0.488682
0.236909
0.163791
0.239426
0.25123
0.155288
0.221621
0.261405
0.139701
0.356224
0.173342
0.284899
0.246317
0.281939
0.183308
0.533588
0.19591
0.398857
0.282437
0.14424
0.165371
0.180275
0.134263
0.14668
0.165474
0.141471
0.14057
0.16602
0.151288
0.115559
0.0955194
0.0831826
0.118563
0.0631714
0.0705171
0.110409
0.083249
0.0928418
0.187473
0.204335
0.145069
0.108098
0.173611
0.182583
0.139856
0.109127
0.197328
0.140258
0.197081
0.13944
0.221471
0.105834
0.130085
0.25374
0.156243
0.201575
0.143273
0.220293
0.193279
0.408242
0.157847
0.194568
0.255213
0.0782285
0.0938948
0.0965622
0.0741889
0.283587
0.327408
0.0905054
0.150102
0.0916602
0.141016
0.149309
0.0986796
0.0697524
0.0275337
0.015367
0.0234108
0.0110966
0.0239532
0.0458083
0.0374525
0.0284036
0.0795904
0.168982
0.149812
0.0648587
0.148977
0.147754
0.109733
0.11183
0.204092
0.222631
0.42793
0.509786
0.37272
0.215774
0.433632
0.554943
0.158163
0.0975761
0.138212
0.0283469
0.0881742
0.122766
0.0880164
0.0945666
0.35448
0.351737
0.448665
0.47574
0.474341
0.501424
0.259033
0.521776
0.516803
0.26941
0.389091
0.151372
0.604159
0.146134
0.611062
0.271981
0.41134
0.490572
0.411892
0.482431
0.262247
0.402394
0.209723
0.636685
0.261929
0.211059
0.625322
0.410254
0.481965
0.413148
0.480111
0.388912
0.381839
0.26146
0.219985
0.584753
0.395292
0.22607
0.266413
0.579065
0.396789
0.314208
0.448203
0.294357
0.409069
0.47271
0.412075
0.487099
0.282991
0.394045
0.210203
0.333787
0.206155
0.51765
0.242654
1.12748
1.09628
0.26874
0.958206
0.146932
0.522296
0.267407
0.957932
0.152091
0.471647
0.573625
0.486236
0.578132
0.500679
0.606975
0.497119
0.60159
0.262944
0.489583
0.899753
0.193864
0.273632
0.927087
0.190862
1.08605
1.0917
0.682417
0.982546
0.270637
0.590516
0.985985
0.273597
0.684394
0.50591
0.471122
0.566915
0.423257
0.514749
0.591929
0.519456
0.598649
0.680665
0.595209
0.742869
0.238675
0.942278
0.238974
0.452624
0.663228
0.976279
0.566624
0.262048
0.970721
0.669548
0.262213
0.507701
0.552445
0.58157
0.482622
0.511225
0.586595
0.514794
0.585595
0.657073
0.563157
0.930865
0.247044
0.958692
0.251744
0.639021
0.279199
0.675857
0.147002
0.432143
0.687944
0.271726
0.144671
0.432934
0.366144
0.507354
0.342676
0.438337
0.509281
0.535935
0.429881
0.279938
0.45391
0.523088
0.160285
0.662339
0.161604
0.253122
0.5643
0.554514
0.265584
0.672745
0.221344
0.413007
0.268406
0.657635
0.214497
0.424767
0.477132
0.501095
0.417268
0.418724
0.511959
0.492189
0.433444
0.271023
0.41028
0.646339
0.212874
0.655267
0.215404
0.271709
0.479278
0.349839
0.564599
0.49251
0.289734
0.557089
0.462793
0.401881
0.443852
0.539125
0.329722
0.402296
0.553636
0.557542
0.406745
0.489161
0.452747
0.510128
0.561521
0.387246
0.568026
0.449147
0.458707
0.305014
0.450734
0.556696
0.481175
0.462815
0.556966
0.404319
0.523784
0.54905
0.390794
0.403034
0.549601
0.547886
0.407466
0.467032
0.450005
0.459835
0.548502
0.507955
0.555144
0.452275
0.282991
0.318149
0.0895687
0.086223
0.1488
0.137669
0.0988677
0.0666281
0.146184
0.0153045
0.00935075
0.0136741
0.00687504
0.016849
0.0429739
0.032676
0.0211287
0.0893764
0.139948
0.0360348
0.1364
0.0779056
0.143515
0.0997482
0.0985633
0.123623
0.240789
0.241947
0.250554
0.166616
0.267291
0.158365
0.222705
0.145047
0.374202
0.304107
0.183706
0.253119
0.281842
0.582701
0.188417
0.429144
0.292583
0.196658
0.147384
0.166039
0.134393
0.184101
0.140309
0.13907
0.162302
0.128115
0.105282
0.165963
0.148594
0.0680036
0.0574637
0.0883017
0.0374742
0.0592322
0.106528
0.0812372
0.0786756
0.146912
0.152227
0.0675292
0.14213
0.123674
0.158509
0.126727
0.271278
0.614029
0.391334
0.225689
0.622801
0.275043
0.227731
0.415067
0.487148
0.455099
0.422208
0.410106
0.465638
0.44184
0.418096
0.271307
0.399732
0.649453
0.219544
0.638075
0.267574
0.225945
0.379425
0.26936
0.274864
0.57194
0.191294
0.389036
0.263944
0.562184
0.183536
0.359491
0.278374
0.38933
0.254749
0.40642
0.421808
0.464367
0.385001
0.271726
0.37596
0.312815
0.189832
0.478901
0.213322
0.232876
0.268174
0.441067
0.5132
0.461048
0.494629
0.485383
0.247229
0.142751
0.38462
0.313056
0.17981
0.271893
0.443209
0.456383
0.536492
0.464311
0.413501
0.495312
0.143638
0.163817
0.187673
0.120383
0.226304
0.5789
0.429428
0.385923
0.6047
0.213413
0.433939
0.162185
0.0791451
0.13676
0.0706952
0.0822491
0.118017
0.0799105
0.0883819
0.362565
0.305
0.478359
0.467023
0.503778
0.477354
0.292145
)
;

boundaryField
{
    inlet
    {
        type            fixedValue;
        value           uniform 440.15;
    }
    outlet
    {
        type            zeroGradient;
    }
    rightSide
    {
        type            symmetryPlane;
    }
    leftSide
    {
        type            symmetryPlane;
    }
    duct
    {
        Cmu             0.09;
        kappa           0.41;
        E               9.8;
        beta1           0.075;
        type            omegaWallFunction;
        value           nonuniform List<scalar> 
216
(
0.0110998
0.0111087
0.0114421
0.0114334
0.0118209
0.0118341
0.0121477
0.012136
0.0125207
0.0125369
0.0128335
0.0128189
0.0131986
0.0132172
0.0135004
0.0134834
0.0138542
0.0138738
0.014146
0.0141276
0.0144843
0.0145033
0.0147678
0.0147498
0.015089
0.0151058
0.0153626
0.0153468
0.0156681
0.0156817
0.0159287
0.0159165
0.0162209
0.0162321
0.016467
0.0164581
0.0167474
0.0167578
0.0169784
0.0169717
0.0172488
0.0172585
0.0174681
0.0174629
0.0177329
0.0177422
0.0179369
0.0179356
0.0181966
0.0182081
0.0183868
0.0183931
0.0186494
0.0186632
0.0188382
0.0188477
0.0191077
0.0191169
0.0193029
0.0193096
0.0195738
0.0195752
0.0197734
0.0197773
0.0200261
0.0200209
0.0202162
0.0202213
0.0204302
0.0204238
0.0206105
0.0206248
0.0207857
0.0207896
0.0209617
0.0209876
0.0211081
0.0211399
0.0212892
0.0213257
0.0214157
0.0214848
0.0215865
0.0216445
0.0217169
0.02181
0.0218753
0.0219385
0.0220029
0.022078
0.0221337
0.0221665
0.0222222
0.0223073
0.0223472
0.0223835
0.0224291
0.0225132
0.022574
0.0225831
0.0226589
0.0227091
0.0228604
0.0227678
0.0229169
0.0228535
0.0231446
0.0230405
0.0110836
0.0110794
0.0114571
0.0114614
0.0118048
0.0117971
0.0121622
0.0121702
0.0125041
0.0124947
0.0128473
0.0128578
0.0131813
0.0131724
0.0135124
0.0135232
0.0138363
0.0138299
0.0141565
0.0141653
0.0144687
0.0144658
0.014777
0.0147831
0.0150766
0.0150771
0.0153721
0.0153758
0.0156598
0.0156626
0.0159407
0.0159435
0.0162178
0.0162216
0.0164831
0.0164863
0.0167508
0.016755
0.0170012
0.0170057
0.0172597
0.0172644
0.0174994
0.0175052
0.0177487
0.0177553
0.0179851
0.0179911
0.0182233
0.0182332
0.0184647
0.0184706
0.0186952
0.0187087
0.018937
0.0189452
0.0191757
0.019191
0.0194106
0.0194243
0.0196387
0.019659
0.0198574
0.0198753
0.0200597
0.0200898
0.0202638
0.0202852
0.0204332
0.0204713
0.0206126
0.0206447
0.0207551
0.0207976
0.0209065
0.0209449
0.0210059
0.0210639
0.0211319
0.0211824
0.021204
0.021253
0.0213136
0.0213416
0.021385
0.0214348
0.0215434
0.0215094
0.0216333
0.0216692
0.0215745
0.0216338
0.0215045
0.0215827
0.0212728
0.0213923
0.0211692
0.0212421
0.020867
0.0209945
0.0205706
0.0206631
0.0203398
0.0204706
0.0197828
0.019937
0.019632
0.0197994
)
;
    }
    cylinder
    {
        Cmu             0.09;
        kappa           0.41;
        E               9.8;
        beta1           0.075;
        type            omegaWallFunction;
        value           nonuniform List<scalar> 
448
(
0.58543
0.443696
0.502967
0.557514
1.09683
0.878349
1.04891
1.01204
0.59178
0.403729
0.598501
0.58438
0.25749
0.612058
0.151832
0.0940946
0.450958
0.57635
0.449296
0.269439
1.12434
0.887772
1.10244
1.04469
0.590498
0.557972
0.262841
0.689571
0.147064
0.0503392
0.449051
0.257132
0.430474
0.366574
0.399217
0.400675
0.549037
0.353873
0.421412
0.406145
0.124568
0.401515
0.417045
0.140768
1.00812
1.00356
0.513247
0.54687
0.600006
0.540857
0.207683
0.21769
0.128692
0.0762936
0.535935
0.542645
0.966206
0.968521
0.496929
0.506872
0.728681
0.926084
0.925268
0.920388
0.480444
0.485861
0.887904
0.914235
0.999536
1.00468
0.459373
0.536545
1.0975
1.07954
0.924079
0.930426
0.451334
0.880004
0.479323
1.04444
1.05479
0.324326
0.440458
0.384666
0.384383
0.434929
0.454534
0.573137
0.571613
0.656307
0.67371
0.418264
0.425689
0.586073
0.586924
0.67908
0.668603
0.40256
0.408128
0.25123
0.261405
0.139701
0.533588
0.14424
0.141471
0.115559
0.0955194
0.0705171
0.108098
0.182583
0.197081
0.221471
0.130085
0.408242
0.255213
0.0782285
0.283587
0.327408
0.0916602
0.0697524
0.0275337
0.0239532
0.11183
0.204092
0.509786
0.554943
0.158163
0.0881742
0.521776
0.516803
0.604159
0.611062
0.41134
0.410254
0.388912
0.381839
0.584753
0.579065
0.396789
0.409069
1.12748
1.09628
0.958206
0.957932
0.471647
0.500679
1.08605
1.0917
0.50591
0.514749
0.976279
0.970721
0.507701
0.511225
0.675857
0.432934
0.438337
0.5643
0.554514
0.424767
0.418724
0.349839
0.401881
0.402296
0.404319
0.403034
0.282991
0.318149
0.086223
0.0666281
0.0153045
0.016849
0.0985633
0.123623
0.250554
0.267291
0.145047
0.147384
0.0680036
0.0592322
0.614029
0.622801
0.415067
0.410106
0.379425
0.26936
0.57194
0.562184
0.359491
0.40642
0.5132
0.494629
0.142751
0.143638
0.5789
0.6047
0.162185
0.0822491
0.433037
0.546028
0.356798
0.165314
0.482323
0.662228
0.275987
0.0910781
0.458588
0.585654
0.523745
0.564812
0.444159
0.639883
0.561099
0.584858
0.493651
0.532306
0.347305
0.485084
0.465204
0.4961
0.356224
0.165371
0.0831826
0.110409
0.25374
0.0938948
0.015367
0.0458083
0.0975761
0.122766
0.490572
0.481965
0.314208
0.47271
0.573625
0.606975
0.471122
0.591929
0.552445
0.586595
0.366144
0.509281
0.477132
0.511959
0.443852
0.553636
0.523784
0.549601
0.00935075
0.0429739
0.374202
0.166039
0.0574637
0.106528
0.487148
0.465638
0.278374
0.421808
0.38462
0.163817
0.0791451
0.118017
0.528589
0.32438
0.403766
0.550841
0.289471
0.175091
0.120811
0.183441
0.603878
0.41408
0.777659
0.95235
0.55019
0.661661
0.687944
0.289734
0.523088
0.662339
0.155491
0.223736
0.479241
0.256249
0.0757466
0.0955654
0.649453
0.638075
0.556499
0.411023
0.511242
0.588022
0.551151
0.458534
0.493104
0.557826
0.546721
0.366564
0.763091
0.948462
0.538799
0.631824
0.457006
0.562049
0.908929
0.49885
0.588339
0.522714
0.370701
0.39536
0.523212
0.486556
0.32866
0.523219
0.648807
0.410002
0.514142
0.398342
0.644015
0.478935
0.652039
0.41572
0.488682
0.284899
0.173342
0.282437
0.134263
0.180275
0.118563
0.0631714
0.083249
0.0928418
0.201575
0.156243
0.0741889
0.0965622
0.0234108
0.0110966
0.0648587
0.147754
0.0374525
0.0284036
0.138212
0.0283469
0.47574
0.501424
0.0880164
0.0945666
0.411892
0.636685
0.482431
0.625322
0.413148
0.480111
0.333787
0.51765
0.448203
0.294357
0.412075
0.487099
0.982546
0.985985
0.578132
0.486236
0.899753
0.927087
0.497119
0.60159
0.930865
0.958692
0.566915
0.423257
0.742869
0.942278
0.519456
0.598649
0.58157
0.482622
0.514794
0.585595
0.507354
0.342676
0.429881
0.535935
0.672745
0.305014
0.657635
0.481175
0.459835
0.501095
0.417268
0.646339
0.655267
0.433444
0.492189
0.539125
0.329722
0.510128
0.387246
0.406745
0.557542
0.54905
0.390794
0.507955
0.407466
0.547886
0.0136741
0.00687504
0.0360348
0.0779056
0.032676
0.0211287
0.13907
0.105282
0.304107
0.582701
0.183706
0.292583
0.134393
0.184101
0.0883017
0.0374742
0.0675292
0.123674
0.0812372
0.0786756
0.455099
0.422208
0.418096
0.44184
0.478901
0.38933
0.254749
0.312815
0.385001
0.464367
0.313056
0.456383
0.17981
0.464311
0.120383
0.187673
0.13676
0.0706952
0.478359
0.503778
0.0883819
0.0799105
)
;
    }
}


// ************************************************************************* //
