/*--------------------------------*- C++ -*----------------------------------*\
| =========                 |                                                 |
| \\      /  F ield         | OpenFOAM: The Open Source CFD Toolbox           |
|  \\    /   O peration     | Version:  4.1                                   |
|   \\  /    A nd           | Web:      www.OpenFOAM.org                      |
|    \\/     M anipulation  |                                                 |
\*---------------------------------------------------------------------------*/
FoamFile
{
    version     2.0;
    format      ascii;
    class       volScalarField;
    location    "48";
    object      omega;
}
// * * * * * * * * * * * * * * * * * * * * * * * * * * * * * * * * * * * * * //

dimensions      [0 0 -1 0 0 0 0];

internalField   nonuniform List<scalar> 
4432
(
0.0110914
0.0114499
0.011811
0.0121548
0.0125086
0.0128396
0.0131821
0.0135013
0.0138308
0.0141393
0.0144564
0.0147536
0.0150594
0.0153418
0.0156392
0.0159027
0.0161947
0.0164361
0.0167204
0.0169392
0.0172069
0.0174201
0.0176775
0.017895
0.0181339
0.0183407
0.0185639
0.0187445
0.0189524
0.019114
0.0193063
0.0194655
0.0196504
0.0198109
0.0200093
0.0201664
0.0203806
0.0205286
0.0207661
0.0208947
0.0212782
0.0214795
0.0219698
0.0222631
0.0228162
0.0232412
0.0237616
0.0241399
0.0245516
0.0251217
0.0247529
0.0249039
0.0249972
0.0250854
0.0110786
0.0114623
0.0117966
0.0121673
0.0124966
0.0128504
0.0131768
0.0135093
0.0138335
0.0141449
0.0144653
0.0147576
0.0150725
0.0153443
0.0156557
0.0159031
0.0162148
0.0164353
0.0167475
0.0169385
0.0172411
0.0174175
0.0177151
0.0178907
0.0181712
0.0183471
0.0186074
0.0187725
0.0190098
0.019165
0.0193931
0.0195487
0.019769
0.0199198
0.0201418
0.0202853
0.0205126
0.0206313
0.0208945
0.0210334
0.0213193
0.0214946
0.0218789
0.0221356
0.0226837
0.0230825
0.0235409
0.0240538
0.0243458
0.0241645
0.0248463
0.0246367
0.0246936
0.0246029
21.7969
3.38075
1.22894
0.663597
0.43662
0.320577
0.251708
0.206606
0.174958
0.151604
0.133698
0.119547
0.108105
0.0986495
0.0907393
0.0839898
0.0782174
0.0731608
0.0687732
0.0648445
0.0614092
0.0582757
0.0555171
0.0529534
0.050676
0.0485262
0.0466002
0.0447683
0.0431047
0.0415467
0.0400982
0.0387752
0.0375056
0.0363777
0.0352676
0.0342985
0.0333388
0.0325108
0.0316863
0.030981
0.0302485
0.0296612
0.0290118
0.0285641
0.0279929
0.027625
0.0271376
0.0268093
0.0264162
0.026204
0.025836
0.0254967
0.0253926
0.0248891
21.7968
3.38083
1.22899
0.663624
0.436631
0.320579
0.251709
0.206604
0.174958
0.151603
0.133698
0.11955
0.108106
0.0986579
0.0907405
0.0840041
0.0782179
0.073181
0.068775
0.0648696
0.0614119
0.0582985
0.0555179
0.052969
0.0506786
0.0485404
0.0466135
0.0447903
0.0431466
0.0415836
0.0401745
0.0388322
0.0376102
0.0364525
0.0353881
0.0343918
0.0334605
0.0326172
0.0317899
0.0310901
0.0303419
0.0297789
0.0291152
0.0286741
0.0280831
0.0277304
0.0272154
0.0269602
0.0265089
0.026312
0.0258766
0.0257586
0.0253541
0.0253133
21.7967
3.38088
1.22908
0.663758
0.436778
0.320738
0.251882
0.206784
0.175149
0.151795
0.133901
0.119748
0.108312
0.0988588
0.0909472
0.0842078
0.0784183
0.0733822
0.068962
0.0650616
0.0615855
0.0584915
0.0556949
0.0531779
0.0508682
0.0487687
0.0468192
0.0450383
0.0433698
0.0418437
0.0404043
0.0390917
0.0378414
0.0367066
0.0356148
0.0346313
0.0336824
0.0328435
0.0320283
0.0313095
0.0306161
0.0300099
0.0294236
0.0289126
0.0283824
0.0279943
0.0274896
0.0271585
0.0266718
0.0263889
0.025903
0.0256464
0.0254486
0.0249361
21.7966
3.38095
1.22913
0.663786
0.436788
0.320741
0.251879
0.206785
0.175146
0.151797
0.133898
0.119752
0.108313
0.0988646
0.0909533
0.0842126
0.0784297
0.0733856
0.0689769
0.0650671
0.0616065
0.0584974
0.055719
0.053178
0.0508956
0.0487648
0.0468565
0.0450431
0.0434217
0.0418712
0.0404693
0.0391434
0.0379119
0.0367819
0.0356904
0.0347321
0.0337701
0.0329613
0.0321229
0.0314415
0.0307239
0.0301559
0.0295328
0.0290566
0.0284937
0.0281051
0.0275607
0.0272192
0.0267159
0.0263936
0.025811
0.0255891
0.0253014
0.0249409
21.7968
3.38081
1.229
0.663695
0.436727
0.320692
0.251841
0.206741
0.175111
0.151753
0.13386
0.119708
0.108269
0.0988212
0.090901
0.0841699
0.0783672
0.0733372
0.0689031
0.0650173
0.0615349
0.0584613
0.0556625
0.0531681
0.0508527
0.0487788
0.0468195
0.0450664
0.0433863
0.0418772
0.0404278
0.0391099
0.0378647
0.0367137
0.035644
0.0346442
0.0337224
0.032869
0.0320769
0.0313667
0.0306953
0.0300935
0.0295083
0.0289815
0.0284337
0.0279744
0.0274048
0.0269631
0.0263442
0.0258311
0.0252013
0.0246419
0.0245011
0.0244047
21.7968
3.38088
1.22905
0.66372
0.436735
0.320694
0.251836
0.206743
0.175104
0.151757
0.133856
0.119713
0.10827
0.0988254
0.0909093
0.0841719
0.0783816
0.0733396
0.0689263
0.0650268
0.0615612
0.0584746
0.0556799
0.0531788
0.0508639
0.0487897
0.0468327
0.0450815
0.0434062
0.0419042
0.0404596
0.0391612
0.0379093
0.0367902
0.0356939
0.0347429
0.0337741
0.0329814
0.0321325
0.0314878
0.030744
0.0302127
0.0295463
0.0290808
0.028451
0.0280063
0.0273961
0.0269334
0.0263223
0.0258218
0.0252346
0.0246024
0.0246907
0.0244512
21.7969
3.38079
1.22897
0.663663
0.436697
0.320666
0.25181
0.206717
0.175076
0.151728
0.133823
0.11968
0.108231
0.098786
0.0908628
0.0841228
0.0783283
0.0732797
0.0688723
0.0649568
0.061506
0.0583958
0.0556293
0.0531035
0.0508297
0.048724
0.0468139
0.0450222
0.0433952
0.0418474
0.0404469
0.0391004
0.0378874
0.0367211
0.035666
0.0346677
0.0337432
0.0329006
0.0320888
0.0313958
0.0306689
0.0300921
0.0294193
0.0288988
0.0282448
0.0277266
0.0270843
0.0265801
0.0259261
0.0254563
0.0249714
0.0244394
0.0242449
0.0243014
21.7969
3.38086
1.22901
0.663685
0.436705
0.320664
0.251811
0.206708
0.175082
0.151717
0.133835
0.119667
0.108249
0.0987738
0.0908837
0.0841145
0.0783499
0.0732806
0.0688957
0.0649679
0.0615303
0.0584094
0.0556514
0.0531145
0.0508488
0.0487365
0.0468339
0.0450413
0.0434186
0.0418776
0.0404807
0.0391435
0.0379334
0.0367667
0.0357169
0.0347042
0.0337916
0.0329259
0.0321244
0.0313918
0.0306702
0.0300457
0.0293576
0.0287975
0.0281063
0.0276072
0.0269236
0.0264669
0.0258049
0.0253737
0.0248098
0.0244316
0.024149
0.024275
21.7969
3.38077
1.22893
0.663626
0.436664
0.32064
0.251778
0.206693
0.175039
0.151703
0.13378
0.119649
0.108182
0.0987463
0.0908068
0.0840732
0.0782692
0.0732272
0.068815
0.0649031
0.0614445
0.0583301
0.0555598
0.0530414
0.0507744
0.0486898
0.0467841
0.0450126
0.0433835
0.0418543
0.0404531
0.0391113
0.0379017
0.0367172
0.0356826
0.0346472
0.0337691
0.0328674
0.0321216
0.031337
0.030696
0.0300042
0.0294138
0.0287624
0.028189
0.0275607
0.0270246
0.0264481
0.0259332
0.0254394
0.0250332
0.0245935
0.024432
0.024169
21.7969
3.38083
1.22897
0.663646
0.436674
0.320635
0.251783
0.20668
0.175049
0.151686
0.133794
0.119634
0.108198
0.0987381
0.0908211
0.0840757
0.0782803
0.0732422
0.0688247
0.064926
0.0614603
0.0583593
0.0555871
0.0530648
0.0508043
0.0487018
0.0468122
0.0450267
0.0434133
0.0418818
0.0404822
0.0391546
0.037935
0.0367746
0.0357242
0.0347028
0.0338078
0.0329027
0.0321393
0.0313314
0.0306681
0.0299293
0.0293196
0.0286364
0.0280524
0.0274185
0.0268824
0.0262835
0.0257927
0.0251992
0.0249365
0.0244105
0.0243255
0.0238377
21.7969
3.38075
1.22889
0.663595
0.436639
0.320609
0.251753
0.206654
0.175012
0.151655
0.133749
0.119595
0.108141
0.0986881
0.0907532
0.0840146
0.0781992
0.0731742
0.0687299
0.0648587
0.061346
0.0582918
0.0554568
0.0530104
0.0506851
0.0486751
0.0467186
0.045013
0.0433379
0.0418604
0.0404156
0.0391174
0.0378696
0.0367212
0.0356562
0.0346425
0.0337442
0.0328592
0.0320864
0.0313199
0.0306279
0.029956
0.0293046
0.0286796
0.0280764
0.0274616
0.0269548
0.0263622
0.0259149
0.0253119
0.024971
0.0243081
0.0240963
0.0233609
21.7969
3.38082
1.22893
0.663615
0.436643
0.320611
0.251747
0.206657
0.175002
0.151663
0.133736
0.119607
0.10813
0.0987041
0.0907473
0.0840319
0.0782033
0.0731889
0.0687464
0.0648683
0.0613776
0.0582996
0.055503
0.0530152
0.0507366
0.048672
0.0467738
0.0450112
0.043398
0.0418679
0.0404755
0.0391438
0.0379269
0.0367688
0.0357086
0.0346981
0.0337896
0.0328928
0.0321258
0.0313071
0.0306549
0.0298828
0.0293029
0.0285732
0.0280249
0.0273527
0.0268316
0.0261991
0.0257024
0.0251244
0.024723
0.0241077
0.0238444
0.0232844
21.7969
3.38072
1.22884
0.663553
0.436605
0.320578
0.251722
0.206619
0.174976
0.151612
0.133708
0.11954
0.108097
0.0986188
0.0907066
0.0839275
0.0781517
0.0730677
0.068683
0.0647386
0.0613016
0.0581636
0.0554117
0.0528906
0.0506566
0.0485909
0.0467146
0.0449712
0.0433461
0.0418423
0.040425
0.0391091
0.0378843
0.0367184
0.0356713
0.0346425
0.0337439
0.0328573
0.0320592
0.0313206
0.0305598
0.0299364
0.0292105
0.0286454
0.0279622
0.0274289
0.02679
0.0262882
0.0256753
0.025212
0.0246542
0.0241772
0.0237403
0.0231915
21.7969
3.38079
1.22888
0.663571
0.436609
0.32058
0.251716
0.206622
0.174965
0.151621
0.133692
0.119559
0.108076
0.0986486
0.0906833
0.0839673
0.0781294
0.0731156
0.0686655
0.0647878
0.061294
0.05822
0.0554223
0.0529516
0.0506717
0.0486387
0.0467315
0.0450079
0.0433735
0.0418821
0.0404601
0.039164
0.0379165
0.036791
0.0356972
0.0347182
0.0337704
0.0329054
0.0320849
0.0312965
0.0305805
0.029837
0.0292039
0.0284937
0.027897
0.027229
0.0266439
0.0260456
0.0254636
0.0249196
0.0243876
0.0238811
0.0234814
0.0230084
21.7969
3.3807
1.2288
0.663518
0.436574
0.320548
0.25169
0.206585
0.174939
0.15157
0.133662
0.119489
0.108041
0.098558
0.0906389
0.0838583
0.07807
0.072993
0.0685899
0.0646641
0.0612016
0.0580896
0.055309
0.052819
0.0505695
0.0485346
0.0466642
0.0449502
0.0433263
0.041848
0.0404213
0.0391291
0.0378943
0.0367392
0.035683
0.0346473
0.0337466
0.0328378
0.0320473
0.0312702
0.0305317
0.0298447
0.0291496
0.0285
0.0278834
0.0272279
0.0267
0.0261267
0.0256188
0.0252556
0.0248089
0.0246578
0.0243575
0.0244652
21.7969
3.38077
1.22884
0.663535
0.436578
0.32055
0.251684
0.206588
0.174928
0.151578
0.133649
0.119504
0.108027
0.0985805
0.0906248
0.0838881
0.07806
0.0730282
0.0685844
0.0646975
0.0612026
0.0581278
0.0553277
0.0528685
0.0505936
0.0485928
0.0466926
0.0450045
0.0433707
0.0418997
0.0404792
0.039186
0.0379435
0.0368094
0.0357175
0.0347206
0.0337709
0.0328849
0.0320623
0.031263
0.0305421
0.029796
0.0291563
0.0284355
0.0278299
0.0271574
0.0265889
0.0259728
0.0254506
0.0249048
0.0244792
0.0241217
0.0238437
0.0236583
21.7969
3.38066
1.22874
0.663469
0.436538
0.320517
0.251657
0.206552
0.174898
0.15153
0.133611
0.119441
0.107979
0.0985002
0.0905654
0.0837872
0.0779866
0.0729071
0.0684961
0.0645593
0.0610973
0.0579736
0.0552018
0.0527095
0.0504967
0.0484895
0.04667
0.0449593
0.0433963
0.0418902
0.0405194
0.0391948
0.0379799
0.0368206
0.035743
0.034726
0.0337751
0.0328895
0.0320348
0.0312718
0.0304672
0.0298087
0.0290554
0.0284908
0.0278487
0.0273965
0.0269695
0.0266038
0.0266631
0.026938
0.0272287
0.0279407
0.02853
0.0300956
21.7969
3.38073
1.22877
0.663482
0.436541
0.320516
0.251655
0.206548
0.174897
0.151527
0.133614
0.119438
0.107987
0.0984969
0.0905795
0.0837848
0.0780072
0.0729047
0.0685215
0.0645545
0.0611267
0.0579758
0.0552574
0.0527338
0.050578
0.048523
0.0467466
0.0450002
0.0434625
0.0419351
0.0405761
0.0392389
0.0380308
0.0368615
0.0357858
0.03476
0.0338134
0.0329102
0.0320746
0.0312653
0.0305133
0.0297611
0.0290923
0.0283925
0.0278105
0.0271713
0.026651
0.0261437
0.0257844
0.025554
0.0255752
0.0260292
0.0262124
0.0271052
21.7969
3.38064
1.2287
0.663431
0.436508
0.320488
0.251629
0.206518
0.174863
0.151489
0.133563
0.119395
0.107913
0.0984503
0.0904748
0.0837332
0.0778668
0.0728431
0.0683475
0.0644822
0.0609429
0.0578852
0.0550748
0.0526508
0.0504739
0.0485359
0.0467742
0.0451197
0.0436076
0.0421123
0.0407747
0.039426
0.0382377
0.0370431
0.0359784
0.0349411
0.0339968
0.0330991
0.0322902
0.0315058
0.0308511
0.0302387
0.0298162
0.0293897
0.0294855
0.02968
0.0301961
0.0310746
0.0330561
0.034724
0.0363787
0.0368945
0.0372885
0.0367632
21.7969
3.3807
1.22873
0.663443
0.436511
0.320485
0.251629
0.206512
0.174865
0.151482
0.13357
0.119387
0.107926
0.0984425
0.0904935
0.0837269
0.0778912
0.0728389
0.0683739
0.0644773
0.0609633
0.0578945
0.0551079
0.0526886
0.0505253
0.0485726
0.0468444
0.045143
0.0436624
0.0421151
0.0408144
0.0394127
0.0382635
0.0370115
0.0359933
0.03489
0.0339756
0.0330188
0.0321828
0.0313763
0.0306163
0.0299404
0.0293213
0.0288115
0.0284185
0.0280819
0.0280977
0.0282968
0.0286528
0.0296409
0.0305586
0.0325891
0.0336108
0.0345236
21.7969
3.38059
1.22863
0.663377
0.43647
0.32046
0.251597
0.206492
0.174822
0.15146
0.133509
0.119361
0.10784
0.0984137
0.0903748
0.0836957
0.0777265
0.072803
0.0681597
0.0644333
0.0607201
0.0578345
0.0548816
0.052685
0.0505845
0.0489721
0.0474591
0.046074
0.0446853
0.0432686
0.0419826
0.0405995
0.0394484
0.0382271
0.0372296
0.0363259
0.0354365
0.0351074
0.0342605
0.0341904
0.0343564
0.0347949
0.0362036
0.0380019
0.0400486
0.0416215
0.0435556
0.0444422
0.0442719
0.0435643
0.0427039
0.0407898
0.0394402
0.0374762
21.7968
3.38065
1.22865
0.663386
0.436472
0.32046
0.251595
0.20649
0.17482
0.151459
0.133511
0.11936
0.107847
0.0984117
0.0903888
0.0836908
0.0777494
0.0727929
0.0681875
0.064418
0.0607412
0.0578211
0.0549226
0.0526872
0.0506254
0.0489669
0.0473852
0.0458844
0.0443913
0.042954
0.0415635
0.040212
0.0389861
0.0377406
0.0367072
0.035609
0.0347514
0.0339436
0.0332605
0.0329259
0.0323158
0.0322931
0.0325232
0.0328295
0.0337318
0.0350925
0.036547
0.0378447
0.0395709
0.0401674
0.0402019
0.0397824
0.038705
0.0376109
21.7968
3.38056
1.22858
0.66334
0.436444
0.320435
0.251576
0.206461
0.174799
0.151419
0.133481
0.119309
0.107802
0.0983505
0.0903167
0.0836216
0.0776333
0.0727198
0.0680004
0.0643533
0.06047
0.0578445
0.0546303
0.0533158
0.0516346
0.052981
0.0552085
0.0558746
0.0552911
0.0540337
0.0527231
0.0513244
0.0497053
0.0489061
0.0489604
0.0494604
0.0507224
0.0522324
0.0542177
0.0557924
0.0580136
0.0586497
0.0585959
0.0580529
0.056938
0.0549761
0.0526036
0.0494033
0.0466853
0.0434206
0.0409467
0.0381375
0.0365792
0.0340513
21.7968
3.38061
1.2286
0.663349
0.436444
0.320437
0.25157
0.206466
0.174788
0.151431
0.133466
0.11933
0.107782
0.0983819
0.090292
0.0836658
0.0776016
0.0727807
0.0679577
0.0644346
0.0603908
0.0579627
0.054551
0.0534046
0.0514845
0.0522238
0.0518401
0.0512007
0.0502367
0.0484476
0.0469489
0.0453285
0.043825
0.0431932
0.0422084
0.0421663
0.0425488
0.0436468
0.0449822
0.0464223
0.0478753
0.049355
0.0505286
0.0517008
0.0517775
0.0513391
0.0505133
0.0485249
0.0471763
0.0445138
0.0429341
0.0401231
0.0388415
0.0355861
21.7967
3.38051
1.2285
0.663282
0.436417
0.3204
0.251576
0.206408
0.174821
0.151327
0.133538
0.119157
0.107913
0.0981122
0.0905049
0.0832647
0.0779179
0.0722064
0.0683821
0.0636566
0.0608971
0.057024
0.0555543
0.0550813
0.0630945
0.138238
0.132056
0.134419
0.133442
0.131219
0.128372
0.125089
0.121687
0.117888
0.113772
0.109049
0.103794
0.0978605
0.0915697
0.0847288
0.0779687
0.0707128
0.0642565
0.0581815
0.0533022
0.0482379
0.0452471
0.0421812
0.0402261
0.037834
0.0364581
0.034323
0.0326896
0.0298703
21.7967
3.38056
1.22852
0.66329
0.436418
0.320401
0.251572
0.206411
0.174814
0.151337
0.133526
0.119178
0.107892
0.0981496
0.0904692
0.0833235
0.0778619
0.0722919
0.0682999
0.0637583
0.0608004
0.0571163
0.0553953
0.0550415
0.0622944
0.106635
0.108443
0.110582
0.113736
0.110028
0.111103
0.110468
0.108804
0.10668
0.104227
0.101513
0.0983092
0.0946163
0.0903784
0.0857307
0.080559
0.075068
0.0692835
0.0635326
0.0585363
0.0537735
0.0500376
0.0457422
0.0431599
0.0397341
0.0379217
0.0348789
0.0334292
0.0290966
21.7967
3.38047
1.22845
0.663249
0.436397
0.320384
0.251564
0.206392
0.174805
0.151309
0.133514
0.119139
0.107878
0.098091
0.090459
0.0832323
0.0778605
0.0721597
0.0682829
0.0635893
0.0608983
0.0559324
0.0573914
0.0622756
0.245055
0.314075
0.115165
0.0978199
0.0834875
0.0733712
0.0694602
0.0684944
0.0679563
0.0658556
0.0637408
0.0616008
0.0596922
0.0580502
0.0565452
0.0553644
0.0540343
0.052805
0.0514562
0.0493301
0.0477469
0.0451855
0.0434822
0.0402761
0.0376001
0.0340831
0.0316262
0.0283318
0.0265595
0.023972
21.7966
3.38052
1.22847
0.663255
0.436399
0.320382
0.251565
0.206387
0.174811
0.151302
0.133524
0.119131
0.107893
0.0980843
0.0904752
0.0832301
0.0778765
0.0721527
0.0683405
0.0634825
0.0610627
0.0562937
0.0562562
0.0602838
0.18837
0.314462
0.172636
0.102686
0.090669
0.0822518
0.0775159
0.0749152
0.07225
0.069008
0.065482
0.0620903
0.0593802
0.0573613
0.0555873
0.0541579
0.0526311
0.0511764
0.0495643
0.0477829
0.0458833
0.0433197
0.0412613
0.0383275
0.03644
0.0331952
0.0309715
0.0278177
0.0261992
0.0242237
21.7966
3.38041
1.22837
0.663196
0.436371
0.320369
0.251555
0.20638
0.174798
0.151293
0.133506
0.119117
0.107869
0.0980638
0.0904507
0.0831954
0.0778627
0.0720897
0.068349
0.0634072
0.0610416
0.0564311
0.0550363
0.116156
0.165399
0.172353
0.142281
0.127487
0.122627
0.118768
0.114788
0.110658
0.105391
0.0994582
0.0931761
0.0868117
0.0804401
0.0740962
0.0680077
0.0619116
0.0564375
0.0509587
0.0458526
0.0409442
0.0366061
0.0326966
0.0293995
0.027307
0.0256067
0.0245844
0.0236072
0.023071
0.0222335
21.7965
3.38046
1.22839
0.6632
0.436373
0.320367
0.251558
0.206375
0.174808
0.151283
0.133525
0.119103
0.107893
0.0980543
0.0904627
0.0832155
0.0778363
0.072149
0.0683269
0.0633698
0.0612252
0.0560324
0.0571122
0.113179
0.169976
0.190608
0.146919
0.128693
0.118217
0.112724
0.108613
0.10414
0.0991582
0.0939367
0.0886254
0.0832681
0.0778499
0.0723451
0.0669463
0.0615015
0.0562658
0.0513381
0.0465369
0.0420332
0.0377914
0.0342516
0.0309144
0.02854
0.0264022
0.0253094
0.0239731
0.0234933
0.0226211
21.7965
3.38038
1.22833
0.663169
0.436353
0.320373
0.251537
0.206401
0.174766
0.151332
0.133453
0.119178
0.107791
0.0981537
0.0903404
0.0833277
0.0777123
0.0722833
0.0681489
0.063719
0.0606849
0.0570046
0.0553725
0.0581747
0.0958277
0.121786
0.117109
0.10986
0.101033
0.0915866
0.0828236
0.0746363
0.0664704
0.0593875
0.0533328
0.0482832
0.0440185
0.040482
0.0375181
0.0350422
0.0329748
0.0312829
0.0298029
0.0286045
0.0275132
0.0265758
0.0257623
0.0249879
0.0244437
0.0238235
0.0234628
0.0228876
0.0225545
0.0219894
21.7965
3.38043
1.22834
0.663174
0.436353
0.320373
0.251536
0.206401
0.174768
0.15133
0.133463
0.11917
0.107812
0.0981384
0.090372
0.0833081
0.0777463
0.0722722
0.0681709
0.063722
0.0606925
0.0570211
0.0552758
0.0580083
0.0918801
0.0919207
0.0916847
0.0887003
0.0844851
0.0790362
0.0733323
0.067267
0.0612076
0.0557585
0.0509482
0.0467242
0.0431451
0.0399841
0.0373691
0.0350757
0.0331631
0.0315601
0.0301324
0.0290407
0.027946
0.0271007
0.0262684
0.0255038
0.0249043
0.0241788
0.0237825
0.0230644
0.0227643
0.0221298
21.7964
3.38032
1.22825
0.663122
0.436331
0.320373
0.251529
0.206418
0.174751
0.151363
0.133422
0.119233
0.107733
0.0982498
0.0902402
0.0834944
0.0775442
0.072568
0.0678793
0.0641905
0.0602667
0.0577289
0.0542737
0.0532852
0.0507853
0.051262
0.050192
0.048202
0.0461718
0.0442315
0.0424181
0.040736
0.0391902
0.0377694
0.0364278
0.0352169
0.0340329
0.0329817
0.0319366
0.030984
0.0300321
0.0291698
0.0282849
0.0274989
0.0266774
0.0259535
0.0252761
0.0246327
0.024153
0.0236247
0.0232785
0.0227202
0.0224604
0.0217999
21.7963
3.38037
1.22826
0.663124
0.436332
0.320372
0.251531
0.206418
0.174753
0.151369
0.133421
0.119247
0.107727
0.0982738
0.0902279
0.0835264
0.0775307
0.0725994
0.0678775
0.0642073
0.0602892
0.0576925
0.0543976
0.0530656
0.0509934
0.0508659
0.0493925
0.047656
0.0457346
0.0439919
0.0422049
0.0406717
0.0391419
0.0377957
0.0365053
0.0352959
0.0341995
0.0331162
0.032152
0.0311737
0.0302775
0.0294204
0.0285672
0.0278455
0.0270287
0.0263714
0.0256415
0.0250337
0.0244244
0.0238814
0.0234545
0.0227903
0.0225717
0.0219128
21.7963
3.38029
1.22821
0.663099
0.436325
0.320377
0.251536
0.206429
0.17476
0.151377
0.133436
0.119247
0.107759
0.0982589
0.0902894
0.0834936
0.0776366
0.0725493
0.0680493
0.0641353
0.0605631
0.0575316
0.0546934
0.0523968
0.0503029
0.0486031
0.0469018
0.0452722
0.0436847
0.0421567
0.0407212
0.0393247
0.0380398
0.0367904
0.0356177
0.0345009
0.0334281
0.0324288
0.031464
0.0305633
0.0296796
0.0288544
0.0280451
0.0272845
0.0265194
0.025837
0.0252037
0.0245781
0.0241164
0.0236021
0.0232872
0.0226826
0.022481
0.0219507
21.7963
3.38034
1.22822
0.663102
0.436325
0.320379
0.251535
0.206434
0.174757
0.151388
0.133429
0.119266
0.107746
0.0982888
0.0902695
0.0835333
0.0776115
0.0725957
0.0680258
0.0641806
0.0605506
0.0575684
0.054691
0.0524211
0.050312
0.04861
0.0468602
0.045279
0.0436383
0.0421992
0.0406906
0.0393937
0.0380423
0.036851
0.0356676
0.0345557
0.0335274
0.0325084
0.0315981
0.0306806
0.0298503
0.0290466
0.0282663
0.0275703
0.0268265
0.0261726
0.0255087
0.0249064
0.0243117
0.0238575
0.0233757
0.0228328
0.0226415
0.0221168
21.7962
3.38024
1.22813
0.663059
0.436312
0.320383
0.251541
0.206448
0.174766
0.151405
0.133441
0.119283
0.107767
0.0983022
0.0903078
0.0835424
0.0776791
0.0726028
0.0681324
0.0641938
0.0606965
0.057589
0.0548155
0.0523659
0.0501713
0.0482207
0.0464341
0.0447565
0.043195
0.0416761
0.0402977
0.0389296
0.037698
0.0364735
0.0353565
0.0342635
0.0332512
0.0322708
0.0313622
0.0304668
0.0296264
0.0288087
0.0280242
0.0272454
0.0265398
0.0258616
0.0252328
0.024642
0.0241369
0.0236647
0.0232577
0.0228751
0.0227226
0.0224854
21.7961
3.38028
1.22814
0.663061
0.436315
0.32038
0.25155
0.206441
0.174783
0.151393
0.133465
0.119269
0.107795
0.0982914
0.090335
0.0835385
0.0777014
0.0726103
0.0681485
0.0642143
0.0607065
0.0576185
0.0548216
0.0523959
0.0501798
0.0482638
0.046447
0.0448108
0.043197
0.0417485
0.0402994
0.0390128
0.0377165
0.0365486
0.0354111
0.0343291
0.0333413
0.0323466
0.0314713
0.0305749
0.0297714
0.0289784
0.0282143
0.0275172
0.0267832
0.0261251
0.0254975
0.0248554
0.024369
0.0238428
0.0235053
0.0230647
0.0229353
0.0225596
21.7961
3.38021
1.2281
0.663043
0.436314
0.320391
0.251558
0.206463
0.17479
0.151423
0.13347
0.119305
0.1078
0.0983342
0.0903471
0.083589
0.0777264
0.0726694
0.0681922
0.0642814
0.0607717
0.0576769
0.0548882
0.0523946
0.0501561
0.0481191
0.0462893
0.0445524
0.0429931
0.0414656
0.04011
0.0387541
0.0375474
0.0363395
0.0352487
0.0341649
0.0331827
0.0322089
0.0313315
0.0304205
0.0296264
0.0287936
0.0280728
0.02732
0.0266691
0.0259726
0.0254062
0.0247073
0.0243236
0.0236479
0.0235331
0.0230335
0.0230635
0.0230481
21.796
3.38025
1.22811
0.663047
0.436315
0.320393
0.251558
0.206466
0.174792
0.151428
0.133474
0.119312
0.107808
0.0983408
0.0903589
0.0835952
0.0777425
0.0726766
0.0682123
0.0642916
0.0607927
0.0576918
0.0549053
0.0524149
0.0501763
0.0481561
0.0463159
0.0446055
0.0430197
0.0415263
0.0401342
0.0388149
0.0375779
0.0363955
0.0352995
0.0342156
0.0332573
0.0322609
0.0314113
0.0305123
0.0297198
0.0289293
0.0281627
0.0274768
0.0267337
0.0261174
0.0254594
0.0248692
0.0244063
0.0238771
0.0236589
0.0232659
0.0228424
0.0228069
21.7959
3.38016
1.22804
0.66301
0.436308
0.320399
0.251573
0.206479
0.174812
0.151442
0.133498
0.119327
0.107836
0.0983607
0.0903919
0.0836232
0.0777824
0.0727127
0.0682636
0.0643286
0.0608569
0.0577145
0.0549639
0.0523973
0.0501886
0.0480583
0.0462421
0.0444469
0.0428883
0.0413484
0.0399696
0.0386364
0.0374054
0.0362299
0.0351271
0.0340605
0.0330854
0.0321135
0.0312448
0.0303644
0.0295716
0.0287929
0.0280384
0.0273599
0.026634
0.0260591
0.0253577
0.0249315
0.0243281
0.0240626
0.0237563
0.0231364
0.0231118
0.0235977
21.7959
3.3802
1.22805
0.663013
0.43631
0.3204
0.251576
0.206482
0.174816
0.151449
0.133502
0.11934
0.107838
0.0983798
0.0903922
0.0836466
0.0777834
0.0727399
0.0682662
0.0643613
0.060858
0.0577539
0.0549615
0.0524447
0.0501888
0.0481108
0.0462592
0.0444937
0.0429255
0.0413844
0.0400279
0.0386625
0.0374755
0.0362552
0.0351983
0.0341021
0.033157
0.0321664
0.0313193
0.0304243
0.0296429
0.0288579
0.0280993
0.0274403
0.0266887
0.0261562
0.0254834
0.025016
0.0245329
0.0241146
0.0237591
0.0229297
0.0227603
0.023026
21.7959
3.38014
1.22801
0.663
0.436314
0.320411
0.251594
0.206496
0.174839
0.151461
0.133531
0.119351
0.107875
0.0983889
0.0904386
0.0836542
0.077841
0.0727454
0.0683329
0.0643636
0.0609259
0.0577469
0.0550146
0.0524139
0.0501992
0.0480395
0.0462083
0.0443822
0.0428257
0.0412502
0.0398938
0.0385228
0.0373205
0.0361257
0.0350325
0.0339868
0.0329847
0.0320595
0.031155
0.0303122
0.0295067
0.0287233
0.0280122
0.0272797
0.0266686
0.025976
0.0254952
0.0249514
0.0245044
0.0243753
0.0232809
0.023402
0.0234719
0.025446
21.7958
3.38018
1.22802
0.663004
0.436317
0.320413
0.251596
0.206499
0.174843
0.151467
0.133537
0.119358
0.107883
0.0983984
0.0904482
0.0836672
0.0778502
0.0727654
0.0683394
0.0643935
0.0609268
0.0577875
0.0550109
0.0524622
0.0501998
0.0480947
0.046216
0.0444426
0.0428402
0.0413148
0.0399161
0.0385886
0.0373496
0.036183
0.0350743
0.0340339
0.0330418
0.0321014
0.0312129
0.0303607
0.0295561
0.0287945
0.0280574
0.0273817
0.026704
0.0261453
0.025538
0.0250706
0.0245269
0.0241783
0.0232309
0.0232833
0.0230872
0.0244341
21.7958
3.38011
1.22797
0.662978
0.436314
0.320422
0.25161
0.206516
0.17486
0.151485
0.133555
0.119379
0.107902
0.0984214
0.0904689
0.0836939
0.0778716
0.0727948
0.068359
0.0644221
0.0609398
0.0578087
0.0550068
0.0524651
0.0501673
0.0480638
0.0461488
0.0443719
0.0427461
0.0412102
0.039805
0.0384604
0.0372249
0.0360472
0.0349355
0.0339057
0.0328832
0.0319879
0.0310417
0.0302555
0.0294017
0.0286865
0.0279445
0.0272824
0.0266518
0.0260433
0.0255681
0.0249927
0.0245917
0.0240727
0.0231917
0.023412
0.0250734
0.030428
21.7957
3.38014
1.22798
0.662982
0.436317
0.320425
0.251613
0.20652
0.174865
0.151491
0.133563
0.119387
0.107911
0.0984337
0.0904767
0.0837131
0.0778762
0.0728226
0.068361
0.0644578
0.0609402
0.0578501
0.0550067
0.0525146
0.0501676
0.0481218
0.0461525
0.044435
0.0427531
0.0412764
0.0398203
0.038526
0.0372554
0.0361027
0.0349866
0.033944
0.032962
0.0320096
0.0311429
0.0302827
0.0294991
0.0287457
0.0280165
0.0273593
0.0266965
0.0261091
0.0255486
0.0249218
0.0245183
0.0238526
0.0230864
0.0232501
0.0240622
0.0280854
21.7957
3.38009
1.22795
0.662977
0.436323
0.320438
0.251628
0.206535
0.174884
0.151505
0.133585
0.119397
0.107939
0.0984397
0.0905114
0.0837144
0.0779161
0.0728192
0.0684014
0.0644493
0.0609744
0.0578332
0.0550279
0.0524802
0.0501654
0.0480615
0.0461189
0.0443467
0.042692
0.0411667
0.039737
0.0384024
0.037153
0.0359752
0.0348674
0.033825
0.032821
0.0319103
0.0309797
0.0301989
0.0293406
0.0286702
0.027902
0.0273028
0.0266369
0.0260273
0.0255787
0.0248451
0.0244219
0.0236009
0.024054
0.0247857
0.033809
0.0396769
21.7956
3.38013
1.22797
0.662982
0.436326
0.320441
0.25163
0.206541
0.174885
0.151516
0.133584
0.119416
0.107934
0.0984662
0.0905034
0.0837479
0.0779062
0.0728587
0.0683921
0.0644922
0.0609688
0.057876
0.0550297
0.0525199
0.0501783
0.0481002
0.0461408
0.0443873
0.0427183
0.0412135
0.0397637
0.0384607
0.0371773
0.036043
0.0348894
0.0338952
0.0328542
0.0319675
0.031047
0.0302422
0.0294279
0.0286985
0.0279658
0.0273172
0.026657
0.0260555
0.0254186
0.0248337
0.0243162
0.023553
0.0240476
0.0243846
0.0288766
0.03634
21.7956
3.38007
1.22793
0.662969
0.43633
0.320451
0.251645
0.206554
0.174902
0.151529
0.133603
0.119427
0.107956
0.0984758
0.0905268
0.0837553
0.0779309
0.0728612
0.0684167
0.0644864
0.0609898
0.0578588
0.0550402
0.0524877
0.0501702
0.0480472
0.0461086
0.044313
0.0426638
0.0411201
0.0396924
0.0383483
0.037094
0.0359146
0.0347977
0.03376
0.032745
0.0318501
0.0308918
0.0301594
0.0292267
0.0286315
0.0277824
0.0272141
0.0265458
0.0259398
0.0255185
0.0246341
0.0247893
0.0255919
0.0266647
0.0339815
0.0435322
0.0426734
21.7956
3.3801
1.22794
0.662973
0.436332
0.320455
0.251648
0.206561
0.174906
0.151539
0.133609
0.11944
0.107962
0.0984921
0.0905341
0.0837745
0.077939
0.0728849
0.0684247
0.0645163
0.060996
0.0578959
0.0550433
0.0525334
0.0501728
0.0480991
0.0461156
0.0443679
0.0426755
0.0411787
0.0397063
0.0384163
0.0371074
0.0359938
0.0348104
0.0338483
0.032761
0.0319341
0.0309375
0.0302198
0.0293
0.0286603
0.0278333
0.0271853
0.0265733
0.0258335
0.0255606
0.0247237
0.0248932
0.025149
0.0265235
0.029179
0.0401529
0.0415324
21.7955
3.38007
1.22794
0.66298
0.436344
0.320467
0.251662
0.206573
0.17492
0.15155
0.133621
0.11945
0.107974
0.0985006
0.0905459
0.0837802
0.0779513
0.0728846
0.0684375
0.0645056
0.0610081
0.0578713
0.0550522
0.052492
0.0501694
0.0480408
0.0460913
0.0442942
0.0426299
0.04109
0.0396468
0.0383079
0.0370431
0.0358601
0.0347471
0.0336826
0.0326975
0.0317404
0.0308243
0.0300321
0.0290917
0.0285119
0.0276196
0.0270828
0.0265276
0.0257579
0.0261152
0.0264727
0.0284756
0.0298883
0.0385088
0.0374709
0.0408643
0.0423314
21.7955
3.38011
1.22795
0.662986
0.436348
0.32047
0.251666
0.206578
0.174925
0.151557
0.133629
0.119458
0.107985
0.0985106
0.0905582
0.0837925
0.0779647
0.072901
0.0684508
0.0645279
0.0610201
0.0578997
0.0550627
0.0525258
0.0501802
0.048081
0.0461042
0.0443408
0.0426453
0.0411425
0.0396657
0.0383665
0.0370656
0.0359265
0.0347707
0.03376
0.0327178
0.0318323
0.0308472
0.0301162
0.0291527
0.0285225
0.0277485
0.0270386
0.0266899
0.0259375
0.0261632
0.0265893
0.0279336
0.0304791
0.0342795
0.0420868
0.0391086
0.0407496
21.7953
3.38012
1.22798
0.663023
0.436387
0.320509
0.251703
0.206612
0.174958
0.151585
0.133657
0.119483
0.108008
0.0985324
0.0905779
0.0838109
0.077981
0.0729138
0.0684637
0.0645316
0.0610299
0.0578909
0.0550676
0.0524996
0.0501784
0.0480318
0.0460942
0.0442645
0.0426282
0.041034
0.0396403
0.0382209
0.0370271
0.0357427
0.0347134
0.0335404
0.0326434
0.0315696
0.0307552
0.0298571
0.0289423
0.0284914
0.0274613
0.027545
0.0279572
0.0292281
0.0317069
0.0347896
0.0410482
0.0461752
0.0455575
0.0480283
0.0502963
0.0460277
21.7953
3.38016
1.22799
0.663029
0.436392
0.320513
0.251707
0.206616
0.174963
0.151591
0.133665
0.11949
0.108018
0.0985409
0.0905903
0.0838219
0.0779946
0.0729289
0.0684774
0.0645527
0.0610413
0.0579195
0.0550743
0.0525377
0.0501809
0.0480812
0.0460947
0.0443244
0.0426277
0.0411017
0.0396416
0.0382931
0.0370358
0.0358136
0.0347366
0.0336042
0.0326778
0.031641
0.0307698
0.0299585
0.028951
0.0285502
0.0275235
0.0275677
0.0279075
0.0290703
0.0314157
0.0346021
0.0394721
0.0447995
0.0453297
0.0463171
0.0474793
0.04505
21.7953
3.3798
1.22741
0.662528
0.435982
0.320142
0.251352
0.206267
0.174628
0.151267
0.133356
0.1192
0.107756
0.0982911
0.0903599
0.0835904
0.0777836
0.072705
0.0682795
0.0643302
0.0608527
0.0576927
0.0548927
0.0523006
0.0499425
0.0477333
0.0456918
0.0437675
0.0419657
0.0402572
0.0386591
0.0371189
0.035719
0.0343208
0.0331351
0.0318832
0.0309729
0.0298932
0.0294879
0.028517
0.0285488
0.0289923
0.0298656
0.0316443
0.0339754
0.0371079
0.0410484
0.0446505
0.0501156
0.0506057
0.0529668
0.0525105
0.0549013
0.0509577
21.7953
3.37983
1.22742
0.662533
0.435987
0.320147
0.251357
0.206273
0.174634
0.151276
0.133363
0.11921
0.107765
0.0983036
0.0903706
0.0836051
0.0777962
0.0727219
0.0682942
0.064349
0.0608696
0.0577123
0.0549125
0.0523209
0.0499675
0.0477552
0.0457224
0.0437911
0.042
0.040284
0.038693
0.0371525
0.0357461
0.0343625
0.0331507
0.0319266
0.030982
0.0299251
0.0294875
0.0285566
0.0285809
0.0290281
0.0298433
0.0316253
0.0336929
0.0372807
0.040365
0.0447211
0.0488555
0.0500105
0.0517518
0.0529681
0.0519688
0.049828
0.0110808
0.0114605
0.0117951
0.0121688
0.0124908
0.0128546
0.0131672
0.013518
0.0138224
0.014159
0.0144563
0.014778
0.0150689
0.0153746
0.0156577
0.0159455
0.01622
0.0164908
0.0167555
0.0170135
0.0172673
0.0175192
0.0177661
0.0180143
0.0182512
0.0184876
0.018712
0.0189309
0.0191344
0.0193287
0.0195037
0.0196607
0.0198082
0.0199048
0.0200305
0.0200363
0.0201681
0.0201503
0.0201061
0.0200069
0.019862
0.0196161
0.019282
0.0188514
0.0182677
0.0174178
0.016675
0.0151396
0.0149699
0.0156147
0.0186749
0.0235735
0.0530958
0.0606554
0.0110672
0.0114727
0.0117868
0.0121761
0.0124876
0.012858
0.0131679
0.0135189
0.0138258
0.0141592
0.0144607
0.01478
0.0150719
0.0153811
0.0156573
0.0159581
0.0162169
0.0165089
0.0167534
0.0170347
0.0172706
0.0175411
0.0177771
0.0180362
0.0182695
0.0185092
0.0187355
0.0189516
0.0191602
0.0193487
0.0195288
0.0196823
0.0198282
0.019936
0.0200328
0.0201148
0.0202043
0.0202112
0.0201569
0.0200627
0.0198951
0.0197197
0.0193675
0.0190383
0.0184625
0.0177976
0.0170813
0.0158726
0.0156136
0.0161211
0.0161352
0.0256805
0.0335319
0.0514442
0.209137
0.0687261
0.202328
0.103209
0.105124
0.395049
0.279755
0.394354
0.164466
0.152222
0.174364
0.0622274
0.117786
0.11466
0.110596
0.385344
0.144318
0.303651
0.14689
0.160961
0.103977
0.0611824
0.20863
0.0596586
0.216111
0.172
0.160975
0.232607
0.403189
0.27133
0.406442
0.105016
0.0601295
0.164213
0.0665501
0.114946
0.160972
0.169361
0.204242
0.367092
0.112827
0.295929
0.057438
0.0550864
0.0577401
0.0577173
0.0820998
0.0579535
0.0832134
0.0494452
0.0632356
0.0523732
0.098438
0.2189
0.101169
0.211117
0.0553854
0.0550862
0.0554829
0.0587701
0.0759155
0.0585356
0.0756199
0.052777
0.0615632
0.0487682
0.0968065
0.166012
0.0912193
0.122147
0.0603448
0.057325
0.0590461
0.0589979
0.0624361
0.0589394
0.0612421
0.657883
0.387711
0.290809
0.463881
0.570659
0.266163
0.326321
0.275
0.154263
0.161258
0.157315
0.167826
0.0586385
0.0559755
0.0590647
0.0569853
0.0590853
0.0541323
0.0685351
0.557839
0.329009
0.176705
0.267976
0.64182
0.294803
0.290554
0.298603
0.158114
0.196198
0.150918
0.209165
0.0686058
0.0567213
0.0617233
0.0561331
0.0604632
0.0562138
0.0598239
0.416596
0.104237
0.0936981
0.0961464
0.308248
0.804697
0.518976
0.184414
0.161951
0.183443
0.324671
0.250293
0.320865
0.256249
0.0602951
0.0583279
0.0587124
0.0564073
0.0585344
0.0564001
0.0586435
0.214602
0.119402
0.105116
0.277543
0.12023
0.465073
0.680498
0.208317
0.1667
0.199113
0.316515
0.307606
0.297131
0.277588
0.0780675
0.0584035
0.0800111
0.0547917
0.0561244
0.0545861
0.0559983
0.188638
0.0981738
0.187365
0.06065
0.0466451
0.0604681
0.0460606
0.0750405
0.0574642
0.0725057
0.054473
0.0556851
0.0545136
0.0554851
0.137908
0.0840207
0.109491
0.0587732
0.0500721
0.0577548
0.0480207
0.454021
0.145973
0.234499
0.172699
0.34425
0.430017
0.225991
0.159913
0.171314
0.402336
0.421509
0.0916699
0.101522
0.106141
0.31485
0.805309
0.622141
0.395314
0.108215
0.10565
0.0907267
0.403468
0.756937
0.700915
0.652108
0.254957
0.388806
0.456625
0.628755
0.913948
0.71095
0.542366
0.149592
0.145197
0.140275
0.388688
0.886804
0.800495
0.535564
0.145676
0.146139
0.143997
0.523768
0.261273
0.144119
0.162071
0.142568
0.31418
0.20701
0.132238
0.129724
0.137348
0.125209
0.215892
0.119164
0.119702
0.289763
0.104678
0.331981
0.495028
0.153471
0.102295
0.125389
0.114922
0.149114
0.205289
0.0904092
0.515311
0.154476
0.18963
0.21045
0.439444
0.521691
0.759048
0.495472
0.145205
0.147233
0.50349
0.14643
0.39719
0.450214
0.483393
0.167128
0.151259
0.159449
0.471128
0.810916
0.619488
0.38987
0.103325
0.107482
0.0916195
0.447883
0.809869
0.754447
0.458023
0.145669
0.232758
0.170719
0.341113
0.449191
0.225294
0.160004
0.42194
0.165592
0.571157
0.163371
0.16051
0.151855
0.421028
0.765746
0.707589
0.569707
0.159817
0.158014
0.151878
0.55134
0.637702
0.313532
0.265473
0.451093
0.705691
0.620992
0.270159
0.357421
0.644058
0.409961
0.312905
0.527819
0.15693
0.122292
0.126205
0.123029
0.142684
0.17108
0.0503928
0.257374
0.144156
0.154748
0.315667
0.143721
0.191188
0.122656
0.127396
0.132536
0.110585
0.493425
0.165598
0.159569
0.530793
0.169822
0.450975
0.436462
0.515326
0.16376
0.1683
0.175998
0.438617
0.537002
0.267572
0.191224
0.623777
0.244677
0.489798
0.142126
0.182776
0.193077
0.42817
0.156935
0.0874105
0.0651017
0.0760444
0.0729399
0.0732845
0.139849
0.128588
0.0880478
0.0611128
0.0730918
0.0876857
0.13161
0.0743655
0.153329
0.0600844
0.0768005
0.0740754
0.0932383
0.0780638
0.151032
0.345337
0.392291
0.441932
0.259073
0.433972
0.242982
0.354279
0.355767
0.418982
0.393587
0.270069
0.4317
0.245799
0.377492
0.119781
0.0621686
0.0872572
0.0734863
0.0861467
0.0752957
0.12702
0.459638
0.380607
0.360211
0.297375
0.339801
0.427167
0.318448
0.454184
0.330164
0.228394
0.375501
0.279712
0.348365
0.454279
0.157602
0.0737408
0.0893011
0.0605361
0.0740591
0.0895404
0.141519
0.153173
0.0714594
0.0594994
0.0931972
0.0737184
0.148242
0.0862501
0.400668
0.302553
0.389383
0.43931
0.242607
0.44
0.473836
0.410473
0.302612
0.407914
0.399836
0.243899
0.458888
0.42756
0.126562
0.0729392
0.0876856
0.0600963
0.129411
0.071466
0.0895121
0.126352
0.0721096
0.0608508
0.0714816
0.0733893
0.0868056
0.125333
0.483258
0.363345
0.332589
0.339394
0.498294
0.394694
0.287398
0.458198
0.403713
0.301052
0.221338
0.397187
0.235261
0.461171
0.692265
0.671976
0.653781
0.647689
0.664711
0.643317
0.711446
0.318483
0.329817
0.385984
0.243183
0.35833
0.39333
0.385612
0.392626
0.646002
0.678854
0.669573
0.567839
0.694103
0.778129
0.64814
0.301769
0.525349
0.583866
0.728353
0.57762
0.276169
0.752157
0.196467
0.295976
0.268171
0.221505
0.316883
0.612855
0.661333
0.725789
0.376925
0.621031
0.769864
0.182728
0.202362
0.224619
0.160263
0.227127
0.749633
0.177577
0.408766
0.733668
0.224391
0.18592
0.325462
0.298835
0.374703
0.245202
0.367601
0.436522
0.427323
0.364156
0.197725
0.413431
0.541073
0.170749
0.715075
0.169216
0.167945
0.826386
0.855371
0.110647
0.25721
0.214988
0.137831
0.274735
0.111914
0.139131
0.11998
0.182244
0.146218
0.149518
0.0834173
0.105753
0.107206
0.0880233
0.137228
0.223941
0.38768
0.131227
0.154418
0.286997
0.148997
0.533827
0.587621
0.506442
0.223977
0.7025
0.445163
0.224235
0.512564
0.694028
0.367496
0.348953
0.421707
0.307476
0.360358
0.43796
0.43703
0.371866
0.523741
0.455194
0.211622
0.53263
0.208123
0.701037
0.354334
0.480407
0.222031
0.656672
0.432047
0.479762
0.224479
0.663988
0.336027
0.361759
0.387391
0.309222
0.331659
0.415692
0.353086
0.389447
0.46318
0.414634
0.211291
0.616795
0.21505
0.63705
0.451364
0.228213
0.144398
0.72644
0.413562
0.147152
0.707167
0.222578
0.339483
0.300193
0.385662
0.246684
0.365712
0.438296
0.439195
0.36407
0.206475
0.398843
0.138154
0.554107
0.171051
0.693618
0.164704
0.792712
0.802725
0.236017
0.139755
0.390488
0.680521
0.177069
0.205124
0.686771
0.315846
0.368032
0.317317
0.36936
0.224567
0.392125
0.136092
0.679467
0.14667
0.666243
0.212207
0.326517
0.389264
0.318082
0.382191
0.75961
0.72922
0.549803
0.679477
0.595916
0.652647
0.596366
0.683173
0.578246
0.312169
0.339522
0.294583
0.359816
0.307392
0.388076
0.36224
0.363441
0.510176
0.632349
0.663302
0.593074
0.42752
0.674988
0.57627
0.922507
0.925137
0.343188
0.236301
1.03609
0.548548
0.234276
1.06014
0.346163
0.625905
0.543121
0.70821
0.508874
0.628839
0.731549
0.629134
0.738613
0.343283
0.604475
0.183139
0.849588
0.19129
1.07288
0.263283
0.864847
0.825085
0.32229
0.217014
0.531529
1.01285
0.216776
0.340545
0.997486
0.569964
0.67205
0.583155
0.677849
0.315505
0.511686
0.230985
0.942067
0.225355
0.918794
0.331229
0.591438
0.700869
0.60543
0.698808
0.28176
0.169242
0.270262
0.322466
0.171312
0.273246
0.335473
0.18044
0.293792
0.223054
0.233544
0.292067
0.283901
0.184683
0.438245
0.179784
0.344298
0.346689
0.181976
0.202572
0.223484
0.165535
0.163996
0.177628
0.195578
0.16339
0.197397
0.163537
0.148495
0.0899203
0.0790015
0.109179
0.0625757
0.0819034
0.144727
0.112625
0.107604
0.183108
0.202173
0.150889
0.103071
0.175287
0.168364
0.141898
0.110953
0.21249
0.145704
0.261725
0.136093
0.274488
0.106464
0.121917
0.175325
0.145462
0.136757
0.131283
0.244966
0.132084
0.379289
0.138317
0.144439
0.295685
0.0886406
0.10804
0.10878
0.0829592
0.356355
0.362984
0.0835746
0.142368
0.121189
0.153143
0.141581
0.0858682
0.093132
0.0272306
0.0131589
0.0266232
0.00919025
0.0190836
0.0463759
0.0361525
0.0286071
0.0736673
0.18008
0.134378
0.0632136
0.130977
0.148355
0.0959068
0.14021
0.188817
0.264947
0.474683
0.729608
0.492228
0.248871
0.470129
0.73661
0.194531
0.0877288
0.127149
0.0855514
0.110466
0.156428
0.127914
0.10856
0.400936
0.475673
0.489447
0.577252
0.502069
0.639276
0.318147
0.636908
0.684764
0.313659
0.483099
0.225226
0.725379
0.224328
0.749925
0.31955
0.528806
0.642113
0.542212
0.620241
0.318087
0.500247
0.213495
0.884666
0.319333
0.219584
0.827264
0.500023
0.578181
0.487005
0.595858
0.686466
0.776242
0.352446
0.265372
0.625267
0.507905
0.301413
0.32883
0.55614
0.453323
0.498157
0.572075
0.383802
0.455023
0.557731
0.455758
0.588854
0.360797
0.553217
0.305086
0.520011
0.347289
0.548497
0.310132
0.807103
0.794325
0.208088
0.698214
0.168285
0.416935
0.216109
0.74276
0.140429
0.334258
0.40593
0.337727
0.397889
0.33259
0.397435
0.333923
0.401144
0.221049
0.415735
0.747747
0.125398
0.197402
0.697663
0.127867
0.809489
0.783387
0.513645
0.712964
0.225631
0.451018
0.70635
0.227533
0.516497
0.370958
0.350826
0.42282
0.309601
0.369093
0.440322
0.375452
0.440104
0.526613
0.452161
0.536756
0.207844
0.707505
0.205972
0.350785
0.508916
0.70067
0.447128
0.224503
0.719286
0.502306
0.226515
0.358605
0.402216
0.419246
0.343761
0.362327
0.435537
0.370093
0.42501
0.487599
0.436247
0.675677
0.221228
0.680453
0.226246
0.482996
0.376072
0.929515
0.270803
0.569479
0.924461
0.386456
0.271558
0.625415
0.545668
0.689836
0.485005
0.621115
0.745564
0.718634
0.637802
0.383156
0.629716
0.777811
0.240897
0.99438
0.265453
0.288394
0.746275
0.722515
0.364563
0.9077
0.216045
0.564919
0.373032
0.900632
0.229922
0.587868
0.687752
0.694588
0.589692
0.607947
0.720133
0.717379
0.609806
0.359423
0.543172
0.891065
0.210938
0.871214
0.209922
0.352193
0.595437
0.513598
0.692442
0.670953
0.638351
0.719914
0.576674
0.308464
0.339365
0.409728
0.253683
0.340023
0.402171
0.406848
0.378205
0.477159
0.74061
0.625656
0.678339
0.760047
0.753817
0.360013
0.494724
0.539465
0.600721
0.691297
0.534046
0.511505
0.676112
0.324612
0.382096
0.398823
0.305608
0.333169
0.399332
0.40287
0.343401
0.438921
0.618375
0.830808
0.637318
0.753404
0.64881
0.39947
0.33622
0.354174
0.0914182
0.107092
0.146284
0.138223
0.0968195
0.0661015
0.152053
0.0186599
0.0107868
0.0147368
0.00756726
0.0199346
0.0458935
0.036964
0.0242598
0.0812311
0.160442
0.0367219
0.150217
0.103658
0.140014
0.104614
0.095536
0.138794
0.273567
0.263295
0.302297
0.167675
0.31956
0.169766
0.259132
0.172812
0.304821
0.245743
0.209661
0.28657
0.27557
0.458477
0.181893
0.354653
0.340555
0.174645
0.176473
0.19317
0.158997
0.215294
0.14245
0.157032
0.178002
0.125052
0.101302
0.174032
0.149256
0.0685461
0.0531797
0.0848883
0.0374731
0.0550481
0.110209
0.0866828
0.0718038
0.156594
0.161641
0.0671332
0.143905
0.128971
0.156123
0.12874
0.339873
0.74286
0.495001
0.277658
0.747631
0.33444
0.266515
0.551108
0.651145
0.640829
0.563044
0.541163
0.622031
0.612957
0.538192
0.346633
0.509279
0.83657
0.212323
0.790943
0.355413
0.196556
0.460529
0.481969
0.326907
0.74842
0.24316
0.539662
0.321407
0.765024
0.233786
0.527222
0.522748
0.622687
0.438333
0.539198
0.630415
0.65621
0.527365
0.321155
0.525992
0.644068
0.25215
0.767201
0.260745
0.284114
0.333394
0.579212
0.733409
0.456107
0.801174
0.495999
0.282154
0.171818
0.316361
0.262806
0.220127
0.337125
0.598626
0.788289
0.597979
0.797796
0.381722
0.537663
0.172961
0.191429
0.221443
0.145508
0.254644
0.697156
0.403598
0.424559
0.641004
0.226708
0.432665
0.170128
0.101669
0.094746
0.0853249
0.0874507
0.122494
0.0751525
0.0942568
0.395848
0.406671
0.525582
0.516891
0.541697
0.501847
0.343368
)
;

boundaryField
{
    inlet
    {
        type            fixedValue;
        value           uniform 440.15;
    }
    outlet
    {
        type            zeroGradient;
    }
    rightSide
    {
        type            symmetryPlane;
    }
    leftSide
    {
        type            symmetryPlane;
    }
    duct
    {
        Cmu             0.09;
        kappa           0.41;
        E               9.8;
        beta1           0.075;
        type            omegaWallFunction;
        value           nonuniform List<scalar> 
216
(
0.0110914
0.0110786
0.0114499
0.0114623
0.011811
0.0117966
0.0121548
0.0121673
0.0125086
0.0124966
0.0128396
0.0128504
0.0131821
0.0131768
0.0135013
0.0135093
0.0138308
0.0138335
0.0141393
0.0141449
0.0144564
0.0144653
0.0147536
0.0147576
0.0150594
0.0150725
0.0153418
0.0153443
0.0156392
0.0156557
0.0159027
0.0159031
0.0161947
0.0162148
0.0164361
0.0164353
0.0167204
0.0167475
0.0169392
0.0169385
0.0172069
0.0172411
0.0174201
0.0174175
0.0176775
0.0177151
0.017895
0.0178907
0.0181339
0.0181712
0.0183407
0.0183471
0.0185639
0.0186074
0.0187445
0.0187725
0.0189524
0.0190098
0.019114
0.019165
0.0193063
0.0193931
0.0194655
0.0195487
0.0196504
0.019769
0.0198109
0.0199198
0.0200093
0.0201418
0.0201664
0.0202853
0.0203806
0.0205126
0.0205286
0.0206313
0.0207661
0.0208945
0.0208947
0.0210334
0.0212782
0.0213193
0.0214795
0.0214946
0.0219698
0.0218789
0.0222631
0.0221356
0.0228162
0.0226837
0.0232412
0.0230825
0.0237616
0.0235409
0.0241399
0.0240538
0.0245516
0.0243458
0.0251217
0.0241645
0.0247529
0.0248463
0.0249039
0.0246367
0.0249972
0.0246936
0.0250854
0.0246029
0.0110808
0.0110672
0.0114605
0.0114727
0.0117951
0.0117868
0.0121688
0.0121761
0.0124908
0.0124876
0.0128546
0.012858
0.0131672
0.0131679
0.013518
0.0135189
0.0138224
0.0138258
0.014159
0.0141592
0.0144563
0.0144607
0.014778
0.01478
0.0150689
0.0150719
0.0153746
0.0153811
0.0156577
0.0156573
0.0159455
0.0159581
0.01622
0.0162169
0.0164908
0.0165089
0.0167555
0.0167534
0.0170135
0.0170347
0.0172673
0.0172706
0.0175192
0.0175411
0.0177661
0.0177771
0.0180143
0.0180362
0.0182512
0.0182695
0.0184876
0.0185092
0.018712
0.0187355
0.0189309
0.0189516
0.0191344
0.0191602
0.0193287
0.0193487
0.0195037
0.0195288
0.0196607
0.0196823
0.0198082
0.0198282
0.0199048
0.019936
0.0200305
0.0200328
0.0200363
0.0201148
0.0201681
0.0202043
0.0201503
0.0202112
0.0201061
0.0201569
0.0200069
0.0200627
0.019862
0.0198951
0.0196161
0.0197197
0.019282
0.0193675
0.0188514
0.0190383
0.0182677
0.0184625
0.0174178
0.0177976
0.016675
0.0170813
0.0151396
0.0158726
0.0149699
0.0156136
0.0156147
0.0161211
0.0186749
0.0161352
0.0235735
0.0256805
0.0530958
0.0335319
0.0606554
0.0514442
)
;
    }
    cylinder
    {
        Cmu             0.09;
        kappa           0.41;
        E               9.8;
        beta1           0.075;
        type            omegaWallFunction;
        value           nonuniform List<scalar> 
448
(
0.804697
0.518976
0.465073
0.680498
0.805309
0.622141
0.756937
0.700915
0.913948
0.71095
0.886804
0.800495
0.331981
0.495028
0.205289
0.0904092
0.521691
0.759048
0.39719
0.450214
0.810916
0.619488
0.809869
0.754447
0.765746
0.707589
0.312905
0.527819
0.17108
0.0503928
0.450975
0.436462
0.653781
0.711446
0.318483
0.35833
0.567839
0.778129
0.728353
0.752157
0.196467
0.725789
0.769864
0.182728
0.749633
0.733668
0.325462
0.367601
0.826386
0.855371
0.25721
0.274735
0.11998
0.0834173
0.533827
0.587621
0.7025
0.694028
0.367496
0.360358
0.53263
0.701037
0.656672
0.663988
0.336027
0.331659
0.616795
0.63705
0.72644
0.707167
0.339483
0.365712
0.792712
0.802725
0.680521
0.686771
0.315846
0.679467
0.326517
0.75961
0.72922
0.595916
0.578246
0.312169
0.307392
0.593074
0.57627
0.922507
0.925137
1.03609
1.06014
0.625905
0.628839
0.864847
0.825085
1.01285
0.997486
0.569964
0.591438
0.322466
0.335473
0.18044
0.438245
0.181976
0.195578
0.148495
0.0899203
0.0819034
0.103071
0.168364
0.261725
0.274488
0.121917
0.379289
0.295685
0.0886406
0.356355
0.362984
0.121189
0.093132
0.0272306
0.0190836
0.14021
0.188817
0.729608
0.73661
0.194531
0.110466
0.636908
0.684764
0.725379
0.749925
0.528806
0.500023
0.686466
0.776242
0.625267
0.55614
0.453323
0.455023
0.807103
0.794325
0.698214
0.74276
0.334258
0.33259
0.809489
0.783387
0.370958
0.369093
0.70067
0.719286
0.358605
0.362327
0.929515
0.625415
0.621115
0.746275
0.722515
0.587868
0.607947
0.513598
0.308464
0.340023
0.324612
0.333169
0.33622
0.354174
0.107092
0.0661015
0.0186599
0.0199346
0.095536
0.138794
0.302297
0.31956
0.172812
0.176473
0.0685461
0.0550481
0.74286
0.747631
0.551108
0.541163
0.460529
0.481969
0.74842
0.765024
0.527222
0.539198
0.733409
0.801174
0.171818
0.172961
0.697156
0.641004
0.170128
0.0874507
0.329817
0.39333
0.295976
0.202362
0.298835
0.436522
0.182244
0.105753
0.348953
0.43796
0.361759
0.415692
0.300193
0.438296
0.368032
0.389264
0.339522
0.388076
0.543121
0.731549
0.67205
0.700869
0.293792
0.202572
0.0790015
0.144727
0.175325
0.10804
0.0131589
0.0463759
0.0877288
0.156428
0.642113
0.578181
0.498157
0.557731
0.40593
0.397435
0.350826
0.440322
0.402216
0.435537
0.545668
0.745564
0.687752
0.720133
0.339365
0.402171
0.382096
0.399332
0.0107868
0.0458935
0.304821
0.19317
0.0531797
0.110209
0.651145
0.622031
0.522748
0.630415
0.316361
0.191429
0.101669
0.122494
0.385984
0.243183
0.392626
0.385612
0.268171
0.221505
0.160263
0.224619
0.374703
0.245202
0.541073
0.715075
0.364156
0.427323
0.924461
0.638351
0.777811
0.99438
0.146218
0.149518
0.38768
0.286997
0.0880233
0.107206
0.83657
0.790943
0.421707
0.307476
0.371866
0.43703
0.387391
0.309222
0.353086
0.389447
0.385662
0.246684
0.554107
0.693618
0.36407
0.439195
0.317317
0.36936
0.666243
0.318082
0.382191
0.359816
0.294583
0.36224
0.363441
0.70821
0.508874
0.849588
1.07288
0.629134
0.738613
0.583155
0.942067
0.677849
0.918794
0.60543
0.698808
0.233544
0.223054
0.346689
0.165535
0.223484
0.109179
0.0625757
0.112625
0.107604
0.136757
0.145462
0.0829592
0.10878
0.0266232
0.00919025
0.0632136
0.148355
0.0361525
0.0286071
0.127149
0.0855514
0.577252
0.639276
0.127914
0.10856
0.542212
0.884666
0.620241
0.827264
0.487005
0.595858
0.520011
0.548497
0.572075
0.383802
0.455758
0.588854
0.712964
0.70635
0.397889
0.337727
0.747747
0.697663
0.333923
0.401144
0.675677
0.680453
0.42282
0.309601
0.536756
0.707505
0.375452
0.440104
0.419246
0.343761
0.370093
0.42501
0.689836
0.485005
0.637802
0.718634
0.9077
0.539465
0.900632
0.534046
0.830808
0.694588
0.589692
0.891065
0.871214
0.609806
0.717379
0.409728
0.253683
0.625656
0.760047
0.378205
0.406848
0.398823
0.305608
0.753404
0.343401
0.40287
0.0147368
0.00756726
0.0367219
0.103658
0.036964
0.0242598
0.157032
0.101302
0.245743
0.458477
0.209661
0.340555
0.158997
0.215294
0.0848883
0.0374731
0.0671332
0.128971
0.0866828
0.0718038
0.640829
0.563044
0.538192
0.612957
0.767201
0.622687
0.438333
0.644068
0.527365
0.65621
0.262806
0.788289
0.220127
0.797796
0.145508
0.221443
0.094746
0.0853249
0.525582
0.541697
0.0942568
0.0751525
)
;
    }
}


// ************************************************************************* //
