/*--------------------------------*- C++ -*----------------------------------*\
| =========                 |                                                 |
| \\      /  F ield         | OpenFOAM: The Open Source CFD Toolbox           |
|  \\    /   O peration     | Version:  4.1                                   |
|   \\  /    A nd           | Web:      www.OpenFOAM.org                      |
|    \\/     M anipulation  |                                                 |
\*---------------------------------------------------------------------------*/
FoamFile
{
    version     2.0;
    format      ascii;
    class       volScalarField;
    location    "68";
    object      omega;
}
// * * * * * * * * * * * * * * * * * * * * * * * * * * * * * * * * * * * * * //

dimensions      [0 0 -1 0 0 0 0];

internalField   nonuniform List<scalar> 
4432
(
0.0111063
0.0114361
0.0118258
0.0121449
0.0125226
0.0128339
0.0131977
0.0135024
0.0138519
0.0141483
0.0144834
0.0147691
0.0150911
0.0153638
0.0156735
0.0159313
0.0162297
0.0164708
0.0167599
0.0169827
0.0172645
0.0174721
0.017748
0.0179436
0.0182118
0.0184037
0.0186666
0.0188657
0.0191218
0.0193324
0.0195758
0.0197947
0.0200101
0.0202274
0.0204181
0.0206321
0.0208086
0.0210139
0.0211842
0.0213793
0.0215359
0.0217079
0.0218503
0.0220193
0.0221429
0.0222973
0.0223936
0.0225236
0.0226169
0.0227349
0.0228009
0.0229008
0.0230163
0.0231753
0.0111245
0.0114187
0.0118467
0.012126
0.0125445
0.0128149
0.0132189
0.0134848
0.0138708
0.0141334
0.014499
0.0147571
0.0151032
0.015354
0.0156829
0.0159229
0.0162372
0.0164637
0.016766
0.0169773
0.0172688
0.0174693
0.0177514
0.0179447
0.0182155
0.0184097
0.0186696
0.0188736
0.0191206
0.0193409
0.0195719
0.0198024
0.0200072
0.0202333
0.0204235
0.0206352
0.0208253
0.0210156
0.021212
0.0213816
0.0215717
0.0217197
0.0219049
0.0220302
0.0221916
0.0222958
0.0224454
0.022546
0.0226696
0.0227555
0.0228546
0.0229459
0.0229807
0.023251
21.7963
3.3803
1.2286
0.663333
0.436382
0.320367
0.251522
0.206444
0.174808
0.151452
0.133531
0.119371
0.107902
0.0984396
0.0904917
0.0837406
0.0779183
0.0728699
0.0684256
0.0645162
0.0610153
0.0579058
0.0550787
0.0525525
0.0502224
0.0481323
0.0461769
0.0444183
0.0427509
0.0412496
0.0398058
0.0384959
0.0372222
0.036067
0.0349464
0.0339286
0.0329533
0.0320591
0.0312096
0.0304165
0.0296654
0.0289447
0.0282758
0.0276148
0.0270219
0.0264057
0.0258766
0.0253014
0.0248342
0.0242939
0.0239337
0.023363
0.0232241
0.0223769
21.7963
3.3803
1.2286
0.663331
0.43638
0.320366
0.251521
0.206442
0.174807
0.15145
0.13353
0.119369
0.107901
0.0984378
0.0904904
0.0837392
0.0779164
0.0728693
0.0684234
0.0645168
0.0610132
0.0579081
0.0550773
0.0525562
0.0502208
0.0481357
0.0461733
0.0444207
0.0427446
0.0412508
0.0397971
0.0384942
0.0372112
0.0360683
0.0349384
0.0339374
0.0329498
0.0320759
0.031206
0.0304312
0.0296528
0.0289564
0.0282543
0.027627
0.02699
0.026419
0.0258409
0.0253184
0.0248022
0.0243161
0.0238997
0.0233625
0.0231632
0.022386
21.7959
3.38044
1.22877
0.663539
0.436614
0.320602
0.25175
0.20665
0.174997
0.151634
0.133713
0.119553
0.108087
0.0986258
0.0906826
0.083932
0.0781145
0.0730655
0.0686267
0.0647157
0.0612215
0.0581098
0.055289
0.0527578
0.050432
0.0483351
0.0463833
0.0446183
0.0429552
0.0414458
0.0400093
0.038699
0.0374457
0.0362941
0.0351947
0.0341751
0.0332095
0.0323024
0.0314528
0.0306343
0.029884
0.0291339
0.0284733
0.0277765
0.0271948
0.0265466
0.0260317
0.0254305
0.0249726
0.0244237
0.0240191
0.0235485
0.023007
0.0224969
21.7959
3.38043
1.22877
0.663539
0.436613
0.320601
0.251749
0.206649
0.174996
0.151633
0.133712
0.119551
0.108085
0.098625
0.09068
0.0839318
0.0781112
0.0730662
0.0686231
0.0647177
0.0612184
0.058113
0.055286
0.0527613
0.0504281
0.0483381
0.0463783
0.044621
0.0429486
0.041449
0.0400014
0.0387038
0.0374377
0.036303
0.0351886
0.034188
0.0332042
0.0323142
0.0314427
0.0306431
0.0298691
0.029141
0.0284515
0.0277823
0.0271679
0.0265522
0.0260046
0.0254367
0.0249564
0.0244263
0.0239984
0.0235556
0.0229496
0.022449
21.7961
3.38036
1.22869
0.663478
0.436561
0.320554
0.251706
0.206609
0.174958
0.151596
0.133677
0.119516
0.108052
0.09859
0.0906491
0.0838969
0.0780822
0.0730316
0.0685974
0.0646865
0.0611987
0.0580852
0.0552707
0.0527338
0.050416
0.0483108
0.0463734
0.0445976
0.042955
0.0414302
0.0400185
0.0386886
0.0374642
0.0362915
0.0352205
0.0341766
0.0332325
0.0322993
0.0314618
0.0306258
0.0298807
0.0291216
0.0284567
0.0277594
0.0271731
0.026531
0.0260149
0.0254277
0.0249722
0.0244209
0.0240022
0.0235262
0.0229868
0.0224848
21.7961
3.38036
1.22869
0.663477
0.436559
0.320553
0.251705
0.206608
0.174957
0.151596
0.133674
0.119516
0.108049
0.0985909
0.0906449
0.0838986
0.0780769
0.0730343
0.0685915
0.0646896
0.0611918
0.0580879
0.0552637
0.0527374
0.0504112
0.0483162
0.0463704
0.0446025
0.0429513
0.0414331
0.0400137
0.0386909
0.0374583
0.0362937
0.0352126
0.0341808
0.033224
0.0323057
0.0314547
0.030631
0.0298732
0.0291219
0.0284514
0.0277584
0.0271689
0.0265319
0.026008
0.0254306
0.0249514
0.0244318
0.0239654
0.0235283
0.023152
0.0222586
21.7961
3.38034
1.22867
0.663456
0.436541
0.320536
0.251688
0.20659
0.17494
0.151576
0.133656
0.119493
0.108029
0.0985651
0.0906235
0.08387
0.0780541
0.0730041
0.0685688
0.0646593
0.0611696
0.0580597
0.0552439
0.052714
0.0503964
0.0483005
0.0463629
0.0445961
0.042952
0.0414342
0.0400209
0.0386948
0.0374698
0.0362955
0.0352288
0.034177
0.0332445
0.0322935
0.0314766
0.0306141
0.0298927
0.0291072
0.0284641
0.0277509
0.027177
0.0265303
0.0260212
0.0254302
0.0249703
0.0244244
0.0239852
0.0234874
0.0231411
0.0222466
21.7961
3.38034
1.22867
0.663454
0.43654
0.320535
0.251687
0.206589
0.174939
0.151574
0.133655
0.119492
0.108028
0.0985634
0.0906226
0.0838679
0.0780534
0.073002
0.0685679
0.0646569
0.0611675
0.0580573
0.0552414
0.0527142
0.0503945
0.0483043
0.0463596
0.0446021
0.0429443
0.0414428
0.0400087
0.038707
0.0374532
0.0363107
0.0352088
0.0341939
0.0332242
0.0323103
0.0314593
0.0306245
0.0298803
0.0291101
0.0284595
0.0277492
0.0271774
0.0265268
0.0260182
0.0254196
0.0249621
0.0243965
0.0239977
0.0234147
0.0232113
0.0223063
21.7962
3.38033
1.22865
0.663435
0.436521
0.320516
0.251667
0.206567
0.174916
0.151549
0.133629
0.119463
0.107999
0.0985294
0.0905906
0.0838296
0.0780206
0.0729599
0.0685356
0.0646118
0.0611383
0.0580118
0.0552203
0.0526741
0.0503867
0.0482727
0.0463659
0.0445788
0.0429642
0.0414273
0.0400391
0.0386956
0.0374873
0.0362994
0.0352412
0.0341839
0.0332507
0.0323023
0.0314746
0.0306206
0.0298857
0.0291153
0.0284628
0.0277638
0.0271837
0.0265466
0.026027
0.0254367
0.0249634
0.0243987
0.0239926
0.02338
0.0232008
0.0222823
21.7962
3.38033
1.22865
0.663434
0.43652
0.320515
0.251666
0.206566
0.174915
0.151548
0.133628
0.119461
0.107998
0.0985278
0.0905898
0.0838274
0.0780198
0.0729568
0.0685348
0.0646075
0.0611382
0.0580074
0.0552219
0.0526696
0.0503905
0.0482679
0.0463722
0.0445724
0.0429716
0.0414167
0.0400464
0.0386814
0.0374957
0.0362843
0.0352518
0.0341683
0.0332634
0.0322869
0.0314897
0.0306055
0.0299031
0.0290978
0.0284798
0.0277424
0.027199
0.0265181
0.026037
0.0254024
0.0249685
0.0243682
0.023989
0.0233931
0.0231653
0.0222442
21.7962
3.38032
1.22864
0.663418
0.436502
0.320496
0.251645
0.206545
0.17489
0.151524
0.133599
0.119433
0.107964
0.0984952
0.0905499
0.0837904
0.0779745
0.0729166
0.0684854
0.0645662
0.0610881
0.0579691
0.0551783
0.0526409
0.0503602
0.0482522
0.0463569
0.0445692
0.0429699
0.0414247
0.0400562
0.0386979
0.0375125
0.0363043
0.03527
0.0341866
0.0332792
0.0323011
0.0315009
0.0306145
0.0299115
0.0291061
0.0284891
0.0277533
0.027209
0.0265297
0.0260433
0.02541
0.0249665
0.0243665
0.0239829
0.023376
0.0231485
0.0221848
21.7962
3.38032
1.22863
0.663416
0.436501
0.320495
0.251644
0.206543
0.174889
0.151521
0.133599
0.11943
0.107964
0.098492
0.0905508
0.0837864
0.0779758
0.0729111
0.0684872
0.0645595
0.0610909
0.0579626
0.0551817
0.0526358
0.0503635
0.0482489
0.0463591
0.0445668
0.0429693
0.0414213
0.0400535
0.0386939
0.0375105
0.036301
0.0352692
0.0341842
0.0332778
0.0323
0.0314986
0.0306176
0.0299052
0.0291116
0.0284766
0.0277577
0.0271892
0.0265297
0.0260199
0.0254033
0.0249429
0.0243684
0.0239497
0.0234221
0.0230004
0.0224005
21.7962
3.38032
1.22862
0.663398
0.436483
0.320475
0.251623
0.20652
0.174865
0.151494
0.133569
0.119398
0.107927
0.0984545
0.0905052
0.0837432
0.077921
0.0728634
0.068424
0.0645111
0.0610236
0.0579198
0.0551187
0.052608
0.0503157
0.048242
0.0463297
0.0445788
0.042956
0.0414486
0.0400559
0.0387337
0.0375254
0.0363443
0.0352877
0.0342206
0.0332938
0.0323252
0.0315114
0.0306332
0.0299171
0.029122
0.0284907
0.0277656
0.0272031
0.026534
0.0260263
0.0254004
0.0249444
0.0243548
0.0239588
0.0233694
0.0231274
0.0221693
21.7962
3.38032
1.22862
0.663397
0.436482
0.320474
0.251622
0.20652
0.174863
0.151494
0.133566
0.119398
0.107925
0.0984537
0.0905038
0.0837412
0.0779203
0.0728594
0.0684247
0.0645041
0.0610266
0.0579106
0.0551246
0.0525969
0.0503234
0.048231
0.0463399
0.0445685
0.0429674
0.0414372
0.0400648
0.0387191
0.0375303
0.0363275
0.0352911
0.034205
0.0332981
0.0323134
0.0315169
0.0306241
0.0299221
0.029114
0.028491
0.0277561
0.0271976
0.0265225
0.0260172
0.0253907
0.0249356
0.0243491
0.0239549
0.0233721
0.0231294
0.0221838
21.7962
3.38031
1.2286
0.663381
0.436464
0.320455
0.251601
0.206496
0.174838
0.151465
0.133536
0.119362
0.107887
0.0984095
0.0904571
0.0836875
0.0778634
0.0727959
0.0683577
0.0644338
0.060953
0.0578414
0.055057
0.0525482
0.0502821
0.0482188
0.0463288
0.0445847
0.042972
0.0414716
0.0400797
0.0387678
0.0375509
0.0363825
0.0353104
0.0342578
0.0333114
0.0323595
0.031523
0.0306613
0.029922
0.0291405
0.02849
0.0277733
0.0271993
0.0265302
0.0260178
0.0253925
0.0249352
0.0243514
0.0239565
0.0233699
0.0231259
0.0221917
21.7962
3.38031
1.2286
0.66338
0.436463
0.320454
0.2516
0.206495
0.174836
0.151464
0.133535
0.119361
0.107886
0.0984082
0.0904559
0.0836857
0.0778622
0.0727933
0.0683565
0.0644299
0.0609527
0.057837
0.0550582
0.0525429
0.0502841
0.0482126
0.0463313
0.044578
0.0429749
0.0414631
0.0400803
0.0387554
0.0375488
0.036369
0.0353089
0.0342455
0.0333131
0.0323473
0.0315282
0.0306478
0.0299293
0.0291259
0.0284944
0.0277577
0.0271978
0.0265146
0.0260148
0.0253787
0.0249361
0.0243422
0.0239585
0.023367
0.0231282
0.0221999
21.7962
3.3803
1.22858
0.663362
0.436446
0.320436
0.25158
0.206472
0.174812
0.151435
0.133503
0.119325
0.107846
0.0983627
0.0904046
0.0836289
0.0777966
0.0727232
0.0682747
0.0643467
0.0608591
0.0577514
0.0549733
0.052484
0.0502419
0.04821
0.0463413
0.0446106
0.0430037
0.0415113
0.0401193
0.0388158
0.0375915
0.0364384
0.0353506
0.0343203
0.0333481
0.0324217
0.0315539
0.030714
0.0299488
0.0291754
0.0285165
0.0277883
0.0272273
0.0265334
0.0260437
0.0253995
0.0249598
0.0243745
0.0239719
0.0234406
0.0229941
0.0224098
21.7962
3.3803
1.22858
0.663362
0.436445
0.320434
0.251579
0.20647
0.174812
0.151433
0.133503
0.119322
0.107846
0.0983598
0.0904052
0.0836257
0.0777969
0.0727196
0.0682747
0.064343
0.060859
0.0577481
0.054973
0.0524792
0.0502381
0.048205
0.0463371
0.0446106
0.043
0.0415145
0.0401121
0.0388174
0.0375801
0.0364361
0.0353385
0.0343146
0.033342
0.0324131
0.0315569
0.0307045
0.0299576
0.0291702
0.0285212
0.0277921
0.0272207
0.0265441
0.0260338
0.0254098
0.0249556
0.0243797
0.0239658
0.023442
0.0230054
0.0224292
21.7962
3.3803
1.22857
0.663346
0.436428
0.320418
0.251559
0.206452
0.174784
0.15141
0.133468
0.119293
0.1078
0.0983225
0.0903449
0.0835758
0.0777192
0.0726522
0.0681762
0.0642555
0.0607423
0.0576478
0.0548599
0.0524135
0.0502098
0.0482429
0.0463913
0.044697
0.0430745
0.0416158
0.0401916
0.0389186
0.0376473
0.0365276
0.0353895
0.0343961
0.0333814
0.0324803
0.0315947
0.0307529
0.0300028
0.0292008
0.0285753
0.0278137
0.0272814
0.0265698
0.0260991
0.0254476
0.0250323
0.0244339
0.0240695
0.0234875
0.0232679
0.0223319
21.7962
3.3803
1.22857
0.663345
0.436428
0.320417
0.251558
0.20645
0.174784
0.151407
0.133469
0.119289
0.107802
0.0983169
0.0903492
0.0835681
0.0777252
0.0726427
0.0681837
0.0642442
0.0607513
0.057636
0.0548692
0.0524003
0.0502183
0.048227
0.0464021
0.0446793
0.0430928
0.0415937
0.0402122
0.0388903
0.0376701
0.036495
0.0354128
0.0343643
0.0334009
0.0324585
0.0316051
0.0307457
0.0300023
0.0292051
0.0285666
0.0278205
0.0272673
0.0265724
0.0260827
0.0254476
0.0250053
0.0244287
0.0240225
0.0235096
0.0230507
0.0224896
21.7962
3.38029
1.22855
0.663329
0.436411
0.320405
0.251535
0.206441
0.174749
0.151401
0.133417
0.119287
0.107729
0.0983174
0.0902474
0.0835689
0.0775862
0.0726378
0.0679993
0.0642239
0.0605268
0.0575917
0.0546753
0.0524053
0.0502875
0.0484844
0.0467226
0.0450848
0.0434859
0.0420406
0.0406247
0.0393592
0.0380797
0.0369647
0.0358131
0.0348256
0.0337954
0.0329085
0.0319991
0.0311932
0.030401
0.0296683
0.0289785
0.0283093
0.0277138
0.0271124
0.0266089
0.0260696
0.0256569
0.0251996
0.024833
0.0244854
0.0241566
0.0236128
21.7962
3.38029
1.22855
0.663329
0.43641
0.320404
0.251534
0.20644
0.174748
0.1514
0.133417
0.119285
0.107731
0.0983124
0.0902527
0.0835599
0.0775965
0.0726228
0.0680158
0.0642025
0.0605484
0.0575683
0.0546951
0.0523927
0.0502999
0.0484711
0.0467176
0.0450607
0.0434829
0.0420222
0.0406269
0.039335
0.0380808
0.0369286
0.0358034
0.0347751
0.0337648
0.0328523
0.0319425
0.0311352
0.0303229
0.0295983
0.0288794
0.0282235
0.0275923
0.0269913
0.0264709
0.0259035
0.0254904
0.0249956
0.0246341
0.0242274
0.0240185
0.0231548
21.7963
3.38029
1.22854
0.663318
0.436397
0.320396
0.251515
0.206433
0.174718
0.151398
0.133371
0.119289
0.107661
0.098325
0.0901493
0.0835831
0.0774426
0.0726605
0.0677829
0.0642624
0.0602049
0.0577223
0.054313
0.0531141
0.0509065
0.0508419
0.0501594
0.0492944
0.0476179
0.0459221
0.0442494
0.0426987
0.0412344
0.0398937
0.0386362
0.0374674
0.0363558
0.0355192
0.0339955
0.0331275
0.032114
0.0311141
0.0307881
0.0292893
0.0289491
0.0286559
0.0292804
0.0290592
0.0286687
0.02875
0.0292997
0.029993
0.0310418
0.0306419
21.7962
3.38029
1.22854
0.663318
0.436396
0.320395
0.251514
0.206431
0.174718
0.151395
0.133373
0.119283
0.107667
0.0983153
0.0901605
0.083566
0.077464
0.0726299
0.0678214
0.0642117
0.0602677
0.057645
0.0544227
0.0529634
0.0511229
0.0504725
0.0493943
0.0481477
0.0464329
0.0448105
0.0431693
0.0416732
0.0402401
0.0389173
0.0377048
0.0365436
0.0355046
0.0345244
0.0336056
0.0327974
0.0320225
0.0311961
0.0305969
0.0292644
0.0287341
0.0289738
0.0281119
0.0280192
0.0280476
0.0281135
0.0283221
0.0285038
0.0299529
0.0297001
21.7963
3.38028
1.22853
0.663303
0.436396
0.320369
0.251534
0.206377
0.174767
0.151299
0.133461
0.119134
0.107803
0.0980975
0.0903524
0.0832617
0.0777181
0.0722131
0.0681327
0.063652
0.0606184
0.0569332
0.0552056
0.0547293
0.0607259
0.112669
0.111308
0.111087
0.110427
0.107528
0.104025
0.100569
0.0971273
0.0936791
0.0903245
0.0871509
0.0841839
0.0815275
0.0790941
0.0770482
0.075138
0.0736494
0.0722648
0.0711158
0.0699488
0.0688474
0.0678374
0.0667146
0.0657959
0.064705
0.0638422
0.0621751
0.0616377
0.0588322
21.7963
3.38029
1.22853
0.663303
0.436395
0.320368
0.251533
0.206376
0.174766
0.151299
0.133459
0.119134
0.1078
0.0981002
0.0903467
0.0832705
0.0777039
0.0722351
0.0681039
0.0636915
0.060562
0.0570126
0.0551297
0.0547267
0.05977
0.0878053
0.0899359
0.093918
0.0961002
0.0956082
0.0944608
0.0927682
0.0907831
0.0885891
0.0862944
0.0840363
0.0817991
0.0797627
0.0777904
0.0761591
0.074563
0.0733621
0.0721845
0.071252
0.0702393
0.06924
0.0683113
0.0671286
0.0663304
0.0650009
0.0642405
0.062828
0.0620028
0.0599385
21.7963
3.38028
1.22852
0.663296
0.436394
0.320359
0.251537
0.206359
0.174779
0.151267
0.133484
0.119082
0.107842
0.0980197
0.0904101
0.083151
0.0777891
0.0720759
0.0681735
0.0635047
0.060753
0.0556745
0.0569634
0.0614178
0.294067
0.363823
0.184491
0.158521
0.125245
0.106903
0.0984608
0.0934241
0.0890693
0.0848495
0.0807945
0.0769895
0.0734294
0.0701294
0.0670057
0.0641036
0.0613233
0.0587379
0.0562539
0.0538954
0.051651
0.0494496
0.0474777
0.0454257
0.0436989
0.0417266
0.0402259
0.0383723
0.0370303
0.03533
21.7963
3.38028
1.22852
0.663296
0.436394
0.320356
0.25154
0.206351
0.174787
0.151252
0.133503
0.119054
0.107877
0.097972
0.0904689
0.083078
0.0778768
0.0719696
0.0683
0.0634083
0.0605311
0.0566282
0.0560723
0.0596938
0.201323
0.306523
0.187127
0.121887
0.105271
0.0973814
0.0929552
0.0897276
0.0864865
0.0830418
0.0795453
0.0761625
0.072908
0.0698524
0.0668924
0.0641543
0.0614472
0.0589679
0.0564816
0.0542256
0.0519505
0.0498524
0.0478416
0.0458438
0.0440728
0.0421221
0.0406242
0.0387495
0.0374756
0.0357496
21.7963
3.38028
1.22852
0.663291
0.436392
0.320357
0.251539
0.206355
0.174783
0.15126
0.133492
0.119071
0.107854
0.0980035
0.0904259
0.0831314
0.0778076
0.0720429
0.0682385
0.0633599
0.0609045
0.0562581
0.0553503
0.106076
0.174984
0.182877
0.156779
0.124406
0.107466
0.0995595
0.0947383
0.090583
0.086613
0.0828736
0.0793944
0.0761834
0.0732741
0.0706163
0.0682954
0.0661566
0.064362
0.0626601
0.0613164
0.059987
0.0590005
0.0579893
0.0572708
0.0565152
0.0559065
0.0553012
0.0546939
0.0538825
0.0523262
21.7962
3.38028
1.22852
0.663292
0.436391
0.320358
0.251534
0.20636
0.174772
0.151274
0.13347
0.119099
0.107816
0.0980482
0.0903757
0.0831826
0.0777622
0.072084
0.0681879
0.0634723
0.0607326
0.0559909
0.0573567
0.111011
0.194002
0.194297
0.136485
0.118371
0.107343
0.101004
0.0968315
0.0931621
0.0895728
0.0861343
0.0829034
0.0798926
0.0771607
0.0746378
0.0724541
0.0703903
0.068714
0.0670443
0.0658001
0.0644177
0.06345
0.0622946
0.0615109
0.0604937
0.059716
0.0587595
0.0575456
0.056563
0.0543674
21.7962
3.38028
1.22851
0.663293
0.436392
0.320367
0.251534
0.206376
0.174769
0.151296
0.133464
0.119128
0.107807
0.0980893
0.0903566
0.0832536
0.0777165
0.072212
0.0681185
0.0636558
0.0605986
0.0569424
0.0551468
0.0582566
0.106741
0.109681
0.111862
0.112217
0.110781
0.108337
0.10396
0.0996095
0.095288
0.0909735
0.0869146
0.0830518
0.0795399
0.0761967
0.073169
0.0702619
0.0676264
0.0650875
0.0627017
0.0603972
0.0580426
0.055853
0.0533402
0.0512105
0.0483635
0.0462862
0.0429669
0.0410747
0.0372287
0.0359859
21.7962
3.38028
1.22852
0.663294
0.436391
0.320368
0.25153
0.206379
0.174761
0.151304
0.133451
0.119142
0.107788
0.0981107
0.090332
0.0832799
0.0776915
0.0722352
0.0681029
0.0636764
0.0605689
0.0569697
0.0551926
0.0578407
0.0936669
0.0866978
0.089762
0.0919029
0.0918893
0.0906801
0.0884605
0.086057
0.08344
0.0805143
0.0775763
0.0745629
0.0717353
0.0688814
0.0662655
0.063603
0.061193
0.058701
0.0564305
0.0540491
0.0518027
0.0494511
0.0471003
0.0447566
0.0422307
0.0399899
0.0373336
0.0355007
0.0327844
0.0315981
21.7962
3.38028
1.22851
0.663299
0.436388
0.320394
0.251512
0.206435
0.174714
0.151401
0.133363
0.119296
0.107647
0.0983365
0.0901259
0.0836005
0.0774083
0.0726815
0.0677387
0.0642857
0.0601449
0.0577576
0.0542487
0.0530878
0.0509255
0.0504933
0.0497736
0.0488995
0.047093
0.0452896
0.0436006
0.0419461
0.0404708
0.0390122
0.0377445
0.0364607
0.0353742
0.034229
0.0332891
0.0322487
0.0314285
0.0304679
0.0297453
0.0288465
0.0282029
0.0273567
0.0267814
0.0259874
0.0254748
0.024727
0.0242753
0.0235458
0.023229
0.0222801
21.7962
3.38028
1.22851
0.663299
0.436388
0.320392
0.251513
0.20643
0.174718
0.151393
0.133373
0.11928
0.107667
0.0983096
0.0901606
0.0835578
0.0774614
0.0726212
0.0678118
0.064204
0.0602484
0.0576447
0.0543703
0.0529936
0.0509712
0.0504778
0.0492068
0.047734
0.0460294
0.0443257
0.0427213
0.0411428
0.0397211
0.0383163
0.0370822
0.0358363
0.0347705
0.0336604
0.0327398
0.0317405
0.0309442
0.0300335
0.0293428
0.0285013
0.0278988
0.0271131
0.0265857
0.0258492
0.0253847
0.0246892
0.024283
0.0236014
0.0233244
0.0224115
21.7962
3.38028
1.22852
0.663305
0.436401
0.320402
0.251534
0.20644
0.174748
0.1514
0.133415
0.119286
0.107724
0.0983157
0.0902389
0.0835657
0.0775735
0.0726304
0.0679827
0.0642086
0.0605074
0.0575681
0.0546555
0.0523663
0.0502626
0.0484175
0.0466732
0.0449977
0.0434431
0.0419539
0.040597
0.0392531
0.0380351
0.0368086
0.0357199
0.0346047
0.0336403
0.0326283
0.0317793
0.0308565
0.0301104
0.029262
0.0286072
0.0278194
0.0272438
0.0265054
0.0259984
0.0253021
0.0248536
0.024189
0.023797
0.023141
0.0228598
0.0219651
21.7962
3.38028
1.22852
0.663306
0.436401
0.3204
0.251534
0.206437
0.174751
0.151395
0.13342
0.119278
0.107734
0.0983028
0.0902549
0.0835469
0.0775968
0.0726061
0.0680126
0.0641817
0.0605406
0.0575437
0.0546819
0.052358
0.0502721
0.0484227
0.0466733
0.0449919
0.0434327
0.0419428
0.0405782
0.039233
0.03801
0.0367826
0.0356915
0.0345762
0.0336113
0.0325986
0.0317493
0.0308255
0.0300791
0.0292312
0.0285744
0.0277915
0.0272099
0.0264835
0.0259654
0.0252872
0.0248246
0.0241842
0.023776
0.0231467
0.0228708
0.0219724
21.7962
3.38028
1.22852
0.663313
0.436415
0.320413
0.251558
0.206451
0.174784
0.151408
0.133466
0.11929
0.107797
0.0983164
0.0903391
0.0835658
0.0777101
0.072637
0.068164
0.0642333
0.0607269
0.0576164
0.0548397
0.052369
0.0501799
0.0481798
0.0463557
0.0446285
0.0430521
0.0415456
0.0401731
0.0388291
0.0376139
0.0364032
0.0353305
0.0342406
0.0332966
0.0323109
0.0314771
0.0305784
0.029839
0.029015
0.0283572
0.0275979
0.0270108
0.026307
0.025782
0.0251262
0.0246584
0.0240482
0.0236294
0.0230801
0.022609
0.0220596
21.7962
3.38029
1.22852
0.663314
0.436415
0.320413
0.251556
0.20645
0.174783
0.151408
0.133465
0.11929
0.107797
0.0983157
0.0903404
0.0835645
0.0777125
0.0726354
0.0681666
0.0642325
0.0607277
0.0576177
0.0548368
0.052371
0.050174
0.0481822
0.0463527
0.0446364
0.0430535
0.0415538
0.040174
0.0388353
0.0376161
0.0364097
0.0353366
0.0342468
0.033306
0.0323143
0.0314898
0.0305793
0.0298563
0.029015
0.0283786
0.0275998
0.0270347
0.0263144
0.0258075
0.0251405
0.0246862
0.0240671
0.0236565
0.0231015
0.0226434
0.022093
21.7962
3.38029
1.22853
0.663326
0.436431
0.32043
0.251578
0.206471
0.174811
0.151433
0.133502
0.119321
0.107843
0.0983554
0.0903992
0.0836167
0.0777873
0.0727051
0.0682605
0.0643224
0.0608385
0.0577184
0.0549428
0.0524378
0.0501991
0.0481528
0.0462918
0.044547
0.0429516
0.0414352
0.0400529
0.038711
0.0375008
0.036298
0.0352373
0.0341509
0.0332215
0.0322316
0.0314154
0.0305063
0.0297865
0.0289475
0.0283098
0.0275344
0.0269669
0.0262489
0.0257419
0.0250725
0.0246224
0.0239944
0.0236003
0.0229878
0.0227238
0.0218036
21.7962
3.38029
1.22853
0.663327
0.436431
0.32043
0.251577
0.206471
0.17481
0.151433
0.1335
0.119321
0.107842
0.0983567
0.090398
0.0836189
0.0777864
0.0727084
0.0682599
0.0643273
0.0608379
0.0577251
0.0549408
0.0524452
0.0501951
0.048161
0.0462882
0.0445587
0.0429499
0.0414477
0.0400508
0.0387235
0.0375002
0.0363121
0.0352396
0.0341654
0.0332258
0.0322449
0.0314217
0.0305182
0.0297958
0.0289592
0.0283228
0.0275473
0.0269838
0.0262645
0.0257624
0.0250929
0.0246446
0.0240189
0.0236148
0.0230422
0.022596
0.0220253
21.7962
3.38029
1.22853
0.663337
0.436446
0.320449
0.2516
0.206495
0.174837
0.151463
0.133534
0.119359
0.107883
0.0984031
0.0904489
0.0836771
0.0778498
0.0727801
0.0683372
0.0644111
0.0609249
0.0578111
0.05502
0.0525072
0.0502363
0.0481682
0.0462749
0.0445222
0.0429045
0.0413877
0.0399879
0.0386538
0.0374304
0.0362395
0.0351661
0.03409
0.0331503
0.032167
0.0313469
0.0304382
0.0297218
0.028876
0.0282488
0.0274609
0.0269101
0.0261761
0.0256875
0.0250011
0.0245626
0.0239123
0.023524
0.022883
0.0226124
0.0217061
21.7962
3.38029
1.22854
0.663338
0.436446
0.320448
0.251599
0.206494
0.174837
0.151462
0.133534
0.119358
0.107883
0.0984026
0.0904497
0.0836772
0.0778507
0.0727813
0.0683377
0.064414
0.060925
0.057816
0.0550188
0.0525144
0.0502332
0.0481769
0.0462706
0.0445341
0.0429009
0.0414023
0.0399851
0.0386694
0.0374293
0.0362554
0.035168
0.0341065
0.0331553
0.0321837
0.0313535
0.0304552
0.02973
0.0288947
0.0282598
0.0274819
0.0269246
0.0261975
0.0257057
0.0250228
0.0245834
0.023941
0.0235385
0.0229445
0.0225246
0.0219393
21.7961
3.38029
1.22854
0.663351
0.436464
0.320469
0.251622
0.206519
0.174864
0.151492
0.133567
0.119394
0.107923
0.0984469
0.0904979
0.0837301
0.0779091
0.0728426
0.0684069
0.0644802
0.0610012
0.0578772
0.0550912
0.0525541
0.0502833
0.0481797
0.0462904
0.0445027
0.042897
0.0413495
0.0399642
0.0386073
0.0373979
0.0361948
0.0351293
0.034052
0.0331098
0.0321361
0.031303
0.0304127
0.0296764
0.0288535
0.0282039
0.0274382
0.0268653
0.0261486
0.0256442
0.024967
0.0245188
0.0238747
0.0234789
0.0228392
0.0225629
0.0216976
21.7961
3.3803
1.22855
0.663353
0.436464
0.320468
0.25162
0.206518
0.174863
0.151492
0.133566
0.119394
0.107922
0.0984476
0.0904972
0.0837316
0.0779083
0.0728453
0.0684056
0.0644849
0.0609987
0.0578849
0.0550871
0.0525642
0.0502768
0.0481918
0.046282
0.0445168
0.0428899
0.041365
0.0399601
0.0386222
0.0373976
0.0362074
0.035134
0.0340623
0.0331195
0.0321447
0.0313156
0.0304218
0.0296901
0.0288665
0.0282178
0.0274556
0.0268794
0.0261695
0.0256584
0.0249902
0.0245369
0.0239015
0.0234995
0.0228782
0.0225998
0.0217112
21.7961
3.3803
1.22855
0.663364
0.436481
0.320488
0.251643
0.206543
0.174889
0.151522
0.133597
0.11943
0.107959
0.0984894
0.0905401
0.0837805
0.0779579
0.0729004
0.068461
0.0645427
0.0610562
0.0579379
0.0551383
0.0526005
0.0503115
0.0482013
0.0462948
0.0445006
0.0428849
0.04133
0.0399433
0.0385763
0.0373741
0.0361572
0.0351057
0.0340106
0.0330854
0.0320922
0.0312753
0.0303687
0.0296445
0.028811
0.0281661
0.0273951
0.0268192
0.0261033
0.0255893
0.0249192
0.0244635
0.0238319
0.0234187
0.0228432
0.0223973
0.0218407
21.7961
3.3803
1.22856
0.663366
0.436481
0.320488
0.251641
0.206543
0.174888
0.151521
0.133596
0.11943
0.107959
0.0984891
0.0905413
0.0837797
0.0779604
0.0728993
0.0684648
0.0645416
0.0610611
0.0579374
0.0551436
0.0526009
0.0503171
0.0482016
0.0463015
0.0445014
0.0428936
0.0413323
0.0399541
0.0385804
0.0373856
0.0361637
0.0351167
0.0340208
0.0330964
0.0321068
0.0312871
0.0303865
0.0296578
0.0288314
0.0281824
0.0274184
0.0268401
0.0261289
0.0256148
0.0249475
0.0244916
0.0238592
0.0234604
0.0228451
0.022569
0.0216705
21.7961
3.3803
1.22857
0.66338
0.436498
0.320508
0.251664
0.206566
0.174914
0.151549
0.133625
0.119461
0.107992
0.0985258
0.0905786
0.083822
0.0780012
0.0729463
0.0685074
0.0645906
0.0611021
0.0579825
0.0551768
0.0526352
0.0503347
0.04822
0.0462999
0.0445048
0.0428745
0.0413249
0.0399219
0.0385657
0.0373464
0.0361431
0.0350765
0.0339942
0.0330577
0.0320737
0.0312496
0.0303479
0.0296202
0.0287882
0.0281436
0.0273713
0.0267969
0.0260773
0.0255644
0.0248936
0.0244379
0.0237993
0.0234048
0.0227835
0.0225071
0.0216047
21.7961
3.38031
1.22857
0.663382
0.436498
0.320508
0.251663
0.206566
0.174912
0.151548
0.133624
0.119461
0.107991
0.0985263
0.0905785
0.0838225
0.0780022
0.0729465
0.0685099
0.0645903
0.0611062
0.0579817
0.0551833
0.0526334
0.0503429
0.0482176
0.0463099
0.0445021
0.0428871
0.0413234
0.0399362
0.0385669
0.0373595
0.0361491
0.035086
0.0340069
0.0330639
0.0320925
0.0312552
0.0303696
0.0296286
0.0288106
0.0281564
0.027395
0.0268138
0.0261046
0.0255846
0.0249234
0.0244591
0.0238362
0.0234322
0.0228143
0.0225424
0.0216407
21.7961
3.38031
1.22858
0.663396
0.436517
0.320528
0.251685
0.206589
0.174938
0.151575
0.133653
0.119491
0.108023
0.09856
0.0906126
0.0838601
0.0780376
0.0729874
0.0685444
0.0646325
0.0611363
0.058022
0.0552035
0.0526669
0.0503483
0.0482415
0.0462975
0.044518
0.0428584
0.0413333
0.0398956
0.0385711
0.0373137
0.0361458
0.0350417
0.0339941
0.0330232
0.0320707
0.0312147
0.0303424
0.029584
0.0287801
0.0281093
0.0273561
0.0267669
0.026052
0.025537
0.0248618
0.0244038
0.0237714
0.0233653
0.0227365
0.0224596
0.0215609
21.7961
3.38032
1.22858
0.663398
0.436517
0.320528
0.251684
0.206589
0.174936
0.151576
0.133651
0.119492
0.108021
0.0985617
0.0906113
0.0838618
0.0780377
0.0729884
0.0685471
0.064632
0.0611423
0.0580194
0.0552129
0.0526622
0.0503615
0.0482348
0.0463141
0.0445106
0.0428769
0.0413279
0.0399135
0.0385709
0.0373274
0.0361537
0.0350484
0.0340113
0.033025
0.0320941
0.0312187
0.0303641
0.0295986
0.0287943
0.028136
0.0273655
0.0268004
0.0260652
0.0255727
0.0248817
0.024444
0.0237926
0.0234047
0.0227668
0.022496
0.02162
21.796
3.38033
1.2286
0.663418
0.436536
0.320546
0.251703
0.206608
0.174957
0.151594
0.133674
0.119512
0.108047
0.0985832
0.0906397
0.083885
0.0780677
0.0730131
0.0685765
0.0646569
0.0611684
0.0580417
0.0552322
0.0526786
0.0503706
0.0482423
0.0463131
0.0445087
0.0428681
0.0413174
0.0399001
0.0385519
0.0373133
0.0361266
0.0350367
0.0339776
0.0330142
0.0320586
0.0312015
0.0303343
0.0295673
0.0287732
0.0280902
0.0273452
0.0267521
0.0260342
0.0255284
0.0248387
0.0243975
0.0237435
0.0233516
0.0227184
0.0224403
0.0215568
21.796
3.38034
1.22861
0.66342
0.436536
0.320545
0.251702
0.206607
0.174956
0.151595
0.133672
0.119513
0.108045
0.0985845
0.0906385
0.0838868
0.0780673
0.073015
0.0685774
0.0646588
0.0611706
0.0580436
0.0552359
0.0526809
0.0503749
0.0482465
0.0463171
0.0445155
0.0428713
0.0413274
0.0399022
0.0385657
0.0373134
0.0361447
0.0350344
0.0339998
0.0330111
0.0320826
0.0312026
0.0303553
0.0295782
0.0287879
0.0281112
0.0273579
0.0267769
0.0260541
0.0255522
0.0248676
0.0244191
0.0237769
0.0233713
0.0227842
0.0223337
0.0217856
21.7959
3.38041
1.22867
0.663477
0.436588
0.320591
0.251745
0.206645
0.174995
0.151628
0.13371
0.119543
0.108082
0.098613
0.0906756
0.0839147
0.0781032
0.073043
0.0686099
0.0646865
0.0611971
0.05807
0.0552539
0.052703
0.0503833
0.0482617
0.0463158
0.0445231
0.0428622
0.0413277
0.0398868
0.0385591
0.0372931
0.0361307
0.0350106
0.033979
0.0329844
0.0320578
0.0311697
0.0303349
0.0295324
0.028783
0.0280501
0.027374
0.0267149
0.0260864
0.0255191
0.0249085
0.0244333
0.0238412
0.0234506
0.0229055
0.022506
0.0219873
21.7959
3.38041
1.22867
0.663478
0.436587
0.320591
0.251743
0.206645
0.174993
0.151628
0.133708
0.119545
0.108081
0.0986156
0.0906741
0.0839178
0.0781022
0.0730464
0.0686096
0.0646902
0.0611979
0.0580738
0.0552556
0.0527075
0.0503863
0.0482673
0.0463197
0.0445303
0.0428658
0.0413371
0.0398896
0.0385711
0.0372951
0.0361446
0.035014
0.0339914
0.0329939
0.0320635
0.0311924
0.0303295
0.029571
0.0287684
0.0281003
0.0273592
0.0267673
0.0260804
0.0255624
0.024918
0.0244676
0.0238669
0.0234738
0.0229387
0.0225399
0.0220182
21.7962
3.38022
1.2284
0.663198
0.43632
0.320334
0.251505
0.20642
0.174795
0.15144
0.133527
0.119361
0.1079
0.098428
0.0904904
0.0837254
0.0779152
0.0728497
0.0684197
0.0644904
0.0610055
0.0578716
0.055061
0.0525035
0.0501888
0.0480627
0.0461188
0.0443269
0.0426607
0.041137
0.0396637
0.0383273
0.0370065
0.0358252
0.0346482
0.0335878
0.032553
0.0315803
0.0306847
0.029777
0.0290045
0.0281656
0.0274799
0.0267267
0.0261119
0.025447
0.0249003
0.0243571
0.0238608
0.0234643
0.0230466
0.0227359
0.0225061
0.0218589
21.7962
3.38023
1.22841
0.6632
0.43632
0.320334
0.251504
0.206419
0.174794
0.151439
0.133526
0.119361
0.1079
0.0984281
0.0904909
0.0837258
0.0779162
0.0728505
0.0684213
0.0644917
0.0610076
0.0578735
0.0550638
0.0525061
0.0501932
0.0480651
0.0461268
0.0443265
0.042675
0.0411313
0.039688
0.0383164
0.0370409
0.035811
0.0346897
0.0335755
0.0325958
0.0315784
0.0307197
0.0297943
0.0290266
0.0282001
0.027498
0.0267668
0.0261314
0.0254885
0.0249268
0.0243686
0.0239381
0.0234135
0.0231627
0.0226941
0.0224832
0.0218996
0.0110879
0.0114534
0.0118077
0.0121608
0.0125057
0.0128478
0.0131825
0.0135138
0.0138382
0.0141574
0.0144715
0.014777
0.0150805
0.0153714
0.0156641
0.0159403
0.016221
0.016484
0.0167514
0.0170041
0.0172567
0.0175033
0.0177436
0.0179846
0.0182206
0.0184552
0.0186918
0.0189261
0.0191592
0.019402
0.0196211
0.0198566
0.0200597
0.0202829
0.0204665
0.0206735
0.0208336
0.0210152
0.0211569
0.0213044
0.0214256
0.0215394
0.0216285
0.021712
0.0218086
0.0219027
0.0219813
0.0221465
0.0222096
0.0222592
0.0220065
0.021963
0.0215936
0.0215967
0.0110772
0.0114635
0.0117963
0.0121695
0.0124962
0.012854
0.0131765
0.0135174
0.0138359
0.0141593
0.014472
0.0147783
0.0150824
0.015373
0.0156664
0.0159424
0.0162236
0.0164862
0.0167547
0.0170057
0.0172615
0.0175041
0.01775
0.0179856
0.018228
0.0184576
0.0187004
0.0189293
0.0191708
0.0194057
0.0196364
0.0198634
0.0200782
0.0202948
0.0204904
0.0206899
0.0208646
0.0210384
0.0211945
0.0213331
0.0214719
0.0215763
0.0216853
0.0217435
0.0218377
0.0219237
0.021999
0.022174
0.0222395
0.0222947
0.0220539
0.0220749
0.0217319
0.0217414
0.261551
0.0674732
0.288446
0.108914
0.105001
0.391404
0.316208
0.407086
0.146361
0.134254
0.175095
0.0620324
0.117019
0.116355
0.119898
0.352012
0.141709
0.288546
0.123405
0.145688
0.102666
0.0597136
0.260051
0.0540818
0.295619
0.159576
0.142392
0.298907
0.393915
0.339631
0.409502
0.104711
0.0600039
0.17821
0.0670306
0.110367
0.114754
0.14858
0.218114
0.361366
0.110007
0.2759
0.0569041
0.0547234
0.0572134
0.0576867
0.0860918
0.0576334
0.0875085
0.0473444
0.0609177
0.0496151
0.0997445
0.181198
0.101637
0.188212
0.0550493
0.0546825
0.0548877
0.058296
0.0766842
0.0581286
0.0723085
0.0526159
0.0595868
0.0494944
0.0881856
0.13276
0.0869252
0.113033
0.0596447
0.0569976
0.058119
0.0589013
0.06248
0.0590268
0.0623869
0.457159
0.344865
0.348609
0.430262
0.452023
0.284238
0.359639
0.282334
0.175128
0.208483
0.178131
0.205698
0.0590598
0.0559694
0.0595881
0.0570271
0.0600547
0.0574478
0.062571
0.404346
0.268297
0.147288
0.235786
0.433214
0.30443
0.286927
0.284706
0.18535
0.213102
0.176309
0.204901
0.0670181
0.0564645
0.0634662
0.0559715
0.0595551
0.0561318
0.0579528
0.569891
0.109611
0.0908645
0.0920322
0.408272
0.562919
0.431385
0.205235
0.179645
0.208136
0.362885
0.282036
0.361646
0.282248
0.0583096
0.0585372
0.0575727
0.0565364
0.0587027
0.0567634
0.0588819
0.194453
0.119061
0.113358
0.368652
0.120474
0.463915
0.520107
0.22095
0.17966
0.213107
0.313841
0.309332
0.285205
0.284913
0.0846034
0.0585767
0.0848336
0.0546245
0.056082
0.0545322
0.0563945
0.171296
0.120206
0.179232
0.0609132
0.0466127
0.0621882
0.0486788
0.076062
0.0576084
0.071751
0.0544727
0.055539
0.0545276
0.0554079
0.134137
0.0833723
0.107441
0.0590139
0.0514943
0.0577925
0.0483997
0.631724
0.157127
0.315838
0.190922
0.468765
0.614769
0.296891
0.168032
0.176149
0.578644
0.572027
0.107219
0.10335
0.0969211
0.430928
1.19328
0.96349
0.556158
0.0986046
0.105992
0.0911446
0.52885
1.17534
1.11447
0.448821
0.34095
0.397745
0.407949
0.433959
0.547448
0.358947
0.393694
0.163428
0.150035
0.15026
0.320623
0.549612
0.527657
0.38632
0.157021
0.145901
0.152629
0.377605
0.224555
0.154739
0.142203
0.138632
0.388272
0.167912
0.119634
0.125993
0.129101
0.126599
0.188145
0.114686
0.119477
0.338843
0.105477
0.24458
0.708405
0.14534
0.102355
0.126939
0.11093
0.149762
0.141853
0.094516
0.422725
0.138359
0.187957
0.196985
0.413968
0.488575
0.540875
0.387544
0.14876
0.10962
0.374206
0.145818
0.503146
0.370068
0.401542
0.154675
0.119337
0.15201
0.32357
1.2005
0.956127
0.543719
0.101355
0.0993756
0.0829824
0.530061
1.2093
1.13336
0.634158
0.156277
0.312849
0.179492
0.457826
0.62488
0.304993
0.168916
0.583821
0.17518
0.388693
0.155014
0.1604
0.15129
0.309831
0.551371
0.504977
0.380593
0.146853
0.15843
0.155317
0.373615
0.44015
0.350868
0.348052
0.43413
0.43767
0.437598
0.35353
0.400991
0.426583
0.413603
0.249298
0.763105
0.151061
0.123132
0.128853
0.127287
0.145388
0.140342
0.0518072
0.229757
0.157421
0.137178
0.412249
0.139354
0.169899
0.117686
0.123418
0.12838
0.111751
0.386104
0.103503
0.149584
0.375238
0.148211
0.45772
0.296477
0.39249
0.119708
0.155288
0.146351
0.330605
0.407444
0.279179
0.16538
0.428907
0.23102
0.404932
0.136224
0.183316
0.195775
0.365807
0.186858
0.0930227
0.0651489
0.0768308
0.0717786
0.0746273
0.158765
0.120744
0.0884513
0.0608343
0.0725087
0.0871361
0.1304
0.0744659
0.18311
0.0600581
0.0778098
0.0713718
0.090498
0.0801018
0.175465
0.437883
0.374982
0.426792
0.380327
0.431087
0.358993
0.448108
0.430375
0.41672
0.400928
0.358479
0.416774
0.357358
0.431069
0.127273
0.0617068
0.0857002
0.0728234
0.0872421
0.0742827
0.121746
0.407975
0.304624
0.327353
0.345025
0.276107
0.41748
0.333204
0.416439
0.303497
0.223988
0.380893
0.237726
0.350016
0.425046
0.183955
0.0748294
0.0932387
0.0594497
0.0758256
0.0932043
0.158159
0.181431
0.0709503
0.0589001
0.094582
0.0789379
0.171736
0.092469
0.431739
0.384953
0.377733
0.428867
0.359575
0.433241
0.439697
0.434499
0.363162
0.422097
0.403833
0.362724
0.437183
0.423297
0.122418
0.0732826
0.091072
0.0620814
0.129799
0.0724537
0.0813253
0.128033
0.0724832
0.0610589
0.0731595
0.0740212
0.0881612
0.126524
0.417343
0.354251
0.314265
0.32796
0.427368
0.350288
0.274901
0.402951
0.372904
0.297426
0.214701
0.347801
0.23188
0.41046
0.510124
0.558509
0.306438
0.450511
0.567153
0.508625
0.296508
0.438889
0.470083
0.579551
0.353209
0.439192
0.600387
0.601991
0.441437
0.538241
0.460896
0.585535
0.517428
0.582321
0.235772
0.474706
0.263499
0.454689
0.401036
0.453573
0.469445
0.23756
0.393393
0.13907
0.390243
0.315691
0.177043
0.268675
0.394683
0.533668
0.352575
0.399499
0.475971
0.377373
0.138978
0.15539
0.181843
0.113536
0.319693
1.08433
0.189882
0.563782
1.07896
0.312391
0.198781
0.529503
0.498212
0.613095
0.412653
0.590155
0.692817
0.68632
0.585237
0.282706
0.55165
0.821949
0.196392
1.01501
0.197416
0.22254
0.552194
0.531331
0.111024
0.194479
0.199072
0.146397
0.208479
0.106672
0.140584
0.150245
0.316451
0.178659
0.261114
0.0811112
0.0913048
0.0979878
0.0733639
0.156224
0.235656
0.521725
0.143564
0.190421
0.267406
0.149275
0.504461
0.513183
0.727074
0.279562
1.05647
0.620498
0.279897
0.729245
1.05822
0.548342
0.496357
0.612251
0.449416
0.557869
0.642979
0.646038
0.563357
0.73111
0.631046
0.259298
0.783534
0.25407
1.02499
0.475439
0.706102
0.281005
1.04059
0.610111
0.711759
0.282828
1.0381
0.53998
0.585178
0.616842
0.513431
0.545525
0.62954
0.552852
0.625011
0.692303
0.608266
0.267526
0.979454
0.27617
1.01206
0.671064
0.31535
0.18205
1.07521
0.571304
0.184953
1.07271
0.311997
0.559319
0.520236
0.625581
0.447143
0.589571
0.705881
0.704413
0.590375
0.309462
0.561395
0.153407
0.80929
0.182384
1.02323
0.242346
1.19295
1.17089
0.30624
0.179258
0.541184
1.05097
0.191578
0.290179
1.03441
0.539384
0.62658
0.536139
0.627214
0.297945
0.532834
0.166518
0.980069
0.175258
0.990468
0.295752
0.561526
0.665907
0.545179
0.655178
1.17278
1.19099
0.495736
0.552346
0.32227
0.437722
0.499646
0.548017
0.310529
0.42785
0.551246
0.408342
0.580758
0.427476
0.590731
0.435301
0.580506
0.495066
0.434403
0.547755
0.395128
0.468141
0.550042
0.342171
0.551753
0.558495
0.268576
0.219597
0.603567
0.39573
0.21837
0.608925
0.25323
0.3917
0.354747
0.450122
0.30948
0.405783
0.449337
0.39102
0.462268
0.26913
0.40267
0.162307
0.464973
0.176585
0.588565
0.232856
0.541232
0.535179
0.257974
0.214512
0.383753
0.604389
0.21235
0.247452
0.600045
0.371468
0.464424
0.380513
0.446872
0.246159
0.379597
0.209172
0.591329
0.215832
0.595931
0.249032
0.394834
0.447048
0.379535
0.456346
0.236328
0.170413
0.240373
0.239641
0.157523
0.216825
0.266497
0.14942
0.392013
0.181512
0.312153
0.263002
0.303193
0.196459
0.606153
0.205139
0.438954
0.306477
0.144554
0.155646
0.179303
0.124937
0.146881
0.169315
0.135028
0.141204
0.156
0.155005
0.113511
0.0976006
0.0815053
0.117685
0.064779
0.0698035
0.102242
0.0776789
0.0928932
0.19022
0.210598
0.147588
0.10898
0.173689
0.185562
0.141897
0.110243
0.19462
0.157938
0.190344
0.139222
0.228614
0.104604
0.147728
0.301703
0.179219
0.243868
0.150942
0.249174
0.140686
0.457278
0.140137
0.175288
0.303476
0.0784329
0.0877868
0.0958992
0.0733111
0.288199
0.367296
0.0883137
0.14626
0.083528
0.133937
0.143392
0.0963463
0.0622304
0.0274399
0.0149005
0.0228889
0.0103999
0.0182322
0.0409136
0.0335732
0.0230617
0.0800456
0.167387
0.142058
0.0647789
0.139438
0.150278
0.10048
0.110708
0.208167
0.219173
0.444046
0.560549
0.429657
0.201595
0.462239
0.586539
0.164078
0.106294
0.15952
0.0364159
0.0952683
0.113866
0.0868253
0.0972455
0.33641
0.418634
0.459065
0.476311
0.495989
0.498432
0.243749
0.486142
0.47378
0.248841
0.381782
0.205969
0.607487
0.215291
0.59782
0.251387
0.384354
0.484859
0.380013
0.476391
0.252798
0.38435
0.166227
0.599793
0.247203
0.167679
0.599586
0.390779
0.481971
0.398781
0.490552
0.502372
0.505759
0.269414
0.158429
0.630013
0.404168
0.15628
0.262846
0.636401
0.45054
0.442077
0.529721
0.364765
0.424611
0.52378
0.416468
0.518656
0.27371
0.442186
0.192163
0.490656
0.210897
0.647369
0.232408
1.19927
1.17446
0.311398
1.05618
0.194272
0.541989
0.313452
1.0532
0.195871
0.535601
0.630366
0.529196
0.630847
0.577309
0.674996
0.577962
0.672164
0.290322
0.533139
0.972396
0.151774
0.283459
0.985771
0.162299
1.20525
1.22068
0.731145
1.06257
0.285425
0.623596
1.06345
0.286646
0.734247
0.550115
0.50583
0.616675
0.453436
0.562519
0.650463
0.569758
0.65432
0.728451
0.630783
0.793556
0.251778
1.018
0.251773
0.478736
0.726415
1.07956
0.618697
0.281136
1.07691
0.731751
0.28154
0.562627
0.613577
0.645072
0.53701
0.570275
0.652142
0.573321
0.652469
0.716223
0.619493
1.02139
0.273107
1.06092
0.281831
0.691782
0.259928
0.611808
0.218381
0.387853
0.602842
0.259288
0.224811
0.400812
0.364105
0.453344
0.318246
0.397309
0.450187
0.451685
0.397169
0.265072
0.407912
0.479688
0.198452
0.595485
0.220584
0.221367
0.509804
0.500642
0.265831
0.598298
0.14587
0.38223
0.247247
0.592493
0.159481
0.361258
0.457694
0.4278
0.384539
0.399195
0.429438
0.471305
0.366233
0.248337
0.377263
0.578132
0.170672
0.582774
0.160068
0.255149
0.496116
0.273993
0.549579
0.434807
0.314709
0.55683
0.500415
0.44033
0.480552
0.585056
0.357628
0.441403
0.609944
0.608365
0.44496
0.513914
0.433447
0.50364
0.571237
0.305051
0.56183
0.476313
0.486053
0.475275
0.411507
0.557281
0.449037
0.493634
0.550893
0.445237
0.578857
0.607696
0.42664
0.445002
0.612333
0.607473
0.44831
0.488412
0.414171
0.531707
0.548996
0.477221
0.551006
0.476334
0.277265
0.338188
0.0919562
0.0828995
0.157162
0.142164
0.100192
0.0675758
0.155478
0.0144989
0.0129895
0.0196151
0.0101054
0.0197033
0.0397183
0.0328659
0.0231902
0.0848103
0.143499
0.0348698
0.15269
0.0716813
0.15663
0.107373
0.094255
0.110841
0.237556
0.243009
0.242267
0.178296
0.262948
0.161521
0.221306
0.144152
0.409322
0.334978
0.174683
0.260135
0.302652
0.645147
0.203574
0.46436
0.298162
0.207891
0.145317
0.156869
0.126949
0.179936
0.138129
0.133745
0.170271
0.126413
0.100086
0.156092
0.147403
0.0643735
0.04576
0.0803162
0.0391544
0.0558451
0.101009
0.0775945
0.075039
0.145191
0.141434
0.0679346
0.14108
0.113772
0.14829
0.126893
0.252035
0.5942
0.369323
0.1511
0.585571
0.252495
0.143579
0.385879
0.478303
0.469569
0.379128
0.387035
0.475
0.482937
0.393536
0.252018
0.369807
0.596249
0.152338
0.590185
0.245486
0.14675
0.431994
0.418969
0.264124
0.588471
0.217802
0.398121
0.261795
0.588552
0.231275
0.416567
0.406155
0.485107
0.343622
0.410278
0.501969
0.485485
0.408351
0.276363
0.424028
0.430475
0.215469
0.575085
0.229377
0.248692
0.263923
0.422088
0.546758
0.45415
0.502626
0.481279
0.240052
0.118281
0.413557
0.334677
0.173212
0.255087
0.423795
0.496284
0.538446
0.477792
0.427576
0.488301
0.139995
0.157067
0.183287
0.113283
0.224818
0.606985
0.430746
0.394885
0.608642
0.210712
0.441779
0.160588
0.0942093
0.133381
0.0714487
0.0789332
0.112854
0.0782173
0.085682
0.368973
0.362746
0.441229
0.473984
0.504449
0.487952
0.288301
)
;

boundaryField
{
    inlet
    {
        type            fixedValue;
        value           uniform 440.15;
    }
    outlet
    {
        type            zeroGradient;
    }
    rightSide
    {
        type            symmetryPlane;
    }
    leftSide
    {
        type            symmetryPlane;
    }
    duct
    {
        Cmu             0.09;
        kappa           0.41;
        E               9.8;
        beta1           0.075;
        type            omegaWallFunction;
        value           nonuniform List<scalar> 
216
(
0.0111063
0.0111245
0.0114361
0.0114187
0.0118258
0.0118467
0.0121449
0.012126
0.0125226
0.0125445
0.0128339
0.0128149
0.0131977
0.0132189
0.0135024
0.0134848
0.0138519
0.0138708
0.0141483
0.0141334
0.0144834
0.014499
0.0147691
0.0147571
0.0150911
0.0151032
0.0153638
0.015354
0.0156735
0.0156829
0.0159313
0.0159229
0.0162297
0.0162372
0.0164708
0.0164637
0.0167599
0.016766
0.0169827
0.0169773
0.0172645
0.0172688
0.0174721
0.0174693
0.017748
0.0177514
0.0179436
0.0179447
0.0182118
0.0182155
0.0184037
0.0184097
0.0186666
0.0186696
0.0188657
0.0188736
0.0191218
0.0191206
0.0193324
0.0193409
0.0195758
0.0195719
0.0197947
0.0198024
0.0200101
0.0200072
0.0202274
0.0202333
0.0204181
0.0204235
0.0206321
0.0206352
0.0208086
0.0208253
0.0210139
0.0210156
0.0211842
0.021212
0.0213793
0.0213816
0.0215359
0.0215717
0.0217079
0.0217197
0.0218503
0.0219049
0.0220193
0.0220302
0.0221429
0.0221916
0.0222973
0.0222958
0.0223936
0.0224454
0.0225236
0.022546
0.0226169
0.0226696
0.0227349
0.0227555
0.0228009
0.0228546
0.0229008
0.0229459
0.0230163
0.0229807
0.0231753
0.023251
0.0110879
0.0110772
0.0114534
0.0114635
0.0118077
0.0117963
0.0121608
0.0121695
0.0125057
0.0124962
0.0128478
0.012854
0.0131825
0.0131765
0.0135138
0.0135174
0.0138382
0.0138359
0.0141574
0.0141593
0.0144715
0.014472
0.014777
0.0147783
0.0150805
0.0150824
0.0153714
0.015373
0.0156641
0.0156664
0.0159403
0.0159424
0.016221
0.0162236
0.016484
0.0164862
0.0167514
0.0167547
0.0170041
0.0170057
0.0172567
0.0172615
0.0175033
0.0175041
0.0177436
0.01775
0.0179846
0.0179856
0.0182206
0.018228
0.0184552
0.0184576
0.0186918
0.0187004
0.0189261
0.0189293
0.0191592
0.0191708
0.019402
0.0194057
0.0196211
0.0196364
0.0198566
0.0198634
0.0200597
0.0200782
0.0202829
0.0202948
0.0204665
0.0204904
0.0206735
0.0206899
0.0208336
0.0208646
0.0210152
0.0210384
0.0211569
0.0211945
0.0213044
0.0213331
0.0214256
0.0214719
0.0215394
0.0215763
0.0216285
0.0216853
0.021712
0.0217435
0.0218086
0.0218377
0.0219027
0.0219237
0.0219813
0.021999
0.0221465
0.022174
0.0222096
0.0222395
0.0222592
0.0222947
0.0220065
0.0220539
0.021963
0.0220749
0.0215936
0.0217319
0.0215967
0.0217414
)
;
    }
    cylinder
    {
        Cmu             0.09;
        kappa           0.41;
        E               9.8;
        beta1           0.075;
        type            omegaWallFunction;
        value           nonuniform List<scalar> 
448
(
0.562919
0.431385
0.463915
0.520107
1.19328
0.96349
1.17534
1.11447
0.547448
0.358947
0.549612
0.527657
0.24458
0.708405
0.141853
0.094516
0.488575
0.540875
0.503146
0.370068
1.2005
0.956127
1.2093
1.13336
0.551371
0.504977
0.249298
0.763105
0.140342
0.0518072
0.45772
0.296477
0.306438
0.296508
0.438889
0.439192
0.517428
0.235772
0.453573
0.393393
0.13907
0.352575
0.377373
0.138978
1.08433
1.07896
0.529503
0.590155
0.552194
0.531331
0.194479
0.208479
0.150245
0.0811112
0.504461
0.513183
1.05647
1.05822
0.548342
0.557869
0.783534
1.02499
1.04059
1.0381
0.53998
0.545525
0.979454
1.01206
1.07521
1.07271
0.559319
0.589571
1.19295
1.17089
1.05097
1.03441
0.539384
0.980069
0.561526
1.17278
1.19099
0.32227
0.310529
0.42785
0.427476
0.395128
0.342171
0.551753
0.558495
0.603567
0.608925
0.3917
0.405783
0.541232
0.535179
0.604389
0.600045
0.371468
0.394834
0.239641
0.266497
0.14942
0.606153
0.144554
0.135028
0.113511
0.0976006
0.0698035
0.10898
0.185562
0.190344
0.228614
0.147728
0.457278
0.303476
0.0784329
0.288199
0.367296
0.083528
0.0622304
0.0274399
0.0182322
0.110708
0.208167
0.560549
0.586539
0.164078
0.0952683
0.486142
0.47378
0.607487
0.59782
0.384354
0.390779
0.502372
0.505759
0.630013
0.636401
0.45054
0.424611
1.19927
1.17446
1.05618
1.0532
0.535601
0.577309
1.20525
1.22068
0.550115
0.562519
1.07956
1.07691
0.562627
0.570275
0.611808
0.400812
0.397309
0.509804
0.500642
0.361258
0.399195
0.273993
0.44033
0.441403
0.445237
0.445002
0.277265
0.338188
0.0828995
0.0675758
0.0144989
0.0197033
0.094255
0.110841
0.242267
0.262948
0.144152
0.145317
0.0643735
0.0558451
0.5942
0.585571
0.385879
0.387035
0.431994
0.418969
0.588471
0.588552
0.416567
0.410278
0.546758
0.502626
0.118281
0.139995
0.606985
0.608642
0.160588
0.0789332
0.470083
0.600387
0.390243
0.15539
0.498212
0.692817
0.316451
0.0913048
0.496357
0.642979
0.585178
0.62954
0.520236
0.705881
0.62658
0.665907
0.551246
0.590731
0.354747
0.449337
0.464424
0.447048
0.392013
0.155646
0.0815053
0.102242
0.301703
0.0877868
0.0149005
0.0409136
0.106294
0.113866
0.484859
0.481971
0.442077
0.52378
0.630366
0.674996
0.50583
0.650463
0.613577
0.652142
0.364105
0.450187
0.457694
0.429438
0.480552
0.609944
0.578857
0.612333
0.0129895
0.0397183
0.409322
0.156869
0.04576
0.101009
0.478303
0.475
0.406155
0.501969
0.413557
0.157067
0.0942093
0.112854
0.579551
0.353209
0.441437
0.601991
0.315691
0.177043
0.113536
0.181843
0.613095
0.412653
0.821949
1.01501
0.585237
0.68632
0.602842
0.314709
0.479688
0.595485
0.178659
0.261114
0.521725
0.267406
0.0733639
0.0979878
0.596249
0.590185
0.612251
0.449416
0.563357
0.646038
0.616842
0.513431
0.552852
0.625011
0.625581
0.447143
0.80929
1.02323
0.590375
0.704413
0.536139
0.627214
0.990468
0.545179
0.655178
0.580758
0.408342
0.435301
0.580506
0.450122
0.30948
0.464973
0.588565
0.39102
0.462268
0.380513
0.591329
0.446872
0.595931
0.379535
0.456346
0.312153
0.181512
0.306477
0.124937
0.179303
0.117685
0.064779
0.0776789
0.0928932
0.243868
0.179219
0.0733111
0.0958992
0.0228889
0.0103999
0.0647789
0.150278
0.0335732
0.0230617
0.15952
0.0364159
0.476311
0.498432
0.0868253
0.0972455
0.380013
0.599793
0.476391
0.599586
0.398781
0.490552
0.490656
0.647369
0.529721
0.364765
0.416468
0.518656
1.06257
1.06345
0.630847
0.529196
0.972396
0.985771
0.577962
0.672164
1.02139
1.06092
0.616675
0.453436
0.793556
1.018
0.569758
0.65432
0.645072
0.53701
0.573321
0.652469
0.453344
0.318246
0.397169
0.451685
0.598298
0.475275
0.592493
0.449037
0.531707
0.4278
0.384539
0.578132
0.582774
0.366233
0.471305
0.585056
0.357628
0.50364
0.305051
0.44496
0.608365
0.607696
0.42664
0.477221
0.44831
0.607473
0.0196151
0.0101054
0.0348698
0.0716813
0.0328659
0.0231902
0.133745
0.100086
0.334978
0.645147
0.174683
0.298162
0.126949
0.179936
0.0803162
0.0391544
0.0679346
0.113772
0.0775945
0.075039
0.469569
0.379128
0.393536
0.482937
0.575085
0.485107
0.343622
0.430475
0.408351
0.485485
0.334677
0.496284
0.173212
0.477792
0.113283
0.183287
0.133381
0.0714487
0.441229
0.504449
0.085682
0.0782173
)
;
    }
}


// ************************************************************************* //
