/*--------------------------------*- C++ -*----------------------------------*\
| =========                 |                                                 |
| \\      /  F ield         | OpenFOAM: The Open Source CFD Toolbox           |
|  \\    /   O peration     | Version:  4.1                                   |
|   \\  /    A nd           | Web:      www.OpenFOAM.org                      |
|    \\/     M anipulation  |                                                 |
\*---------------------------------------------------------------------------*/
FoamFile
{
    version     2.0;
    format      ascii;
    class       volScalarField;
    location    "20";
    object      p;
}
// * * * * * * * * * * * * * * * * * * * * * * * * * * * * * * * * * * * * * //

dimensions      [0 2 -2 0 0 0 0];

internalField   nonuniform List<scalar> 
4432
(
-8.5254e+09
-7.9959e+09
1.18893e+09
2.36675e+10
8.15617e+09
-6.38151e+09
-3.65317e+09
-3.07102e+09
-3.56113e+09
-4.21033e+09
-4.45717e+09
-4.69298e+09
-5.10357e+09
-5.58577e+09
-6.05131e+09
-6.32806e+09
-6.26109e+09
-6.16419e+09
-6.17388e+09
-6.26127e+09
-6.33534e+09
-6.4024e+09
-6.45764e+09
-6.50242e+09
-6.53808e+09
-6.56628e+09
-6.58888e+09
-6.60796e+09
-6.62557e+09
-6.64381e+09
-6.66436e+09
-6.68928e+09
-6.71999e+09
-6.75376e+09
-6.78662e+09
-6.81761e+09
-6.84327e+09
-6.8619e+09
-6.87365e+09
-6.87826e+09
-6.87738e+09
-6.87391e+09
-6.86851e+09
-6.86364e+09
-6.87498e+09
-6.92346e+09
-7.00677e+09
-7.14424e+09
-7.40843e+09
-7.96043e+09
-9.24784e+09
-1.19994e+10
-1.51802e+10
-1.02068e+10
-8.04133e+09
-3.92981e+09
8.59507e+08
6.28472e+09
5.82897e+09
-6.41374e+09
-6.17829e+09
-4.67869e+09
-4.67496e+09
-5.03671e+09
-4.91461e+09
-4.82681e+09
-5.10094e+09
-5.60215e+09
-6.08068e+09
-6.3234e+09
-6.22106e+09
-6.12196e+09
-6.15744e+09
-6.24441e+09
-6.31611e+09
-6.3835e+09
-6.43889e+09
-6.48409e+09
-6.52009e+09
-6.54875e+09
-6.57202e+09
-6.59199e+09
-6.61074e+09
-6.63033e+09
-6.65258e+09
-6.67952e+09
-6.71265e+09
-6.75045e+09
-6.78963e+09
-6.82655e+09
-6.8577e+09
-6.88242e+09
-6.90101e+09
-6.91303e+09
-6.91948e+09
-6.92274e+09
-6.92267e+09
-6.92031e+09
-6.92713e+09
-6.96269e+09
-7.02937e+09
-7.13706e+09
-7.38744e+09
-7.94686e+09
-9.32102e+09
-1.2463e+10
-1.58909e+10
-1.04162e+10
-1.99132e+08
1.40017e+09
1.73762e+09
-5.19445e+09
-9.91684e+08
-7.43245e+09
-1.05441e+10
-7.91328e+09
-6.40424e+09
-5.8249e+09
-5.08281e+09
-4.81637e+09
-4.96467e+09
-5.33437e+09
-5.82217e+09
-6.28144e+09
-6.38271e+09
-6.25639e+09
-6.22792e+09
-6.27125e+09
-6.34246e+09
-6.40882e+09
-6.46457e+09
-6.50846e+09
-6.54242e+09
-6.56835e+09
-6.5885e+09
-6.60523e+09
-6.62066e+09
-6.6369e+09
-6.65533e+09
-6.67785e+09
-6.70819e+09
-6.74072e+09
-6.76264e+09
-6.77873e+09
-6.79343e+09
-6.80397e+09
-6.80824e+09
-6.80186e+09
-6.78355e+09
-6.75798e+09
-6.7317e+09
-6.7079e+09
-6.69762e+09
-6.74872e+09
-6.86021e+09
-6.99999e+09
-7.30935e+09
-8.02716e+09
-9.67357e+09
-1.28512e+10
-1.49874e+10
-7.60615e+09
-2.46237e+09
-1.29385e+09
4.12049e+08
-8.86428e+08
-2.46857e+09
-8.37247e+09
-1.08265e+10
-7.7893e+09
-6.49407e+09
-5.76693e+09
-5.04607e+09
-4.7436e+09
-4.88507e+09
-5.29323e+09
-5.83991e+09
-6.32993e+09
-6.36997e+09
-6.20071e+09
-6.21047e+09
-6.2632e+09
-6.33626e+09
-6.40266e+09
-6.45893e+09
-6.50343e+09
-6.53814e+09
-6.56498e+09
-6.5862e+09
-6.60412e+09
-6.62077e+09
-6.63798e+09
-6.65702e+09
-6.6794e+09
-6.70714e+09
-6.73804e+09
-6.76611e+09
-6.7885e+09
-6.80358e+09
-6.81386e+09
-6.82088e+09
-6.81808e+09
-6.80284e+09
-6.78011e+09
-6.75525e+09
-6.73186e+09
-6.72147e+09
-6.75758e+09
-6.85031e+09
-7.00609e+09
-7.34115e+09
-8.08636e+09
-9.79884e+09
-1.31653e+10
-1.55701e+10
-7.89046e+09
-7.56534e+08
1.36685e+09
3.65979e+09
-6.97929e+09
-3.8391e+09
-6.32388e+09
-8.91018e+09
-8.77858e+09
-7.80565e+09
-6.64e+09
-5.46918e+09
-4.94751e+09
-4.85891e+09
-5.09466e+09
-5.62049e+09
-6.12403e+09
-6.27544e+09
-6.21865e+09
-6.23794e+09
-6.28823e+09
-6.35893e+09
-6.42447e+09
-6.4799e+09
-6.52304e+09
-6.55608e+09
-6.5812e+09
-6.60099e+09
-6.61786e+09
-6.6333e+09
-6.64842e+09
-6.66362e+09
-6.67782e+09
-6.6945e+09
-6.72319e+09
-6.74369e+09
-6.74292e+09
-6.74789e+09
-6.7453e+09
-6.73193e+09
-6.69806e+09
-6.64684e+09
-6.59189e+09
-6.54369e+09
-6.50534e+09
-6.49396e+09
-6.54266e+09
-6.67015e+09
-6.91217e+09
-7.36868e+09
-8.20005e+09
-9.81408e+09
-1.26802e+10
-1.48955e+10
-7.58741e+09
-1.88651e+08
-6.44656e+08
4.77309e+08
-1.87911e+08
-5.0169e+09
-7.67338e+09
-8.3827e+09
-7.63846e+09
-7.23738e+09
-6.17645e+09
-5.18407e+09
-4.75938e+09
-4.79705e+09
-5.12119e+09
-5.64437e+09
-6.16879e+09
-6.25823e+09
-6.18091e+09
-6.21927e+09
-6.28232e+09
-6.35808e+09
-6.42601e+09
-6.48309e+09
-6.52798e+09
-6.56269e+09
-6.58946e+09
-6.61085e+09
-6.62928e+09
-6.64659e+09
-6.66373e+09
-6.68027e+09
-6.69556e+09
-6.71247e+09
-6.73392e+09
-6.7515e+09
-6.76382e+09
-6.77001e+09
-6.76802e+09
-6.75409e+09
-6.71818e+09
-6.66313e+09
-6.60393e+09
-6.54982e+09
-6.50553e+09
-6.48459e+09
-6.52071e+09
-6.64605e+09
-6.89711e+09
-7.37081e+09
-8.24898e+09
-9.9517e+09
-1.29335e+10
-1.52404e+10
-8.32125e+09
-1.83624e+09
-2.91066e+09
-2.31334e+09
-2.60873e+09
-5.74738e+09
-6.70145e+09
-7.68921e+09
-7.75218e+09
-7.33417e+09
-6.36836e+09
-5.38411e+09
-4.96843e+09
-4.92525e+09
-5.16105e+09
-5.61416e+09
-6.02813e+09
-6.15883e+09
-6.16281e+09
-6.2191e+09
-6.29161e+09
-6.36896e+09
-6.43674e+09
-6.49249e+09
-6.53607e+09
-6.57009e+09
-6.59732e+09
-6.62014e+09
-6.64051e+09
-6.65853e+09
-6.67322e+09
-6.6848e+09
-6.68792e+09
-6.68418e+09
-6.74867e+09
-6.85924e+09
-6.82266e+09
-6.77578e+09
-6.7603e+09
-6.72863e+09
-6.67784e+09
-6.60367e+09
-6.52208e+09
-6.4436e+09
-6.36437e+09
-6.30614e+09
-6.30866e+09
-6.39866e+09
-6.64405e+09
-7.1337e+09
-7.99673e+09
-9.59512e+09
-1.24021e+10
-1.47796e+10
-8.1965e+09
-1.37107e+09
-1.60829e+09
-2.19806e+09
-3.52858e+09
-7.75511e+09
-7.51835e+09
-6.32497e+09
-6.26859e+09
-6.5546e+09
-5.89211e+09
-5.18924e+09
-4.88185e+09
-4.91885e+09
-5.21221e+09
-5.66839e+09
-6.04799e+09
-6.12801e+09
-6.13378e+09
-6.20197e+09
-6.28326e+09
-6.36489e+09
-6.43497e+09
-6.49232e+09
-6.53698e+09
-6.5717e+09
-6.59948e+09
-6.62329e+09
-6.64541e+09
-6.66676e+09
-6.68698e+09
-6.70505e+09
-6.72039e+09
-6.73851e+09
-6.76886e+09
-6.79531e+09
-6.81268e+09
-6.80779e+09
-6.7795e+09
-6.74984e+09
-6.70113e+09
-6.6278e+09
-6.54606e+09
-6.46913e+09
-6.39516e+09
-6.33736e+09
-6.34282e+09
-6.44805e+09
-6.71511e+09
-7.23734e+09
-8.16629e+09
-9.8961e+09
-1.28263e+10
-1.49477e+10
-7.84406e+09
-3.16535e+09
-4.3217e+09
-4.91269e+09
-4.3049e+09
-6.42341e+09
-6.05143e+09
-6.10289e+09
-6.4052e+09
-6.60943e+09
-6.24371e+09
-5.50723e+09
-4.98309e+09
-4.99722e+09
-5.25634e+09
-5.64784e+09
-5.93374e+09
-6.04406e+09
-6.10119e+09
-6.18296e+09
-6.26926e+09
-6.35132e+09
-6.42083e+09
-6.47556e+09
-6.51696e+09
-6.54831e+09
-6.57367e+09
-6.59546e+09
-6.61582e+09
-6.6354e+09
-6.64928e+09
-6.65839e+09
-6.66486e+09
-6.67759e+09
-6.72709e+09
-6.78464e+09
-6.78547e+09
-6.76291e+09
-6.73984e+09
-6.70064e+09
-6.64223e+09
-6.56356e+09
-6.4669e+09
-6.35713e+09
-6.2416e+09
-6.14316e+09
-6.09949e+09
-6.14936e+09
-6.35068e+09
-6.78017e+09
-7.5706e+09
-9.11712e+09
-1.20776e+10
-1.51679e+10
-1.05771e+10
-3.30834e+09
-3.46768e+09
-4.19975e+09
-4.98715e+09
-7.15861e+09
-5.66091e+09
-4.81708e+09
-5.15945e+09
-5.62847e+09
-5.59989e+09
-5.27481e+09
-5.00027e+09
-5.0324e+09
-5.28953e+09
-5.65876e+09
-5.92715e+09
-6.02185e+09
-6.08426e+09
-6.17337e+09
-6.26453e+09
-6.34916e+09
-6.41967e+09
-6.47506e+09
-6.51641e+09
-6.54768e+09
-6.57315e+09
-6.59588e+09
-6.61727e+09
-6.63732e+09
-6.65718e+09
-6.68098e+09
-6.70553e+09
-6.72349e+09
-6.74855e+09
-6.77634e+09
-6.7905e+09
-6.78956e+09
-6.77187e+09
-6.73885e+09
-6.6865e+09
-6.6173e+09
-6.53269e+09
-6.43655e+09
-6.34025e+09
-6.265e+09
-6.24604e+09
-6.32771e+09
-6.56972e+09
-7.04999e+09
-7.91705e+09
-9.59434e+09
-1.25651e+10
-1.48499e+10
-7.92601e+09
-4.84313e+09
-5.44694e+09
-5.58567e+09
-5.4e+09
-6.0228e+09
-5.45031e+09
-5.19512e+09
-5.41637e+09
-5.75548e+09
-5.84537e+09
-5.59378e+09
-5.14058e+09
-5.10794e+09
-5.36145e+09
-5.66348e+09
-5.86473e+09
-5.97875e+09
-6.07075e+09
-6.1729e+09
-6.27167e+09
-6.36145e+09
-6.43466e+09
-6.48911e+09
-6.52588e+09
-6.55106e+09
-6.5718e+09
-6.58993e+09
-6.60179e+09
-6.61265e+09
-6.62743e+09
-6.64676e+09
-6.67219e+09
-6.70403e+09
-6.73738e+09
-6.75108e+09
-6.74948e+09
-6.74299e+09
-6.7253e+09
-6.68891e+09
-6.63221e+09
-6.55372e+09
-6.45321e+09
-6.33436e+09
-6.20901e+09
-6.10173e+09
-6.0457e+09
-6.08287e+09
-6.26866e+09
-6.66532e+09
-7.38888e+09
-8.84424e+09
-1.18343e+10
-1.5201e+10
-1.11377e+10
-5.24193e+09
-5.16339e+09
-5.11969e+09
-4.85503e+09
-5.91784e+09
-5.00954e+09
-4.67517e+09
-5.07999e+09
-5.39546e+09
-5.47034e+09
-5.29277e+09
-5.07519e+09
-5.11278e+09
-5.36469e+09
-5.65257e+09
-5.84913e+09
-5.96182e+09
-6.06128e+09
-6.16861e+09
-6.27073e+09
-6.36151e+09
-6.43522e+09
-6.49028e+09
-6.52875e+09
-6.55587e+09
-6.57709e+09
-6.59546e+09
-6.61238e+09
-6.62937e+09
-6.64649e+09
-6.66873e+09
-6.69594e+09
-6.71913e+09
-6.74235e+09
-6.76247e+09
-6.77128e+09
-6.77227e+09
-6.76122e+09
-6.73161e+09
-6.68305e+09
-6.6172e+09
-6.53224e+09
-6.43275e+09
-6.33117e+09
-6.25206e+09
-6.22884e+09
-6.3049e+09
-6.53273e+09
-6.97608e+09
-7.76223e+09
-9.30066e+09
-1.21849e+10
-1.46902e+10
-8.3168e+09
-5.8211e+09
-6.25125e+09
-5.95915e+09
-5.79294e+09
-5.39076e+09
-5.0292e+09
-4.96399e+09
-5.16978e+09
-5.50965e+09
-5.7046e+09
-5.45073e+09
-5.17082e+09
-5.22482e+09
-5.44775e+09
-5.65632e+09
-5.81346e+09
-5.93754e+09
-6.05503e+09
-6.1767e+09
-6.29239e+09
-6.395e+09
-6.47487e+09
-6.52906e+09
-6.56065e+09
-6.5792e+09
-6.59199e+09
-6.60187e+09
-6.61267e+09
-6.62788e+09
-6.64663e+09
-6.6708e+09
-6.70417e+09
-6.74589e+09
-6.78227e+09
-6.80007e+09
-6.80815e+09
-6.8108e+09
-6.80312e+09
-6.78113e+09
-6.74085e+09
-6.67984e+09
-6.60007e+09
-6.50868e+09
-6.42027e+09
-6.35782e+09
-6.3552e+09
-6.45794e+09
-6.71729e+09
-7.18036e+09
-7.92849e+09
-9.27314e+09
-1.17881e+10
-1.44319e+10
-8.87001e+09
-6.21804e+09
-6.08182e+09
-5.90761e+09
-4.86428e+09
-4.58313e+09
-4.53915e+09
-4.99226e+09
-5.3611e+09
-5.53342e+09
-5.4764e+09
-5.25368e+09
-5.13011e+09
-5.22663e+09
-5.44232e+09
-5.64653e+09
-5.80044e+09
-5.92528e+09
-6.04668e+09
-6.17012e+09
-6.28655e+09
-6.38845e+09
-6.46832e+09
-6.52374e+09
-6.55789e+09
-6.57713e+09
-6.58899e+09
-6.60034e+09
-6.61468e+09
-6.63287e+09
-6.65387e+09
-6.67719e+09
-6.70379e+09
-6.73694e+09
-6.76795e+09
-6.78817e+09
-6.79977e+09
-6.80385e+09
-6.7964e+09
-6.77443e+09
-6.73577e+09
-6.67832e+09
-6.60361e+09
-6.51922e+09
-6.44026e+09
-6.39146e+09
-6.40591e+09
-6.52881e+09
-6.80964e+09
-7.2955e+09
-8.07334e+09
-9.44989e+09
-1.19433e+10
-1.43761e+10
-7.98027e+09
-6.17804e+09
-6.33857e+09
-6.14508e+09
-5.82517e+09
-5.02369e+09
-4.40152e+09
-4.51678e+09
-4.95047e+09
-5.46498e+09
-5.72053e+09
-5.45413e+09
-5.26388e+09
-5.3305e+09
-5.48746e+09
-5.64113e+09
-5.77843e+09
-5.91049e+09
-6.04708e+09
-6.18723e+09
-6.32239e+09
-6.43916e+09
-6.52531e+09
-6.57657e+09
-6.59936e+09
-6.60467e+09
-6.60484e+09
-6.60771e+09
-6.61806e+09
-6.6371e+09
-6.65828e+09
-6.68679e+09
-6.73135e+09
-6.76997e+09
-6.79903e+09
-6.82207e+09
-6.84313e+09
-6.8582e+09
-6.85987e+09
-6.84578e+09
-6.8142e+09
-6.76501e+09
-6.70238e+09
-6.63466e+09
-6.57733e+09
-6.55675e+09
-6.61126e+09
-6.79003e+09
-7.14733e+09
-7.72997e+09
-8.62323e+09
-1.01274e+10
-1.25741e+10
-1.4277e+10
-7.57033e+09
-6.37297e+09
-6.20934e+09
-6.19769e+09
-5.33547e+09
-4.18473e+09
-3.86217e+09
-4.54659e+09
-5.03181e+09
-5.32834e+09
-5.44531e+09
-5.32391e+09
-5.25807e+09
-5.34059e+09
-5.49094e+09
-5.63801e+09
-5.77301e+09
-5.90578e+09
-6.04288e+09
-6.18313e+09
-6.31744e+09
-6.43408e+09
-6.52073e+09
-6.57268e+09
-6.59522e+09
-6.59892e+09
-6.59695e+09
-6.59906e+09
-6.60871e+09
-6.62985e+09
-6.65843e+09
-6.68602e+09
-6.71951e+09
-6.75527e+09
-6.78628e+09
-6.81131e+09
-6.8332e+09
-6.84736e+09
-6.84672e+09
-6.82986e+09
-6.79609e+09
-6.74471e+09
-6.68074e+09
-6.61268e+09
-6.55644e+09
-6.53882e+09
-6.59822e+09
-6.78398e+09
-7.1492e+09
-7.74077e+09
-8.64626e+09
-1.01666e+10
-1.26763e+10
-1.45133e+10
-7.81553e+09
-5.97562e+09
-5.86747e+09
-5.89025e+09
-5.66772e+09
-5.10104e+09
-4.33349e+09
-4.37485e+09
-4.92584e+09
-5.42422e+09
-5.515e+09
-5.3586e+09
-5.30699e+09
-5.38142e+09
-5.50232e+09
-5.63309e+09
-5.76688e+09
-5.90894e+09
-6.06239e+09
-6.22345e+09
-6.38178e+09
-6.51873e+09
-6.61579e+09
-6.66176e+09
-6.66466e+09
-6.64584e+09
-6.62756e+09
-6.62003e+09
-6.62562e+09
-6.64767e+09
-6.67879e+09
-6.7098e+09
-6.75198e+09
-6.79577e+09
-6.83168e+09
-6.86273e+09
-6.88591e+09
-6.89696e+09
-6.89249e+09
-6.87016e+09
-6.82724e+09
-6.76309e+09
-6.68196e+09
-6.59374e+09
-6.5158e+09
-6.47636e+09
-6.51607e+09
-6.68574e+09
-7.04149e+09
-7.63462e+09
-8.55384e+09
-1.01036e+10
-1.2738e+10
-1.49516e+10
-8.66845e+09
-5.84058e+09
-5.71107e+09
-5.87604e+09
-5.58417e+09
-4.5687e+09
-3.98895e+09
-4.41451e+09
-4.86142e+09
-5.13101e+09
-5.26808e+09
-5.27855e+09
-5.31044e+09
-5.39173e+09
-5.50918e+09
-5.63469e+09
-5.76717e+09
-5.90898e+09
-6.06178e+09
-6.22232e+09
-6.38e+09
-6.5178e+09
-6.61509e+09
-6.66079e+09
-6.66263e+09
-6.64236e+09
-6.62165e+09
-6.61085e+09
-6.61306e+09
-6.63628e+09
-6.67557e+09
-6.70779e+09
-6.74629e+09
-6.78662e+09
-6.82312e+09
-6.85766e+09
-6.88276e+09
-6.89412e+09
-6.88938e+09
-6.866e+09
-6.82225e+09
-6.75774e+09
-6.67637e+09
-6.58781e+09
-6.51005e+09
-6.47133e+09
-6.51179e+09
-6.68147e+09
-7.03443e+09
-7.61991e+09
-8.52533e+09
-1.00586e+10
-1.27483e+10
-1.52658e+10
-9.07679e+09
-5.26856e+09
-5.20721e+09
-5.23428e+09
-5.42354e+09
-5.5017e+09
-4.94414e+09
-4.73686e+09
-5.03644e+09
-5.25007e+09
-5.22798e+09
-5.25246e+09
-5.31514e+09
-5.40237e+09
-5.51184e+09
-5.63551e+09
-5.77193e+09
-5.92426e+09
-6.09378e+09
-6.2785e+09
-6.46541e+09
-6.63317e+09
-6.74841e+09
-6.7829e+09
-6.74303e+09
-6.67732e+09
-6.62596e+09
-6.60091e+09
-6.60095e+09
-6.6239e+09
-6.66648e+09
-6.72035e+09
-6.7779e+09
-6.83214e+09
-6.87905e+09
-6.91818e+09
-6.94442e+09
-6.95303e+09
-6.94139e+09
-6.90663e+09
-6.84533e+09
-6.75601e+09
-6.64218e+09
-6.51373e+09
-6.38924e+09
-6.2986e+09
-6.28418e+09
-6.39871e+09
-6.69765e+09
-7.22999e+09
-8.09122e+09
-9.63065e+09
-1.25511e+10
-1.59747e+10
-1.18791e+10
-5.00705e+09
-5.0529e+09
-5.34292e+09
-5.65868e+09
-5.40295e+09
-4.96713e+09
-4.66153e+09
-4.7858e+09
-4.98627e+09
-5.13794e+09
-5.24003e+09
-5.32195e+09
-5.40784e+09
-5.51607e+09
-5.63725e+09
-5.77341e+09
-5.92554e+09
-6.09478e+09
-6.27811e+09
-6.4647e+09
-6.63214e+09
-6.74737e+09
-6.78183e+09
-6.74382e+09
-6.6803e+09
-6.63004e+09
-6.60431e+09
-6.60324e+09
-6.63011e+09
-6.67783e+09
-6.7273e+09
-6.77974e+09
-6.83154e+09
-6.87744e+09
-6.91858e+09
-6.94746e+09
-6.95779e+09
-6.94718e+09
-6.91319e+09
-6.85314e+09
-6.76632e+09
-6.65641e+09
-6.53323e+09
-6.41521e+09
-6.33184e+09
-6.32443e+09
-6.44364e+09
-6.74242e+09
-7.27044e+09
-8.12882e+09
-9.66972e+09
-1.25554e+10
-1.56563e+10
-1.04664e+10
-4.56584e+09
-4.65703e+09
-4.72947e+09
-5.45763e+09
-5.85207e+09
-5.5461e+09
-5.19528e+09
-5.07773e+09
-5.08966e+09
-5.16765e+09
-5.25768e+09
-5.33798e+09
-5.42305e+09
-5.52494e+09
-5.64437e+09
-5.78257e+09
-5.9419e+09
-6.12538e+09
-6.33269e+09
-6.55362e+09
-6.7646e+09
-6.91469e+09
-6.93371e+09
-6.81493e+09
-6.65455e+09
-6.54351e+09
-6.49209e+09
-6.48846e+09
-6.5219e+09
-6.58489e+09
-6.66328e+09
-6.7414e+09
-6.81236e+09
-6.87492e+09
-6.92757e+09
-6.96495e+09
-6.98179e+09
-6.97528e+09
-6.94239e+09
-6.87946e+09
-6.7851e+09
-6.66252e+09
-6.52169e+09
-6.38216e+09
-6.27553e+09
-6.24681e+09
-6.35291e+09
-6.65406e+09
-7.20947e+09
-8.15749e+09
-9.92097e+09
-1.2985e+10
-1.53688e+10
-9.29584e+09
-4.32763e+09
-4.64626e+09
-5.11285e+09
-5.72917e+09
-5.95228e+09
-5.45035e+09
-4.89719e+09
-4.92142e+09
-5.04681e+09
-5.15594e+09
-5.25378e+09
-5.34053e+09
-5.42623e+09
-5.52756e+09
-5.64649e+09
-5.78531e+09
-5.94608e+09
-6.13013e+09
-6.3363e+09
-6.5555e+09
-6.76398e+09
-6.91119e+09
-6.92692e+09
-6.80682e+09
-6.64762e+09
-6.53925e+09
-6.48914e+09
-6.48737e+09
-6.52496e+09
-6.58889e+09
-6.66388e+09
-6.73866e+09
-6.80876e+09
-6.87131e+09
-6.92507e+09
-6.96382e+09
-6.98151e+09
-6.97534e+09
-6.94269e+09
-6.88032e+09
-6.7873e+09
-6.66712e+09
-6.52974e+09
-6.39416e+09
-6.29127e+09
-6.26542e+09
-6.37235e+09
-6.67093e+09
-7.22146e+09
-8.16942e+09
-9.97861e+09
-1.30699e+10
-1.49299e+10
-7.73406e+09
-4.288e+09
-4.52796e+09
-4.89054e+09
-5.54973e+09
-5.73575e+09
-5.58384e+09
-5.35735e+09
-5.21628e+09
-5.18928e+09
-5.22862e+09
-5.29395e+09
-5.37159e+09
-5.45377e+09
-5.54786e+09
-5.66145e+09
-5.79786e+09
-5.96171e+09
-6.15661e+09
-6.38537e+09
-6.64629e+09
-6.92175e+09
-7.1509e+09
-7.19811e+09
-6.97137e+09
-6.65234e+09
-6.45386e+09
-6.37595e+09
-6.37371e+09
-6.42409e+09
-6.50479e+09
-6.59923e+09
-6.69096e+09
-6.77213e+09
-6.84102e+09
-6.89595e+09
-6.93368e+09
-6.95016e+09
-6.94229e+09
-6.90717e+09
-6.84188e+09
-6.74575e+09
-6.62253e+09
-6.48351e+09
-6.35046e+09
-6.25759e+09
-6.25212e+09
-6.39293e+09
-6.74182e+09
-7.35977e+09
-8.37384e+09
-1.01437e+10
-1.29623e+10
-1.46365e+10
-7.31672e+09
-4.22205e+09
-4.75702e+09
-5.28561e+09
-5.68482e+09
-5.65179e+09
-5.32201e+09
-5.17907e+09
-5.17091e+09
-5.19303e+09
-5.23909e+09
-5.30102e+09
-5.37612e+09
-5.45756e+09
-5.55078e+09
-5.66408e+09
-5.80156e+09
-5.96822e+09
-6.16578e+09
-6.39537e+09
-6.65365e+09
-6.92414e+09
-7.14763e+09
-7.19047e+09
-6.95494e+09
-6.63616e+09
-6.44154e+09
-6.36691e+09
-6.36827e+09
-6.4235e+09
-6.50497e+09
-6.59662e+09
-6.686e+09
-6.76587e+09
-6.83366e+09
-6.88751e+09
-6.92388e+09
-6.93838e+09
-6.92771e+09
-6.88893e+09
-6.81915e+09
-6.71779e+09
-6.58899e+09
-6.44428e+09
-6.30454e+09
-6.20253e+09
-6.18541e+09
-6.31138e+09
-6.64012e+09
-7.22976e+09
-8.20221e+09
-9.91295e+09
-1.2691e+10
-1.4609e+10
-7.9058e+09
-4.44205e+09
-4.7041e+09
-5.24087e+09
-5.49883e+09
-5.42169e+09
-5.33542e+09
-5.29762e+09
-5.27935e+09
-5.28028e+09
-5.30795e+09
-5.35238e+09
-5.41161e+09
-5.48168e+09
-5.5656e+09
-5.67224e+09
-5.80692e+09
-5.97835e+09
-6.19201e+09
-6.45171e+09
-6.76269e+09
-7.1261e+09
-7.5089e+09
-7.70425e+09
-7.3226e+09
-6.6658e+09
-6.27667e+09
-6.17128e+09
-6.20108e+09
-6.29956e+09
-6.41277e+09
-6.52557e+09
-6.62731e+09
-6.71302e+09
-6.78052e+09
-6.82913e+09
-6.85765e+09
-6.86329e+09
-6.84314e+09
-6.79447e+09
-6.71469e+09
-6.60335e+09
-6.46503e+09
-6.31287e+09
-6.17145e+09
-6.07781e+09
-6.08089e+09
-6.23875e+09
-6.60953e+09
-7.24737e+09
-8.26102e+09
-9.98497e+09
-1.27944e+10
-1.476e+10
-8.35227e+09
-4.49186e+09
-5.00583e+09
-5.34964e+09
-5.43341e+09
-5.27037e+09
-5.20275e+09
-5.23112e+09
-5.25517e+09
-5.27994e+09
-5.31259e+09
-5.35612e+09
-5.41241e+09
-5.48042e+09
-5.56266e+09
-5.66842e+09
-5.80433e+09
-5.98012e+09
-6.20071e+09
-6.46433e+09
-6.77208e+09
-7.12361e+09
-7.49273e+09
-7.69032e+09
-7.29089e+09
-6.63149e+09
-6.25401e+09
-6.16033e+09
-6.19851e+09
-6.30376e+09
-6.42017e+09
-6.5336e+09
-6.63665e+09
-6.72397e+09
-6.79276e+09
-6.84268e+09
-6.87289e+09
-6.87997e+09
-6.86056e+09
-6.81183e+09
-6.73121e+09
-6.61827e+09
-6.47784e+09
-6.32314e+09
-6.17749e+09
-6.0761e+09
-6.06793e+09
-6.211e+09
-6.56336e+09
-7.18348e+09
-8.1939e+09
-9.98628e+09
-1.29296e+10
-1.47113e+10
-7.85565e+09
-4.6754e+09
-4.85295e+09
-5.25975e+09
-5.2699e+09
-5.21862e+09
-5.22015e+09
-5.26232e+09
-5.30199e+09
-5.34054e+09
-5.38213e+09
-5.42957e+09
-5.48758e+09
-5.55686e+09
-5.64076e+09
-5.75016e+09
-5.89376e+09
-6.08406e+09
-6.3281e+09
-6.62282e+09
-6.97931e+09
-7.42258e+09
-7.99572e+09
-8.59816e+09
-8.28043e+09
-7.01044e+09
-5.74263e+09
-5.76232e+09
-5.97017e+09
-6.18449e+09
-6.35986e+09
-6.50636e+09
-6.62664e+09
-6.72356e+09
-6.79761e+09
-6.84971e+09
-6.87941e+09
-6.88457e+09
-6.8626e+09
-6.81056e+09
-6.72582e+09
-6.60848e+09
-6.46445e+09
-6.30881e+09
-6.16781e+09
-6.07909e+09
-6.09194e+09
-6.26349e+09
-6.64864e+09
-7.29623e+09
-8.30896e+09
-1.00136e+10
-1.27113e+10
-1.44743e+10
-7.56219e+09
-4.71569e+09
-5.05265e+09
-5.22281e+09
-5.17353e+09
-5.12066e+09
-5.16818e+09
-5.23532e+09
-5.28962e+09
-5.33406e+09
-5.37618e+09
-5.42175e+09
-5.47523e+09
-5.53912e+09
-5.61816e+09
-5.72428e+09
-5.86773e+09
-6.06475e+09
-6.3294e+09
-6.64385e+09
-7.00584e+09
-7.42437e+09
-7.93366e+09
-8.5841e+09
-8.27263e+09
-6.97612e+09
-5.69352e+09
-5.74138e+09
-5.95785e+09
-6.17586e+09
-6.35174e+09
-6.49728e+09
-6.6162e+09
-6.71113e+09
-6.78277e+09
-6.83319e+09
-6.86187e+09
-6.86559e+09
-6.84138e+09
-6.78629e+09
-6.69782e+09
-6.57611e+09
-6.42749e+09
-6.26729e+09
-6.12038e+09
-6.02292e+09
-6.02363e+09
-6.17894e+09
-6.5431e+09
-7.16476e+09
-8.14766e+09
-9.83089e+09
-1.26218e+10
-1.48232e+10
-8.88806e+09
-4.91538e+09
-5.00182e+09
-5.16612e+09
-5.14524e+09
-5.15939e+09
-5.21711e+09
-5.2856e+09
-5.35013e+09
-5.4091e+09
-5.46527e+09
-5.52162e+09
-5.58149e+09
-5.64797e+09
-5.72509e+09
-5.82385e+09
-5.9549e+09
-6.131e+09
-6.36459e+09
-6.65458e+09
-7.00802e+09
-7.45896e+09
-8.10742e+09
-8.82518e+09
-9.38615e+09
-9.54339e+09
-4.15843e+09
-5.2009e+09
-5.74637e+09
-6.09488e+09
-6.32499e+09
-6.49975e+09
-6.6344e+09
-6.73998e+09
-6.82038e+09
-6.87712e+09
-6.909e+09
-6.91373e+09
-6.88867e+09
-6.83052e+09
-6.73668e+09
-6.60802e+09
-6.45153e+09
-6.28244e+09
-6.12606e+09
-6.01976e+09
-6.01236e+09
-6.15811e+09
-6.50778e+09
-7.10328e+09
-8.02801e+09
-9.5942e+09
-1.22754e+10
-1.45869e+10
-8.22489e+09
-4.98926e+09
-5.05715e+09
-5.13171e+09
-5.09811e+09
-5.12017e+09
-5.19248e+09
-5.2665e+09
-5.33559e+09
-5.39788e+09
-5.45584e+09
-5.51242e+09
-5.57162e+09
-5.63749e+09
-5.71449e+09
-5.81301e+09
-5.94415e+09
-6.12499e+09
-6.37725e+09
-6.69422e+09
-7.07631e+09
-7.50472e+09
-8.01201e+09
-8.65384e+09
-9.40017e+09
-9.14204e+09
-4.24229e+09
-5.18218e+09
-5.71511e+09
-6.06217e+09
-6.29241e+09
-6.46643e+09
-6.59935e+09
-6.70299e+09
-6.78232e+09
-6.83875e+09
-6.8704e+09
-6.87499e+09
-6.85015e+09
-6.79281e+09
-6.70086e+09
-6.57571e+09
-6.42511e+09
-6.26492e+09
-6.12003e+09
-6.02697e+09
-6.03316e+09
-6.19348e+09
-6.56108e+09
-7.18272e+09
-8.17216e+09
-9.91433e+09
-1.27676e+10
-1.46048e+10
-7.65702e+09
-5.22945e+09
-5.18825e+09
-5.18356e+09
-5.17466e+09
-5.20252e+09
-5.25311e+09
-5.31388e+09
-5.38282e+09
-5.45119e+09
-5.51507e+09
-5.57522e+09
-5.63546e+09
-5.69965e+09
-5.7731e+09
-5.86485e+09
-5.98334e+09
-6.14074e+09
-6.35656e+09
-6.63725e+09
-6.98241e+09
-7.43764e+09
-8.14437e+09
-9.02094e+09
-9.31581e+09
-2.76761e+09
-5.21574e+09
-5.76164e+09
-6.11065e+09
-6.3435e+09
-6.51834e+09
-6.65163e+09
-6.75536e+09
-6.83344e+09
-6.88621e+09
-6.91171e+09
-6.90711e+09
-6.86904e+09
-6.79402e+09
-6.68009e+09
-6.52896e+09
-6.34755e+09
-6.14973e+09
-5.95985e+09
-5.81647e+09
-5.76894e+09
-5.86839e+09
-6.16301e+09
-6.69143e+09
-7.51931e+09
-8.93999e+09
-1.16468e+10
-1.49045e+10
-1.12692e+10
-5.32982e+09
-5.18411e+09
-5.17612e+09
-5.15885e+09
-5.1907e+09
-5.24569e+09
-5.30792e+09
-5.37613e+09
-5.44379e+09
-5.50941e+09
-5.57213e+09
-5.63396e+09
-5.69803e+09
-5.76901e+09
-5.85622e+09
-5.97033e+09
-6.1251e+09
-6.34524e+09
-6.64443e+09
-7.01191e+09
-7.4585e+09
-8.0986e+09
-8.92153e+09
-9.28605e+09
-3.25218e+09
-5.20419e+09
-5.72178e+09
-6.06246e+09
-6.29489e+09
-6.46966e+09
-6.60265e+09
-6.70648e+09
-6.78481e+09
-6.83838e+09
-6.86601e+09
-6.86524e+09
-6.83313e+09
-6.76692e+09
-6.66557e+09
-6.53184e+09
-6.37383e+09
-6.20635e+09
-6.05454e+09
-5.95706e+09
-5.96184e+09
-6.12138e+09
-6.48675e+09
-7.10021e+09
-8.06095e+09
-9.729e+09
-1.25418e+10
-1.46529e+10
-8.0655e+09
-5.41526e+09
-5.30465e+09
-5.28213e+09
-5.27966e+09
-5.30129e+09
-5.33901e+09
-5.39078e+09
-5.45364e+09
-5.52201e+09
-5.59038e+09
-5.6552e+09
-5.7169e+09
-5.77763e+09
-5.84291e+09
-5.92315e+09
-6.02866e+09
-6.16754e+09
-6.3526e+09
-6.59436e+09
-6.90018e+09
-7.31252e+09
-7.88914e+09
-8.43425e+09
-8.69696e+09
-6.99774e+09
-5.74276e+09
-5.79064e+09
-6.01052e+09
-6.23287e+09
-6.41735e+09
-6.56801e+09
-6.68982e+09
-6.78777e+09
-6.86305e+09
-6.91425e+09
-6.93867e+09
-6.933e+09
-6.89379e+09
-6.8182e+09
-6.70566e+09
-6.5588e+09
-6.38427e+09
-6.19525e+09
-6.01716e+09
-5.8913e+09
-5.86832e+09
-5.99814e+09
-6.32817e+09
-6.89509e+09
-7.7671e+09
-9.2516e+09
-1.19428e+10
-1.469e+10
-9.78475e+09
-5.42443e+09
-5.29372e+09
-5.27554e+09
-5.27353e+09
-5.2987e+09
-5.33963e+09
-5.39417e+09
-5.4579e+09
-5.52535e+09
-5.59354e+09
-5.65966e+09
-5.72352e+09
-5.78689e+09
-5.85357e+09
-5.9312e+09
-6.03002e+09
-6.16023e+09
-6.33935e+09
-6.58308e+09
-6.89541e+09
-7.30605e+09
-7.86615e+09
-8.41189e+09
-8.78001e+09
-7.32725e+09
-5.74021e+09
-5.75054e+09
-5.96554e+09
-6.18847e+09
-6.37616e+09
-6.53061e+09
-6.65372e+09
-6.75163e+09
-6.82667e+09
-6.87807e+09
-6.90362e+09
-6.9003e+09
-6.86507e+09
-6.79589e+09
-6.69293e+09
-6.5596e+09
-6.40319e+09
-6.23771e+09
-6.08962e+09
-6.00037e+09
-6.0197e+09
-6.19885e+09
-6.58743e+09
-7.22581e+09
-8.20246e+09
-9.8462e+09
-1.25435e+10
-1.44793e+10
-7.58041e+09
-5.43714e+09
-5.36523e+09
-5.35979e+09
-5.36375e+09
-5.38433e+09
-5.4192e+09
-5.46728e+09
-5.52448e+09
-5.58824e+09
-5.65464e+09
-5.71928e+09
-5.7801e+09
-5.83797e+09
-5.8971e+09
-5.96602e+09
-6.05435e+09
-6.16818e+09
-6.31482e+09
-6.50293e+09
-6.74108e+09
-7.04756e+09
-7.40713e+09
-7.60451e+09
-7.28557e+09
-6.68695e+09
-6.32335e+09
-6.23509e+09
-6.27292e+09
-6.37999e+09
-6.50062e+09
-6.61735e+09
-6.72114e+09
-6.80941e+09
-6.87981e+09
-6.92913e+09
-6.95362e+09
-6.94972e+09
-6.91438e+09
-6.84602e+09
-6.74536e+09
-6.61549e+09
-6.46301e+09
-6.30136e+09
-6.15726e+09
-6.07427e+09
-6.1055e+09
-6.30093e+09
-6.70697e+09
-7.36075e+09
-8.33157e+09
-9.9074e+09
-1.24914e+10
-1.44632e+10
-7.61487e+09
-5.42221e+09
-5.36196e+09
-5.35523e+09
-5.36064e+09
-5.3826e+09
-5.41923e+09
-5.47025e+09
-5.53068e+09
-5.59657e+09
-5.66443e+09
-5.73106e+09
-5.79493e+09
-5.85701e+09
-5.92052e+09
-5.991e+09
-6.07605e+09
-6.18474e+09
-6.32839e+09
-6.51809e+09
-6.76091e+09
-7.06981e+09
-7.42505e+09
-7.60884e+09
-7.28097e+09
-6.66989e+09
-6.28785e+09
-6.19739e+09
-6.24249e+09
-6.35436e+09
-6.47973e+09
-6.60126e+09
-6.70722e+09
-6.79583e+09
-6.86581e+09
-6.91426e+09
-6.93763e+09
-6.93247e+09
-6.89612e+09
-6.82742e+09
-6.72726e+09
-6.59863e+09
-6.44832e+09
-6.29047e+09
-6.15214e+09
-6.07634e+09
-6.11528e+09
-6.31904e+09
-6.73374e+09
-7.39454e+09
-8.36995e+09
-9.94593e+09
-1.25543e+10
-1.46946e+10
-8.12459e+09
-5.46454e+09
-5.42451e+09
-5.42362e+09
-5.4304e+09
-5.45347e+09
-5.48804e+09
-5.53437e+09
-5.58993e+09
-5.65182e+09
-5.71681e+09
-5.78119e+09
-5.8417e+09
-5.89877e+09
-5.95753e+09
-6.02476e+09
-6.10651e+09
-6.20729e+09
-6.33109e+09
-6.4832e+09
-6.6686e+09
-6.88397e+09
-7.08327e+09
-7.14104e+09
-6.9614e+09
-6.68892e+09
-6.51293e+09
-6.44635e+09
-6.45113e+09
-6.50672e+09
-6.58706e+09
-6.67497e+09
-6.75988e+09
-6.8356e+09
-6.89708e+09
-6.93933e+09
-6.95749e+09
-6.94771e+09
-6.90737e+09
-6.83549e+09
-6.73279e+09
-6.60202e+09
-6.44925e+09
-6.28749e+09
-6.14323e+09
-6.06053e+09
-6.09424e+09
-6.29506e+09
-6.70683e+09
-7.36423e+09
-8.33472e+09
-9.8974e+09
-1.24361e+10
-1.43503e+10
-7.47477e+09
-5.46658e+09
-5.42447e+09
-5.4236e+09
-5.42958e+09
-5.45211e+09
-5.48707e+09
-5.53507e+09
-5.59316e+09
-5.6575e+09
-5.72462e+09
-5.79147e+09
-5.85539e+09
-5.91703e+09
-5.98028e+09
-6.04989e+09
-6.13063e+09
-6.2289e+09
-6.3525e+09
-6.50774e+09
-6.69796e+09
-6.91641e+09
-7.11308e+09
-7.16222e+09
-6.96728e+09
-6.6798e+09
-6.49841e+09
-6.43827e+09
-6.4514e+09
-6.51156e+09
-6.5958e+09
-6.68758e+09
-6.77493e+09
-6.85177e+09
-6.91327e+09
-6.95447e+09
-6.97057e+09
-6.9577e+09
-6.91337e+09
-6.83656e+09
-6.72755e+09
-6.5884e+09
-6.42501e+09
-6.25084e+09
-6.09199e+09
-5.9911e+09
-6.00129e+09
-6.17256e+09
-6.54605e+09
-7.14862e+09
-8.04025e+09
-9.49291e+09
-1.20395e+10
-1.47352e+10
-9.60454e+09
-5.52099e+09
-5.48356e+09
-5.48765e+09
-5.49572e+09
-5.51726e+09
-5.54876e+09
-5.59139e+09
-5.64322e+09
-5.70161e+09
-5.76387e+09
-5.82662e+09
-5.88563e+09
-5.94017e+09
-5.99599e+09
-6.05994e+09
-6.13479e+09
-6.22353e+09
-6.32895e+09
-6.45405e+09
-6.60026e+09
-6.75552e+09
-6.87954e+09
-6.90833e+09
-6.82377e+09
-6.69881e+09
-6.60947e+09
-6.57088e+09
-6.57548e+09
-6.61466e+09
-6.67655e+09
-6.74821e+09
-6.821e+09
-6.88839e+09
-6.94353e+09
-6.98016e+09
-6.99274e+09
-6.97721e+09
-6.9311e+09
-6.85345e+09
-6.74445e+09
-6.60577e+09
-6.44239e+09
-6.26661e+09
-6.10423e+09
-5.99952e+09
-6.00941e+09
-6.18566e+09
-6.56871e+09
-7.18991e+09
-8.12951e+09
-9.68196e+09
-1.22694e+10
-1.44721e+10
-8.57396e+09
-5.52327e+09
-5.48566e+09
-5.48988e+09
-5.4972e+09
-5.51789e+09
-5.54918e+09
-5.59296e+09
-5.64717e+09
-5.70814e+09
-5.77254e+09
-5.83731e+09
-5.89909e+09
-5.95771e+09
-6.01733e+09
-6.08284e+09
-6.15752e+09
-6.24564e+09
-6.35295e+09
-6.4831e+09
-6.63422e+09
-6.79146e+09
-6.91284e+09
-6.93372e+09
-6.83973e+09
-6.70728e+09
-6.61911e+09
-6.58943e+09
-6.60253e+09
-6.64545e+09
-6.7099e+09
-6.78369e+09
-6.85746e+09
-6.92481e+09
-6.97879e+09
-7.01294e+09
-7.02156e+09
-7.00036e+09
-6.94662e+09
-6.85875e+09
-6.73596e+09
-6.57904e+09
-6.39248e+09
-6.18825e+09
-5.9909e+09
-5.84211e+09
-5.79629e+09
-5.90398e+09
-6.201e+09
-6.70749e+09
-7.49319e+09
-8.85206e+09
-1.14589e+10
-1.4595e+10
-1.13475e+10
-5.57479e+09
-5.54593e+09
-5.55217e+09
-5.56057e+09
-5.58091e+09
-5.61009e+09
-5.64945e+09
-5.69768e+09
-5.7526e+09
-5.81155e+09
-5.87105e+09
-5.92682e+09
-5.97726e+09
-6.02713e+09
-6.08363e+09
-6.15037e+09
-6.22834e+09
-6.31828e+09
-6.42229e+09
-6.53812e+09
-6.65225e+09
-6.73786e+09
-6.76628e+09
-6.73781e+09
-6.68674e+09
-6.64849e+09
-6.63637e+09
-6.65036e+09
-6.68767e+09
-6.74338e+09
-6.80863e+09
-6.87585e+09
-6.93895e+09
-6.99094e+09
-7.025e+09
-7.03544e+09
-7.01811e+09
-6.97053e+09
-6.89164e+09
-6.78135e+09
-6.64017e+09
-6.47155e+09
-6.28737e+09
-6.11379e+09
-5.99626e+09
-5.99298e+09
-6.15642e+09
-6.52376e+09
-7.12419e+09
-8.05635e+09
-9.63583e+09
-1.22075e+10
-1.41241e+10
-7.57467e+09
-5.57695e+09
-5.54637e+09
-5.55295e+09
-5.56078e+09
-5.58019e+09
-5.60854e+09
-5.648e+09
-5.69747e+09
-5.75403e+09
-5.81449e+09
-5.87571e+09
-5.93407e+09
-5.98825e+09
-6.04168e+09
-6.09956e+09
-6.16577e+09
-6.24319e+09
-6.33421e+09
-6.44067e+09
-6.55963e+09
-6.67633e+09
-6.76161e+09
-6.78688e+09
-6.75331e+09
-6.69943e+09
-6.66426e+09
-6.66014e+09
-6.681e+09
-6.7208e+09
-6.77731e+09
-6.84258e+09
-6.9087e+09
-6.97012e+09
-7.01991e+09
-7.05101e+09
-7.05766e+09
-7.03543e+09
-6.98137e+09
-6.89343e+09
-6.77052e+09
-6.61295e+09
-6.424e+09
-6.21444e+09
-6.00884e+09
-5.85026e+09
-5.79596e+09
-5.89645e+09
-6.18836e+09
-6.69653e+09
-7.52349e+09
-9.03382e+09
-1.17547e+10
-1.45223e+10
-1.00279e+10
-5.61877e+09
-5.5957e+09
-5.60486e+09
-5.61456e+09
-5.63417e+09
-5.66104e+09
-5.6967e+09
-5.74055e+09
-5.79113e+09
-5.84595e+09
-5.90168e+09
-5.95419e+09
-6.00153e+09
-6.04734e+09
-6.09845e+09
-6.15861e+09
-6.22705e+09
-6.30359e+09
-6.38983e+09
-6.48282e+09
-6.57224e+09
-6.64274e+09
-6.68076e+09
-6.68712e+09
-6.67919e+09
-6.67541e+09
-6.68534e+09
-6.71027e+09
-6.74887e+09
-6.80011e+09
-6.85935e+09
-6.91982e+09
-6.97585e+09
-7.02108e+09
-7.04858e+09
-7.05276e+09
-7.02948e+09
-6.97614e+09
-6.89148e+09
-6.77495e+09
-6.62663e+09
-6.45018e+09
-6.25738e+09
-6.07438e+09
-5.94787e+09
-5.93326e+09
-6.08087e+09
-6.42645e+09
-6.99893e+09
-7.89806e+09
-9.45907e+09
-1.20757e+10
-1.41143e+10
-7.57093e+09
-5.61964e+09
-5.59486e+09
-5.60402e+09
-5.61326e+09
-5.63211e+09
-5.65803e+09
-5.69321e+09
-5.73738e+09
-5.78856e+09
-5.8437e+09
-5.89994e+09
-5.95416e+09
-6.00442e+09
-6.05258e+09
-6.10324e+09
-6.16047e+09
-6.22682e+09
-6.3033e+09
-6.3903e+09
-6.48504e+09
-6.57619e+09
-6.64646e+09
-6.68216e+09
-6.68631e+09
-6.67766e+09
-6.67602e+09
-6.69095e+09
-6.72052e+09
-6.7603e+09
-6.81052e+09
-6.86788e+09
-6.9255e+09
-6.97841e+09
-7.02066e+09
-7.0453e+09
-7.04703e+09
-7.02155e+09
-6.96589e+09
-6.87778e+09
-6.75623e+09
-6.60222e+09
-6.41958e+09
-6.21865e+09
-6.0253e+09
-5.88593e+09
-5.85808e+09
-5.99119e+09
-6.3239e+09
-6.88951e+09
-7.81743e+09
-9.53276e+09
-1.24639e+10
-1.45351e+10
-7.82671e+09
-5.65304e+09
-5.63541e+09
-5.64601e+09
-5.65679e+09
-5.67596e+09
-5.70107e+09
-5.73353e+09
-5.77308e+09
-5.81882e+09
-5.86866e+09
-5.91974e+09
-5.96874e+09
-6.01372e+09
-6.05674e+09
-6.10291e+09
-6.15539e+09
-6.21378e+09
-6.2785e+09
-6.35028e+09
-6.42659e+09
-6.5015e+09
-6.56578e+09
-6.61206e+09
-6.64094e+09
-6.66029e+09
-6.67981e+09
-6.70594e+09
-6.73969e+09
-6.77968e+09
-6.82657e+09
-6.87886e+09
-6.93063e+09
-6.97634e+09
-7.01008e+09
-7.0251e+09
-7.01579e+09
-6.9779e+09
-6.90861e+09
-6.80649e+09
-6.67041e+09
-6.50101e+09
-6.30379e+09
-6.09024e+09
-5.88459e+09
-5.73219e+09
-5.68993e+09
-5.80914e+09
-6.12147e+09
-6.66531e+09
-7.53438e+09
-9.06076e+09
-1.17442e+10
-1.43508e+10
-9.59222e+09
-5.65223e+09
-5.63411e+09
-5.64485e+09
-5.65551e+09
-5.67433e+09
-5.69882e+09
-5.73075e+09
-5.77027e+09
-5.81629e+09
-5.86607e+09
-5.91686e+09
-5.9664e+09
-6.01317e+09
-6.05771e+09
-6.10294e+09
-6.15265e+09
-6.20932e+09
-6.27365e+09
-6.34524e+09
-6.4222e+09
-6.49768e+09
-6.56126e+09
-6.60623e+09
-6.63431e+09
-6.65376e+09
-6.67437e+09
-6.70342e+09
-6.74168e+09
-6.78441e+09
-6.83098e+09
-6.88252e+09
-6.93318e+09
-6.97796e+09
-7.01162e+09
-7.02785e+09
-7.02148e+09
-6.9883e+09
-6.92512e+09
-6.82933e+09
-6.70005e+09
-6.53941e+09
-6.35268e+09
-6.15011e+09
-5.95841e+09
-5.82491e+09
-5.80636e+09
-5.95068e+09
-6.29501e+09
-6.88227e+09
-7.84411e+09
-9.60124e+09
-1.25458e+10
-1.44162e+10
-7.2911e+09
-5.6771e+09
-5.66571e+09
-5.67803e+09
-5.69048e+09
-5.7103e+09
-5.73533e+09
-5.76682e+09
-5.80463e+09
-5.84818e+09
-5.89569e+09
-5.94464e+09
-5.99226e+09
-6.03691e+09
-6.0798e+09
-6.12467e+09
-6.17331e+09
-6.22572e+09
-6.28328e+09
-6.34612e+09
-6.41226e+09
-6.47844e+09
-6.53979e+09
-6.59232e+09
-6.63614e+09
-6.67493e+09
-6.71332e+09
-6.75501e+09
-6.80058e+09
-6.84845e+09
-6.89891e+09
-6.95246e+09
-7.00484e+09
-7.05011e+09
-7.08227e+09
-7.09495e+09
-7.08257e+09
-7.04128e+09
-6.96876e+09
-6.86281e+09
-6.72109e+09
-6.54458e+09
-6.34049e+09
-6.12107e+09
-5.9052e+09
-5.73473e+09
-5.67939e+09
-5.78954e+09
-6.08134e+09
-6.61168e+09
-7.49203e+09
-9.05476e+09
-1.16835e+10
-1.37115e+10
-7.81026e+09
-5.67569e+09
-5.66458e+09
-5.67701e+09
-5.68952e+09
-5.70923e+09
-5.73387e+09
-5.76477e+09
-5.80204e+09
-5.84523e+09
-5.89216e+09
-5.94005e+09
-5.98682e+09
-6.03165e+09
-6.07505e+09
-6.11894e+09
-6.16561e+09
-6.21678e+09
-6.27353e+09
-6.33535e+09
-6.40084e+09
-6.46699e+09
-6.5282e+09
-6.57998e+09
-6.62266e+09
-6.66019e+09
-6.69732e+09
-6.73846e+09
-6.78583e+09
-6.83634e+09
-6.88689e+09
-6.93838e+09
-6.98798e+09
-7.03042e+09
-7.06043e+09
-7.07228e+09
-7.06061e+09
-7.02132e+09
-6.95095e+09
-6.84644e+09
-6.70627e+09
-6.53316e+09
-6.33533e+09
-6.12581e+09
-5.9277e+09
-5.78362e+09
-5.74949e+09
-5.87441e+09
-6.19091e+09
-6.75353e+09
-7.68343e+09
-9.33469e+09
-1.20724e+10
-1.39798e+10
-7.7611e+09
-5.69462e+09
-5.68547e+09
-5.6991e+09
-5.71251e+09
-5.7326e+09
-5.75736e+09
-5.78795e+09
-5.82424e+09
-5.86586e+09
-5.91134e+09
-5.95831e+09
-6.00423e+09
-6.04772e+09
-6.08973e+09
-6.13304e+09
-6.1785e+09
-6.22631e+09
-6.27823e+09
-6.33467e+09
-6.39406e+09
-6.45426e+09
-6.51274e+09
-6.56712e+09
-6.61725e+09
-6.66483e+09
-6.71245e+09
-6.76207e+09
-6.81375e+09
-6.86584e+09
-6.91742e+09
-6.96899e+09
-7.01815e+09
-7.05895e+09
-7.08493e+09
-7.09009e+09
-7.06943e+09
-7.01962e+09
-6.93828e+09
-6.82169e+09
-6.66578e+09
-6.47187e+09
-6.24945e+09
-6.012e+09
-5.77502e+09
-5.57928e+09
-5.50321e+09
-5.58488e+09
-5.81626e+09
-6.29175e+09
-7.13244e+09
-8.63494e+09
-1.12566e+10
-1.36839e+10
-7.98227e+09
-5.69105e+09
-5.68432e+09
-5.69778e+09
-5.71142e+09
-5.73154e+09
-5.75618e+09
-5.78638e+09
-5.82206e+09
-5.86302e+09
-5.90775e+09
-5.95367e+09
-5.99844e+09
-6.04135e+09
-6.08344e+09
-6.12635e+09
-6.17108e+09
-6.21864e+09
-6.27044e+09
-6.32648e+09
-6.38516e+09
-6.44498e+09
-6.50359e+09
-6.55802e+09
-6.60797e+09
-6.65512e+09
-6.70189e+09
-6.75044e+09
-6.80209e+09
-6.85634e+09
-6.90994e+09
-6.96137e+09
-7.00976e+09
-7.04994e+09
-7.07641e+09
-7.08405e+09
-7.06778e+09
-7.02354e+09
-6.94767e+09
-6.8363e+09
-6.68703e+09
-6.50327e+09
-6.29663e+09
-6.08421e+09
-5.88759e+09
-5.74469e+09
-5.70952e+09
-5.82775e+09
-6.12677e+09
-6.67995e+09
-7.61943e+09
-9.29466e+09
-1.20414e+10
-1.37631e+10
-7.01863e+09
-5.71054e+09
-5.70353e+09
-5.71807e+09
-5.73206e+09
-5.75218e+09
-5.77652e+09
-5.80619e+09
-5.84101e+09
-5.8807e+09
-5.92406e+09
-5.969e+09
-6.01317e+09
-6.05523e+09
-6.09581e+09
-6.137e+09
-6.17947e+09
-6.22346e+09
-6.27051e+09
-6.32149e+09
-6.37566e+09
-6.43144e+09
-6.48728e+09
-6.5419e+09
-6.59485e+09
-6.64686e+09
-6.69931e+09
-6.75314e+09
-6.8078e+09
-6.86159e+09
-6.91293e+09
-6.96181e+09
-7.00765e+09
-7.04519e+09
-7.06765e+09
-7.06934e+09
-7.04565e+09
-6.99362e+09
-6.91096e+09
-6.79247e+09
-6.63217e+09
-6.43064e+09
-6.20096e+09
-5.96482e+09
-5.74473e+09
-5.5662e+09
-5.48378e+09
-5.59031e+09
-5.84184e+09
-6.32942e+09
-7.17542e+09
-8.66246e+09
-1.1285e+10
-1.36934e+10
-7.69239e+09
-5.70659e+09
-5.70369e+09
-5.71773e+09
-5.73197e+09
-5.7522e+09
-5.77658e+09
-5.80612e+09
-5.84055e+09
-5.87961e+09
-5.92226e+09
-5.96642e+09
-6.00966e+09
-6.05088e+09
-6.09093e+09
-6.13141e+09
-6.17316e+09
-6.21691e+09
-6.26385e+09
-6.31442e+09
-6.36757e+09
-6.42229e+09
-6.47755e+09
-6.53186e+09
-6.58434e+09
-6.63575e+09
-6.68747e+09
-6.74008e+09
-6.79332e+09
-6.84735e+09
-6.90121e+09
-6.95158e+09
-6.99737e+09
-7.03487e+09
-7.0586e+09
-7.06409e+09
-7.04617e+09
-7.0008e+09
-6.92376e+09
-6.80985e+09
-6.65582e+09
-6.46475e+09
-6.24889e+09
-6.03037e+09
-5.83859e+09
-5.70822e+09
-5.68932e+09
-5.82844e+09
-6.12572e+09
-6.68204e+09
-7.62193e+09
-9.24051e+09
-1.18806e+10
-1.36594e+10
-6.90182e+09
-5.72389e+09
-5.71965e+09
-5.73375e+09
-5.74763e+09
-5.76729e+09
-5.79084e+09
-5.8193e+09
-5.85241e+09
-5.88986e+09
-5.9306e+09
-5.97293e+09
-6.01491e+09
-6.0552e+09
-6.09391e+09
-6.13246e+09
-6.17158e+09
-6.21174e+09
-6.25426e+09
-6.30027e+09
-6.34979e+09
-6.40182e+09
-6.45517e+09
-6.50894e+09
-6.56274e+09
-6.6173e+09
-6.67346e+09
-6.73167e+09
-6.79105e+09
-6.8498e+09
-6.90596e+09
-6.95903e+09
-7.00913e+09
-7.05203e+09
-7.08091e+09
-7.08979e+09
-7.07443e+09
-7.03269e+09
-6.96162e+09
-6.85311e+09
-6.69881e+09
-6.49852e+09
-6.26723e+09
-6.04091e+09
-5.85198e+09
-5.73001e+09
-5.7427e+09
-5.941e+09
-6.21566e+09
-6.75464e+09
-7.72202e+09
-9.3312e+09
-1.19367e+10
-1.37707e+10
-6.90359e+09
-5.71895e+09
-5.71773e+09
-5.7318e+09
-5.74598e+09
-5.766e+09
-5.78989e+09
-5.81867e+09
-5.85199e+09
-5.88947e+09
-5.93017e+09
-5.97254e+09
-6.01466e+09
-6.05513e+09
-6.094e+09
-6.13236e+09
-6.1713e+09
-6.21184e+09
-6.25498e+09
-6.30135e+09
-6.35056e+09
-6.40175e+09
-6.45441e+09
-6.50754e+09
-6.56094e+09
-6.6152e+09
-6.67115e+09
-6.72914e+09
-6.78782e+09
-6.84621e+09
-6.90437e+09
-6.96082e+09
-7.01336e+09
-7.05675e+09
-7.08648e+09
-7.09903e+09
-7.08932e+09
-7.05271e+09
-6.98349e+09
-6.87515e+09
-6.72371e+09
-6.53054e+09
-6.30413e+09
-6.06859e+09
-5.87049e+09
-5.7616e+09
-5.77306e+09
-5.94641e+09
-6.24373e+09
-6.8317e+09
-7.80752e+09
-9.42376e+09
-1.20148e+10
-1.37847e+10
-6.84982e+09
-5.72948e+09
-5.72511e+09
-5.73923e+09
-5.75278e+09
-5.77231e+09
-5.7955e+09
-5.82335e+09
-5.85543e+09
-5.89138e+09
-5.93018e+09
-5.9704e+09
-6.01053e+09
-6.04951e+09
-6.08719e+09
-6.12435e+09
-6.16157e+09
-6.19953e+09
-6.23966e+09
-6.2832e+09
-6.33055e+09
-6.38111e+09
-6.43378e+09
-6.48773e+09
-6.54317e+09
-6.60062e+09
-6.66103e+09
-6.72453e+09
-6.78985e+09
-6.85482e+09
-6.91725e+09
-6.97606e+09
-7.03099e+09
-7.07824e+09
-7.11067e+09
-7.1219e+09
-7.10868e+09
-7.06746e+09
-6.99199e+09
-6.87327e+09
-6.70283e+09
-6.48015e+09
-6.21927e+09
-5.96431e+09
-5.75593e+09
-5.66883e+09
-5.84238e+09
-6.04757e+09
-6.21273e+09
-6.78983e+09
-7.80976e+09
-9.4742e+09
-1.21523e+10
-1.40975e+10
-7.30633e+09
-5.72593e+09
-5.71945e+09
-5.73471e+09
-5.74823e+09
-5.76814e+09
-5.79161e+09
-5.81984e+09
-5.85231e+09
-5.8886e+09
-5.9277e+09
-5.96827e+09
-6.00891e+09
-6.04861e+09
-6.08706e+09
-6.12463e+09
-6.16216e+09
-6.2008e+09
-6.24193e+09
-6.28649e+09
-6.33444e+09
-6.38509e+09
-6.43747e+09
-6.49127e+09
-6.54662e+09
-6.60395e+09
-6.66418e+09
-6.72734e+09
-6.79218e+09
-6.85665e+09
-6.91995e+09
-6.98208e+09
-7.04053e+09
-7.08889e+09
-7.12104e+09
-7.13333e+09
-7.12372e+09
-7.08654e+09
-7.01398e+09
-6.89908e+09
-6.73763e+09
-6.52904e+09
-6.27752e+09
-6.00155e+09
-5.76067e+09
-5.6629e+09
-5.72269e+09
-5.92592e+09
-6.19196e+09
-6.76459e+09
-7.7354e+09
-9.37607e+09
-1.20652e+10
-1.4052e+10
-7.63323e+09
-5.74133e+09
-5.73264e+09
-5.74692e+09
-5.75983e+09
-5.77955e+09
-5.80278e+09
-5.83052e+09
-5.86214e+09
-5.89721e+09
-5.93488e+09
-5.97397e+09
-6.01328e+09
-6.05206e+09
-6.09019e+09
-6.12807e+09
-6.16605e+09
-6.20492e+09
-6.24602e+09
-6.29058e+09
-6.33921e+09
-6.39155e+09
-6.44682e+09
-6.50423e+09
-6.56386e+09
-6.62645e+09
-6.69251e+09
-6.76174e+09
-6.83303e+09
-6.90391e+09
-6.97137e+09
-7.03378e+09
-7.09177e+09
-7.1422e+09
-7.17668e+09
-7.18801e+09
-7.17273e+09
-7.12711e+09
-7.04223e+09
-6.9111e+09
-6.73353e+09
-6.51157e+09
-6.25609e+09
-5.98565e+09
-5.71058e+09
-5.50374e+09
-5.70521e+09
-6.08417e+09
-6.115e+09
-6.63203e+09
-7.60458e+09
-9.2548e+09
-1.20952e+10
-1.48054e+10
-9.27722e+09
-5.74109e+09
-5.72449e+09
-5.74058e+09
-5.7526e+09
-5.77222e+09
-5.79546e+09
-5.82352e+09
-5.85559e+09
-5.89117e+09
-5.92922e+09
-5.96855e+09
-6.00802e+09
-6.04694e+09
-6.08519e+09
-6.12292e+09
-6.16068e+09
-6.19948e+09
-6.24069e+09
-6.28545e+09
-6.33415e+09
-6.38633e+09
-6.44115e+09
-6.49794e+09
-6.55705e+09
-6.61902e+09
-6.68404e+09
-6.7519e+09
-6.82164e+09
-6.89125e+09
-6.95812e+09
-7.02055e+09
-7.07847e+09
-7.1286e+09
-7.1619e+09
-7.17161e+09
-7.15599e+09
-7.1129e+09
-7.03403e+09
-6.91137e+09
-6.74325e+09
-6.53286e+09
-6.28677e+09
-6.01675e+09
-5.76132e+09
-5.5928e+09
-5.59577e+09
-5.79984e+09
-6.07436e+09
-6.62954e+09
-7.57206e+09
-9.20909e+09
-1.20192e+10
-1.44962e+10
-9.78176e+09
-5.75117e+09
-5.73462e+09
-5.74603e+09
-5.75509e+09
-5.77232e+09
-5.79429e+09
-5.82197e+09
-5.85436e+09
-5.89075e+09
-5.92992e+09
-5.97068e+09
-6.01181e+09
-6.05237e+09
-6.09215e+09
-6.13146e+09
-6.17089e+09
-6.21145e+09
-6.25435e+09
-6.30075e+09
-6.3512e+09
-6.40566e+09
-6.46337e+09
-6.52368e+09
-6.58682e+09
-6.65318e+09
-6.72283e+09
-6.79538e+09
-6.86982e+09
-6.94408e+09
-7.0148e+09
-7.07961e+09
-7.13913e+09
-7.19261e+09
-7.23136e+09
-7.24712e+09
-7.23506e+09
-7.19185e+09
-7.11154e+09
-6.98955e+09
-6.83385e+09
-6.65194e+09
-6.43954e+09
-6.20413e+09
-5.94486e+09
-5.66182e+09
-5.46594e+09
-5.66038e+09
-5.9923e+09
-6.54075e+09
-7.49589e+09
-9.15341e+09
-1.18536e+10
-1.3917e+10
-7.9048e+09
-5.75492e+09
-5.73745e+09
-5.74728e+09
-5.75559e+09
-5.77185e+09
-5.79287e+09
-5.81956e+09
-5.85096e+09
-5.88638e+09
-5.92466e+09
-5.96457e+09
-6.00488e+09
-6.04476e+09
-6.08401e+09
-6.12286e+09
-6.16189e+09
-6.20207e+09
-6.24455e+09
-6.29043e+09
-6.34029e+09
-6.394e+09
-6.45085e+09
-6.51038e+09
-6.57278e+09
-6.63826e+09
-6.70693e+09
-6.77849e+09
-6.85242e+09
-6.92752e+09
-7.00049e+09
-7.06731e+09
-7.12684e+09
-7.17802e+09
-7.21422e+09
-7.22799e+09
-7.21562e+09
-7.17656e+09
-7.10647e+09
-6.99887e+09
-6.85376e+09
-6.67371e+09
-6.46136e+09
-6.22319e+09
-5.96487e+09
-5.72172e+09
-5.63601e+09
-5.76014e+09
-6.0641e+09
-6.64061e+09
-7.62567e+09
-9.39019e+09
-1.21978e+10
-1.38766e+10
-7.1197e+09
-1.02281e+10
-9.49656e+09
-9.98565e+09
-9.38088e+09
-9.34945e+09
-4.96359e+09
-9.36719e+09
-5.11333e+09
-1.10488e+09
-1.47318e+09
-9.8421e+09
-9.71303e+09
-8.61041e+09
-9.32048e+09
-9.19956e+09
-5.03414e+09
-8.23089e+09
-4.81765e+09
-1.68707e+09
-1.81299e+09
-9.30434e+09
-9.35577e+09
-9.63822e+09
-9.47224e+09
-1.00423e+10
-9.44809e+08
-1.47158e+09
-8.85574e+09
-4.66767e+09
-9.30781e+09
-5.1515e+09
-9.2449e+09
-9.41022e+09
-1.01782e+10
-9.51656e+09
-9.96614e+09
-1.76432e+09
-1.96698e+09
-9.41519e+09
-5.2891e+09
-9.17802e+09
-5.12581e+09
-7.8058e+09
-8.30423e+09
-7.82166e+09
-8.96343e+09
-8.54769e+09
-9.0238e+09
-8.53527e+09
-6.39563e+09
-7.04651e+09
-6.43986e+09
-7.33015e+09
-6.1565e+09
-7.3367e+09
-6.21354e+09
-7.78289e+09
-8.2753e+09
-7.71912e+09
-8.99165e+09
-8.44668e+09
-9.24972e+09
-8.37864e+09
-6.37768e+09
-6.88851e+09
-6.2887e+09
-7.1993e+09
-6.09673e+09
-6.98975e+09
-5.94172e+09
-9.39959e+09
-8.79435e+09
-9.37025e+09
-9.0326e+09
-9.39131e+09
-9.01531e+09
-9.36006e+09
-6.94273e+09
-7.82203e+09
-9.71198e+09
-7.96489e+09
-6.69351e+09
-4.6551e+09
-4.2699e+09
-4.75019e+09
-2.80888e+09
-4.02171e+09
-2.98339e+09
-4.15985e+09
-9.32668e+09
-8.64206e+09
-9.2286e+09
-8.88065e+09
-9.28493e+09
-8.76164e+09
-9.14156e+09
-6.31472e+09
-7.54796e+09
-8.94469e+09
-7.42961e+09
-6.5484e+09
-4.729e+09
-4.16852e+09
-4.65088e+09
-3.10212e+09
-4.16545e+09
-3.08744e+09
-4.07978e+09
-9.36691e+09
-9.00746e+09
-9.32845e+09
-8.77544e+09
-9.38179e+09
-8.75681e+09
-9.37563e+09
-9.78995e+09
-9.3463e+09
-9.42911e+09
-9.49555e+09
-9.60271e+09
-4.08202e+09
-3.67978e+09
-4.02101e+09
-3.00819e+09
-4.19473e+09
-4.07394e+09
-4.65036e+09
-4.31583e+09
-4.80559e+09
-9.25649e+09
-8.82343e+09
-9.16369e+09
-8.67093e+09
-9.30285e+09
-8.64413e+09
-9.33878e+09
-1.03837e+10
-9.27798e+09
-9.42345e+09
-1.02956e+10
-9.45897e+09
-5.85815e+09
-5.2631e+09
-4.2734e+09
-3.23837e+09
-4.16611e+09
-4.45313e+09
-4.85282e+09
-4.37233e+09
-4.72629e+09
-8.21121e+09
-8.78866e+09
-8.364e+09
-8.1061e+09
-7.61209e+09
-8.21026e+09
-7.74711e+09
-5.9522e+09
-7.22751e+09
-6.1707e+09
-6.85565e+09
-6.30572e+09
-7.03058e+09
-6.45478e+09
-8.43996e+09
-8.7778e+09
-8.33923e+09
-8.19015e+09
-7.75995e+09
-8.14663e+09
-7.67565e+09
-6.2548e+09
-7.2058e+09
-6.09725e+09
-7.06448e+09
-6.49163e+09
-6.95169e+09
-6.3552e+09
-1.08583e+10
-9.77455e+09
-1.02606e+10
-9.63984e+09
-1.0874e+10
-1.08129e+10
-1.01718e+10
-9.56953e+09
-9.6666e+09
-1.07705e+10
-9.91814e+09
-9.48501e+09
-9.39763e+09
-9.48562e+09
-9.77128e+09
-1.10381e+10
-1.0631e+10
-9.81134e+09
-9.41072e+09
-9.36898e+09
-9.45474e+09
-9.90673e+09
-1.07778e+10
-1.13967e+10
-6.82522e+09
-9.60334e+09
-7.72367e+09
-7.90128e+09
-6.6043e+09
-5.38103e+09
-5.07672e+09
-3.5531e+09
-2.06416e+09
-1.03347e+09
-2.06745e+09
-3.33619e+09
-5.24665e+09
-5.05911e+09
-3.50702e+09
-2.35482e+09
-1.22717e+09
-2.2079e+09
-3.46452e+09
-1.03112e+10
-9.54053e+09
-9.57439e+09
-9.39814e+09
-1.06653e+10
-1.0514e+10
-9.16447e+09
-8.78478e+09
-9.19707e+09
-1.09116e+10
-9.84783e+09
-9.44311e+09
-9.31117e+09
-9.89086e+09
-9.4611e+09
-1.02084e+10
-1.07043e+10
-9.86089e+09
-9.25547e+09
-9.23583e+09
-9.31587e+09
-9.72762e+09
-1.05335e+10
-1.07472e+10
-6.28609e+09
-8.65094e+09
-6.99443e+09
-7.22973e+09
-5.97759e+09
-4.97094e+09
-5.0915e+09
-3.50311e+09
-2.47124e+09
-1.70973e+09
-3.51605e+09
-2.46028e+09
-4.98335e+09
-4.65327e+09
-3.48393e+09
-2.43881e+09
-1.6935e+09
-2.40565e+09
-3.29877e+09
-1.02051e+10
-9.99301e+09
-1.00297e+10
-9.34477e+09
-9.45146e+09
-9.51754e+09
-1.01624e+10
-1.04769e+10
-1.17015e+10
-1.04017e+10
-9.42164e+09
-9.7495e+09
-9.41937e+09
-1.03018e+10
-1.05825e+10
-9.92459e+09
-9.7684e+09
-1.0978e+10
-9.64371e+09
-2.57544e+09
-8.987e+08
-1.76854e+09
-1.80004e+09
-2.29934e+09
-4.20758e+09
-4.83409e+09
-2.74017e+09
-1.16058e+09
-2.36538e+09
-2.07115e+09
-3.33454e+09
-5.89742e+09
-7.14571e+09
-9.09792e+09
-7.34401e+09
-5.51769e+09
-5.99342e+09
-9.22105e+09
-7.63129e+09
-6.49928e+09
-7.49739e+09
-1.09703e+10
-1.13533e+10
-1.03636e+10
-9.19322e+09
-9.437e+09
-9.36621e+09
-1.03172e+10
-1.15937e+10
-1.13932e+10
-1.09204e+10
-9.94708e+09
-1.01601e+10
-1.10046e+10
-9.9179e+09
-1.08569e+10
-1.00334e+10
-9.78101e+09
-9.68303e+09
-1.11684e+10
-4.21832e+09
-1.84004e+09
-2.68646e+09
-3.71658e+09
-2.75667e+09
-6.05204e+09
-5.77992e+09
-4.35487e+09
-1.85358e+09
-2.79394e+09
-2.76649e+09
-4.16924e+09
-7.11187e+09
-7.78029e+09
-9.42032e+09
-6.81036e+09
-7.81965e+09
-7.23853e+09
-9.36686e+09
-7.65236e+09
-7.78775e+09
-6.94018e+09
-9.6484e+09
-9.57044e+09
-9.38757e+09
-9.70423e+09
-9.47748e+09
-9.67062e+09
-9.73457e+09
-9.76685e+09
-9.51292e+09
-9.47791e+09
-9.67772e+09
-9.51024e+09
-9.75246e+09
-9.73072e+09
-9.65033e+09
-9.44534e+09
-9.53001e+09
-9.69098e+09
-9.58153e+09
-9.64921e+09
-9.64783e+09
-4.85542e+09
-5.89119e+09
-5.01624e+09
-3.75728e+09
-5.99324e+09
-3.78358e+09
-4.75443e+09
-4.85821e+09
-5.08469e+09
-5.96489e+09
-3.9298e+09
-6.01337e+09
-3.87082e+09
-4.81068e+09
-9.89985e+09
-9.65746e+09
-9.94569e+09
-9.63919e+09
-9.64142e+09
-9.69908e+09
-9.81852e+09
-4.66625e+09
-5.84382e+09
-4.95114e+09
-3.90706e+09
-5.75483e+09
-4.75074e+09
-3.83994e+09
-4.57253e+09
-4.85204e+09
-5.501e+09
-3.74221e+09
-5.61763e+09
-3.75784e+09
-4.4607e+09
-9.75576e+09
-9.7766e+09
-9.47258e+09
-9.34091e+09
-9.77939e+09
-9.44299e+09
-9.72884e+09
-9.91552e+09
-9.89293e+09
-9.42625e+09
-9.64941e+09
-9.85708e+09
-9.80422e+09
-9.59215e+09
-4.25048e+09
-3.41105e+09
-5.41294e+09
-4.77123e+09
-3.4879e+09
-5.56745e+09
-4.0787e+09
-4.49043e+09
-3.97742e+09
-4.99446e+09
-5.9618e+09
-3.73874e+09
-4.77811e+09
-5.77211e+09
-9.98904e+09
-9.84046e+09
-9.68086e+09
-9.39978e+09
-9.942e+09
-9.92407e+09
-9.61513e+09
-9.84902e+09
-9.93896e+09
-9.51732e+09
-9.62466e+09
-1.00861e+10
-9.50674e+09
-9.85173e+09
-5.21796e+09
-4.21222e+09
-6.12932e+09
-5.24893e+09
-5.1078e+09
-4.2221e+09
-6.1436e+09
-5.26345e+09
-4.1798e+09
-5.18973e+09
-5.99423e+09
-4.20426e+09
-6.09833e+09
-5.15606e+09
-1.04381e+10
-7.57031e+09
-1.00851e+10
-7.04253e+09
-7.56778e+09
-1.03951e+10
-1.02518e+10
-1.20631e+10
-1.28556e+10
-1.32122e+10
-1.17174e+10
-1.22789e+10
-1.31598e+10
-1.34178e+10
-1.20774e+10
-1.03888e+10
-6.95921e+09
-7.39334e+09
-9.67534e+09
-7.4981e+09
-1.01499e+10
-9.89606e+09
-9.29255e+09
-6.91716e+09
-6.37484e+09
-8.96726e+09
-6.94454e+09
-9.26689e+09
-9.07216e+09
-1.09369e+10
-1.21974e+10
-1.1152e+10
-1.20149e+10
-9.40728e+09
-6.46098e+09
-7.13295e+09
-9.33705e+09
-9.62185e+09
-7.02176e+09
-9.17773e+09
-1.0847e+10
-1.16477e+10
-1.18638e+10
-1.07135e+10
-9.22239e+09
-9.32008e+09
-9.60743e+09
-9.72379e+09
-9.13676e+09
-9.34925e+09
-9.50806e+09
-9.00859e+09
-9.02176e+09
-9.01662e+09
-9.01764e+09
-9.0782e+09
-9.16058e+09
-9.08471e+09
-9.17144e+09
-9.15409e+09
-9.57454e+09
-9.14279e+09
-9.4434e+09
-9.11719e+09
-9.44732e+09
-9.16218e+09
-4.06249e+09
-3.82038e+09
-9.46018e+09
-9.91149e+09
-1.02787e+10
-9.75752e+09
-1.00166e+10
-9.57591e+09
-9.62678e+09
-9.26371e+09
-9.21759e+09
-9.23083e+09
-9.24801e+09
-9.28036e+09
-9.24896e+09
-9.24089e+09
-9.31213e+09
-9.46523e+09
-1.02525e+10
-9.98705e+09
-9.59295e+09
-9.47096e+09
-9.90477e+09
-9.61147e+09
-5.7396e+09
-5.52653e+09
-1.11292e+10
-9.99669e+09
-1.19826e+10
-1.07336e+10
-9.90207e+09
-1.12411e+10
-1.21236e+10
-1.27194e+10
-1.31068e+10
-1.33918e+10
-1.26325e+10
-1.2761e+10
-1.33086e+10
-1.34802e+10
-1.26797e+10
-1.12876e+10
-1.09071e+10
-1.01023e+10
-1.19527e+10
-1.006e+10
-1.2004e+10
-1.12787e+10
-1.13823e+10
-9.98072e+09
-1.24289e+10
-1.08504e+10
-1.13467e+10
-9.84109e+09
-1.28871e+10
-1.28455e+10
-1.29241e+10
-1.32282e+10
-1.25346e+10
-1.28943e+10
-1.33938e+10
-1.28703e+10
-1.33686e+10
-1.12501e+10
-1.06392e+10
-9.75412e+09
-1.23923e+10
-9.67432e+09
-1.3096e+10
-1.10062e+10
-9.35141e+09
-9.49888e+09
-9.47495e+09
-9.80621e+09
-9.49641e+09
-9.38893e+09
-9.38596e+09
-9.23003e+09
-9.14601e+09
-9.13744e+09
-9.23897e+09
-9.26264e+09
-9.22827e+09
-9.17283e+09
-9.30457e+09
-9.31743e+09
-9.84171e+09
-9.50889e+09
-9.34286e+09
-9.52011e+09
-9.45124e+09
-9.33712e+09
-1.08966e+10
-1.06948e+10
-9.39254e+09
-9.50457e+09
-9.82438e+09
-9.48096e+09
-9.45277e+09
-9.41517e+09
-9.50879e+09
-9.29697e+09
-9.24787e+09
-9.31405e+09
-9.25427e+09
-9.36717e+09
-9.92969e+09
-9.46794e+09
-9.6247e+09
-9.40128e+09
-9.80151e+09
-9.4043e+09
-9.31446e+09
-9.25642e+09
-9.31699e+09
-9.27281e+09
-1.11542e+10
-1.19011e+10
-1.00577e+10
-7.497e+09
-9.90481e+09
-6.7575e+09
-1.02622e+10
-7.40397e+09
-9.77957e+09
-1.15985e+10
-1.25839e+10
-1.14375e+10
-1.29139e+10
-1.1867e+10
-1.3119e+10
-1.19707e+10
-1.31238e+10
-9.89163e+09
-6.67536e+09
-7.23778e+09
-9.48114e+09
-9.82533e+09
-7.28458e+09
-9.61538e+09
-5.46835e+09
-5.2859e+09
-1.29596e+09
-2.8166e+09
-1.85793e+09
-3.56126e+09
-2.7816e+09
-1.78747e+09
-1.36842e+09
-1.93765e+08
1.93214e+08
3.39927e+08
-3.18334e+08
-3.64659e+08
-5.12452e+07
-4.82568e+08
1.42692e+08
-1.14446e+09
-3.39899e+09
-2.68077e+09
-1.53448e+09
-2.69085e+09
-1.5001e+09
-1.2785e+09
-5.16907e+09
-5.11357e+09
-1.42225e+09
-2.83702e+09
-3.46893e+09
-1.81553e+09
-2.84552e+09
-1.39875e+09
-1.74715e+09
-6.66235e+08
-4.01961e+08
-7.47226e+08
-3.05207e+08
-1.44874e+09
-3.43615e+09
-2.90425e+09
-1.76019e+09
-2.85345e+09
-1.73794e+09
-1.51971e+09
-6.06274e+08
-1.7582e+08
-5.61676e+08
-2.23557e+08
-1.04387e+10
-9.79822e+09
-1.03712e+10
-1.10161e+10
-9.84308e+09
-1.03992e+10
-1.10497e+10
-1.1654e+10
-1.25325e+10
-1.22351e+10
-1.20758e+10
-1.06099e+10
-1.05125e+10
-9.90307e+09
-1.16613e+10
-9.91857e+09
-1.08341e+10
-1.12635e+10
-1.14456e+10
-1.18519e+10
-1.2029e+10
-1.14108e+10
-1.09729e+10
-9.82869e+09
-1.14356e+10
-1.06486e+10
-1.04686e+10
-1.00795e+10
-1.2327e+10
-1.09107e+10
-1.05171e+10
-1.07705e+10
-1.0795e+10
-1.10641e+10
-1.16568e+10
-1.13484e+10
-1.11918e+10
-1.2818e+10
-1.05998e+10
-9.18019e+09
-1.43039e+10
-9.80434e+09
-1.48475e+10
-1.28335e+10
-9.48748e+09
-9.84706e+09
-9.62817e+09
-9.60742e+09
-9.60424e+09
-9.61919e+09
-9.50298e+09
-9.33593e+09
-9.24508e+09
-9.25617e+09
-9.32546e+09
-9.46054e+09
-9.87797e+09
-9.54589e+09
-9.53046e+09
-9.5722e+09
-9.44416e+09
-9.56539e+09
-9.35326e+09
-9.2713e+09
-9.26528e+09
-9.36397e+09
-1.02624e+10
-1.04585e+10
-9.2977e+09
-9.55856e+09
-9.52689e+09
-9.90525e+09
-9.45417e+09
-9.42593e+09
-9.40899e+09
-9.19089e+09
-9.19238e+09
-9.19065e+09
-9.18787e+09
-9.23198e+09
-9.23128e+09
-9.31725e+09
-9.1741e+09
-9.21076e+09
-9.79817e+09
-9.33361e+09
-9.32094e+09
-9.29014e+09
-9.33477e+09
-9.22669e+09
-1.07403e+10
-1.07802e+10
-9.05844e+09
-6.83311e+09
-8.91768e+09
-6.29071e+09
-9.17174e+09
-6.75879e+09
-8.90351e+09
-1.01804e+10
-1.06826e+10
-1.09444e+10
-9.90051e+09
-1.0483e+10
-1.14878e+10
-1.0576e+10
-1.13029e+10
-8.9363e+09
-6.19278e+09
-6.56787e+09
-8.36695e+09
-6.65624e+09
-8.74428e+09
-8.54084e+09
-5.0283e+09
-5.0674e+09
-1.78008e+09
-3.49248e+09
-2.96668e+09
-2.09418e+09
-2.94665e+09
-2.06304e+09
-1.79539e+09
-1.05705e+09
-6.44932e+08
-9.41734e+08
-7.80632e+08
-1.71716e+09
-3.51339e+09
-2.95952e+09
-1.9165e+09
-1.64947e+09
-2.95838e+09
-1.9892e+09
-1.16136e+09
-9.68094e+08
-1.17978e+09
-9.15948e+08
-4.99636e+09
-4.81931e+09
-1.75345e+09
-2.92181e+09
-2.1209e+09
-3.46432e+09
-2.88643e+09
-1.78295e+09
-2.06922e+09
-1.04713e+09
-9.17872e+08
-8.05876e+08
-1.14567e+09
-1.15787e+09
-1.00159e+09
-1.19585e+09
-9.24585e+08
-1.64385e+09
-3.33521e+09
-2.8331e+09
-1.87862e+09
-2.82314e+09
-1.83906e+09
-1.74763e+09
-1.03117e+10
-1.00423e+10
-9.4952e+09
-9.58347e+09
-9.72834e+09
-1.0244e+10
-9.48804e+09
-9.8755e+09
-9.66525e+09
-9.24727e+09
-9.21521e+09
-9.2363e+09
-9.22549e+09
-9.26296e+09
-9.22983e+09
-9.2607e+09
-9.24824e+09
-9.4297e+09
-9.9634e+09
-1.01952e+10
-9.45036e+09
-9.46288e+09
-1.03294e+10
-9.41229e+09
-1.09961e+10
-1.18508e+10
-1.0436e+10
-1.09367e+10
-9.89482e+09
-1.0283e+10
-1.08776e+10
-9.80064e+09
-1.04736e+10
-1.15182e+10
-1.19004e+10
-1.21211e+10
-1.14414e+10
-1.15198e+10
-1.19822e+10
-1.14706e+10
-1.2136e+10
-1.04285e+10
-1.03735e+10
-1.08743e+10
-9.78951e+09
-1.10845e+10
-9.77871e+09
-1.03696e+10
-1.09647e+10
-1.10499e+10
-1.07309e+10
-1.01394e+10
-1.16316e+10
-1.07258e+10
-1.01438e+10
-1.22838e+10
-1.25667e+10
-1.25138e+10
-1.24076e+10
-1.19983e+10
-1.21226e+10
-1.16865e+10
-1.23311e+10
-1.12808e+10
-1.08694e+10
-1.22887e+10
-1.01895e+10
-1.21925e+10
-1.01204e+10
-1.13747e+10
-5.24661e+08
-7.66071e+08
-2.18648e+09
-2.4851e+09
-6.08855e+08
-6.61139e+08
-2.07798e+09
2.66751e+08
3.46948e+08
4.95522e+08
1.0623e+08
9.8961e+07
1.17708e+08
3.18127e+08
-6.21974e+07
-3.29235e+08
-2.26582e+09
-4.33309e+08
-1.97777e+09
-3.19228e+08
-1.94136e+09
-5.48753e+08
-4.34272e+09
-4.5945e+09
-9.79342e+08
-9.38344e+08
-2.37091e+09
-2.86354e+09
-8.46434e+08
-1.03429e+09
-2.48316e+09
-4.83175e+08
-3.50264e+08
-2.26714e+08
-6.54829e+08
-3.42697e+08
-5.33946e+07
-1.22297e+08
-2.37765e+08
-1.1484e+09
-3.08086e+09
-1.50234e+09
-2.87968e+09
-1.25508e+09
-2.67645e+09
-1.37259e+09
-9.29326e+09
-8.78219e+09
-6.70868e+09
-5.88326e+09
-8.82319e+09
-6.64086e+09
-9.31638e+09
-1.07315e+10
-1.1567e+10
-1.18649e+10
-1.04455e+10
-1.09867e+10
-1.18289e+10
-1.20378e+10
-1.08408e+10
-9.16557e+09
-5.71207e+09
-8.23577e+09
-6.41167e+09
-8.64292e+09
-6.50571e+09
-8.70377e+09
-9.37761e+09
-8.83758e+09
-6.11035e+09
-6.81838e+09
-8.93299e+09
-9.3586e+09
-6.88012e+09
-1.09982e+10
-1.21399e+10
-1.2165e+10
-1.10677e+10
-1.09834e+10
-1.18947e+10
-1.20871e+10
-1.08803e+10
-9.479e+09
-6.30191e+09
-9.24319e+09
-7.15962e+09
-9.06014e+09
-7.01277e+09
-9.63196e+09
-1.13191e+10
-1.13007e+10
-9.36532e+09
-1.02387e+10
-9.5457e+09
-8.49163e+09
-9.54537e+09
-1.12653e+10
-9.05871e+09
-9.2052e+09
-9.19805e+09
-9.19063e+09
-9.22403e+09
-9.13427e+09
-9.19395e+09
-9.24004e+09
-9.12078e+09
-9.40704e+09
-1.01453e+10
-9.94364e+09
-9.57654e+09
-9.93259e+09
-9.45571e+09
-9.44404e+09
-1.31887e+10
-1.16163e+10
-1.13079e+10
-1.10263e+10
-1.15156e+10
-1.04685e+10
-1.16405e+10
-1.05573e+10
-1.12537e+10
-1.22317e+10
-1.25663e+10
-1.24174e+10
-1.25066e+10
-1.13815e+10
-1.10514e+10
-1.20817e+10
-1.04089e+10
-1.14923e+10
-1.1909e+10
-1.04849e+10
-1.21169e+10
-1.23538e+10
-1.20977e+10
-1.24254e+10
-1.12228e+10
-1.20251e+10
-1.01978e+10
-1.10419e+10
-1.18195e+10
-1.12158e+10
-1.02508e+10
-1.23273e+10
-1.23945e+10
-1.26038e+10
-1.22377e+10
-1.21916e+10
-1.2314e+10
-1.21941e+10
-1.25307e+10
-1.1461e+10
-1.11923e+10
-1.18877e+10
-1.03927e+10
-1.18916e+10
-1.04507e+10
-1.1432e+10
-2.09658e+09
-2.69871e+09
-4.08727e+09
-3.50763e+09
-2.52328e+09
-2.20333e+09
-3.4196e+09
-1.20204e+09
-6.70713e+08
-8.43296e+08
-1.0015e+09
-1.35074e+09
-1.06244e+09
-9.86255e+08
-1.4312e+09
-1.9227e+09
-3.91277e+09
-1.97519e+09
-3.19818e+09
-2.28716e+09
-1.73e+09
-3.29984e+09
-6.1572e+09
-6.03557e+09
-2.29059e+09
-2.87967e+09
-3.56996e+09
-4.40966e+09
-2.28212e+09
-2.93606e+09
-3.57205e+09
-1.4115e+09
-1.07332e+09
-9.66985e+08
-1.47986e+09
-1.47137e+09
-1.11647e+09
-1.05317e+09
-1.49234e+09
-2.21645e+09
-4.28676e+09
-2.72443e+09
-3.48587e+09
-2.77507e+09
-3.50944e+09
-2.3055e+09
-9.77923e+09
-7.03369e+09
-9.73607e+09
-7.53456e+09
-9.66315e+09
-7.46278e+09
-9.87244e+09
-1.11013e+10
-1.21645e+10
-1.11295e+10
-1.215e+10
-9.7243e+09
-6.90095e+09
-9.4816e+09
-7.37024e+09
-9.53463e+09
-9.75083e+09
-7.37062e+09
-1.11448e+10
-1.20236e+10
-1.21143e+10
-1.11069e+10
-9.9301e+09
-9.83817e+09
-7.58004e+09
-7.27925e+09
-9.90075e+09
-9.92264e+09
-7.53999e+09
-1.11785e+10
-1.19387e+10
-1.2199e+10
-1.09342e+10
-1.1312e+10
-1.20447e+10
-1.22709e+10
-1.11361e+10
-9.90456e+09
-7.2183e+09
-9.45238e+09
-7.39055e+09
-9.83822e+09
-7.4772e+09
-9.48519e+09
)
;

boundaryField
{
    inlet
    {
        type            zeroGradient;
    }
    outlet
    {
        type            fixedValue;
        value           uniform 101325;
    }
    rightSide
    {
        type            symmetryPlane;
    }
    leftSide
    {
        type            symmetryPlane;
    }
    duct
    {
        type            zeroGradient;
    }
    cylinder
    {
        type            zeroGradient;
    }
}


// ************************************************************************* //
