/*--------------------------------*- C++ -*----------------------------------*\
| =========                 |                                                 |
| \\      /  F ield         | OpenFOAM: The Open Source CFD Toolbox           |
|  \\    /   O peration     | Version:  4.1                                   |
|   \\  /    A nd           | Web:      www.OpenFOAM.org                      |
|    \\/     M anipulation  |                                                 |
\*---------------------------------------------------------------------------*/
FoamFile
{
    version     2.0;
    format      ascii;
    class       volScalarField;
    location    "18";
    object      p;
}
// * * * * * * * * * * * * * * * * * * * * * * * * * * * * * * * * * * * * * //

dimensions      [0 2 -2 0 0 0 0];

internalField   nonuniform List<scalar> 
4432
(
-3.82049e+09
-3.0192e+09
6.09469e+09
2.9363e+10
8.05683e+09
-9.89522e+09
-6.26607e+09
-5.45211e+09
-5.97481e+09
-6.6849e+09
-6.92669e+09
-7.16699e+09
-7.59502e+09
-8.05536e+09
-8.43593e+09
-8.56453e+09
-8.30355e+09
-8.05343e+09
-7.96376e+09
-7.98125e+09
-7.99066e+09
-7.99893e+09
-7.99981e+09
-7.99526e+09
-7.98764e+09
-7.97948e+09
-7.97347e+09
-7.9722e+09
-7.97803e+09
-7.99305e+09
-8.0186e+09
-8.05601e+09
-8.10589e+09
-8.16424e+09
-8.22607e+09
-8.2905e+09
-8.35459e+09
-8.4178e+09
-8.48193e+09
-8.54815e+09
-8.6196e+09
-8.70046e+09
-8.79164e+09
-8.89432e+09
-9.02153e+09
-9.18907e+09
-9.38214e+09
-9.60777e+09
-9.92306e+09
-1.04343e+10
-1.14296e+10
-1.3443e+10
-1.58432e+10
-1.11737e+10
-6.52249e+09
-1.91533e+09
2.27947e+09
6.71267e+09
4.44323e+09
-1.06906e+10
-9.85695e+09
-7.69906e+09
-7.48567e+09
-7.75731e+09
-7.50197e+09
-7.33896e+09
-7.60787e+09
-8.09328e+09
-8.48686e+09
-8.5746e+09
-8.2752e+09
-8.02681e+09
-7.96979e+09
-7.98762e+09
-7.99563e+09
-8.00592e+09
-8.00855e+09
-8.00617e+09
-8.00057e+09
-7.9945e+09
-7.99063e+09
-7.99159e+09
-7.99967e+09
-8.0169e+09
-8.04468e+09
-8.08427e+09
-8.13624e+09
-8.19788e+09
-8.26498e+09
-8.33364e+09
-8.40089e+09
-8.46741e+09
-8.53519e+09
-8.60517e+09
-8.67979e+09
-8.76277e+09
-8.85429e+09
-8.95406e+09
-9.07073e+09
-9.21917e+09
-9.39125e+09
-9.58312e+09
-9.88643e+09
-1.0407e+10
-1.14689e+10
-1.38487e+10
-1.63202e+10
-1.03841e+10
-4.20511e+08
8.13698e+08
-3.64309e+07
-9.47396e+09
-5.00474e+09
-1.27477e+10
-1.56635e+10
-1.17409e+10
-9.48059e+09
-8.51924e+09
-7.51063e+09
-7.16825e+09
-7.33605e+09
-7.72196e+09
-8.17598e+09
-8.54337e+09
-8.47829e+09
-8.17852e+09
-8.03403e+09
-7.99499e+09
-7.99936e+09
-8.00498e+09
-8.00469e+09
-7.99736e+09
-7.98604e+09
-7.97355e+09
-7.96302e+09
-7.95732e+09
-7.95886e+09
-7.96969e+09
-7.99085e+09
-8.0235e+09
-8.07068e+09
-8.12591e+09
-8.17502e+09
-8.22329e+09
-8.27703e+09
-8.33453e+09
-8.39506e+09
-8.45559e+09
-8.51675e+09
-8.58547e+09
-8.66971e+09
-8.77134e+09
-8.8974e+09
-9.0937e+09
-9.34451e+09
-9.59318e+09
-9.96892e+09
-1.06306e+10
-1.19049e+10
-1.43116e+10
-1.57192e+10
-8.19409e+09
-3.44393e+09
-2.83379e+09
-1.94774e+09
-4.72123e+09
-7.19452e+09
-1.39795e+10
-1.59982e+10
-1.15573e+10
-9.5439e+09
-8.40815e+09
-7.43518e+09
-7.06325e+09
-7.23608e+09
-7.67436e+09
-8.19817e+09
-8.59896e+09
-8.46245e+09
-8.11747e+09
-8.02331e+09
-7.99693e+09
-8.0046e+09
-8.01133e+09
-8.01276e+09
-8.00731e+09
-7.99801e+09
-7.98767e+09
-7.97937e+09
-7.97593e+09
-7.97963e+09
-7.99225e+09
-8.01477e+09
-8.04806e+09
-8.09332e+09
-8.1474e+09
-8.20324e+09
-8.25822e+09
-8.3116e+09
-8.3676e+09
-8.42991e+09
-8.49289e+09
-8.55558e+09
-8.62525e+09
-8.70823e+09
-8.80696e+09
-8.92945e+09
-9.10523e+09
-9.33098e+09
-9.59255e+09
-9.987e+09
-1.06634e+10
-1.19777e+10
-1.44723e+10
-1.61352e+10
-8.61087e+09
-3.96481e+09
-2.42243e+09
-5.27987e+08
-1.33753e+10
-9.33311e+09
-1.19006e+10
-1.40526e+10
-1.29407e+10
-1.10979e+10
-9.30156e+09
-7.74211e+09
-7.11197e+09
-7.04293e+09
-7.32774e+09
-7.88175e+09
-8.33972e+09
-8.35599e+09
-8.14776e+09
-8.06059e+09
-8.02747e+09
-8.02867e+09
-8.03069e+09
-8.02701e+09
-8.01547e+09
-7.99927e+09
-7.98151e+09
-7.96557e+09
-7.95435e+09
-7.9495e+09
-7.95217e+09
-7.96281e+09
-7.98002e+09
-8.00643e+09
-8.05104e+09
-8.09032e+09
-8.1126e+09
-8.15233e+09
-8.19355e+09
-8.23448e+09
-8.26698e+09
-8.29821e+09
-8.34568e+09
-8.42101e+09
-8.52487e+09
-8.67069e+09
-8.88516e+09
-9.17185e+09
-9.54672e+09
-1.00836e+10
-1.08625e+10
-1.21319e+10
-1.42403e+10
-1.55888e+10
-8.13981e+09
-2.80166e+09
-3.91915e+09
-3.31394e+09
-4.72222e+09
-1.04495e+10
-1.30242e+10
-1.29975e+10
-1.13171e+10
-1.02701e+10
-8.66529e+09
-7.36363e+09
-6.87427e+09
-6.9664e+09
-7.35607e+09
-7.90147e+09
-8.38043e+09
-8.32396e+09
-8.09666e+09
-8.03632e+09
-8.01978e+09
-8.02741e+09
-8.03216e+09
-8.03022e+09
-8.02041e+09
-8.00575e+09
-7.98937e+09
-7.97463e+09
-7.96442e+09
-7.96078e+09
-7.96466e+09
-7.97558e+09
-7.9925e+09
-8.01772e+09
-8.05375e+09
-8.0908e+09
-8.12876e+09
-8.16878e+09
-8.21011e+09
-8.2505e+09
-8.28142e+09
-8.30972e+09
-8.35475e+09
-8.42673e+09
-8.52852e+09
-8.66957e+09
-8.87714e+09
-9.16924e+09
-9.55988e+09
-1.01144e+10
-1.09326e+10
-1.22593e+10
-1.44084e+10
-1.57984e+10
-8.66084e+09
-5.5719e+09
-7.18549e+09
-6.82473e+09
-7.27226e+09
-1.08131e+10
-1.14814e+10
-1.2018e+10
-1.13936e+10
-1.0325e+10
-8.80647e+09
-7.48672e+09
-6.99334e+09
-6.98992e+09
-7.29089e+09
-7.78299e+09
-8.16783e+09
-8.1935e+09
-8.07974e+09
-8.04619e+09
-8.04261e+09
-8.05241e+09
-8.05662e+09
-8.05237e+09
-8.03977e+09
-8.02237e+09
-8.00377e+09
-7.98691e+09
-7.97406e+09
-7.9654e+09
-7.96007e+09
-7.95918e+09
-7.95764e+09
-7.95495e+09
-8.03406e+09
-8.16778e+09
-8.13315e+09
-8.10196e+09
-8.12307e+09
-8.14028e+09
-8.15424e+09
-8.1635e+09
-8.18907e+09
-8.24333e+09
-8.31928e+09
-8.43593e+09
-8.62689e+09
-8.9011e+09
-9.30529e+09
-9.89427e+09
-1.07162e+10
-1.19753e+10
-1.39966e+10
-1.53601e+10
-8.22781e+09
-4.29544e+09
-4.91878e+09
-6.0879e+09
-7.82146e+09
-1.25492e+10
-1.17285e+10
-9.83875e+09
-9.32835e+09
-9.26514e+09
-8.19358e+09
-7.24855e+09
-6.89525e+09
-6.98702e+09
-7.3504e+09
-7.83947e+09
-8.18133e+09
-8.14955e+09
-8.04299e+09
-8.02699e+09
-8.03561e+09
-8.05122e+09
-8.05855e+09
-8.05643e+09
-8.04526e+09
-8.02881e+09
-8.01092e+09
-7.99515e+09
-7.98413e+09
-7.97886e+09
-7.97893e+09
-7.98345e+09
-7.99197e+09
-8.00992e+09
-8.0473e+09
-8.085e+09
-8.11834e+09
-8.13581e+09
-8.1393e+09
-8.15771e+09
-8.17321e+09
-8.18294e+09
-8.20831e+09
-8.26473e+09
-8.34738e+09
-8.46504e+09
-8.65926e+09
-8.94877e+09
-9.37205e+09
-9.98531e+09
-1.08495e+10
-1.21758e+10
-1.42386e+10
-1.5441e+10
-8.14798e+09
-6.72227e+09
-8.11685e+09
-8.771e+09
-7.98943e+09
-1.02984e+10
-9.5228e+09
-9.28838e+09
-9.32012e+09
-9.2287e+09
-8.52967e+09
-7.52592e+09
-6.89945e+09
-6.96107e+09
-7.28578e+09
-7.71388e+09
-7.97272e+09
-8.00744e+09
-7.98259e+09
-7.99465e+09
-8.0169e+09
-8.03875e+09
-8.05011e+09
-8.04913e+09
-8.03781e+09
-8.02051e+09
-8.00204e+09
-7.98533e+09
-7.97296e+09
-7.96591e+09
-7.95878e+09
-7.9535e+09
-7.95316e+09
-7.96615e+09
-8.02432e+09
-8.09315e+09
-8.10206e+09
-8.09676e+09
-8.1061e+09
-8.11346e+09
-8.11884e+09
-8.12496e+09
-8.13765e+09
-8.16444e+09
-8.21308e+09
-8.30435e+09
-8.46853e+09
-8.72685e+09
-9.11112e+09
-9.66002e+09
-1.04231e+10
-1.16166e+10
-1.36685e+10
-1.53482e+10
-9.26492e+09
-6.11772e+09
-6.38424e+09
-7.35998e+09
-8.17666e+09
-1.04747e+10
-8.39588e+09
-7.27091e+09
-7.54999e+09
-7.92334e+09
-7.71822e+09
-7.24615e+09
-6.92203e+09
-6.99814e+09
-7.31531e+09
-7.71453e+09
-7.95413e+09
-7.97341e+09
-7.95809e+09
-7.98078e+09
-8.00992e+09
-8.03524e+09
-8.04812e+09
-8.04805e+09
-8.03696e+09
-8.01985e+09
-8.00188e+09
-7.98663e+09
-7.97572e+09
-7.96927e+09
-7.96862e+09
-7.97853e+09
-7.9952e+09
-8.00942e+09
-8.03681e+09
-8.07231e+09
-8.09853e+09
-8.1175e+09
-8.13051e+09
-8.14233e+09
-8.15166e+09
-8.16509e+09
-8.1872e+09
-8.22395e+09
-8.2872e+09
-8.3951e+09
-8.57416e+09
-8.85137e+09
-9.2599e+09
-9.83642e+09
-1.06371e+10
-1.18964e+10
-1.39591e+10
-1.5254e+10
-8.05936e+09
-7.89474e+09
-8.50261e+09
-8.49558e+09
-8.10491e+09
-8.69905e+09
-7.88975e+09
-7.52664e+09
-7.70368e+09
-7.96332e+09
-7.91308e+09
-7.51833e+09
-6.96994e+09
-6.96403e+09
-7.27726e+09
-7.60768e+09
-7.78962e+09
-7.85612e+09
-7.89439e+09
-7.94469e+09
-7.99121e+09
-8.02834e+09
-8.0487e+09
-8.0509e+09
-8.03719e+09
-8.01502e+09
-7.99283e+09
-7.97289e+09
-7.95116e+09
-7.93435e+09
-7.92828e+09
-7.9334e+09
-7.95079e+09
-7.97943e+09
-8.01384e+09
-8.03125e+09
-8.03921e+09
-8.05291e+09
-8.06724e+09
-8.07642e+09
-8.08252e+09
-8.08794e+09
-8.09622e+09
-8.11411e+09
-8.15449e+09
-8.23956e+09
-8.39304e+09
-8.63806e+09
-9.0021e+09
-9.50953e+09
-1.01978e+10
-1.12955e+10
-1.33399e+10
-1.52828e+10
-9.50024e+09
-7.74482e+09
-7.53552e+09
-7.41218e+09
-6.99389e+09
-8.19725e+09
-7.06023e+09
-6.67466e+09
-7.13089e+09
-7.41739e+09
-7.40233e+09
-7.13387e+09
-6.88049e+09
-6.95697e+09
-7.26687e+09
-7.58188e+09
-7.76125e+09
-7.82915e+09
-7.87831e+09
-7.93602e+09
-7.98708e+09
-8.02576e+09
-8.04675e+09
-8.04963e+09
-8.03772e+09
-8.01758e+09
-7.99578e+09
-7.97589e+09
-7.95959e+09
-7.94895e+09
-7.94411e+09
-7.95057e+09
-7.96781e+09
-7.98495e+09
-8.00727e+09
-8.03203e+09
-8.05129e+09
-8.07173e+09
-8.09095e+09
-8.10464e+09
-8.11602e+09
-8.13079e+09
-8.15023e+09
-8.1819e+09
-8.23877e+09
-8.34205e+09
-8.5153e+09
-8.78338e+09
-9.17076e+09
-9.70135e+09
-1.042e+10
-1.15669e+10
-1.35754e+10
-1.50549e+10
-8.2183e+09
-8.2984e+09
-8.64517e+09
-8.09738e+09
-7.74933e+09
-7.23446e+09
-6.84723e+09
-6.83823e+09
-7.10021e+09
-7.4476e+09
-7.58541e+09
-7.22076e+09
-6.88822e+09
-6.97948e+09
-7.25468e+09
-7.4866e+09
-7.63927e+09
-7.74197e+09
-7.82997e+09
-7.91706e+09
-7.99254e+09
-8.05013e+09
-8.08148e+09
-8.08532e+09
-8.06684e+09
-8.03746e+09
-8.00592e+09
-7.97554e+09
-7.951e+09
-7.93657e+09
-7.93118e+09
-7.93651e+09
-7.95609e+09
-7.98863e+09
-8.01952e+09
-8.0357e+09
-8.04937e+09
-8.06723e+09
-8.08586e+09
-8.10379e+09
-8.12016e+09
-8.13616e+09
-8.15772e+09
-8.19509e+09
-8.26355e+09
-8.38191e+09
-8.57281e+09
-8.86131e+09
-9.26801e+09
-9.80105e+09
-1.04705e+10
-1.14319e+10
-1.30735e+10
-1.47336e+10
-9.56422e+09
-8.30603e+09
-7.94957e+09
-7.60405e+09
-6.31798e+09
-6.11617e+09
-6.20881e+09
-6.83268e+09
-7.26353e+09
-7.40492e+09
-7.26576e+09
-6.96685e+09
-6.83213e+09
-6.97376e+09
-7.23989e+09
-7.46807e+09
-7.6191e+09
-7.72481e+09
-7.81895e+09
-7.90943e+09
-7.9868e+09
-8.04464e+09
-8.07682e+09
-8.0829e+09
-8.0679e+09
-8.03991e+09
-8.00799e+09
-7.98018e+09
-7.96042e+09
-7.94973e+09
-7.94701e+09
-7.95169e+09
-7.96462e+09
-7.9896e+09
-8.01715e+09
-8.03875e+09
-8.05876e+09
-8.08032e+09
-8.10119e+09
-8.12111e+09
-8.14121e+09
-8.16286e+09
-8.19126e+09
-8.237e+09
-8.31542e+09
-8.44659e+09
-8.65202e+09
-8.95674e+09
-9.38058e+09
-9.93102e+09
-1.06223e+10
-1.16058e+10
-1.32538e+10
-1.48656e+10
-9.18808e+09
-8.15138e+09
-8.18146e+09
-7.75806e+09
-7.24443e+09
-6.31547e+09
-5.7193e+09
-6.01737e+09
-6.60932e+09
-7.20189e+09
-7.44476e+09
-7.09164e+09
-6.87529e+09
-6.97981e+09
-7.18116e+09
-7.36375e+09
-7.51452e+09
-7.64863e+09
-7.77763e+09
-7.90068e+09
-8.00849e+09
-8.08874e+09
-8.13127e+09
-8.1353e+09
-8.11001e+09
-8.06849e+09
-8.0251e+09
-7.98893e+09
-7.96523e+09
-7.95534e+09
-7.95172e+09
-7.96037e+09
-7.99107e+09
-8.01783e+09
-8.03845e+09
-8.05901e+09
-8.08571e+09
-8.11546e+09
-8.14211e+09
-8.16634e+09
-8.19012e+09
-8.21738e+09
-8.25649e+09
-8.31877e+09
-8.41989e+09
-8.58175e+09
-8.83107e+09
-9.19579e+09
-9.69789e+09
-1.0342e+10
-1.11361e+10
-1.22175e+10
-1.38198e+10
-1.46269e+10
-7.91224e+09
-8.05128e+09
-7.66592e+09
-7.47636e+09
-6.37248e+09
-5.15747e+09
-5.01524e+09
-6.00505e+09
-6.64205e+09
-6.98487e+09
-7.09328e+09
-6.93506e+09
-6.87134e+09
-6.99233e+09
-7.18445e+09
-7.35931e+09
-7.50824e+09
-7.644e+09
-7.77454e+09
-7.89861e+09
-8.00662e+09
-8.08785e+09
-8.13214e+09
-8.13792e+09
-8.11331e+09
-8.07095e+09
-8.02622e+09
-7.99051e+09
-7.9673e+09
-7.96085e+09
-7.96637e+09
-7.97436e+09
-7.99342e+09
-8.0194e+09
-8.04511e+09
-8.0707e+09
-8.10111e+09
-8.13281e+09
-8.16026e+09
-8.18537e+09
-8.21126e+09
-8.24108e+09
-8.28402e+09
-8.35124e+09
-8.45839e+09
-8.62753e+09
-8.88495e+09
-9.25838e+09
-9.76961e+09
-1.04246e+10
-1.12351e+10
-1.23535e+10
-1.40486e+10
-1.49989e+10
-8.2307e+09
-7.56453e+09
-7.33154e+09
-7.21223e+09
-6.81708e+09
-6.13166e+09
-5.33754e+09
-5.55572e+09
-6.31222e+09
-6.92133e+09
-7.0136e+09
-6.8278e+09
-6.7895e+09
-6.90685e+09
-7.07381e+09
-7.24365e+09
-7.40753e+09
-7.57053e+09
-7.73446e+09
-7.89363e+09
-8.03588e+09
-8.14308e+09
-8.19979e+09
-8.1998e+09
-8.15473e+09
-8.08815e+09
-8.02475e+09
-7.97661e+09
-7.94628e+09
-7.93769e+09
-7.94242e+09
-7.94976e+09
-7.9735e+09
-8.00292e+09
-8.02825e+09
-8.05472e+09
-8.08041e+09
-8.10289e+09
-8.12157e+09
-8.13773e+09
-8.15274e+09
-8.17049e+09
-8.20001e+09
-8.25484e+09
-8.35321e+09
-8.51921e+09
-8.78204e+09
-9.17144e+09
-9.71164e+09
-1.04103e+10
-1.12822e+10
-1.24765e+10
-1.42766e+10
-1.54444e+10
-8.85738e+09
-7.22442e+09
-6.95779e+09
-7.00415e+09
-6.52274e+09
-5.3508e+09
-4.83125e+09
-5.51983e+09
-6.16261e+09
-6.53162e+09
-6.71249e+09
-6.73994e+09
-6.80168e+09
-6.92468e+09
-7.0862e+09
-7.24954e+09
-7.41206e+09
-7.57496e+09
-7.73847e+09
-7.89741e+09
-8.03954e+09
-8.14816e+09
-8.20556e+09
-8.20548e+09
-8.15967e+09
-8.09219e+09
-8.02729e+09
-7.97711e+09
-7.94482e+09
-7.93923e+09
-7.95438e+09
-7.96347e+09
-7.98364e+09
-8.01025e+09
-8.03765e+09
-8.06952e+09
-8.09876e+09
-8.1231e+09
-8.14333e+09
-8.1606e+09
-8.17743e+09
-8.19793e+09
-8.23059e+09
-8.28844e+09
-8.39023e+09
-8.56004e+09
-8.82645e+09
-9.21856e+09
-9.75949e+09
-1.04573e+10
-1.13269e+10
-1.2529e+10
-1.44312e+10
-1.59495e+10
-9.56163e+09
-6.61029e+09
-6.51762e+09
-6.47683e+09
-6.58371e+09
-6.58077e+09
-5.91156e+09
-5.74235e+09
-6.17799e+09
-6.47947e+09
-6.48826e+09
-6.55469e+09
-6.66682e+09
-6.80653e+09
-6.96885e+09
-7.14195e+09
-7.32207e+09
-7.51032e+09
-7.70543e+09
-7.90201e+09
-8.0837e+09
-8.22802e+09
-8.3055e+09
-8.29538e+09
-8.20979e+09
-8.09804e+09
-8.00113e+09
-7.93411e+09
-7.89638e+09
-7.88625e+09
-7.90006e+09
-7.92822e+09
-7.96273e+09
-7.99663e+09
-8.02691e+09
-8.05492e+09
-8.077e+09
-8.09096e+09
-8.09784e+09
-8.09903e+09
-8.09587e+09
-8.09223e+09
-8.09717e+09
-8.12501e+09
-8.19596e+09
-8.3362e+09
-8.57676e+09
-8.94923e+09
-9.47867e+09
-1.01746e+10
-1.10573e+10
-1.23177e+10
-1.43631e+10
-1.64671e+10
-1.23958e+10
-6.25646e+09
-6.30785e+09
-6.56775e+09
-6.78315e+09
-6.36657e+09
-5.85025e+09
-5.57779e+09
-5.83364e+09
-6.15133e+09
-6.38513e+09
-6.54713e+09
-6.68107e+09
-6.81806e+09
-6.9785e+09
-7.14866e+09
-7.32856e+09
-7.51665e+09
-7.71132e+09
-7.90637e+09
-8.08768e+09
-8.23156e+09
-8.30839e+09
-8.29719e+09
-8.21236e+09
-8.10212e+09
-8.00641e+09
-7.9396e+09
-7.90228e+09
-7.89845e+09
-7.91965e+09
-7.94385e+09
-7.97391e+09
-8.00667e+09
-8.03729e+09
-8.0688e+09
-8.09457e+09
-8.11063e+09
-8.11855e+09
-8.12019e+09
-8.11771e+09
-8.11578e+09
-8.12355e+09
-8.1551e+09
-8.23042e+09
-8.3755e+09
-8.62073e+09
-8.99682e+09
-9.52801e+09
-1.02242e+10
-1.11112e+10
-1.238e+10
-1.44652e+10
-1.65825e+10
-1.17861e+10
-5.78415e+09
-5.93719e+09
-5.99742e+09
-6.75348e+09
-7.06332e+09
-6.58809e+09
-6.15258e+09
-6.05331e+09
-6.12587e+09
-6.27694e+09
-6.43502e+09
-6.57592e+09
-6.71984e+09
-6.88125e+09
-7.05913e+09
-7.25218e+09
-7.45992e+09
-7.68221e+09
-7.91464e+09
-8.14157e+09
-8.33508e+09
-8.4472e+09
-8.41982e+09
-8.25895e+09
-8.05873e+09
-7.90631e+09
-7.81771e+09
-7.78162e+09
-7.7869e+09
-7.8252e+09
-7.88017e+09
-7.93497e+09
-7.9837e+09
-8.02709e+09
-8.06564e+09
-8.09585e+09
-8.11532e+09
-8.12539e+09
-8.12779e+09
-8.12415e+09
-8.11906e+09
-8.12168e+09
-8.14683e+09
-8.21576e+09
-8.35619e+09
-8.60101e+09
-8.98512e+09
-9.53799e+09
-1.02751e+10
-1.12458e+10
-1.2705e+10
-1.49957e+10
-1.6448e+10
-1.01257e+10
-5.52331e+09
-5.95672e+09
-6.45636e+09
-7.0249e+09
-7.10832e+09
-6.41017e+09
-5.76411e+09
-5.8612e+09
-6.07802e+09
-6.26617e+09
-6.43233e+09
-6.58017e+09
-6.72434e+09
-6.88484e+09
-7.06196e+09
-7.25549e+09
-7.46442e+09
-7.68684e+09
-7.91775e+09
-8.14279e+09
-8.33408e+09
-8.44332e+09
-8.4126e+09
-8.25054e+09
-8.05138e+09
-7.90184e+09
-7.81498e+09
-7.78166e+09
-7.79235e+09
-7.83219e+09
-7.88388e+09
-7.93586e+09
-7.98475e+09
-8.0291e+09
-8.06961e+09
-8.1018e+09
-8.12237e+09
-8.13263e+09
-8.13482e+09
-8.13104e+09
-8.12636e+09
-8.13027e+09
-8.15754e+09
-8.22886e+09
-8.37141e+09
-8.61806e+09
-9.00351e+09
-9.55686e+09
-1.02951e+10
-1.12723e+10
-1.2771e+10
-1.51093e+10
-1.62038e+10
-8.74464e+09
-5.45227e+09
-5.78905e+09
-6.18627e+09
-6.85703e+09
-6.92875e+09
-6.63463e+09
-6.31822e+09
-6.15854e+09
-6.16349e+09
-6.25601e+09
-6.3799e+09
-6.51783e+09
-6.6614e+09
-6.8194e+09
-6.99884e+09
-7.19992e+09
-7.42353e+09
-7.66931e+09
-7.93576e+09
-8.21364e+09
-8.4763e+09
-8.65901e+09
-8.64236e+09
-8.36414e+09
-8.00556e+09
-7.76564e+09
-7.65927e+09
-7.63568e+09
-7.6674e+09
-7.73036e+09
-7.80681e+09
-7.87978e+09
-7.9426e+09
-7.99586e+09
-8.04025e+09
-8.07503e+09
-8.09936e+09
-8.11424e+09
-8.12165e+09
-8.1241e+09
-8.12697e+09
-8.14008e+09
-8.1794e+09
-8.26799e+09
-8.4352e+09
-8.71454e+09
-9.14075e+09
-9.74191e+09
-1.05325e+10
-1.15536e+10
-1.30165e+10
-1.51291e+10
-1.60627e+10
-8.52595e+09
-5.39029e+09
-6.06365e+09
-6.62164e+09
-6.95228e+09
-6.76698e+09
-6.28808e+09
-6.09984e+09
-6.10894e+09
-6.17007e+09
-6.26689e+09
-6.38459e+09
-6.5187e+09
-6.66121e+09
-6.81825e+09
-6.99745e+09
-7.19967e+09
-7.42603e+09
-7.67409e+09
-7.94079e+09
-8.21634e+09
-8.47527e+09
-8.65351e+09
-8.63245e+09
-8.34643e+09
-7.98965e+09
-7.75242e+09
-7.64818e+09
-7.6279e+09
-7.66456e+09
-7.72782e+09
-7.80076e+09
-7.87113e+09
-7.93278e+09
-7.98515e+09
-8.02868e+09
-8.06232e+09
-8.08487e+09
-8.09719e+09
-8.10135e+09
-8.10006e+09
-8.0989e+09
-8.10801e+09
-8.14364e+09
-8.22798e+09
-8.38907e+09
-8.66082e+09
-9.07794e+09
-9.66723e+09
-1.0442e+10
-1.14417e+10
-1.28728e+10
-1.49639e+10
-1.61312e+10
-1.01535e+10
-5.5482e+09
-5.88298e+09
-6.46831e+09
-6.67724e+09
-6.49283e+09
-6.32936e+09
-6.25459e+09
-6.22839e+09
-6.24333e+09
-6.30194e+09
-6.38774e+09
-6.49633e+09
-6.62252e+09
-6.76924e+09
-6.94455e+09
-7.14983e+09
-7.38873e+09
-7.66192e+09
-7.96959e+09
-8.30993e+09
-8.6699e+09
-9.00025e+09
-9.1009e+09
-8.64453e+09
-7.94789e+09
-7.51652e+09
-7.40335e+09
-7.42574e+09
-7.51268e+09
-7.61109e+09
-7.70765e+09
-7.79272e+09
-7.86276e+09
-7.9178e+09
-7.95994e+09
-7.99104e+09
-8.01173e+09
-8.02326e+09
-8.0279e+09
-8.02865e+09
-8.03116e+09
-8.04586e+09
-8.09011e+09
-8.18889e+09
-8.37297e+09
-8.67541e+09
-9.12813e+09
-9.75481e+09
-1.05633e+10
-1.15808e+10
-1.29888e+10
-1.50572e+10
-1.63002e+10
-9.97019e+09
-5.59495e+09
-6.20501e+09
-6.53982e+09
-6.54371e+09
-6.27527e+09
-6.15423e+09
-6.16992e+09
-6.1971e+09
-6.23902e+09
-6.30119e+09
-6.3842e+09
-6.48864e+09
-6.61266e+09
-6.75822e+09
-6.93356e+09
-7.14116e+09
-7.38488e+09
-7.66357e+09
-7.97312e+09
-8.31114e+09
-8.66482e+09
-8.98984e+09
-9.09241e+09
-8.62126e+09
-7.92733e+09
-7.50482e+09
-7.39709e+09
-7.42555e+09
-7.51828e+09
-7.61868e+09
-7.71445e+09
-7.79969e+09
-7.87031e+09
-7.92559e+09
-7.96798e+09
-7.99978e+09
-8.02089e+09
-8.0321e+09
-8.03571e+09
-8.03488e+09
-8.03539e+09
-8.048e+09
-8.09024e+09
-8.18583e+09
-8.36382e+09
-8.65785e+09
-9.09992e+09
-9.71335e+09
-1.05101e+10
-1.15267e+10
-1.29923e+10
-1.51725e+10
-1.61651e+10
-8.5816e+09
-5.68237e+09
-5.89118e+09
-6.33218e+09
-6.28964e+09
-6.19323e+09
-6.1749e+09
-6.21267e+09
-6.2533e+09
-6.29971e+09
-6.35754e+09
-6.42939e+09
-6.52025e+09
-6.63164e+09
-6.76795e+09
-6.94031e+09
-7.15311e+09
-7.41128e+09
-7.7173e+09
-8.06818e+09
-8.47104e+09
-8.93857e+09
-9.48193e+09
-9.94127e+09
-9.52694e+09
-8.17665e+09
-6.90693e+09
-6.95242e+09
-7.16107e+09
-7.36263e+09
-7.51988e+09
-7.64679e+09
-7.74726e+09
-7.82576e+09
-7.88496e+09
-7.92864e+09
-7.95963e+09
-7.97939e+09
-7.98969e+09
-7.99266e+09
-7.99148e+09
-7.99244e+09
-8.0073e+09
-8.05508e+09
-8.16178e+09
-8.3576e+09
-8.67433e+09
-9.14128e+09
-9.77596e+09
-1.0579e+10
-1.15727e+10
-1.29446e+10
-1.49213e+10
-1.5862e+10
-8.53267e+09
-5.70653e+09
-6.08922e+09
-6.24517e+09
-6.1457e+09
-6.06228e+09
-6.10905e+09
-6.18238e+09
-6.24414e+09
-6.29968e+09
-6.35888e+09
-6.42866e+09
-6.5149e+09
-6.62129e+09
-6.75308e+09
-6.92219e+09
-7.13481e+09
-7.39823e+09
-7.71697e+09
-8.0789e+09
-8.48792e+09
-8.94514e+09
-9.46138e+09
-9.95868e+09
-9.52522e+09
-8.16234e+09
-6.88841e+09
-6.94346e+09
-7.15528e+09
-7.3613e+09
-7.52013e+09
-7.64713e+09
-7.74735e+09
-7.82508e+09
-7.88321e+09
-7.92688e+09
-7.95876e+09
-7.97906e+09
-7.98914e+09
-7.99127e+09
-7.98886e+09
-7.98839e+09
-8.00206e+09
-8.04915e+09
-8.1541e+09
-8.3457e+09
-8.65593e+09
-9.11358e+09
-9.7357e+09
-1.05233e+10
-1.1499e+10
-1.2852e+10
-1.48864e+10
-1.62678e+10
-1.03067e+10
-5.84759e+09
-5.93299e+09
-6.10745e+09
-6.0685e+09
-6.08323e+09
-6.15328e+09
-6.23508e+09
-6.31165e+09
-6.38351e+09
-6.45501e+09
-6.53099e+09
-6.61767e+09
-6.72076e+09
-6.84614e+09
-7.0053e+09
-7.2048e+09
-7.44862e+09
-7.74384e+09
-8.08952e+09
-8.4902e+09
-8.96826e+09
-9.59367e+09
-1.0159e+10
-1.06371e+10
-1.02997e+10
-5.29988e+09
-6.38532e+09
-6.90755e+09
-7.23399e+09
-7.43843e+09
-7.58685e+09
-7.69494e+09
-7.77543e+09
-7.83442e+09
-7.87615e+09
-7.90262e+09
-7.91538e+09
-7.91652e+09
-7.90817e+09
-7.89389e+09
-7.8811e+09
-7.88281e+09
-7.91809e+09
-8.01155e+09
-8.19283e+09
-8.49336e+09
-8.93877e+09
-9.54085e+09
-1.02928e+10
-1.12017e+10
-1.24313e+10
-1.42909e+10
-1.5519e+10
-8.71544e+09
-5.92302e+09
-5.98093e+09
-6.05247e+09
-6.00696e+09
-6.03752e+09
-6.128e+09
-6.21794e+09
-6.3008e+09
-6.37674e+09
-6.45075e+09
-6.52813e+09
-6.61521e+09
-6.71824e+09
-6.84374e+09
-7.00294e+09
-7.20323e+09
-7.45196e+09
-7.75801e+09
-8.11922e+09
-8.53637e+09
-8.99738e+09
-9.55324e+09
-1.00924e+10
-1.06273e+10
-1.00425e+10
-5.43502e+09
-6.39456e+09
-6.89969e+09
-7.22468e+09
-7.43153e+09
-7.58199e+09
-7.69139e+09
-7.77335e+09
-7.83514e+09
-7.88074e+09
-7.91125e+09
-7.92826e+09
-7.93412e+09
-7.93122e+09
-7.92352e+09
-7.91888e+09
-7.93086e+09
-7.97885e+09
-8.08662e+09
-8.28262e+09
-8.59675e+09
-9.05531e+09
-9.67281e+09
-1.04457e+10
-1.13984e+10
-1.2746e+10
-1.47547e+10
-1.56778e+10
-8.37506e+09
-6.15116e+09
-6.0832e+09
-6.07244e+09
-6.06642e+09
-6.11003e+09
-6.18064e+09
-6.26091e+09
-6.34786e+09
-6.4322e+09
-6.51121e+09
-6.5883e+09
-6.67084e+09
-6.76604e+09
-6.88182e+09
-7.02816e+09
-7.21052e+09
-7.43432e+09
-7.7125e+09
-8.04977e+09
-8.44293e+09
-8.92007e+09
-9.57066e+09
-1.03212e+10
-1.06974e+10
-3.99617e+09
-6.34182e+09
-6.86466e+09
-7.18962e+09
-7.39273e+09
-7.53626e+09
-7.63774e+09
-7.71124e+09
-7.76287e+09
-7.7956e+09
-7.81082e+09
-7.80989e+09
-7.79453e+09
-7.76709e+09
-7.73216e+09
-7.69832e+09
-7.67861e+09
-7.69071e+09
-7.75832e+09
-7.91263e+09
-8.18572e+09
-8.59904e+09
-9.16073e+09
-9.85956e+09
-1.06872e+10
-1.17771e+10
-1.34972e+10
-1.52423e+10
-1.00104e+10
-6.26785e+09
-6.07448e+09
-6.06395e+09
-6.04996e+09
-6.09924e+09
-6.17517e+09
-6.25731e+09
-6.34389e+09
-6.42809e+09
-6.50993e+09
-6.59072e+09
-6.67543e+09
-6.77034e+09
-6.88288e+09
-7.02399e+09
-7.20216e+09
-7.4239e+09
-7.70313e+09
-8.05025e+09
-8.45626e+09
-8.93105e+09
-9.56128e+09
-1.02796e+10
-1.06394e+10
-4.40171e+09
-6.36842e+09
-6.86571e+09
-7.18576e+09
-7.39366e+09
-7.54281e+09
-7.64984e+09
-7.72953e+09
-7.78762e+09
-7.82744e+09
-7.8512e+09
-7.86054e+09
-7.85746e+09
-7.84497e+09
-7.82836e+09
-7.81689e+09
-7.82429e+09
-7.86846e+09
-7.97302e+09
-8.16848e+09
-8.48477e+09
-8.94472e+09
-9.55945e+09
-1.0319e+10
-1.1231e+10
-1.24741e+10
-1.43336e+10
-1.53354e+10
-8.30518e+09
-6.30714e+09
-6.16354e+09
-6.13752e+09
-6.14079e+09
-6.17628e+09
-6.23115e+09
-6.30129e+09
-6.38197e+09
-6.46674e+09
-6.55044e+09
-6.63123e+09
-6.71259e+09
-6.7999e+09
-6.90143e+09
-7.02904e+09
-7.19136e+09
-7.39128e+09
-7.63588e+09
-7.93118e+09
-8.27738e+09
-8.6998e+09
-9.21964e+09
-9.60914e+09
-9.72675e+09
-7.90952e+09
-6.73448e+09
-6.84215e+09
-7.07021e+09
-7.2779e+09
-7.43754e+09
-7.55929e+09
-7.65093e+09
-7.71994e+09
-7.76989e+09
-7.80215e+09
-7.81756e+09
-7.81726e+09
-7.80303e+09
-7.77808e+09
-7.74842e+09
-7.72345e+09
-7.71553e+09
-7.74132e+09
-7.82547e+09
-8.00175e+09
-8.30292e+09
-8.74786e+09
-9.34248e+09
-1.00733e+10
-1.09276e+10
-1.2035e+10
-1.37536e+10
-1.51413e+10
-9.24772e+09
-6.32003e+09
-6.15199e+09
-6.13238e+09
-6.13631e+09
-6.17565e+09
-6.23363e+09
-6.30624e+09
-6.38718e+09
-6.47027e+09
-6.55334e+09
-6.63523e+09
-6.71844e+09
-6.80783e+09
-6.9098e+09
-7.03343e+09
-7.18799e+09
-7.37915e+09
-7.61837e+09
-7.91613e+09
-8.2705e+09
-8.69922e+09
-9.21873e+09
-9.61265e+09
-9.79211e+09
-8.14833e+09
-6.76833e+09
-6.83833e+09
-7.05853e+09
-7.26672e+09
-7.43198e+09
-7.56104e+09
-7.6576e+09
-7.73026e+09
-7.78384e+09
-7.82034e+09
-7.84104e+09
-7.84725e+09
-7.84108e+09
-7.82641e+09
-7.80987e+09
-7.8012e+09
-7.81297e+09
-7.86195e+09
-7.97303e+09
-8.17955e+09
-8.51281e+09
-8.9931e+09
-9.62886e+09
-1.04085e+10
-1.13309e+10
-1.25481e+10
-1.43147e+10
-1.51993e+10
-8.11836e+09
-6.28488e+09
-6.19389e+09
-6.19067e+09
-6.20174e+09
-6.23505e+09
-6.28572e+09
-6.35103e+09
-6.42508e+09
-6.50482e+09
-6.58651e+09
-6.66696e+09
-6.74644e+09
-6.82877e+09
-6.92064e+09
-7.03187e+09
-7.17099e+09
-7.34003e+09
-7.54119e+09
-7.7773e+09
-8.04753e+09
-8.35461e+09
-8.66811e+09
-8.77374e+09
-8.36134e+09
-7.72428e+09
-7.35138e+09
-7.27855e+09
-7.31924e+09
-7.41681e+09
-7.51879e+09
-7.61193e+09
-7.69008e+09
-7.75328e+09
-7.80185e+09
-7.83557e+09
-7.85441e+09
-7.85938e+09
-7.85285e+09
-7.83926e+09
-7.82579e+09
-7.8218e+09
-7.83924e+09
-7.89475e+09
-8.01411e+09
-8.23312e+09
-8.58649e+09
-9.09246e+09
-9.7551e+09
-1.05614e+10
-1.14998e+10
-1.26958e+10
-1.44187e+10
-1.53689e+10
-8.20213e+09
-6.27071e+09
-6.19338e+09
-6.18839e+09
-6.20093e+09
-6.23545e+09
-6.28762e+09
-6.35562e+09
-6.43243e+09
-6.51338e+09
-6.59535e+09
-6.67649e+09
-6.75758e+09
-6.84233e+09
-6.93635e+09
-7.0463e+09
-7.17905e+09
-7.34066e+09
-7.53786e+09
-7.77611e+09
-8.0532e+09
-8.36686e+09
-8.68149e+09
-8.77556e+09
-8.36167e+09
-7.72521e+09
-7.33946e+09
-7.26184e+09
-7.30717e+09
-7.40746e+09
-7.51345e+09
-7.61164e+09
-7.69236e+09
-7.75656e+09
-7.80575e+09
-7.84e+09
-7.85946e+09
-7.86527e+09
-7.86015e+09
-7.84893e+09
-7.83882e+09
-7.83891e+09
-7.8612e+09
-7.9228e+09
-8.04937e+09
-8.27564e+09
-8.63539e+09
-9.14752e+09
-9.81735e+09
-1.06304e+10
-1.15781e+10
-1.27964e+10
-1.45699e+10
-1.56635e+10
-8.77691e+09
-6.28235e+09
-6.23226e+09
-6.23544e+09
-6.25012e+09
-6.28603e+09
-6.33568e+09
-6.39832e+09
-6.47002e+09
-6.54722e+09
-6.62682e+09
-6.70614e+09
-6.78378e+09
-6.86281e+09
-6.95082e+09
-7.05562e+09
-7.18206e+09
-7.33143e+09
-7.50311e+09
-7.69675e+09
-7.90918e+09
-8.12675e+09
-8.29741e+09
-8.30393e+09
-8.07388e+09
-7.76957e+09
-7.57406e+09
-7.49772e+09
-7.49325e+09
-7.53568e+09
-7.59797e+09
-7.66394e+09
-7.72495e+09
-7.77718e+09
-7.81822e+09
-7.84628e+09
-7.86044e+09
-7.86172e+09
-7.85308e+09
-7.83967e+09
-7.82853e+09
-7.82854e+09
-7.85114e+09
-7.91274e+09
-8.03933e+09
-8.26774e+09
-8.6353e+09
-9.16202e+09
-9.85086e+09
-1.06878e+10
-1.167e+10
-1.29398e+10
-1.47548e+10
-1.57551e+10
-8.48694e+09
-6.28719e+09
-6.2345e+09
-6.23693e+09
-6.25035e+09
-6.2854e+09
-6.33536e+09
-6.39966e+09
-6.47375e+09
-6.55295e+09
-6.63392e+09
-6.71474e+09
-6.79464e+09
-6.87679e+09
-6.96733e+09
-7.07196e+09
-7.19453e+09
-7.33896e+09
-7.50911e+09
-7.70565e+09
-7.92354e+09
-8.14529e+09
-8.31442e+09
-8.31468e+09
-8.07499e+09
-7.76316e+09
-7.56416e+09
-7.49222e+09
-7.49291e+09
-7.53603e+09
-7.59885e+09
-7.66601e+09
-7.72705e+09
-7.77835e+09
-7.81775e+09
-7.84352e+09
-7.85484e+09
-7.85276e+09
-7.84047e+09
-7.82312e+09
-7.80734e+09
-7.80138e+09
-7.81669e+09
-7.87037e+09
-7.98809e+09
-8.20521e+09
-8.55797e+09
-9.06652e+09
-9.73301e+09
-1.05385e+10
-1.14792e+10
-1.27077e+10
-1.46102e+10
-1.63984e+10
-1.10416e+10
-6.32277e+09
-6.27541e+09
-6.28423e+09
-6.29975e+09
-6.33304e+09
-6.37843e+09
-6.43634e+09
-6.50362e+09
-6.57687e+09
-6.65349e+09
-6.73088e+09
-6.80631e+09
-6.88132e+09
-6.96413e+09
-7.0625e+09
-7.17766e+09
-7.30975e+09
-7.45757e+09
-7.61913e+09
-7.78974e+09
-7.95114e+09
-8.0617e+09
-8.06291e+09
-7.9477e+09
-7.79726e+09
-7.68758e+09
-7.63243e+09
-7.62044e+09
-7.64117e+09
-7.68174e+09
-7.7291e+09
-7.77601e+09
-7.81807e+09
-7.85095e+09
-7.8717e+09
-7.87895e+09
-7.87373e+09
-7.85933e+09
-7.84097e+09
-7.82511e+09
-7.81953e+09
-7.83475e+09
-7.88691e+09
-8.00191e+09
-8.21744e+09
-8.57368e+09
-9.09267e+09
-9.77559e+09
-1.06075e+10
-1.16013e+10
-1.29287e+10
-1.48912e+10
-1.62246e+10
-9.68604e+09
-6.32469e+09
-6.27828e+09
-6.28619e+09
-6.30046e+09
-6.33244e+09
-6.37739e+09
-6.43638e+09
-6.50591e+09
-6.58135e+09
-6.65932e+09
-6.73766e+09
-6.81458e+09
-6.89214e+09
-6.97669e+09
-7.07392e+09
-7.18603e+09
-7.31485e+09
-7.46263e+09
-7.62797e+09
-7.80234e+09
-7.96454e+09
-8.07157e+09
-8.06429e+09
-7.94097e+09
-7.78435e+09
-7.67502e+09
-7.62616e+09
-7.61849e+09
-7.6376e+09
-7.67548e+09
-7.71998e+09
-7.76302e+09
-7.80041e+09
-7.82772e+09
-7.84184e+09
-7.84132e+09
-7.82712e+09
-7.80245e+09
-7.7721e+09
-7.74177e+09
-7.71879e+09
-7.71361e+09
-7.74266e+09
-7.83136e+09
-8.01567e+09
-8.33465e+09
-8.81105e+09
-9.44394e+09
-1.02107e+10
-1.11234e+10
-1.23667e+10
-1.4431e+10
-1.68879e+10
-1.33604e+10
-6.35976e+09
-6.32297e+09
-6.33302e+09
-6.34745e+09
-6.3778e+09
-6.41924e+09
-6.47246e+09
-6.53506e+09
-6.60412e+09
-6.67685e+09
-6.75036e+09
-6.82165e+09
-6.89119e+09
-6.96604e+09
-7.05442e+09
-7.15867e+09
-7.27694e+09
-7.40631e+09
-7.5448e+09
-7.68557e+09
-7.81127e+09
-7.89451e+09
-7.91021e+09
-7.86383e+09
-7.79322e+09
-7.73554e+09
-7.70386e+09
-7.69653e+09
-7.71022e+09
-7.73997e+09
-7.77696e+09
-7.81475e+09
-7.84921e+09
-7.87577e+09
-7.89089e+09
-7.89319e+09
-7.88373e+09
-7.8659e+09
-7.84488e+09
-7.82693e+09
-7.81871e+09
-7.8293e+09
-7.87473e+09
-7.98156e+09
-8.18879e+09
-8.53805e+09
-9.05288e+09
-9.73202e+09
-1.05586e+10
-1.15608e+10
-1.2926e+10
-1.48937e+10
-1.60024e+10
-8.93493e+09
-6.36114e+09
-6.3244e+09
-6.33412e+09
-6.34775e+09
-6.37693e+09
-6.41743e+09
-6.47081e+09
-6.53474e+09
-6.60541e+09
-6.67935e+09
-6.75409e+09
-6.82732e+09
-6.89965e+09
-6.97657e+09
-7.06418e+09
-7.16545e+09
-7.28085e+09
-7.40931e+09
-7.54843e+09
-7.69045e+09
-7.8168e+09
-7.89763e+09
-7.90881e+09
-7.85651e+09
-7.78268e+09
-7.72741e+09
-7.70224e+09
-7.69909e+09
-7.71156e+09
-7.73828e+09
-7.77159e+09
-7.80458e+09
-7.83376e+09
-7.85461e+09
-7.8634e+09
-7.85874e+09
-7.84149e+09
-7.81467e+09
-7.7826e+09
-7.75081e+09
-7.7262e+09
-7.71823e+09
-7.7424e+09
-7.82439e+09
-8.00186e+09
-8.31673e+09
-8.79178e+09
-9.42724e+09
-1.0204e+10
-1.11569e+10
-1.25105e+10
-1.46571e+10
-1.66445e+10
-1.18964e+10
-6.38737e+09
-6.35842e+09
-6.37107e+09
-6.38596e+09
-6.41425e+09
-6.45196e+09
-6.5002e+09
-6.55749e+09
-6.62169e+09
-6.69005e+09
-6.75961e+09
-6.82727e+09
-6.8928e+09
-6.9619e+09
-7.04243e+09
-7.13702e+09
-7.24207e+09
-7.35422e+09
-7.47194e+09
-7.58895e+09
-7.69239e+09
-7.76669e+09
-7.79958e+09
-7.79404e+09
-7.76998e+09
-7.74728e+09
-7.73589e+09
-7.73685e+09
-7.74887e+09
-7.77148e+09
-7.80052e+09
-7.82999e+09
-7.85594e+09
-7.87447e+09
-7.88189e+09
-7.87704e+09
-7.86107e+09
-7.83736e+09
-7.81098e+09
-7.78776e+09
-7.774e+09
-7.77911e+09
-7.81906e+09
-7.92036e+09
-8.12347e+09
-8.46718e+09
-8.97306e+09
-9.63855e+09
-1.04467e+10
-1.14232e+10
-1.27618e+10
-1.4718e+10
-1.58447e+10
-8.68537e+09
-6.38801e+09
-6.35923e+09
-6.37166e+09
-6.38613e+09
-6.41367e+09
-6.45051e+09
-6.49848e+09
-6.55639e+09
-6.62146e+09
-6.69027e+09
-6.76037e+09
-6.82972e+09
-6.89795e+09
-6.96862e+09
-7.0472e+09
-7.13703e+09
-7.2385e+09
-7.34946e+09
-7.46685e+09
-7.58459e+09
-7.68869e+09
-7.76171e+09
-7.79111e+09
-7.7828e+09
-7.75798e+09
-7.73755e+09
-7.73151e+09
-7.73704e+09
-7.74951e+09
-7.77028e+09
-7.7968e+09
-7.82293e+09
-7.84557e+09
-7.86123e+09
-7.86615e+09
-7.85943e+09
-7.842e+09
-7.81679e+09
-7.78781e+09
-7.76055e+09
-7.74248e+09
-7.74338e+09
-7.77784e+09
-7.87255e+09
-8.06812e+09
-8.40585e+09
-8.90607e+09
-9.5694e+09
-1.03816e+10
-1.13889e+10
-1.28454e+10
-1.50748e+10
-1.63235e+10
-9.2433e+09
-6.41043e+09
-6.38779e+09
-6.40188e+09
-6.41747e+09
-6.44459e+09
-6.47969e+09
-6.52394e+09
-6.57639e+09
-6.6356e+09
-6.69915e+09
-6.76442e+09
-6.82889e+09
-6.89196e+09
-6.95723e+09
-7.0306e+09
-7.11435e+09
-7.20569e+09
-7.30245e+09
-7.40276e+09
-7.50146e+09
-7.59083e+09
-7.66076e+09
-7.70433e+09
-7.72349e+09
-7.7275e+09
-7.72758e+09
-7.73109e+09
-7.73917e+09
-7.75068e+09
-7.7672e+09
-7.78806e+09
-7.80804e+09
-7.82322e+09
-7.8302e+09
-7.82561e+09
-7.80834e+09
-7.77962e+09
-7.74267e+09
-7.7026e+09
-7.66477e+09
-7.63611e+09
-7.62794e+09
-7.65563e+09
-7.74341e+09
-7.93039e+09
-8.25714e+09
-8.74617e+09
-9.39052e+09
-1.01834e+10
-1.11413e+10
-1.24475e+10
-1.44209e+10
-1.59794e+10
-1.06089e+10
-6.41034e+09
-6.38866e+09
-6.40306e+09
-6.41866e+09
-6.44554e+09
-6.48013e+09
-6.52404e+09
-6.57675e+09
-6.63653e+09
-6.70025e+09
-6.76539e+09
-6.83057e+09
-6.89553e+09
-6.96204e+09
-7.03363e+09
-7.11353e+09
-7.20239e+09
-7.29827e+09
-7.39795e+09
-7.49699e+09
-7.58663e+09
-7.65528e+09
-7.69722e+09
-7.71547e+09
-7.7199e+09
-7.72185e+09
-7.72922e+09
-7.74279e+09
-7.75753e+09
-7.77375e+09
-7.79403e+09
-7.81313e+09
-7.82772e+09
-7.83513e+09
-7.83235e+09
-7.81862e+09
-7.79501e+09
-7.76418e+09
-7.72982e+09
-7.69757e+09
-7.67604e+09
-7.67624e+09
-7.71203e+09
-7.81058e+09
-8.01305e+09
-8.35941e+09
-8.86775e+09
-9.53565e+09
-1.03569e+10
-1.13733e+10
-1.28352e+10
-1.50497e+10
-1.60996e+10
-8.51248e+09
-6.42989e+09
-6.41364e+09
-6.42971e+09
-6.44692e+09
-6.47432e+09
-6.5088e+09
-6.55145e+09
-6.60155e+09
-6.65807e+09
-6.7189e+09
-6.78163e+09
-6.84415e+09
-6.90587e+09
-6.96918e+09
-7.03845e+09
-7.11475e+09
-7.19622e+09
-7.28231e+09
-7.37089e+09
-7.45784e+09
-7.53828e+09
-7.60632e+09
-7.65755e+09
-7.69244e+09
-7.71599e+09
-7.73404e+09
-7.75098e+09
-7.76799e+09
-7.78395e+09
-7.80008e+09
-7.81804e+09
-7.83437e+09
-7.84471e+09
-7.84579e+09
-7.835e+09
-7.81142e+09
-7.77686e+09
-7.73522e+09
-7.69077e+09
-7.64763e+09
-7.6133e+09
-7.60093e+09
-7.62655e+09
-7.70843e+09
-7.88216e+09
-8.20367e+09
-8.69539e+09
-9.33196e+09
-1.0127e+10
-1.11159e+10
-1.24915e+10
-1.45294e+10
-1.5772e+10
-9.25109e+09
-6.42929e+09
-6.41422e+09
-6.43061e+09
-6.44796e+09
-6.47534e+09
-6.5095e+09
-6.55165e+09
-6.60141e+09
-6.65786e+09
-6.71845e+09
-6.7805e+09
-6.84266e+09
-6.90516e+09
-6.96948e+09
-7.03791e+09
-7.11218e+09
-7.19251e+09
-7.27794e+09
-7.36558e+09
-7.45194e+09
-7.53239e+09
-7.60042e+09
-7.6511e+09
-7.68551e+09
-7.70882e+09
-7.72677e+09
-7.74462e+09
-7.76519e+09
-7.78543e+09
-7.80278e+09
-7.81969e+09
-7.83454e+09
-7.84369e+09
-7.84456e+09
-7.83498e+09
-7.81409e+09
-7.78318e+09
-7.74484e+09
-7.70244e+09
-7.66116e+09
-7.6304e+09
-7.62417e+09
-7.65881e+09
-7.75683e+09
-7.95426e+09
-8.29105e+09
-8.78832e+09
-9.43915e+09
-1.02526e+10
-1.12682e+10
-1.26879e+10
-1.47587e+10
-1.58457e+10
-8.91233e+09
-6.44476e+09
-6.43254e+09
-6.45045e+09
-6.46928e+09
-6.49744e+09
-6.53205e+09
-6.57414e+09
-6.62305e+09
-6.67801e+09
-6.7372e+09
-6.7983e+09
-6.85922e+09
-6.91948e+09
-6.98096e+09
-7.04696e+09
-7.11768e+09
-7.19191e+09
-7.26988e+09
-7.35018e+09
-7.42936e+09
-7.50385e+09
-7.57019e+09
-7.62542e+09
-7.66931e+09
-7.70391e+09
-7.73245e+09
-7.75759e+09
-7.78007e+09
-7.79897e+09
-7.81441e+09
-7.82839e+09
-7.83981e+09
-7.8443e+09
-7.83813e+09
-7.81913e+09
-7.78719e+09
-7.74472e+09
-7.6956e+09
-7.64261e+09
-7.58836e+09
-7.54111e+09
-7.51665e+09
-7.53206e+09
-7.60145e+09
-7.75941e+09
-8.07285e+09
-8.55014e+09
-9.13764e+09
-9.89608e+09
-1.08744e+10
-1.22297e+10
-1.43308e+10
-1.62898e+10
-1.20272e+10
-6.44325e+09
-6.43338e+09
-6.45145e+09
-6.47046e+09
-6.49862e+09
-6.53299e+09
-6.57458e+09
-6.6228e+09
-6.67709e+09
-6.73565e+09
-6.79588e+09
-6.85592e+09
-6.91602e+09
-6.97806e+09
-7.04394e+09
-7.11405e+09
-7.18818e+09
-7.26618e+09
-7.3462e+09
-7.42482e+09
-7.49924e+09
-7.56613e+09
-7.62195e+09
-7.66628e+09
-7.70131e+09
-7.73018e+09
-7.75579e+09
-7.78013e+09
-7.80332e+09
-7.82273e+09
-7.83809e+09
-7.85035e+09
-7.85603e+09
-7.85233e+09
-7.83787e+09
-7.81221e+09
-7.77671e+09
-7.73381e+09
-7.68616e+09
-7.6383e+09
-7.60068e+09
-7.59092e+09
-7.62909e+09
-7.73467e+09
-7.93791e+09
-8.27721e+09
-8.77101e+09
-9.40694e+09
-1.02169e+10
-1.12494e+10
-1.27075e+10
-1.48585e+10
-1.59388e+10
-8.79691e+09
-6.45135e+09
-6.44218e+09
-6.46107e+09
-6.48071e+09
-6.50908e+09
-6.54342e+09
-6.58471e+09
-6.6323e+09
-6.68552e+09
-6.74285e+09
-6.80216e+09
-6.86145e+09
-6.9201e+09
-6.97952e+09
-7.04225e+09
-7.10843e+09
-7.17719e+09
-7.24883e+09
-7.32271e+09
-7.39646e+09
-7.4671e+09
-7.53216e+09
-7.58983e+09
-7.6394e+09
-7.68176e+09
-7.71873e+09
-7.75162e+09
-7.78037e+09
-7.80403e+09
-7.82212e+09
-7.83613e+09
-7.84724e+09
-7.85187e+09
-7.84579e+09
-7.82714e+09
-7.79614e+09
-7.75546e+09
-7.70903e+09
-7.65808e+09
-7.60356e+09
-7.55358e+09
-7.52819e+09
-7.55275e+09
-7.64742e+09
-7.82787e+09
-8.13363e+09
-8.63885e+09
-9.24636e+09
-1.00147e+10
-1.09929e+10
-1.23274e+10
-1.44306e+10
-1.62893e+10
-1.12156e+10
-6.45056e+09
-6.44425e+09
-6.46337e+09
-6.48338e+09
-6.51202e+09
-6.54647e+09
-6.58771e+09
-6.63498e+09
-6.68771e+09
-6.74456e+09
-6.80344e+09
-6.86225e+09
-6.92059e+09
-6.9801e+09
-7.04268e+09
-7.10868e+09
-7.17779e+09
-7.24988e+09
-7.32384e+09
-7.39705e+09
-7.46726e+09
-7.53259e+09
-7.59088e+09
-7.64105e+09
-7.68408e+09
-7.72178e+09
-7.75508e+09
-7.78428e+09
-7.81039e+09
-7.83339e+09
-7.85085e+09
-7.86357e+09
-7.86983e+09
-7.86684e+09
-7.85385e+09
-7.83018e+09
-7.79714e+09
-7.75659e+09
-7.70994e+09
-7.66121e+09
-7.621e+09
-7.60784e+09
-7.64703e+09
-7.76545e+09
-7.98748e+09
-8.3461e+09
-8.86267e+09
-9.49328e+09
-1.0303e+10
-1.13378e+10
-1.27576e+10
-1.48299e+10
-1.59234e+10
-8.76379e+09
-6.45591e+09
-6.44932e+09
-6.46853e+09
-6.48875e+09
-6.51744e+09
-6.55182e+09
-6.59276e+09
-6.63954e+09
-6.69148e+09
-6.74726e+09
-6.80508e+09
-6.86329e+09
-6.92107e+09
-6.97918e+09
-7.0394e+09
-7.10217e+09
-7.16708e+09
-7.23442e+09
-7.30402e+09
-7.37446e+09
-7.44343e+09
-7.50881e+09
-7.56923e+09
-7.62413e+09
-7.67419e+09
-7.72033e+09
-7.76302e+09
-7.80167e+09
-7.83515e+09
-7.86252e+09
-7.88471e+09
-7.90374e+09
-7.91716e+09
-7.92055e+09
-7.91164e+09
-7.89096e+09
-7.86202e+09
-7.82802e+09
-7.78723e+09
-7.73876e+09
-7.69096e+09
-7.66661e+09
-7.70684e+09
-7.83942e+09
-8.07746e+09
-8.47234e+09
-9.05457e+09
-9.65337e+09
-1.04422e+10
-1.15122e+10
-1.29263e+10
-1.4953e+10
-1.60705e+10
-8.76312e+09
-6.4552e+09
-6.45026e+09
-6.47027e+09
-6.49105e+09
-6.52043e+09
-6.55534e+09
-6.59678e+09
-6.64391e+09
-6.69604e+09
-6.75194e+09
-6.81006e+09
-6.86872e+09
-6.92704e+09
-6.98571e+09
-7.04612e+09
-7.10911e+09
-7.17491e+09
-7.24338e+09
-7.31376e+09
-7.38426e+09
-7.45279e+09
-7.51802e+09
-7.57844e+09
-7.63352e+09
-7.68386e+09
-7.73029e+09
-7.77324e+09
-7.81163e+09
-7.84523e+09
-7.8752e+09
-7.90118e+09
-7.92252e+09
-7.93576e+09
-7.93932e+09
-7.93355e+09
-7.91771e+09
-7.89241e+09
-7.85799e+09
-7.81479e+09
-7.76671e+09
-7.72336e+09
-7.70011e+09
-7.72534e+09
-7.844e+09
-8.09495e+09
-8.4854e+09
-9.03426e+09
-9.65566e+09
-1.04944e+10
-1.15644e+10
-1.29749e+10
-1.49709e+10
-1.60085e+10
-8.4728e+09
-6.45446e+09
-6.44715e+09
-6.46725e+09
-6.48812e+09
-6.51782e+09
-6.55299e+09
-6.59452e+09
-6.64151e+09
-6.69325e+09
-6.74847e+09
-6.80568e+09
-6.86357e+09
-6.92151e+09
-6.97985e+09
-7.03964e+09
-7.10127e+09
-7.16475e+09
-7.23064e+09
-7.29902e+09
-7.36898e+09
-7.43859e+09
-7.50589e+09
-7.56956e+09
-7.62948e+09
-7.68603e+09
-7.73985e+09
-7.79091e+09
-7.83798e+09
-7.87945e+09
-7.91407e+09
-7.94221e+09
-7.96548e+09
-7.98201e+09
-7.98715e+09
-7.97828e+09
-7.95726e+09
-7.92619e+09
-7.88502e+09
-7.83171e+09
-7.76593e+09
-7.69632e+09
-7.64524e+09
-7.66493e+09
-7.79245e+09
-8.08466e+09
-8.66691e+09
-9.24404e+09
-9.70876e+09
-1.05447e+10
-1.16743e+10
-1.31369e+10
-1.51948e+10
-1.63509e+10
-8.98164e+09
-6.45415e+09
-6.44413e+09
-6.46614e+09
-6.48745e+09
-6.51807e+09
-6.55402e+09
-6.59637e+09
-6.64415e+09
-6.69661e+09
-6.75247e+09
-6.81036e+09
-6.86912e+09
-6.92814e+09
-6.98758e+09
-7.04804e+09
-7.11021e+09
-7.17467e+09
-7.24186e+09
-7.31151e+09
-7.3822e+09
-7.45201e+09
-7.51916e+09
-7.58279e+09
-7.64272e+09
-7.69919e+09
-7.75282e+09
-7.80352e+09
-7.85012e+09
-7.89114e+09
-7.92683e+09
-7.95859e+09
-7.9853e+09
-8.0022e+09
-8.0061e+09
-7.99749e+09
-7.97943e+09
-7.95141e+09
-7.91162e+09
-7.86038e+09
-7.8018e+09
-7.74373e+09
-7.69792e+09
-7.68832e+09
-7.77476e+09
-8.0581e+09
-8.52043e+09
-9.11508e+09
-9.71071e+09
-1.05469e+10
-1.16271e+10
-1.30732e+10
-1.5154e+10
-1.63421e+10
-9.10065e+09
-6.46353e+09
-6.45294e+09
-6.47387e+09
-6.49481e+09
-6.52573e+09
-6.56211e+09
-6.60476e+09
-6.65244e+09
-6.70439e+09
-6.75948e+09
-6.81648e+09
-6.87435e+09
-6.93271e+09
-6.9918e+09
-7.05219e+09
-7.11407e+09
-7.17764e+09
-7.24349e+09
-7.31173e+09
-7.38169e+09
-7.45182e+09
-7.52042e+09
-7.58616e+09
-7.64876e+09
-7.70854e+09
-7.76558e+09
-7.81923e+09
-7.86834e+09
-7.91095e+09
-7.94497e+09
-7.97025e+09
-7.98965e+09
-8.00213e+09
-8.00167e+09
-7.98492e+09
-7.95384e+09
-7.91088e+09
-7.85338e+09
-7.78186e+09
-7.70501e+09
-7.63309e+09
-7.58444e+09
-7.58376e+09
-7.63955e+09
-7.81079e+09
-8.45489e+09
-9.2669e+09
-9.59768e+09
-1.03997e+10
-1.15195e+10
-1.30213e+10
-1.52674e+10
-1.70956e+10
-1.12187e+10
-6.45964e+09
-6.44135e+09
-6.46452e+09
-6.48521e+09
-6.51678e+09
-6.55399e+09
-6.59776e+09
-6.6467e+09
-6.6999e+09
-6.75606e+09
-6.81391e+09
-6.87247e+09
-6.93141e+09
-6.99094e+09
-7.05142e+09
-7.11321e+09
-7.17687e+09
-7.24299e+09
-7.31161e+09
-7.38187e+09
-7.4521e+09
-7.52056e+09
-7.58613e+09
-7.64877e+09
-7.70862e+09
-7.76541e+09
-7.81864e+09
-7.86739e+09
-7.91016e+09
-7.94521e+09
-7.97225e+09
-7.99327e+09
-8.0072e+09
-8.00739e+09
-7.99105e+09
-7.96201e+09
-7.92425e+09
-7.87538e+09
-7.81441e+09
-7.74801e+09
-7.68777e+09
-7.64766e+09
-7.64464e+09
-7.71859e+09
-7.93292e+09
-8.3539e+09
-8.98177e+09
-9.61902e+09
-1.04695e+10
-1.15552e+10
-1.30332e+10
-1.5231e+10
-1.69533e+10
-1.15981e+10
-6.46072e+09
-6.44002e+09
-6.45701e+09
-6.47415e+09
-6.50321e+09
-6.53946e+09
-6.58335e+09
-6.63321e+09
-6.68781e+09
-6.74559e+09
-6.80521e+09
-6.86557e+09
-6.92598e+09
-6.98652e+09
-7.04768e+09
-7.1099e+09
-7.17373e+09
-7.23965e+09
-7.30774e+09
-7.37736e+09
-7.44731e+09
-7.51592e+09
-7.58204e+09
-7.64541e+09
-7.70593e+09
-7.76317e+09
-7.81638e+09
-7.8646e+09
-7.90623e+09
-7.93883e+09
-7.96154e+09
-7.97724e+09
-7.98767e+09
-7.98632e+09
-7.96864e+09
-7.9352e+09
-7.88912e+09
-7.8312e+09
-7.76412e+09
-7.70444e+09
-7.66654e+09
-7.64933e+09
-7.66483e+09
-7.71354e+09
-7.78807e+09
-7.98843e+09
-8.62769e+09
-9.35231e+09
-1.02117e+10
-1.13349e+10
-1.28926e+10
-1.51148e+10
-1.65247e+10
-1.06237e+10
-6.46471e+09
-6.44486e+09
-6.46014e+09
-6.4765e+09
-6.50456e+09
-6.53995e+09
-6.58315e+09
-6.63248e+09
-6.68674e+09
-6.74438e+09
-6.80401e+09
-6.86444e+09
-6.92508e+09
-6.986e+09
-7.04756e+09
-7.11022e+09
-7.17452e+09
-7.24087e+09
-7.30934e+09
-7.37938e+09
-7.44969e+09
-7.51871e+09
-7.58538e+09
-7.64937e+09
-7.71045e+09
-7.76831e+09
-7.82234e+09
-7.87206e+09
-7.91671e+09
-7.9537e+09
-7.98024e+09
-7.99732e+09
-8.0066e+09
-8.00413e+09
-7.98628e+09
-7.95471e+09
-7.91531e+09
-7.87008e+09
-7.81903e+09
-7.76971e+09
-7.73155e+09
-7.71265e+09
-7.72434e+09
-7.77337e+09
-7.8888e+09
-8.20839e+09
-8.75347e+09
-9.44e+09
-1.0326e+10
-1.14675e+10
-1.31037e+10
-1.54232e+10
-1.64456e+10
-8.91626e+09
-1.13101e+10
-1.07268e+10
-1.11153e+10
-1.07363e+10
-1.06723e+10
-5.94874e+09
-1.01845e+10
-6.1084e+09
-2.50638e+09
-2.80084e+09
-1.10203e+10
-1.09672e+10
-9.67607e+09
-1.06613e+10
-1.05955e+10
-6.09742e+09
-9.11126e+09
-5.97315e+09
-2.98861e+09
-3.12829e+09
-1.06579e+10
-1.04912e+10
-1.05761e+10
-1.06141e+10
-1.07604e+10
-2.35777e+09
-2.75157e+09
-9.51502e+09
-5.59242e+09
-9.80253e+09
-5.95224e+09
-1.06441e+10
-1.05822e+10
-1.08289e+10
-1.06685e+10
-1.05831e+10
-2.96169e+09
-3.14983e+09
-9.86744e+09
-6.07247e+09
-9.62924e+09
-5.99676e+09
-9.00887e+09
-9.54444e+09
-9.02021e+09
-1.01729e+10
-9.7026e+09
-1.02184e+10
-9.69472e+09
-7.5561e+09
-8.20449e+09
-7.59017e+09
-8.41767e+09
-7.24317e+09
-8.4287e+09
-7.29075e+09
-8.99146e+09
-9.52183e+09
-8.92364e+09
-1.01931e+10
-9.61197e+09
-1.04073e+10
-9.51594e+09
-7.56339e+09
-8.0892e+09
-7.49675e+09
-8.34011e+09
-7.23707e+09
-8.13632e+09
-7.11794e+09
-1.06006e+10
-1.01568e+10
-1.05907e+10
-1.03425e+10
-1.06538e+10
-1.03368e+10
-1.06241e+10
-7.11313e+09
-8.56315e+09
-1.04983e+10
-8.69076e+09
-6.92469e+09
-5.82423e+09
-5.3948e+09
-5.9032e+09
-4.05358e+09
-5.21228e+09
-4.1933e+09
-5.32484e+09
-1.05814e+10
-1.0113e+10
-1.05538e+10
-1.02724e+10
-1.05873e+10
-1.02074e+10
-1.05082e+10
-6.93355e+09
-8.44628e+09
-9.89495e+09
-8.37684e+09
-6.99884e+09
-5.92782e+09
-5.40439e+09
-5.88016e+09
-4.33837e+09
-5.37783e+09
-4.3566e+09
-5.33184e+09
-1.06297e+10
-1.03169e+10
-1.05942e+10
-1.00657e+10
-1.05242e+10
-1.0073e+10
-1.05433e+10
-1.11062e+10
-1.06912e+10
-1.07467e+10
-1.07598e+10
-1.10633e+10
-4.46772e+09
-4.20727e+09
-5.17002e+09
-4.17277e+09
-5.31314e+09
-5.13409e+09
-5.71729e+09
-5.31468e+09
-5.84746e+09
-1.05626e+10
-1.02289e+10
-1.05333e+10
-1.00521e+10
-1.05327e+10
-1.00627e+10
-1.06042e+10
-1.15461e+10
-1.06465e+10
-1.0716e+10
-1.15706e+10
-1.07478e+10
-5.69315e+09
-5.25774e+09
-5.42003e+09
-4.41324e+09
-5.36101e+09
-5.46705e+09
-5.9327e+09
-5.43698e+09
-5.86082e+09
-9.19085e+09
-9.79794e+09
-9.29357e+09
-9.14896e+09
-8.61532e+09
-9.22809e+09
-8.71107e+09
-6.87025e+09
-8.07526e+09
-7.03288e+09
-7.80508e+09
-7.25581e+09
-7.93682e+09
-7.37347e+09
-9.32705e+09
-9.77503e+09
-9.2321e+09
-9.21162e+09
-8.72395e+09
-9.17826e+09
-8.65439e+09
-7.12166e+09
-8.05306e+09
-7.02425e+09
-7.97883e+09
-7.4266e+09
-7.90077e+09
-7.33838e+09
-1.25278e+10
-1.11604e+10
-1.14232e+10
-1.11291e+10
-1.25323e+10
-1.24236e+10
-1.13118e+10
-1.09919e+10
-1.11096e+10
-1.24235e+10
-1.14009e+10
-1.08004e+10
-1.07262e+10
-1.07751e+10
-1.12649e+10
-1.28183e+10
-1.238e+10
-1.12432e+10
-1.06986e+10
-1.06908e+10
-1.0744e+10
-1.13461e+10
-1.24847e+10
-1.31432e+10
-7.0371e+09
-1.0393e+10
-8.52356e+09
-8.65249e+09
-6.96779e+09
-5.64956e+09
-5.36746e+09
-4.27574e+09
-3.27094e+09
-2.41931e+09
-3.25638e+09
-4.08514e+09
-5.55002e+09
-5.50188e+09
-4.26326e+09
-3.53602e+09
-2.58269e+09
-3.39332e+09
-4.29896e+09
-1.18362e+10
-1.09377e+10
-1.07753e+10
-1.07873e+10
-1.22217e+10
-1.20232e+10
-1.03032e+10
-1.0176e+10
-1.05785e+10
-1.25003e+10
-1.12801e+10
-1.07327e+10
-1.06684e+10
-1.13102e+10
-1.07677e+10
-1.17692e+10
-1.24032e+10
-1.12766e+10
-1.06202e+10
-1.06293e+10
-1.0673e+10
-1.11184e+10
-1.2033e+10
-1.2206e+10
-6.93514e+09
-9.57264e+09
-7.94423e+09
-8.17828e+09
-6.6815e+09
-5.66373e+09
-5.60912e+09
-4.51231e+09
-3.6783e+09
-3.00733e+09
-4.39633e+09
-3.69447e+09
-5.73059e+09
-5.43386e+09
-4.52384e+09
-3.70911e+09
-2.99623e+09
-3.65838e+09
-4.36185e+09
-1.16438e+10
-1.15061e+10
-1.1287e+10
-1.06762e+10
-1.07341e+10
-1.07675e+10
-1.14735e+10
-1.1769e+10
-1.29163e+10
-1.17238e+10
-1.05929e+10
-1.07355e+10
-1.06445e+10
-1.16789e+10
-1.18068e+10
-1.07988e+10
-1.07486e+10
-1.21723e+10
-1.0749e+10
-3.40079e+09
-2.29845e+09
-3.02761e+09
-3.02787e+09
-3.22379e+09
-4.52299e+09
-4.94477e+09
-3.51035e+09
-2.50089e+09
-3.44696e+09
-3.23099e+09
-3.8979e+09
-6.12322e+09
-7.79901e+09
-9.75935e+09
-7.96417e+09
-5.88207e+09
-6.17714e+09
-9.81107e+09
-8.14297e+09
-6.53932e+09
-8.07183e+09
-1.20572e+10
-1.25849e+10
-1.15148e+10
-1.06196e+10
-1.07741e+10
-1.07216e+10
-1.15337e+10
-1.25829e+10
-1.23472e+10
-1.19452e+10
-1.08537e+10
-1.08267e+10
-1.21747e+10
-1.0816e+10
-1.18204e+10
-1.07012e+10
-1.06147e+10
-1.0587e+10
-1.21094e+10
-4.52382e+09
-3.01867e+09
-3.68706e+09
-4.15259e+09
-3.74495e+09
-5.86326e+09
-5.6524e+09
-4.62523e+09
-3.02072e+09
-3.79975e+09
-3.74625e+09
-4.50604e+09
-7.00167e+09
-8.25018e+09
-9.88361e+09
-6.75976e+09
-8.29124e+09
-7.1112e+09
-9.83335e+09
-8.13874e+09
-8.26164e+09
-6.89019e+09
-1.10314e+10
-1.08746e+10
-1.06317e+10
-1.09575e+10
-1.0819e+10
-1.09168e+10
-1.11456e+10
-1.11029e+10
-1.07935e+10
-1.07146e+10
-1.09183e+10
-1.08066e+10
-1.10712e+10
-1.09974e+10
-1.10253e+10
-1.06925e+10
-1.08486e+10
-1.09252e+10
-1.09007e+10
-1.0896e+10
-1.10113e+10
-5.58121e+09
-6.72472e+09
-5.98322e+09
-4.78301e+09
-6.80428e+09
-4.78772e+09
-5.4989e+09
-5.62037e+09
-6.05346e+09
-6.84021e+09
-4.96064e+09
-6.8432e+09
-4.88038e+09
-5.63097e+09
-1.12671e+10
-1.09042e+10
-1.12323e+10
-1.09307e+10
-1.09547e+10
-1.09764e+10
-1.12218e+10
-5.65305e+09
-6.80427e+09
-6.051e+09
-5.00858e+09
-6.76268e+09
-5.66572e+09
-4.98195e+09
-5.58771e+09
-5.98468e+09
-6.55867e+09
-4.9366e+09
-6.6507e+09
-4.9285e+09
-5.49573e+09
-1.09539e+10
-1.09393e+10
-1.0572e+10
-1.04705e+10
-1.09304e+10
-1.05743e+10
-1.09486e+10
-1.10854e+10
-1.10363e+10
-1.05495e+10
-1.07103e+10
-1.09934e+10
-1.09881e+10
-1.06833e+10
-4.99183e+09
-4.44306e+09
-6.18212e+09
-5.65212e+09
-4.48044e+09
-6.28921e+09
-4.86821e+09
-5.16841e+09
-4.84789e+09
-5.81754e+09
-6.5878e+09
-4.66504e+09
-5.36887e+09
-6.44487e+09
-1.10812e+10
-1.10078e+10
-1.07473e+10
-1.05747e+10
-1.11038e+10
-1.10792e+10
-1.0677e+10
-1.09192e+10
-1.11229e+10
-1.06628e+10
-1.064e+10
-1.12332e+10
-1.05531e+10
-1.0974e+10
-5.69624e+09
-5.02891e+09
-6.72086e+09
-6.05093e+09
-5.60112e+09
-5.04466e+09
-6.73904e+09
-5.7295e+09
-5.04862e+09
-6.02081e+09
-6.64658e+09
-5.03585e+09
-6.70928e+09
-5.65652e+09
-1.0344e+10
-7.91072e+09
-9.66642e+09
-7.17714e+09
-7.90801e+09
-1.03027e+10
-9.77919e+09
-1.2025e+10
-1.3091e+10
-1.34555e+10
-1.17231e+10
-1.23249e+10
-1.34904e+10
-1.37413e+10
-1.21486e+10
-1.02265e+10
-7.07304e+09
-7.74802e+09
-9.29314e+09
-7.82403e+09
-9.63793e+09
-9.83396e+09
-9.67188e+09
-7.64336e+09
-6.95655e+09
-9.13989e+09
-7.65205e+09
-9.6622e+09
-9.18978e+09
-1.13445e+10
-1.27012e+10
-1.14619e+10
-1.2634e+10
-9.72921e+09
-6.97736e+09
-7.72672e+09
-9.29301e+09
-9.84139e+09
-7.67568e+09
-9.22557e+09
-1.13011e+10
-1.22991e+10
-1.25378e+10
-1.11839e+10
-1.06698e+10
-1.0797e+10
-1.08812e+10
-1.11003e+10
-1.0765e+10
-1.07451e+10
-1.08099e+10
-1.05531e+10
-1.05633e+10
-1.05523e+10
-1.05688e+10
-1.05727e+10
-1.06067e+10
-1.05722e+10
-1.06173e+10
-1.06686e+10
-1.10155e+10
-1.07359e+10
-1.08352e+10
-1.07208e+10
-1.08234e+10
-1.06837e+10
-4.45315e+09
-4.25483e+09
-1.08466e+10
-1.127e+10
-1.14746e+10
-1.10087e+10
-1.14619e+10
-1.09492e+10
-1.08855e+10
-1.06936e+10
-1.06492e+10
-1.06576e+10
-1.06877e+10
-1.07042e+10
-1.06741e+10
-1.06638e+10
-1.07361e+10
-1.08628e+10
-1.1517e+10
-1.14396e+10
-1.09068e+10
-1.08773e+10
-1.13517e+10
-1.09126e+10
-5.61764e+09
-5.45164e+09
-1.30794e+10
-1.16463e+10
-1.39877e+10
-1.24666e+10
-1.15921e+10
-1.31166e+10
-1.42116e+10
-1.42682e+10
-1.39268e+10
-1.42851e+10
-1.40345e+10
-1.42878e+10
-1.42364e+10
-1.44247e+10
-1.41921e+10
-1.3268e+10
-1.26349e+10
-1.1747e+10
-1.40599e+10
-1.17489e+10
-1.41116e+10
-1.31572e+10
-1.31405e+10
-1.15885e+10
-1.43177e+10
-1.25594e+10
-1.31356e+10
-1.15281e+10
-1.47279e+10
-1.41007e+10
-1.37739e+10
-1.39997e+10
-1.39218e+10
-1.41636e+10
-1.42243e+10
-1.42304e+10
-1.41437e+10
-1.30643e+10
-1.25008e+10
-1.14111e+10
-1.43653e+10
-1.14293e+10
-1.50209e+10
-1.28885e+10
-1.07465e+10
-1.08503e+10
-1.1017e+10
-1.1295e+10
-1.08539e+10
-1.0922e+10
-1.07702e+10
-1.06771e+10
-1.06295e+10
-1.06202e+10
-1.0689e+10
-1.06911e+10
-1.06541e+10
-1.06268e+10
-1.07158e+10
-1.07337e+10
-1.1358e+10
-1.09187e+10
-1.08792e+10
-1.09048e+10
-1.10039e+10
-1.07834e+10
-1.27283e+10
-1.24868e+10
-1.07639e+10
-1.08517e+10
-1.12717e+10
-1.09392e+10
-1.08052e+10
-1.07893e+10
-1.09622e+10
-1.07022e+10
-1.06715e+10
-1.07296e+10
-1.0668e+10
-1.07502e+10
-1.14614e+10
-1.08137e+10
-1.11452e+10
-1.07524e+10
-1.132e+10
-1.07962e+10
-1.07075e+10
-1.06561e+10
-1.07115e+10
-1.06679e+10
-1.28539e+10
-1.36883e+10
-1.00466e+10
-7.86836e+09
-9.52581e+09
-6.99899e+09
-1.01978e+10
-7.81055e+09
-9.4411e+09
-1.17145e+10
-1.29419e+10
-1.16246e+10
-1.31813e+10
-1.19343e+10
-1.33987e+10
-1.20325e+10
-1.33843e+10
-9.94545e+09
-6.97587e+09
-7.74196e+09
-9.31157e+09
-9.92722e+09
-7.74973e+09
-9.36142e+09
-5.66843e+09
-5.4723e+09
-2.48468e+09
-3.76833e+09
-2.88729e+09
-4.2414e+09
-3.72377e+09
-2.77109e+09
-2.56166e+09
-1.56951e+09
-1.29807e+09
-1.15538e+09
-1.70082e+09
-1.74716e+09
-1.54549e+09
-1.86719e+09
-1.35509e+09
-2.33158e+09
-4.08292e+09
-3.64481e+09
-2.55628e+09
-3.63811e+09
-2.48601e+09
-2.46047e+09
-5.50006e+09
-5.4915e+09
-2.63435e+09
-3.81406e+09
-4.23531e+09
-2.85757e+09
-3.82604e+09
-2.60216e+09
-2.80634e+09
-2.01456e+09
-1.80263e+09
-2.08358e+09
-1.72833e+09
-2.65581e+09
-4.23959e+09
-3.91566e+09
-2.85994e+09
-3.85229e+09
-2.80778e+09
-2.72709e+09
-1.97542e+09
-1.64401e+09
-1.93508e+09
-1.6775e+09
-1.21908e+10
-1.12959e+10
-1.1917e+10
-1.28169e+10
-1.13246e+10
-1.20885e+10
-1.29355e+10
-1.32819e+10
-1.35566e+10
-1.33855e+10
-1.36345e+10
-1.24331e+10
-1.20653e+10
-1.14485e+10
-1.36511e+10
-1.14209e+10
-1.26924e+10
-1.32317e+10
-1.30513e+10
-1.2948e+10
-1.31958e+10
-1.29014e+10
-1.23568e+10
-1.13821e+10
-1.30523e+10
-1.22393e+10
-1.20697e+10
-1.16931e+10
-1.36244e+10
-1.15956e+10
-1.11434e+10
-1.14062e+10
-1.15375e+10
-1.20297e+10
-1.25542e+10
-1.25773e+10
-1.19387e+10
-1.38293e+10
-1.22386e+10
-1.12241e+10
-1.50027e+10
-1.16078e+10
-1.5461e+10
-1.39123e+10
-1.0884e+10
-1.12963e+10
-1.10026e+10
-1.10595e+10
-1.09658e+10
-1.10908e+10
-1.09105e+10
-1.07526e+10
-1.06754e+10
-1.0683e+10
-1.07468e+10
-1.08513e+10
-1.13241e+10
-1.08928e+10
-1.10164e+10
-1.09221e+10
-1.08389e+10
-1.10557e+10
-1.07707e+10
-1.06992e+10
-1.06896e+10
-1.07879e+10
-1.18766e+10
-1.21287e+10
-1.07202e+10
-1.09474e+10
-1.09719e+10
-1.1329e+10
-1.08515e+10
-1.08432e+10
-1.08611e+10
-1.06163e+10
-1.06145e+10
-1.06152e+10
-1.06074e+10
-1.06638e+10
-1.067e+10
-1.07507e+10
-1.06033e+10
-1.06315e+10
-1.1236e+10
-1.07249e+10
-1.07479e+10
-1.07023e+10
-1.07992e+10
-1.0637e+10
-1.22229e+10
-1.22549e+10
-9.47288e+09
-7.57713e+09
-9.13035e+09
-6.94154e+09
-9.5829e+09
-7.51078e+09
-9.10473e+09
-1.05153e+10
-1.10638e+10
-1.13363e+10
-1.02521e+10
-1.08926e+10
-1.20422e+10
-1.10196e+10
-1.17838e+10
-9.28824e+09
-6.82137e+09
-7.3184e+09
-8.6133e+09
-7.38893e+09
-8.91394e+09
-8.95635e+09
-5.66257e+09
-5.63464e+09
-3.04103e+09
-4.4653e+09
-4.10506e+09
-3.28683e+09
-4.06887e+09
-3.22869e+09
-3.06849e+09
-2.3808e+09
-2.0185e+09
-2.2674e+09
-2.13486e+09
-2.95403e+09
-4.42844e+09
-4.01115e+09
-3.03367e+09
-2.87039e+09
-4.03581e+09
-3.12042e+09
-2.49024e+09
-2.30326e+09
-2.50999e+09
-2.26126e+09
-5.72622e+09
-5.53639e+09
-3.05092e+09
-4.0813e+09
-3.35248e+09
-4.49877e+09
-4.05058e+09
-3.07674e+09
-3.30083e+09
-2.3769e+09
-2.22228e+09
-2.10509e+09
-2.47808e+09
-2.49517e+09
-2.33637e+09
-2.53608e+09
-2.24257e+09
-2.93961e+09
-4.35931e+09
-4.01123e+09
-3.11255e+09
-3.99053e+09
-3.0524e+09
-3.04282e+09
-1.1802e+10
-1.15754e+10
-1.08384e+10
-1.09767e+10
-1.09665e+10
-1.14645e+10
-1.08225e+10
-1.12601e+10
-1.0919e+10
-1.06739e+10
-1.06463e+10
-1.06795e+10
-1.06464e+10
-1.06609e+10
-1.06354e+10
-1.06588e+10
-1.0645e+10
-1.08228e+10
-1.1296e+10
-1.16431e+10
-1.07944e+10
-1.08836e+10
-1.17633e+10
-1.07411e+10
-1.22239e+10
-1.30131e+10
-1.19925e+10
-1.24791e+10
-1.11883e+10
-1.16647e+10
-1.24673e+10
-1.11706e+10
-1.19621e+10
-1.27931e+10
-1.25994e+10
-1.28652e+10
-1.26198e+10
-1.27986e+10
-1.28053e+10
-1.27484e+10
-1.29336e+10
-1.20142e+10
-1.1751e+10
-1.25528e+10
-1.11856e+10
-1.26814e+10
-1.11727e+10
-1.19271e+10
-1.22465e+10
-1.24788e+10
-1.19413e+10
-1.1362e+10
-1.2964e+10
-1.21208e+10
-1.13806e+10
-1.29717e+10
-1.28253e+10
-1.2841e+10
-1.30148e+10
-1.29073e+10
-1.28209e+10
-1.28313e+10
-1.284e+10
-1.23999e+10
-1.20806e+10
-1.34046e+10
-1.13488e+10
-1.33832e+10
-1.13148e+10
-1.24169e+10
-1.83255e+09
-1.90027e+09
-3.20169e+09
-3.31996e+09
-1.75836e+09
-1.93974e+09
-3.11409e+09
-1.20649e+09
-1.16661e+09
-1.03288e+09
-1.35268e+09
-1.35973e+09
-1.38187e+09
-1.19963e+09
-1.49713e+09
-1.66228e+09
-3.13971e+09
-1.65353e+09
-3.05809e+09
-1.51987e+09
-3.00529e+09
-1.86349e+09
-4.6158e+09
-4.78613e+09
-2.16499e+09
-1.99931e+09
-3.33904e+09
-3.57743e+09
-2.07164e+09
-2.03895e+09
-3.40408e+09
-1.77283e+09
-1.693e+09
-1.61223e+09
-1.8789e+09
-1.69581e+09
-1.51198e+09
-1.55661e+09
-1.62389e+09
-2.25336e+09
-3.72102e+09
-2.34737e+09
-3.67186e+09
-2.18276e+09
-3.52598e+09
-2.39881e+09
-9.22422e+09
-8.43412e+09
-7.03276e+09
-6.1113e+09
-8.47787e+09
-6.988e+09
-9.22038e+09
-1.07322e+10
-1.17822e+10
-1.20736e+10
-1.04957e+10
-1.10248e+10
-1.21309e+10
-1.23017e+10
-1.09057e+10
-9.07687e+09
-5.96571e+09
-8.02966e+09
-6.80864e+09
-8.31341e+09
-6.86907e+09
-8.71403e+09
-9.23553e+09
-8.44441e+09
-6.25243e+09
-7.10646e+09
-8.50975e+09
-9.22849e+09
-7.14852e+09
-1.08628e+10
-1.20656e+10
-1.21127e+10
-1.09014e+10
-1.09019e+10
-1.21105e+10
-1.21566e+10
-1.0885e+10
-9.29687e+09
-6.38756e+09
-8.73665e+09
-7.34954e+09
-8.59507e+09
-7.24146e+09
-9.39371e+09
-1.2445e+10
-1.25165e+10
-1.08547e+10
-1.15916e+10
-1.09099e+10
-9.84382e+09
-1.09857e+10
-1.25198e+10
-1.05116e+10
-1.06251e+10
-1.06231e+10
-1.0612e+10
-1.06479e+10
-1.05839e+10
-1.06407e+10
-1.07021e+10
-1.05462e+10
-1.08227e+10
-1.13243e+10
-1.12857e+10
-1.08915e+10
-1.12717e+10
-1.08032e+10
-1.0823e+10
-1.41337e+10
-1.2531e+10
-1.22927e+10
-1.20766e+10
-1.25898e+10
-1.14645e+10
-1.27663e+10
-1.15669e+10
-1.22137e+10
-1.28917e+10
-1.28422e+10
-1.30282e+10
-1.28424e+10
-1.2382e+10
-1.21662e+10
-1.32206e+10
-1.15283e+10
-1.2501e+10
-1.3062e+10
-1.15579e+10
-1.28056e+10
-1.27184e+10
-1.27623e+10
-1.27876e+10
-1.20761e+10
-1.29838e+10
-1.1162e+10
-1.19462e+10
-1.27073e+10
-1.20919e+10
-1.1214e+10
-1.28141e+10
-1.25786e+10
-1.28118e+10
-1.26498e+10
-1.27391e+10
-1.26438e+10
-1.27632e+10
-1.2812e+10
-1.22724e+10
-1.21061e+10
-1.27446e+10
-1.13031e+10
-1.27704e+10
-1.13932e+10
-1.21615e+10
-2.91808e+09
-3.15811e+09
-4.41697e+09
-4.13822e+09
-3.02866e+09
-2.98953e+09
-4.05809e+09
-2.29455e+09
-1.95782e+09
-2.09272e+09
-2.14269e+09
-2.39793e+09
-2.26006e+09
-2.20285e+09
-2.44932e+09
-2.78369e+09
-4.2819e+09
-2.67302e+09
-3.89136e+09
-2.87119e+09
-2.64781e+09
-3.95714e+09
-5.9326e+09
-5.78563e+09
-3.03497e+09
-3.29565e+09
-4.17952e+09
-4.64691e+09
-3.04141e+09
-3.30367e+09
-4.16911e+09
-2.36241e+09
-2.22388e+09
-2.10705e+09
-2.47175e+09
-2.45908e+09
-2.30435e+09
-2.22378e+09
-2.49384e+09
-2.93591e+09
-4.51576e+09
-3.17582e+09
-4.13238e+09
-3.13032e+09
-4.1081e+09
-3.0721e+09
-9.58117e+09
-6.93729e+09
-9.18389e+09
-7.65071e+09
-9.12247e+09
-7.59064e+09
-9.65477e+09
-1.09827e+10
-1.21089e+10
-1.09666e+10
-1.21394e+10
-9.52071e+09
-6.83009e+09
-8.92856e+09
-7.49944e+09
-8.99498e+09
-9.49638e+09
-7.51333e+09
-1.10437e+10
-1.20808e+10
-1.21511e+10
-1.10284e+10
-9.73041e+09
-9.29267e+09
-7.69051e+09
-7.13803e+09
-9.35365e+09
-9.71317e+09
-7.66025e+09
-1.0996e+10
-1.18603e+10
-1.21184e+10
-1.07731e+10
-1.12059e+10
-1.20943e+10
-1.22723e+10
-1.10661e+10
-9.63573e+09
-7.03938e+09
-8.93858e+09
-7.52134e+09
-9.23867e+09
-7.57647e+09
-9.28737e+09
)
;

boundaryField
{
    inlet
    {
        type            zeroGradient;
    }
    outlet
    {
        type            fixedValue;
        value           uniform 101325;
    }
    rightSide
    {
        type            symmetryPlane;
    }
    leftSide
    {
        type            symmetryPlane;
    }
    duct
    {
        type            zeroGradient;
    }
    cylinder
    {
        type            zeroGradient;
    }
}


// ************************************************************************* //
