/*--------------------------------*- C++ -*----------------------------------*\
| =========                 |                                                 |
| \\      /  F ield         | OpenFOAM: The Open Source CFD Toolbox           |
|  \\    /   O peration     | Version:  4.1                                   |
|   \\  /    A nd           | Web:      www.OpenFOAM.org                      |
|    \\/     M anipulation  |                                                 |
\*---------------------------------------------------------------------------*/
FoamFile
{
    version     2.0;
    format      ascii;
    class       volScalarField;
    location    "72";
    object      nut;
}
// * * * * * * * * * * * * * * * * * * * * * * * * * * * * * * * * * * * * * //

dimensions      [0 2 -1 0 0 0 0];

internalField   nonuniform List<scalar> 
4432
(
30.4933
29.2882
25.5949
28.8254
31.663
33.5061
34.7656
35.7315
38.2387
44.173
45.3748
42.3859
37.2781
35.7772
40.6133
46.5357
39.9696
52.7678
58.1613
65.7541
70.8174
87.9838
63.107
111.432
130.204
89.7029
145.565
122.539
114.657
101.595
131.872
126.282
124.926
128.252
127.706
135.651
126.301
152.093
92.2559
212.086
180.057
146.212
143.2
104.122
183.776
205.851
221.229
238.977
252.944
264.009
270.298
222.102
128.33
212.484
29.5714
26.99
22.5821
26.1393
29.2679
31.3725
32.0968
32.7695
33.8936
37.3485
38.3884
35.6982
32.4422
29.7878
35.9704
42.3357
36.901
50.129
41.8344
60.2774
65.1945
85.7087
61.7653
111.371
129.596
88.6538
146.194
121.657
121.534
106.407
128.686
72.7646
187.501
211.238
184.396
104.445
212.761
233.4
251.397
213.333
243.714
259.93
215.589
126.45
208.996
226.72
239.034
253.853
264.082
272.895
277.921
226.928
130.475
214.472
7.82621e-05
4.69136e-06
3.39859e-06
3.24774e-06
3.75464e-06
3.71773e-06
3.67824e-06
3.56914e-06
4.14978e-06
5.52521e-06
6.2933e-06
7.726e-06
7.41594e-06
1.0008e-05
1.18171e-05
1.3538e-05
1.50093e-05
1.95609e-05
2.55451e-05
4.16746e-05
4.00158e-05
6.68879e-05
0.0001218
0.000115803
0.000212038
0.000277442
0.000240051
0.000180436
0.000154851
0.000705714
9.25947e-05
0.000979015
0.00721304
0.00121701
0.00777186
0.0363915
0.095925
0.138489
0.00517478
1.0211
0.304654
1.8999
0.786568
1.17689
6.00877
2.32704
0.180756
16.9782
9.2547
28.6396
5.96604
7.71237
1.23049
1.29762
7.76844e-05
4.21532e-06
2.64845e-06
2.90425e-06
3.36603e-06
3.05002e-06
2.81618e-06
2.58026e-06
3.08253e-06
3.61583e-06
3.81001e-06
5.32073e-06
4.82427e-06
6.7106e-06
6.58323e-06
9.66827e-06
8.21584e-06
1.26964e-05
1.84592e-05
2.08964e-05
4.01214e-06
2.78968e-05
0.000171554
0.000109851
3.33516e-06
1.08186e-05
6.04929e-05
1.52674e-05
2.1607e-06
0.00038122
5.35689e-05
0.00157874
0.00133632
0.00457074
2.63878
0.0516972
0.309507
0.0517431
2.67648
1.38151
11.4859
6.24044
2.35379
3.00728
12.5201
9.45798
8.4214
7.38287
10.5953
13.491
4.46289
3.05063
0.762888
2.4613
7.85475e-05
4.78333e-06
3.20176e-06
3.19502e-06
3.6483e-06
3.76413e-06
3.90983e-06
3.98138e-06
4.0803e-06
4.31598e-06
4.35348e-06
5.39276e-06
6.21248e-06
7.78901e-06
8.40735e-06
9.92541e-06
1.25511e-05
2.91983e-05
2.57573e-05
0.000157181
0.000134462
0.000126044
0.000240509
0.000130013
0.000228426
0.000374792
0.000232607
0.000257898
0.000258645
0.000438342
0.000851917
0.000637882
0.00107735
0.000574864
0.000818734
0.000877998
0.00190011
0.0018395
0.000987952
0.00632322
0.00170623
0.0494113
0.0509932
0.0248294
0.16566
0.385923
1.10199
0.158825
0.042966
0.537293
0.351721
0.416601
0.213385
0.145959
7.81393e-05
4.77269e-06
2.63258e-06
2.86171e-06
3.1771e-06
3.06169e-06
3.06448e-06
3.11179e-06
3.23221e-06
2.99797e-06
3.03436e-06
3.80512e-06
4.58094e-06
5.47663e-06
5.44207e-06
9.09432e-06
7.86538e-06
1.56438e-05
2.25211e-05
3.24763e-05
5.91263e-05
0.000138075
0.000242354
0.000142246
0.000217513
7.68389e-05
6.0546e-05
0.000427116
0.000327401
0.000344064
0.000653241
0.000659606
0.000969585
0.00053132
0.000753715
0.000721564
0.00250579
0.00226007
0.00258668
0.0150644
0.00775692
0.116151
0.124977
0.0537523
0.316556
0.88532
3.77796
0.16071
0.845562
0.52624
0.454525
0.162003
0.0303315
0.0597464
7.91166e-05
4.2565e-06
2.5703e-06
3.32493e-06
3.46204e-06
2.82307e-06
3.27376e-06
3.7278e-06
4.00898e-06
3.99836e-06
3.6276e-06
4.70043e-06
4.68806e-06
6.04537e-06
5.50693e-06
6.44952e-06
1.8249e-05
2.39568e-05
5.83283e-05
0.000210895
0.000135449
0.00021334
0.000589995
2.4555e-05
0.000235475
0.000462008
0.000246567
0.00033657
0.000629863
0.00028336
0.000297922
0.000769327
0.000384604
0.000536591
0.00109757
0.00113336
0.000721736
0.0011207
0.000914554
0.00102089
0.00155415
0.00293343
0.00515097
0.00310326
0.00503072
0.12304
0.306231
0.0181117
0.00457948
0.015697
0.0142388
0.0166989
0.0110994
0.00826864
7.83952e-05
5.17957e-06
2.47787e-06
3.01547e-06
2.93382e-06
2.3007e-06
2.84326e-06
3.30756e-06
3.1674e-06
2.89672e-06
2.53878e-06
3.48212e-06
3.68685e-06
4.27478e-06
4.28499e-06
7.18859e-06
7.93735e-06
1.61386e-05
3.82293e-05
8.76726e-05
0.000223682
0.000286383
0.000458024
1.43704e-05
0.000656008
2.48533e-05
1.11837e-05
0.000191372
0.000158505
0.000349632
0.000642659
0.000602332
0.000467204
0.000394229
0.000396199
0.000616172
0.000577122
0.00101618
0.00104406
0.00136164
0.00207451
0.00218681
0.00528924
0.00390052
0.00473963
0.162211
0.21446
0.0141857
0.0392332
0.0267699
0.0297771
0.0133637
0.00502508
0.00580878
7.94429e-05
3.56147e-06
1.99614e-06
2.87606e-06
2.83501e-06
3.16078e-06
2.98169e-06
3.34643e-06
4.44529e-06
4.70742e-06
5.12373e-06
4.63578e-06
5.97211e-06
5.40737e-06
7.06431e-06
6.47876e-06
1.72152e-05
4.77314e-05
4.77e-05
0.000282612
0.000334208
0.000713424
0.000373985
2.54417e-06
0.00027864
0.000476966
0.000194782
0.000294739
0.000334232
0.000320687
0.000349575
0.000389075
0.000298659
0.000273753
0.000817847
0.000648472
0.00102573
0.00144726
0.00198746
0.00112042
0.00112676
0.00212177
0.00119884
0.00115147
0.00239111
0.00978269
0.0145031
0.00434381
0.00241281
0.00184754
0.00203224
0.00206447
0.00152813
0.00121235
7.91558e-05
5.32168e-06
2.81415e-06
2.9028e-06
2.42221e-06
2.4624e-06
3.07281e-06
2.98988e-06
3.67399e-06
3.51027e-06
3.71102e-06
3.59721e-06
4.76487e-06
4.10805e-06
4.91183e-06
5.52852e-06
1.12355e-05
2.13077e-05
0.000110484
0.000244026
0.000357111
0.000479372
0.00191789
3.20631e-07
0.001364
2.19747e-05
2.0687e-06
2.30643e-05
6.41443e-05
0.000126299
0.000196034
0.000204543
0.000330876
0.000250875
0.00074711
0.000590437
0.000639507
0.00198625
0.00125825
0.00162922
0.00148126
0.00209934
0.00163805
0.00134417
0.00229876
0.00918119
0.0134681
0.00479574
0.00497538
0.00366052
0.00573742
0.00357955
0.00247593
0.00160547
8.00786e-05
3.88217e-06
2.2042e-06
3.05665e-06
3.07288e-06
3.30482e-06
3.09368e-06
3.5032e-06
4.65372e-06
4.96543e-06
4.41039e-06
4.65157e-06
6.27324e-06
4.80707e-06
4.35067e-06
4.63519e-06
4.32981e-05
0.000113894
0.000158867
0.000419675
0.000549183
0.000745942
6.47112e-06
3.43629e-07
0.000249275
4.94156e-05
0.000136873
0.000420431
0.000421348
0.000384165
0.000409879
0.000328204
0.00027742
0.00111704
0.00085126
0.000521749
0.000393979
0.000525498
0.00108929
0.00144108
0.0013561
0.00199618
0.0012231
0.0009091
0.00102061
0.0027854
0.00372732
0.00247983
0.00171495
0.0010434
0.00112124
0.000927734
0.000955607
0.000664813
7.92748e-05
5.39402e-06
3.27532e-06
2.96701e-06
2.69348e-06
2.66422e-06
2.44491e-06
2.53727e-06
3.90036e-06
3.7887e-06
3.14288e-06
3.26602e-06
4.25887e-06
3.10061e-06
3.52236e-06
4.95424e-06
1.86759e-05
6.59441e-05
0.000149037
0.000277557
0.00059236
0.000791318
1.89131e-05
4.57168e-07
0.000397165
5.36244e-06
1.14926e-06
4.18074e-06
8.92974e-06
0.000157752
0.000394105
0.000200376
0.000190264
0.000647166
0.000621585
0.000804343
0.000513414
0.000573048
0.00147682
0.00206705
0.00158997
0.00195366
0.00126548
0.00102031
0.00114734
0.00287034
0.00356501
0.00349348
0.00295343
0.00223362
0.00272003
0.00210419
0.00181173
0.000845322
8.0208e-05
4.03674e-06
2.27797e-06
3.31362e-06
3.11878e-06
2.98123e-06
3.01989e-06
3.35693e-06
3.8143e-06
4.77563e-06
5.3892e-06
5.18799e-06
6.07936e-06
5.6416e-06
3.19211e-06
5.81388e-06
3.59044e-05
0.000258773
0.000106017
0.000567115
0.000564069
0.00199181
4.51428e-06
3.01747e-07
3.73354e-05
8.31933e-06
0.000191756
0.00032767
0.000638295
0.000648623
0.000333035
0.000341488
0.000233066
0.000232369
0.000222843
0.000216757
0.000284556
0.000690308
0.000402421
0.000576055
0.000555532
0.000719986
0.00141363
0.000579041
0.000794165
0.00206478
0.00197159
0.00183757
0.00102109
0.000711902
0.000805158
0.000655715
0.000676293
0.00044621
8.01621e-05
5.53002e-06
3.32071e-06
2.97622e-06
2.75387e-06
1.87942e-06
2.04823e-06
2.45273e-06
2.75928e-06
3.41359e-06
3.87796e-06
3.27329e-06
3.38525e-06
4.22261e-06
2.62778e-06
5.05105e-06
1.23758e-05
0.000112323
0.000246516
0.000387843
0.00113527
0.000739381
4.77853e-06
2.78527e-07
6.78619e-06
3.45605e-30
1.03431e-06
2.55107e-06
1.43128e-05
0.000197618
0.000250394
0.000232472
0.000243628
0.000259127
0.000464585
0.000283084
0.000343283
0.000897563
0.000511168
0.000777082
0.000782638
0.000789432
0.00146068
0.00062183
0.000680225
0.00205146
0.00248232
0.00225826
0.00170916
0.001554
0.00160645
0.00142924
0.00137589
0.000505258
8.08756e-05
4.75713e-06
2.92137e-06
2.60743e-06
2.54494e-06
3.10568e-06
3.3318e-06
3.46638e-06
4.42551e-06
3.46656e-06
4.95388e-06
5.12092e-06
6.50176e-06
6.0396e-06
4.69558e-06
1.04792e-05
2.71514e-05
9.07983e-05
0.000119696
0.00123767
0.000738944
0.00250328
1.40621e-05
3.29521e-07
7.9247e-07
3.22314e-08
4.68413e-06
0.000483096
0.00116532
0.000800566
0.000494177
0.000473264
0.000489848
0.000547085
0.00036934
0.000816307
0.000557617
0.000496349
0.00110629
0.00102452
0.000868729
0.000885762
0.00135464
0.00104566
0.000863202
0.00151308
0.00158648
0.00166766
0.000716953
0.00068337
0.000789182
0.000533297
0.000490823
0.000293018
8.00678e-05
5.36536e-06
3.01212e-06
2.30243e-06
2.24168e-06
1.71248e-06
2.68063e-06
2.5226e-06
3.28459e-06
2.87999e-06
4.01808e-06
3.60963e-06
3.96317e-06
4.27779e-06
3.62603e-06
7.95434e-06
2.05579e-05
5.17864e-05
0.000245885
0.000692074
0.00178191
0.000345407
8.8708e-07
4.38721e-07
5.04073e-07
2.15967e-30
2.58314e-08
2.63813e-06
6.712e-06
3.11875e-06
0.000154503
0.000195615
0.000208876
0.000215961
0.000338927
0.000251903
0.000247136
0.000286784
0.000770211
0.00156011
0.00104958
0.000932192
0.00127335
0.00113755
0.000840116
0.00160132
0.00217586
0.00199266
0.00133521
0.00138821
0.00120537
0.00105411
0.000837129
0.000230431
8.07439e-05
7.00266e-06
2.78771e-06
2.21109e-06
2.60476e-06
2.90211e-06
3.01953e-06
2.79119e-06
4.81681e-06
4.58949e-06
5.1967e-06
4.98056e-06
6.05512e-06
5.91688e-06
5.52702e-06
1.00091e-05
3.8339e-05
8.74294e-05
0.000123755
0.000766055
0.00110702
0.00335946
2.24264e-06
8.21546e-07
1.09894e-06
8.56854e-07
0.000138984
0.00258792
0.00201575
0.00142785
0.000755401
0.000664476
0.000560133
0.00040264
0.000325727
0.000269069
0.00029097
0.000290005
0.000360326
0.000846426
0.00124331
0.000931591
0.0014681
0.00104161
0.000780219
0.00100588
0.00211982
0.00167286
0.000552511
0.000427514
0.000587959
0.000250736
0.000216371
0.000105224
8.09278e-05
5.3272e-06
2.33801e-06
2.11881e-06
2.15358e-06
3.0631e-06
2.55643e-06
2.56615e-06
4.0062e-06
3.45149e-06
3.57715e-06
3.44161e-06
3.81801e-06
2.82131e-06
4.23611e-06
2.75817e-05
5.71035e-05
3.33827e-05
0.000172525
0.000472173
0.00260255
7.83814e-06
2.40856e-07
5.58121e-07
5.17034e-07
1.48863e-30
9.38813e-07
1.43754e-05
4.22573e-05
0.00100509
0.00125228
0.00132895
0.00101655
0.000778269
0.000576942
0.000425589
0.000718363
0.000597023
0.000489209
0.00127204
0.00110312
0.000966136
0.00130697
0.000942852
0.000848294
0.000966561
0.00130434
0.00109855
0.000560122
0.000511671
0.000481025
0.000357838
0.000214786
5.5893e-05
8.14596e-05
8.58804e-06
2.72407e-06
4.42415e-06
3.09478e-06
3.15298e-06
2.53542e-06
4.55126e-06
4.9104e-06
4.48602e-06
4.30627e-06
4.88706e-06
2.8772e-06
4.1209e-06
3.53014e-06
4.16258e-05
0.000119268
0.000135238
0.000159603
0.00052444
0.000652519
0.0040196
4.42559e-07
6.17848e-06
1.39207e-05
7.22634e-06
0.00266923
0.00544163
0.0031747
0.00309172
0.00147733
0.000859414
0.000594545
0.000840859
0.000360118
0.000297577
0.000233476
0.000327133
0.000261117
0.000665154
0.00115838
0.00096835
0.00144685
0.000754835
0.000684811
0.00112659
0.00154341
0.00115747
0.000254011
0.000304933
0.000344029
0.0001308
0.00018193
2.38655e-05
8.04026e-05
8.85383e-06
2.09373e-06
4.78142e-06
2.1425e-06
3.01838e-06
2.05316e-06
4.07991e-06
4.47099e-06
2.96675e-06
2.73224e-06
3.31766e-06
3.16354e-06
2.88089e-06
2.90218e-06
9.8048e-06
1.21272e-05
2.33041e-05
0.000220992
0.000228705
0.00457787
0.000182295
3.23656e-07
1.92678e-06
1.84327e-06
6.11336e-31
1.13024e-05
3.39739e-05
1.50661e-05
0.00179326
0.00202807
0.00194814
0.00119102
0.000938955
0.00075266
0.000663733
0.000995913
0.000795015
0.000438569
0.000663171
0.000835671
0.000963101
0.00104603
0.000789663
0.000873037
0.00138819
0.00140428
0.00111965
0.000302362
0.000259084
0.000404291
0.000116391
4.58703e-05
2.54816e-05
8.13981e-05
6.59138e-06
6.25118e-06
5.77528e-06
4.61442e-06
7.91606e-06
3.67312e-06
5.58564e-06
5.44045e-06
3.72943e-06
3.52477e-06
5.0086e-06
4.39793e-06
4.51212e-06
1.09082e-05
6.89844e-06
3.27614e-05
9.97039e-05
0.000176971
0.000492346
0.000675565
2.42945e-06
8.92363e-07
0.0004964
0.00226371
2.46481e-05
0.0136789
0.00782481
0.00432633
0.00457317
0.00178308
0.00107652
0.000993693
0.0017735
0.00189202
0.00132665
0.00141811
0.000800601
0.000703827
0.000744584
0.00139959
0.00130456
0.000802425
0.000870806
0.000603414
0.000950454
0.00117801
0.000645937
0.000705757
0.000931825
0.000443144
0.000274683
0.000280371
0.000142752
8.11991e-05
1.88337e-05
4.00903e-06
8.14306e-06
3.25689e-06
4.64253e-06
4.09019e-06
3.9818e-06
4.98523e-06
3.69579e-06
3.75325e-06
4.38142e-06
4.33467e-06
4.06873e-06
1.5476e-06
3.10039e-05
1.89688e-05
2.5566e-05
0.000606428
0.000138493
0.00879579
2.8725e-06
1.36443e-06
7.10267e-05
9.97002e-05
3.93747e-31
4.58898e-05
4.50206e-05
8.86594e-05
0.00192281
0.00268479
0.00275309
0.00124996
0.00133249
0.000841666
0.000415208
0.000325229
0.000230126
0.000491092
0.000490838
0.000466898
0.000944677
0.000791833
0.001008
0.000697471
0.000666368
0.00206679
0.00060983
0.000401556
0.0008431
0.000460029
0.000187791
0.000250946
0.000123612
8.2626e-05
1.12226e-05
1.39481e-05
8.1883e-06
7.28928e-06
4.31596e-06
6.23705e-06
4.95283e-06
4.81531e-06
5.4455e-06
5.5759e-06
4.13187e-06
4.78913e-06
4.3914e-06
4.10801e-06
7.80132e-06
2.38116e-05
7.92007e-05
0.000335802
3.96607e-05
0.000716622
8.39405e-06
1.8081e-05
0.194133
14.4601
1.44555e-05
0.0141568
0.0161667
0.00507083
0.00542411
0.00353387
0.000830008
0.00101978
0.00157544
0.00104189
0.000980117
0.00102733
0.00112246
0.00098427
0.00147201
0.00141594
0.00126517
0.00177529
0.00124115
0.00135726
0.000900658
0.000837497
0.000776691
0.00112607
0.000921256
0.000390695
0.000228114
0.000140317
5.94231e-05
8.16484e-05
2.08944e-05
9.30736e-06
5.5226e-06
5.43005e-06
5.26659e-06
8.60056e-06
3.14729e-06
4.52637e-06
5.01797e-06
4.29001e-06
4.15288e-06
2.67945e-06
2.00577e-06
3.89095e-06
4.07088e-06
4.78884e-06
0.000138516
0.000257993
3.82732e-05
0.0209516
0.00106124
0.000168967
0.041831
0.0740319
2.06276e-31
2.33176e-05
4.64645e-05
6.12184e-05
0.000480615
0.00184018
0.00207323
0.00208549
0.0015408
0.000642502
0.000310996
0.000320792
0.000638659
0.000860419
0.00110828
0.00153687
0.00132989
0.00184205
0.00117886
0.000921996
0.000826109
0.00100667
0.000638887
0.00105288
0.00102609
0.000529832
0.000244074
0.000186473
7.0879e-05
8.38543e-05
1.45196e-05
9.93715e-06
2.23033e-05
1.97183e-05
9.55097e-06
7.14436e-06
3.74604e-06
5.29966e-06
5.07757e-06
5.97496e-06
4.16098e-06
5.17117e-06
5.52033e-06
5.9244e-06
5.5989e-06
4.19755e-05
2.63976e-05
0.000317145
1.37691e-05
0.000707692
2.23406e-05
0.00245874
70.6851
6.07082
1.60159e-05
0.0115238
0.00815463
0.00490097
0.00346491
0.00374266
0.00242626
0.00144011
0.00170837
0.0021932
0.00126359
0.00152694
0.00100533
0.00107172
0.000815587
0.000689772
0.000678734
0.000686875
0.0004817
0.000415489
0.00049497
0.000728632
0.000693749
0.000596164
0.000995742
0.000342229
0.000288621
0.000105673
8.71395e-05
8.06293e-05
2.23689e-05
7.6822e-06
6.71805e-06
6.32297e-06
4.09591e-06
5.03911e-06
4.30693e-06
8.38912e-06
5.52093e-06
7.97677e-06
8.43069e-06
2.7451e-06
2.39299e-06
3.51175e-06
5.05145e-06
1.08179e-05
4.39324e-05
9.6556e-05
0.000660285
0.0803139
0.310902
0.103784
36.1359
117.226
0.00931067
0.000118914
0.000300789
8.30593e-05
0.00331333
0.00363632
0.00344952
0.00252346
0.00131539
0.000694704
0.000747735
0.000561676
0.000924998
0.000715952
0.000757352
0.000639989
0.000589485
0.000657404
0.000482159
0.000573588
0.000557062
0.000682186
0.000678001
0.00147507
0.000983716
0.000360973
0.000192475
6.3103e-05
2.60862e-05
8.31762e-05
1.20584e-05
8.62848e-06
1.57964e-05
1.41009e-05
1.09102e-05
1.13758e-05
4.9215e-06
5.64705e-06
6.67651e-06
5.3798e-06
4.19032e-06
4.75034e-06
4.84433e-06
4.48455e-06
6.24524e-06
6.6358e-06
1.20551e-05
0.000612171
5.8211e-06
5.28147e-06
0.000216511
0.00114307
1.08751
93.1965
4.32148
0.00634783
0.00541648
0.00341614
0.00350705
0.00295905
0.00406322
0.00112038
0.00115765
0.00133748
0.00176726
0.0014416
0.00077283
0.000592555
0.000543102
0.000386102
0.000488441
0.000270523
0.000281085
0.000306507
0.000406943
0.000378211
0.000457363
0.000411357
0.000329175
0.000482876
0.000296936
0.000383765
0.000207678
8.0091e-05
1.88032e-05
1.68919e-05
6.78597e-06
7.46518e-06
4.86303e-06
6.36168e-06
4.71019e-06
5.46915e-06
4.36203e-06
2.74728e-06
3.92373e-06
2.41615e-06
2.07277e-06
1.51456e-06
1.31985e-05
1.17594e-05
1.51751e-05
0.000122258
0.000862889
0.0900165
120.541
82.4258
12.0941
179.459
7.07677
0.0085778
0.0174875
0.00278859
0.00357645
0.00316152
0.00286202
0.00170048
0.000693408
0.000557533
0.000681006
0.000541431
0.000559348
0.00046565
0.000468583
0.000488697
0.000356927
0.00031081
0.000338511
0.000391347
0.000340273
0.00034907
0.000470113
0.000535237
0.000441198
0.000642951
0.000391712
0.000208014
0.000194625
7.98704e-05
2.35233e-05
1.6736e-05
2.55145e-05
9.09133e-06
1.7567e-05
8.41665e-06
5.01279e-06
6.31203e-06
4.36792e-06
1.04786e-05
7.75197e-06
4.62042e-06
4.92403e-06
2.52019e-06
5.51987e-06
5.80977e-06
2.03739e-05
0.000374231
1.78543e-05
0.00152993
0.00151735
0.849179
672.482
0.584166
0.00180925
0.00961681
0.00648542
0.00547443
0.00304913
0.0032051
0.00219246
0.0014338
0.00136304
0.00141431
0.00129844
0.000950149
0.00109219
0.000786294
0.000458475
0.000454276
0.000544445
0.000338854
0.000385624
0.000437017
0.000587549
0.000755295
0.000824892
0.00149117
0.000610293
0.000470866
0.000641818
0.000693783
0.000117755
8.14597e-05
1.10137e-05
7.0267e-06
1.26845e-05
7.84884e-06
5.79801e-06
5.5591e-06
5.35066e-06
9.79121e-06
5.23293e-06
6.02003e-06
5.77962e-06
4.88489e-06
3.14583e-06
6.1146e-06
1.33905e-05
3.43003e-05
1.59166e-05
2.18274e-05
0.00081624
0.242737
0.115187
0.780449
3262.73
13.7688
0.0788058
0.0181197
0.00454902
0.00462219
0.00243373
0.00190791
0.00213392
0.00134331
0.000970414
0.000778429
0.000987387
0.000680075
0.00115382
0.000560111
0.0008145
0.000858526
0.000546773
0.000479595
0.000248761
0.000284747
0.000362338
0.000362869
0.00052876
0.00038755
0.000421675
0.000582313
0.000719165
0.000912535
0.000259236
7.99204e-05
1.47239e-05
9.41244e-06
2.38614e-05
9.38276e-06
1.74668e-05
2.48984e-05
1.08616e-05
7.62714e-06
6.96974e-06
1.39304e-05
2.30896e-05
7.00586e-06
3.72053e-06
2.36692e-06
6.43935e-06
5.31621e-06
3.92032e-05
6.86381e-06
9.91489e-06
0.00493641
0.0256706
28.5988
30639.6
0.000369
0.00585012
0.00135131
0.00222031
0.00230308
0.00195903
0.00167657
0.000963078
0.000851645
0.00103438
0.000890798
0.000578165
0.00061302
0.000497212
0.000489705
0.000520748
0.000692382
0.000618916
0.000690894
0.000628417
0.000661101
0.000761937
0.000755495
0.0012723
0.000672939
0.000876173
0.000989169
0.00155912
0.000538928
7.81573e-05
1.19337e-05
7.27315e-06
7.45888e-06
1.4459e-05
7.31077e-06
1.18796e-05
1.01373e-05
1.36041e-05
1.03849e-05
1.27321e-05
1.19381e-05
5.9363e-06
3.54014e-06
5.83596e-06
5.16591e-06
6.48467e-06
1.15716e-05
1.683e-05
0.00168773
0.558499
2.20197
130.66
1.74644e+06
0.609688
0.0104026
0.00276251
0.00130281
0.00118404
0.00165944
0.00156721
0.00116355
0.00111309
0.000711557
0.000654813
0.000658919
0.0007585
0.000738444
0.000658607
0.000417874
0.000313108
0.000316567
0.000467344
0.000696386
0.000483781
0.000448495
0.000367101
0.000479181
0.000646592
0.000875679
0.00118107
0.00142502
0.000586696
7.75642e-05
1.04324e-05
2.19444e-05
2.04056e-05
2.0007e-05
2.84394e-05
2.29308e-05
2.84274e-05
8.56841e-06
1.4302e-05
1.98014e-05
4.02779e-05
2.7004e-05
6.57893e-06
5.42544e-06
8.444e-06
9.28764e-06
3.47313e-06
1.06768e-06
5.30639e-05
0.00295596
0.0119682
2.59973
1542.21
0.0601519
0.001665
0.00158219
0.000814117
0.000840145
0.000720354
0.00194928
0.00106809
0.000853835
0.000764407
0.000776315
0.000736474
0.00047096
0.000613188
0.000500825
0.000499898
0.000761071
0.000646191
0.000385926
0.000708996
0.00065146
0.000860689
0.000695498
0.000689282
0.000827128
0.00125719
0.00131349
0.00111426
0.00166413
0.00105739
8.00002e-05
2.20806e-05
1.6488e-05
6.80371e-06
5.42594e-06
8.37974e-06
1.17537e-05
1.81609e-05
9.38439e-06
1.43273e-05
2.25853e-05
2.66194e-05
6.02423e-06
6.99317e-06
6.48558e-06
7.86726e-06
7.79951e-06
2.82139e-05
0.000114662
0.00627152
0.646962
2.63914
8.40853
141.948
4.25432
0.00127732
0.000914892
0.00314081
0.000736056
0.000691717
0.00111733
0.000557669
0.000580935
0.000563654
0.000511637
0.000586223
0.00062516
0.000441751
0.000362323
0.000295624
0.00029639
0.000378316
0.000219452
0.000307093
0.000211493
0.000274832
0.000286265
0.000259259
0.0005557
0.000625327
0.000569261
0.000785187
0.00169372
0.00115656
7.6519e-05
1.11698e-05
1.22605e-05
1.28096e-05
1.5198e-05
1.80565e-05
1.82133e-05
1.60607e-05
1.1147e-05
1.63455e-05
2.96315e-05
6.10064e-05
1.96877e-05
1.09097e-05
1.33792e-05
1.27778e-05
5.00938e-05
3.75041e-05
4.72384e-06
9.04961e-06
0.000383954
0.0072067
0.00739149
0.0192898
0.00490647
0.000657058
0.000852152
0.00135905
0.00116444
0.00114131
0.000767935
0.000738856
0.000833075
0.000447886
0.000602966
0.000721497
0.000458745
0.000331205
0.000323382
0.000493621
0.000485542
0.000512333
0.000466739
0.000707416
0.000543711
0.000786852
0.000669732
0.00057373
0.000803456
0.0014338
0.00195912
0.00135907
0.00256214
0.000923953
7.90176e-05
1.50844e-05
8.96231e-06
1.34076e-05
7.78519e-06
8.23042e-06
1.6293e-05
1.5102e-05
1.79734e-05
3.26046e-05
2.96614e-05
4.43234e-05
1.5688e-05
1.78141e-05
2.24509e-05
8.6666e-06
2.74881e-05
4.98584e-05
0.000113623
0.000158055
0.0116345
0.191179
6.40721
0.138188
0.00295103
0.000333138
0.000443408
0.000446297
0.000530597
0.000869505
0.000714641
0.000760736
0.000630622
0.000553277
0.00058125
0.000649878
0.000552902
0.000618249
0.000357302
0.000403685
0.000351466
0.000383335
0.000224341
0.000299634
0.000235545
0.000309076
0.000251918
0.000158344
0.00014523
0.000230183
0.000478396
0.000716351
0.00177512
0.000849902
7.69214e-05
2.07021e-05
2.42843e-05
2.54012e-05
1.10452e-05
4.53884e-05
4.21625e-05
3.47192e-05
2.37108e-05
1.59663e-05
2.56564e-05
7.36509e-05
8.76833e-05
3.65207e-05
3.36298e-05
6.89939e-05
8.00169e-05
3.39545e-05
0.000100442
0.000536209
0.00070754
0.000227456
0.000193533
0.000206533
0.000657332
0.000520002
0.000961775
0.00100511
0.000955255
0.000920926
0.000837955
0.000920017
0.000401956
0.000456175
0.000477488
0.000562493
0.000383114
0.000494477
0.000640887
0.000623701
0.000546987
0.000539955
0.000588166
0.000619559
0.00122348
0.00344037
0.00746631
0.000389393
0.000789815
0.000935777
0.00159213
0.00152995
0.0017087
0.000749554
7.90261e-05
1.10285e-05
1.55693e-05
7.46079e-06
8.46144e-06
1.21487e-05
4.04764e-05
1.62834e-05
1.32536e-05
1.31129e-05
2.67946e-05
3.42101e-05
5.91545e-05
6.24895e-05
2.49019e-05
2.94253e-05
3.52321e-05
5.17498e-05
5.57884e-05
7.26323e-06
0.000147907
0.00137545
1.23556e-05
4.14079e-05
0.000359135
0.000244323
0.000382522
0.000313194
0.000415899
0.000443934
0.000497475
0.00071946
0.000592011
0.000584538
0.000708913
0.000582308
0.000528063
0.000291749
0.000353809
0.000457593
0.000398363
0.000251988
0.000305174
0.000276369
0.000593769
0.000878159
0.000797969
0.000214573
0.000239104
0.000164007
0.000532436
0.000775304
0.00127417
0.000661865
7.92779e-05
1.05445e-05
1.1289e-05
1.06303e-05
1.34554e-05
8.61032e-06
2.46644e-05
2.81447e-05
5.88855e-05
3.21413e-05
5.52831e-05
5.9153e-05
0.000149831
0.00013211
8.39015e-05
7.80866e-05
0.000159158
0.000133546
9.43648e-05
0.000131378
0.000200307
0.000309541
0.0004661
0.000533205
0.00060059
0.000675229
0.000667595
0.000780392
0.00129905
0.00115927
0.00171254
0.000588783
0.000536797
0.00046481
0.000446381
0.000415554
0.000331293
0.000415558
0.000475533
0.000329815
0.000213337
0.000313043
0.000558217
0.0038833
0.015196
0.0406304
0.117319
0.00113062
0.00118306
0.000810398
0.0011333
0.000708131
0.00108493
0.000640238
7.74846e-05
5.62025e-06
6.96671e-06
7.03625e-06
1.069e-05
6.6051e-06
2.02231e-05
2.4194e-05
4.41599e-05
2.45327e-05
6.57922e-05
5.18882e-05
0.000166316
0.000104402
9.36954e-05
0.000134402
0.000104494
7.37257e-05
4.94183e-05
5.61175e-05
0.000108224
0.000190558
0.00076695
0.000855893
0.000151962
0.000170119
0.000383042
0.000279753
0.000535936
0.000428927
0.000647157
0.000563333
0.000669035
0.000577036
0.000618067
0.000473353
0.000604989
0.000444694
0.000452194
0.000349973
0.000331152
0.000188843
0.000572225
0.000583728
0.00142596
0.00307688
0.00682232
0.000338306
0.000523619
0.000365011
0.000340468
0.000392554
0.000728852
0.000507204
7.82362e-05
2.27352e-05
2.53227e-05
2.20533e-05
1.05177e-05
1.37147e-05
6.47245e-05
3.81222e-05
4.86212e-05
5.94603e-05
7.56179e-05
6.84359e-05
0.000161551
0.000188553
0.000203097
0.000162039
0.000147401
0.000123728
0.000135237
0.000114187
0.000184728
0.000238661
0.000271111
0.000456168
0.000371462
0.000502506
0.00070361
0.000833583
0.00080769
0.000698017
0.000870558
0.000479252
0.000479466
0.000458416
0.000436027
0.000381701
0.000238942
0.000234715
0.000496833
0.00100164
0.00563279
0.0108159
0.0816318
0.158788
0.247357
0.435356
1.41478
0.00585537
0.00359397
0.00120066
0.000865618
0.00052989
0.000971632
0.000606059
7.75697e-05
9.73511e-06
1.53084e-05
1.2991e-05
9.58682e-06
1.04109e-05
5.38684e-05
3.1697e-05
3.75151e-05
3.7715e-05
5.31938e-05
7.28375e-05
0.000161779
0.000156761
0.000168018
0.000134193
9.12596e-05
6.31917e-05
9.38456e-05
6.38302e-05
9.24825e-05
0.000115129
0.000184619
0.000227453
0.000265811
0.000169221
0.000184666
0.000251345
0.0003525
0.000373996
0.000654831
0.000648922
0.000519292
0.000534726
0.000510572
0.000494604
0.000584388
0.000329211
0.000355993
0.000217174
0.000509931
0.000207372
0.000681675
0.00243861
0.00388042
0.00721769
0.0250484
0.000649869
0.0010543
0.000450902
0.000479958
0.00031629
0.000686296
0.000484029
7.91218e-05
2.17753e-05
2.1874e-05
2.80977e-05
2.34854e-05
1.86984e-05
3.65344e-05
0.000102226
6.9328e-05
9.0228e-05
0.000127918
0.000205909
0.000207815
0.000206182
0.000179863
0.000197885
0.000112415
0.000238159
0.000140421
0.000289777
0.000157367
0.000190981
0.000410727
0.000312287
0.000287788
0.000646805
0.00073969
0.000831477
0.000729024
0.000831062
0.000608515
0.000553853
0.000593177
0.000483143
0.000550771
0.00112661
0.00194744
0.0036627
0.0101094
0.0336669
0.0609128
0.136868
0.275606
0.642805
1.21552
4.59619
15.8088
0.00998772
0.00874824
0.00360963
0.00154595
0.000707313
0.00116183
0.000685851
7.74522e-05
1.52642e-05
1.64851e-05
1.61337e-05
2.77428e-05
1.44193e-05
2.99123e-05
9.49891e-05
0.000103013
4.68849e-05
6.86009e-05
0.000200369
0.000207889
0.000204029
0.000151795
8.72016e-05
0.000124677
7.95558e-05
0.000106969
0.000212497
0.000139751
0.000370008
0.000213537
0.000175314
0.000248522
0.000140599
0.000315965
0.000311457
0.000420679
0.000444728
0.000652384
0.000523913
0.000489693
0.000471549
0.000343592
0.000412854
0.000633619
0.000640658
0.000630949
0.00139442
0.00101153
0.0033551
0.00420919
0.0130739
0.0242979
0.0137959
0.0493454
0.000726027
0.00138232
0.000656983
0.000603458
0.000359716
0.000655412
0.000492211
7.92873e-05
2.88377e-05
2.42891e-05
5.30758e-05
2.41818e-05
2.58465e-05
3.34722e-05
3.68948e-05
9.7676e-05
9.98417e-05
0.000154596
0.000191404
0.000193739
0.000241101
0.000215872
0.000236734
0.000173827
0.000233895
0.000506769
0.000396353
0.000299603
0.00021765
0.000266194
0.000343109
0.000333247
0.000469838
0.000679281
0.00125632
0.000889041
0.000579603
0.000451922
0.000535759
0.000515385
0.000602633
0.000735062
0.000859806
0.00123805
0.00280621
0.005201
0.00743212
0.00187207
0.000939432
0.00230361
0.00558014
0.0116847
0.049204
0.223268
0.0196519
0.00612131
0.0111809
0.00464817
0.00123845
0.00155006
0.000804618
8.00007e-05
1.65608e-05
3.4334e-05
2.24359e-05
1.91701e-05
2.05664e-05
2.6428e-05
2.85666e-05
7.09836e-05
4.71315e-05
6.91253e-05
0.000224547
0.000253677
0.00025903
0.000277701
0.000306502
0.00019648
0.000205588
0.000500798
0.00029479
0.000228481
0.000162628
0.000131013
0.000149592
0.000155678
0.00028475
0.000282199
0.000375535
0.000469718
0.00047889
0.000456689
0.000504172
0.000732305
0.000572325
0.000509358
0.000519068
0.000657776
0.000580611
0.000696202
0.00110081
0.000825701
0.00212606
0.00160663
0.000549676
0.000238736
0.000220779
0.00129901
0.000892301
0.00226759
0.000919899
0.000737612
0.000376747
0.000677954
0.000503409
8.35913e-05
3.05528e-05
2.25216e-05
3.28201e-05
7.0057e-05
3.38314e-05
4.76437e-05
7.05815e-05
0.000173922
0.000217141
0.000263374
0.000241208
0.000255498
0.000259482
0.000160539
0.000162887
0.000238256
0.000246879
0.000174862
0.000178736
0.000221605
0.000262896
0.000310293
0.000313681
0.000461319
0.000865604
0.000723157
0.00139809
0.00120042
0.000581653
0.00085636
0.000733175
0.00064689
0.000779512
0.000780761
0.000911235
0.00139723
0.00205521
0.00315187
0.00277497
0.00124242
0.000969782
0.000179723
0.00270824
0.0322829
0.0771315
0.229358
0.00139703
0.00292474
0.0516153
0.0127485
0.00220594
0.00196319
0.000923316
8.77455e-05
2.71699e-05
2.81169e-05
2.35281e-05
2.49848e-05
2.83404e-05
4.00229e-05
5.45897e-05
9.74779e-05
8.29025e-05
9.8645e-05
0.000196348
0.000223984
0.000283512
0.00027472
0.000332686
0.000229999
0.000131156
0.000126125
0.000121206
0.000139517
0.000133682
0.000108613
0.000247982
0.000210213
0.000512853
0.000563316
0.000416574
0.000469567
0.000796494
0.000555061
0.00072749
0.000652661
0.000623611
0.000596736
0.000651612
0.000572943
0.000598137
0.000580225
0.000681246
0.000588415
0.00126286
0.000964647
0.000580601
0.000497723
0.00615449
0.0177003
0.00219013
0.00305148
0.00154878
0.000890853
0.000450782
0.000739855
0.000569393
9.19825e-05
6.50079e-05
5.52606e-05
4.83313e-05
4.35823e-05
9.95508e-05
5.82436e-05
0.00010694
0.000224225
0.000288778
0.000326275
0.000343317
0.000422923
0.00043406
0.00041898
0.000433187
0.0008013
0.00116184
0.00109272
0.00188558
0.000390406
0.000276393
0.000547315
0.000500611
0.00039025
0.000477121
0.000924597
0.000882273
0.000582853
0.000504745
0.000748318
0.000601938
0.000579168
0.000761496
0.000695417
0.00101425
0.000814007
0.0011999
0.00167757
0.00136591
0.000966417
0.000769763
0.000554285
0.000628945
0.000543146
3.87056e-05
0.0143459
0.018415
0.00413738
0.000104546
0.000252429
0.000139749
0.000803516
0.000474006
0.000115916
5.38131e-05
5.27158e-05
7.32788e-05
7.11548e-05
9.84715e-05
6.2105e-05
0.000119431
0.000217229
0.000245803
0.000181881
0.000155013
0.00030684
0.000244118
0.000257842
0.000345081
0.000403406
0.00103375
0.000765802
0.000536193
0.00048198
0.000236859
0.000611911
0.00055694
0.000339746
0.000215568
0.000373352
0.000469839
0.000974205
0.000541646
0.000567823
0.000547688
0.000683236
0.000841027
0.00100999
0.000567585
0.000463366
0.000395593
0.000462546
0.000558334
0.000480607
0.000552616
0.000608744
0.000533949
0.000302228
0.000186761
0.0172835
0.0044802
0.00322935
0.00126646
0.00100934
0.000492277
0.000741694
0.000625731
0.000122021
0.000219887
0.000150061
0.000138601
0.000101334
9.74615e-05
0.000181072
0.000125014
0.00016835
0.000345624
0.000246507
0.000280547
0.000521867
0.000373915
0.000386583
0.000518054
0.000395317
0.000796932
0.000363756
0.000487104
0.000337389
0.00026916
0.000336154
0.000370657
0.000591546
0.000387273
0.000539267
0.000766481
0.00049302
0.000621708
0.000769386
0.000663573
0.000759593
0.000585189
0.000617978
0.00066815
0.000615919
0.000678085
0.000687673
0.000622344
0.000678514
0.000842269
0.000527235
0.000689897
4.92194e-06
0.00896697
0.0416481
0.0377408
0.00774808
0.00148804
0.00113803
0.000800393
0.00133603
0.000773999
0.000263143
0.000215686
0.000161737
0.000300376
0.000191292
0.000137244
0.00023954
0.000164426
0.000232978
0.000466335
0.000374618
0.000444702
0.000627208
0.000438982
0.000383471
0.000457546
0.000447785
0.000335402
0.000389758
0.000731361
0.000269415
0.000226276
0.000303769
0.000436452
0.000225049
0.000182824
0.000454927
0.000614938
0.000637388
0.000516326
0.000517024
0.000927532
0.00121258
0.000400191
0.00065634
0.00056509
0.000457243
0.000390592
0.000311739
0.000352194
0.000359055
0.000408375
0.000401185
0.000486391
0.000246636
0.00381322
0.16123
0.0134183
0.0048213
0.00158951
0.00111226
0.000681441
0.00091078
0.000859808
0.000221744
0.00141055
0.000846308
0.000652827
0.000496503
0.000573006
0.000532066
0.00076645
0.000677373
0.000760261
0.000605389
0.00072097
0.000869491
0.00102176
0.000821947
0.000834213
0.000919257
0.00100678
0.000684237
0.00102172
0.000285367
0.000306974
0.000573767
0.000639815
0.000453888
0.000342489
0.000820827
0.000882292
0.0010675
0.000624182
0.000573701
0.000539328
0.000568947
0.000592124
0.000621346
0.000563817
0.00049916
0.000455823
0.000464674
0.000404147
0.000359993
0.000567097
0.000315868
0.000843218
0.000940364
0.0408573
0.161656
0.0591787
0.0099764
0.00202722
0.000230984
0.000201554
0.000455486
0.000617016
0.0161658
0.00431735
0.00242908
0.00126371
0.00162773
0.000987315
0.00126875
0.00141134
0.00152006
0.00176444
0.00129914
0.00187767
0.00254878
0.00157299
0.00170937
0.000963946
0.000642708
0.000733206
0.000343614
0.000293454
0.000279302
0.000300556
0.000620379
0.000513084
0.000284636
0.000232024
0.000672252
0.0007865
0.000943453
0.000645632
0.000731076
0.000713944
0.000702462
0.000585917
0.000460045
0.000308449
0.000338926
0.000315599
0.000257128
0.000273341
0.000265227
0.000421952
0.000362727
0.000402973
0.00286659
0.503009
0.306577
0.0423985
0.00433288
0.00201347
0.000835533
0.000590087
0.000406275
0.00198954
7.06257e-08
0.0494879
0.0326714
0.0195096
0.00652438
0.00717182
0.00432998
0.00925591
0.016674
0.0122231
0.00574693
0.00971614
0.00989702
0.0156693
0.00855017
0.00891252
0.00388278
0.00119177
0.00078675
0.000734641
0.00079774
0.000980285
0.000532131
0.000540076
0.000408253
0.000567739
0.000468382
0.000723069
0.000783556
0.00064303
0.000542122
0.0005252
0.000356604
0.000337911
0.000416581
0.000470102
0.00050894
0.000535966
0.000555278
0.000581109
0.00031843
0.000373143
0.000269011
0.000345024
0.00899783
0.807824
0.365253
0.197669
0.0842684
0.0232918
0.00163987
0.000890424
0.00158223
0.00808779
9.33095e-08
0.10735
0.0648142
0.0178568
0.0245461
0.0158513
0.0143857
0.021553
0.0519481
0.0402439
0.0226443
0.0450526
0.0657133
0.0934512
0.0548146
0.130563
0.00835537
0.00617335
0.00442128
0.00313044
0.0176399
0.00269114
0.000976585
0.000940404
0.000256238
0.000569657
0.000616121
0.000719747
0.000826964
0.000857763
0.00120411
0.000541174
0.000429285
0.000379543
0.000315764
0.000531012
0.00050588
0.000532731
0.000348075
0.000730844
0.000516469
0.000324023
0.000564285
0.000337803
0.332974
8.50179
1.34527
0.253075
0.141641
0.0213054
0.00548611
0.000827351
0.000254131
0.022979
8.86815e-06
1.15615
1.1849
1.34819
0.926299
0.348834
0.0656658
0.168583
0.228332
0.377196
0.117012
0.149386
0.111442
0.129347
0.272172
0.0586715
0.108946
0.0269137
0.0194916
0.0140815
0.00403949
0.00306081
0.00192556
0.000112839
2.72242
2.12654
4.91963e-06
0.000421216
0.000758095
0.000593749
0.000412648
0.000359228
0.000223722
0.00034018
0.00010834
0.000456999
0.00127231
0.00190417
5.70628
6.10856e-06
4.40634e-06
25.1046
6.99516
6.5965
3.33451
5.77457
4.95116
1.07454
0.441373
0.104748
0.00011056
9.98297e-06
0.521039
0.962065
1.00576e-05
2.18671
2.17328
1.83857
3.11728
1.4475
0.678128
0.232252
0.549334
0.816874
0.733388
1.07581
0.660155
0.940737
0.699869
1.37535
1.0673
0.26882
0.198882
0.57147
0.135108
0.0338873
0.00634082
0.00159405
0.000255304
0.000293813
0.000466148
0.000412355
0.000474501
0.00087514
0.000388012
0.0022752
0.748842
1.38322
0.167083
8.81276
6.77321
13.3062
1.63566
4.11457
0.961401
0.0760962
4.24877
7.11563
7.84183
107.164
6.75585
1.27094
0.104698
0.0779121
5.15205e-05
0.0433488
0.19619
1.85243
99.4695
101.007
100.927
100.918
98.9774
95.1085
72.9853
90.301
105.718
138.257
171.991
168.967
162.399
134.42
177.64
137.925
183.394
169.151
97.8954
130.062
122.297
127.992
132.715
149.665
175.241
153.174
69.1273
100.501
86.787
94.209
101.459
124.987
159.332
190.067
120.618
251.981
213.361
174.428
219.879
142.417
312.13
361.29
299.937
296.431
492.952
548.582
484.444
231.222
104.104
159.773
108.007
126.894
121.978
178.426
99.3597
101.627
103.013
102.755
113.561
111.694
108.337
87.6197
122.212
166.35
213.863
215.891
216.206
216.073
213.504
210.087
202.645
193.582
146.211
196.765
180.522
98.2478
133.499
121.806
129.459
139.981
81.7326
103.473
85.9926
123.819
143.338
167.032
150.82
184.564
116.355
280.107
254.015
225.992
208.909
236.088
180.968
329.491
291.776
291.056
403.288
440.134
197.637
132.966
132.667
131.294
161.754
135.869
123.612
184.504
6061.92
83.0935
2.06992e+06
58930.7
1.79763e+06
0.142655
151578
0.0153638
0.0175918
1.30139
6618.14
22971.8
461652
1.78144e+06
113430
0.000647887
80578.9
2.66289
0.0775599
0.153764
2.21261e+06
776.831
574.508
96310.9
20099.9
0.1256
4.34613
180.434
0.0632839
10609.4
2.58849e-06
7768.35
41226.7
4325.43
26.4257
6.16431
0.0667539
0.365643
289.408
0.0105309
41.9833
6.52043e-06
1181.26
10.0286
52858.5
102.825
7596.82
93.1094
185953
3.59065
26003.7
24.0737
3507.16
0.30718
85159.2
1.07584
2299.8
237.786
66814.3
1073.07
13936.6
25621.2
247822
3.83273
29945.3
20.662
11029.3
0.0400706
109873
0.113174
0.000998574
0.000502096
73.9602
26.1409
262.03
0.474072
6004.56
15.1338
2.76046
3016
10.8627
0.534507
0.000219678
0.0759863
0.00414637
0.000485455
0.000757439
0.00324991
0.00482307
1257.99
1618.51
18415.1
730.702
10320.8
2344.53
47766.8
22.5704
6.46909
36185.5
22.5896
23.5282
0.0254251
0.683558
0.0174512
0.0978152
0.0158388
2.79519
0.00859749
2557.57
57.0912
8245.21
0.0401173
15.8557
5.00428
3184.07
473151
216783
38148.9
71905.4
71510.4
163.382
106.104
0.018219
0.0561874
0.102628
0.00700787
0.00102836
0.000408318
0.00234076
17420.5
7138.18
202118
23.2906
5500.45
442.058
133328
1.57093e+06
1.72112e+06
780136
4.72698e+06
710076
190.028
194.432
0.479437
0.140964
0.0508987
0.147347
0.0205269
0.00139907
0.000320278
282.986
11105.8
90.3629
945.417
226.609
0.857728
0.50467
0.0695083
29.6553
2005.97
0.0351757
0.000799566
0.726055
0.00638227
182.913
663.8
2.58816
10.5216
0.291086
7.37607
0.0693187
0.00117215
0.00625527
0.00910353
0.713536
0.0219793
0.000678467
9.60938e-06
453165
48266.7
29073.8
81126.3
340710
1.86321e+06
1.10721e+06
254093
215504
4.18783e+06
5.15464e+06
20894.5
296030
228466
398982
2295.5
3261.76
1.34883e+06
271134
40421.8
44780.6
4.44601e+06
2637.69
3955.72
17.2318
151877
13.103
570.38
15.0231
42.068
24.4971
5.10809
3.32333
1.2644
4.50111
0.308681
48.495
40.809
18.9212
8.18216
0.00697553
2.61216
8.30907
656869
39789.7
89017.8
172748
1.30269e+06
3.20528e+06
991534
4.08595e+06
1.05486e+06
6.40518e+06
321721
162713
1.54302e+06
1.74187e+06
46228.8
2011.92
2654.64
454695
116420
3.83126e+06
427517
3.81788e+06
2642.02
7223.55
12.0688
161851
512.541
578.825
0.835189
54.102
55.1581
27.759
1.11404
14.5657
19.4237
2.51598
29.5333
22.718
2.22289
0.168413
0.000115097
0.451836
0.41169
2187.18
1374.62
1.01459e+06
92370.8
1.7248e+06
114788
8.43932e+06
1227.93
3443.34
1.207e+06
5891.48
692.888
14954.1
639357
35951.1
176.658
342346
3.31107e+06
62835.5
61.0774
0.0807358
0.179497
2546.35
0.183859
108.894
141.743
20.4271
0.0282918
1.30384
3.69582
60.5864
130.915
1.04233
12.114
4.98046
133.886
5.4824
81.0016
0.435076
45.3453
0.0183954
1360.99
2089.85
1.57284e+07
1.18327e+07
30324.2
6.28325e+06
1.10962e+06
4137.39
1387.02
152056
53821.9
1771.93
775623
6136.76
3.6249e+06
1301.96
9407.2
1386.09
221703
492.638
1.05432
5.76734
829.822
151.847
163.029
77.234
42.3226
3.24513
0.000108108
1.56083
89.7584
156.931
6.07112
191.529
210.783
20.3978
1.70372
19.6793
5.89869e-05
17.3553
75.7356
590124
2419.43
18429
100650
79251.6
71733.3
48990.4
4749.39
119997
11925.5
249768
45247
294160
44694
54563.1
28.3175
713869
2812.42
91637.6
315.487
2.50474e+06
3.98329
0.785463
0.0469882
0.805681
0.601613
0.527672
4.75655
3.88451
0.0150856
0.0226416
2.29195
13.4906
0.129674
9.9469
7.05765e+06
56490
890146
205583
820813
440046
3.25448e+06
2.54028
0.16749
0.00299496
0.351632
0.784035
1.0288
0.963172
0.936255
0.0562634
4.07292
0.592001
9.93742
0.131029
3.3488
275.951
42278.8
4435.24
6.43458
18369.9
4572.79
454757
178697
247947
652.62
937516
6100.92
257224
2908
0.734407
0.00610056
0.0039167
0.00291546
4.09634
4.15496
0.000679007
0.000264158
0.0500286
0.00187229
0.000971986
0.118895
0.0166157
0.00197257
37065.5
161353
40578
678106
222496
171565
23639.4
3.25361e+06
17394.1
47014.8
9.89645
531550
289912
1.13729e+06
3811.51
218.753
0.00892521
0.0109809
5.32801
0.619716
0.0795326
0.107545
6.55718e-06
0.000189563
0.0723105
0.318945
25.3737
1.68704
17.7447
7.85997
47.7337
35.4895
6.35568
21.2742
53.0741
80.0177
51.3409
110.393
92.3384
88.2826
122.537
66.1121
49.6778
11.1495
34.6445
0.968587
26.9821
4.46075
54.9672
0.25269
1.87557
3.92027
30.5004
41.082
0.523069
1.14287
33.9396
67.5654
130.101
74.3335
83.6355
15.3933
28.6361
8.70647
42.7175
18.5581
7.14574
41.5577
3.72965
407.925
101.103
86.8583
1.00749e+06
2070.77
271246
4.28571e+06
3425.49
592156
1.86761e+06
2624.34
777.845
1621.75
2054.34
3724.14
1443.88
1839.13
2370.73
210670
329258
1331.1
224178
2206.83
309763
204999
201.786
142.005
3.51486e+06
2999.93
1.58458e+07
1.97788e+06
4565.09
1.0599e+06
8.24944e+06
5078.53
3838.3
3048.02
5847.33
6445.78
2760.49
4104.64
4879.11
2.13358e+06
4.13537e+06
3750.78
3.02951e+06
3.01839e+06
3283.2
1.86404e+06
161.367
166.723
1.26092e+06
814941
2431.02
1.64146e+06
182342
72630.5
3417.11
1832.29
248.955
385.505
1136.24
2415.88
814.476
186.44
2307.56
294077
598312
93475
3705.69
613065
2957.98
130399
1.81754e+06
988608
3598.42
3.10759e+06
1.31806e+06
2.31081e+06
4211.48
3858.89
725.784
727.72
2492.6
2250.43
1943.82
4073.1
1109.15
4.5135e+06
4.09879e+06
750255
3826.72
412148
4758.44
1.41065e+06
279809
470980
2966
3.5089e+06
155266
3273.49
200101
1865.65
1368.15
1474.07
748.975
1330.42
999.773
1027.24
1315.43
576531
2.59659e+06
18200.1
2562.62
198453
4459.29
20556.3
2901.32
2817.43
183082
258911
2.02213e+06
1781.6
309381
195246
1398.26
2743.43
2262.7
2347.1
2424.51
285112
1.16557e+07
45955.9
1794.44
4.05017e+06
2570.28
616174
1689.94
1077.53
1538.74
1461.37
3663.09
4748.32
17.0166
3.41149
44.4884
10.4618
378.954
1.68037
40.7895
122.452
255.749
98.3677
140.68
194.704
580.752
455.536
55.0065
0.0142168
69.9394
2.90037
29.9304
7.14885
7.65246
46.9681
77.845
60.6735
276.774
2.32118
39.9504
44.6094
33.7986
112.635
14.8374
48.2273
33.8051
84.9044
38.4003
36.6946
66.636
52.102
124.838
134.347
37.6045
1.92805
31.0253
36.2535
93.1493
1.19124
47.9234
75.3219
21.9432
15.9595
7.97829
56.6678
6.66991
42.7082
50.5783
76.2396
81.5918
62.6596
85.659
215.244
89.1935
10.8099
71.7055
118.685
73.8747
67.6745
99.9166
76.2168
20.081
99.2653
104709
292859
353469
2351.34
52753.7
411709
1857.29
1206.41
396.27
179.513
1474.36
130449
459848
345108
2585.56
61935.7
262112
1834.02
772.651
1393.91
341.764
2883.14
1.00011e+07
842389
3706.1
2.97438e+06
1.89928e+06
767859
4812.68
7199.85
1376.91
1657.24
6098.15
4953.16
1735
4315.34
892.437
7.54406e+07
9.73896e+06
7.28038e+06
9202.84
1.0104e+07
6946.95
2.75922e+07
258837
445811
63516.4
103.35
91719.5
1380.11
77424
2209.24
1954.9
1995.52
2192.24
130744
1.54048e+06
32966.6
1325.78
132215
63545.9
1343.91
2865.5
1722.54
2880.88
2110.93
1811.62
2393.13
604360
21058.5
517.36
3.53579e+06
458620
103283
1771.91
1681.8
1532.13
1678.45
1262.41
3061.77
1709.31
2133.34
2953.22
51543.8
1.31581e+07
144460
1699.97
3.30539e+06
2282.62
23005.4
4149.03
5497.72
17.2969
2.54408
34.3185
23.3377
101.333
2.38518
37.9899
126.299
37.3776
459.932
220.802
129.242
518.969
263.699
262.808
20.0933
63.2553
0.818482
33.0599
1.64954
54.2393
2.53744
47.2085
41.6235
14.671
17.7337
15.6976
65.5028
5.89472
57.948
73.6583
54.6129
101.343
80.4863
67.5848
11.9978
10.7144
17.4622
40.9075
20.6978
5.13234
49.809
78.6602
181.551
121.279
107.386
41.1491
59.3955
12.0028
1.22415
36.6625
8.47324
3.34419
10.453
46.3912
62.8939
31.7256
60.3585
35.6951
70.389
88.8202
74.5003
85.4279
8.9753
39.4425
0.379618
26.2291
1.34047
19.9364
0.430691
1910.06
2015.51
3.18079e+06
2829.5
12590
3.16579e+06
580510
3399.13
4.33051e+06
7525.6
4046.14
6569.47
3788.96
4731.67
1725.24
3361.19
2612.94
8.05149e+06
2.65946e+07
4606.25
7.42886e+06
6.23759e+06
5277.11
1.62359e+07
2769.34
4417.33
407281
151.271
106543
157571
1508.54
77954.2
173121
501.643
444.007
473.902
419.509
740.277
395.962
914.64
455.572
46406.5
2.08881e+06
3414.78
13420.9
2475.42
3978.27
47894.2
1.42625e+06
651.235
1.24553e+06
163447
2615.12
61923.7
246338
830.052
830.734
264.467
1696.88
1732.32
496.25
425.468
462.279
2.12626e+06
1.52746e+06
2963.07
441205
3187.53
910569
875998
1188.14
116.043
11.7413
2592.05
268.573
103.104
311.047
156.784
31.0513
97.2511
31.6632
276.436
70.7321
152.676
118.482
75.4976
66.4623
23.7612
0.127459
92.9641
9.96916
12.5579
149.25
172.261
149.491
82.9462
3.16107
11.8161
14.8085
75.0081
5.21719
190.327
95.1967
100.897
156.684
139.184
81.0887
111.416
98.0424
553.983
357.365
102.751
12.479
157.305
55.3403
110.205
62.6899
463.472
0.107326
4.57326
264.723
0.00196107
48.7948
454.534
310.453
353.701
476.373
431.88
434.334
422.018
437.288
289.436
115.864
177.493
212.926
192.116
2.97197
268.164
381.409
183.335
1.59919
2.93491
252.457
32.3053
14.9284
435.914
236.514
376.833
446.438
411.614
463.837
320.887
456.08
186.236
3.76938
322.871
0.000127827
298.118
207.091
179.007
2108.27
2663.42
2.49745e+07
4211.56
1.97427e+07
2.51927e+08
6.12725e+06
6942.12
1.10093e+08
3649.39
1966.8
2584.43
3302.58
7584.62
3075.88
6320.09
3937.12
3.48216e+06
2.89756e+07
3501.88
76151.1
4491.07
1.43859e+06
434814
5685.49
709.09
40219.9
59833.4
453.8
26610.9
1079.65
55079.1
108432
1018.45
612.68
298.579
571.279
257167
1.10007e+06
2492.55
86150.1
839974
1774.3
230601
614.751
516.441
419.509
427.5
175808
3024.45
204089
1.83723e+06
1240.16
3.10786e+06
1694.79
833.325
497.803
520.804
786.262
729.804
693.361
2260.75
432.364
89431.9
237308
1870.2
114367
1336.19
94954.4
136718
2380.54
199.082
19039.1
74.7368
398.041
365.455
1804.55
115.756
119.501
69.3921
192.835
259.609
204.012
123.8
264.881
107.792
107.623
208.756
84.3045
120.591
159.889
17.5985
156.395
205.823
122.894
97.3319
8.05629
131.785
65.6664
127.204
166.933
115.877
15.3851
62.3049
43.5313
166.623
100.06
96.0762
123.743
129.676
728.031
50.1987
1.70209
159.169
66.8747
14.6813
58.5527
63.3163
319.624
42.178
176.457
10.1024
374.767
418.942
444.317
573.771
340.599
81.7846
63.2587
335.441
68.626
250.569
653.428
0.000818807
454.913
514.141
351.559
596.997
61.8684
256.709
22.0377
60.3846
210.78
441.818
2.60676
486.275
321.914
310.095
537.629
409.277
397.62
326.537
421.433
1261.15
820.288
197.485
17.842
388.714
139.392
3.9159
)
;

boundaryField
{
    inlet
    {
        type            freestream;
        freestreamValue uniform 0.14;
        value           nonuniform List<scalar> 
60
(
30.4933
29.5714
7.82621e-05
7.76844e-05
7.85475e-05
7.81393e-05
7.91166e-05
7.83952e-05
7.94429e-05
7.91558e-05
8.00786e-05
7.92748e-05
8.0208e-05
8.01621e-05
8.08756e-05
8.00678e-05
8.07439e-05
8.09278e-05
8.14596e-05
8.04026e-05
8.13981e-05
8.11991e-05
8.2626e-05
8.16484e-05
8.38543e-05
8.06293e-05
8.31762e-05
8.0091e-05
7.98704e-05
8.14597e-05
7.99204e-05
7.81573e-05
7.75642e-05
8.00002e-05
7.6519e-05
7.90176e-05
7.69214e-05
7.90261e-05
7.92779e-05
7.74846e-05
7.82362e-05
7.75697e-05
7.91218e-05
7.74522e-05
7.92873e-05
8.00007e-05
8.35913e-05
8.77455e-05
9.19825e-05
0.000115916
0.000122021
0.000263143
0.000221744
0.0161658
7.06257e-08
9.33095e-08
8.86815e-06
1.00576e-05
99.4695
99.3597
)
;
    }
    outlet
    {
        type            freestream;
        freestreamValue uniform 0.14;
        value           nonuniform List<scalar> 
60
(
0.14
214.472
0.14
0.14
0.14
0.14
0.14
0.14
0.14
0.14
0.14
0.14
0.14
0.14
0.000293018
0.14
0.14
0.14
0.14
0.14
0.14
0.14
0.14
0.14
0.14
0.14
0.14
0.14
0.14
0.14
0.14
0.14
0.14
0.14
0.14
0.14
0.14
0.14
0.14
0.14
0.14
0.14
0.14
0.14
0.14
0.14
0.14
0.14
0.14
0.14
0.14
0.14
0.14
0.14
0.14
0.14
0.14
0.14
0.14
0.14
)
;
    }
    rightSide
    {
        type            symmetryPlane;
    }
    leftSide
    {
        type            symmetryPlane;
    }
    duct
    {
        type            nutUWallFunction;
        Cmu             0.09;
        kappa           0.41;
        E               9.8;
        value           nonuniform List<scalar> 
216
(
7780.23
11056.7
8126.07
11235.9
8221.64
11305.9
8349.98
11389
8471.64
11457.5
8585.61
11526.1
8684.32
11584.5
8777.23
11638.5
8862.67
11688.5
8940.75
11734.2
9010.15
11774.5
9069.34
11808.3
9116.61
11834.6
9150.04
11852.1
9168.79
11860.2
9170.93
11857.6
9155.15
11843.9
9119.59
11819
9064.03
11782.6
8988.05
11735
8892.1
11676.4
8776.64
11607.9
8642.57
11530.3
8491.05
11445.3
8324.69
11354.9
8146.22
11261.5
7959.31
11167.4
7766.97
11074.6
7572.91
10984.8
7379.75
10898.9
7190.74
10817.8
7008.59
10741.4
6835.59
10669.1
6674.68
10600.5
6527.67
10534
6396.44
10467.8
6283.09
10399.9
6185.32
10328.8
6100.07
10253
6025.29
10170.7
5958.57
10079.5
5897.11
9975.33
5836.33
9853.08
5773.95
9707.46
5723.79
9541.94
5720.97
9372.17
5772.45
9198.78
5751.91
8938.76
5448.58
8441.32
5026.88
7768
5604.38
7859.89
7917.04
9292.01
10191
9765.56
2696.87
4669.62
9481.68
11595.6
9546.43
11576.7
9587.06
11582.1
9638.67
11585
9690.84
11593.9
9745.59
11605.7
9801.27
11620
9857.18
11636.3
9911.95
11653.5
9964.09
11670.3
10011.7
11685.4
10053.2
11697.3
10087
11704.7
10111
11705.9
10123.9
11699.4
10123.8
11683.7
10109.8
11657.6
10080.4
11619.4
10034.9
11568.5
9973.33
11504.2
9896.9
11426.2
9807.69
11335.9
9710.19
11236.4
9609.52
11129.7
9505.21
11014.8
9396.71
10892.3
9289.33
10764.6
9187.41
10634.4
9095.35
10504.4
9015.62
10376.2
8950.24
10251.7
8900.21
10131.8
8865.39
10017.3
8845.9
9909.48
8840.59
9808.9
8848.59
9716.63
8868.49
9633.75
8898.66
9561.42
8937.56
9500.4
8983.22
9451.56
9033.9
9415.55
9086.82
9392.91
9137.72
9382.68
9184.22
9385.85
9242.2
9420.7
9363.32
9542.94
9588.79
9809.62
9814.22
10138.4
9685.62
10118
9174.24
9638.59
10042
10650.1
15473.4
17032.1
18392.3
18253.9
23373.4
20832.3
)
;
    }
    cylinder
    {
        type            nutUWallFunction;
        Cmu             0.09;
        kappa           0.41;
        E               9.8;
        value           nonuniform List<scalar> 
448
(
830.373
1378.4
853.792
841.195
372.032
567.093
326.839
286.168
780.576
1299.16
779.057
776.655
299.964
266.09
302.843
74.319
772.156
765.208
772.572
1304.13
266.718
400.71
279.299
286.359
835.096
840.454
274.052
283.489
218.92
89.3083
858.661
1422.78
935.973
920.975
2000.95
2020.64
1561.08
917.473
974.32
972.382
2230.22
953.125
963.529
2249.49
229.801
220.651
413.779
418.97
821.193
815.603
247.062
223.688
570.786
499.65
853.001
844.846
256.63
215.397
241.298
312.554
398.106
238.956
288.863
317.91
647.151
581.744
207.613
261.774
439.862
443.209
884.116
871.068
349.411
369.094
418.264
401.91
809.7
358.404
841.905
321.925
335.679
942.66
950.609
2168.76
2145.77
958.011
949.699
769.208
762.157
562.72
559.319
748.192
728.679
780.332
775.88
558.8
557.768
748.054
746.237
301.134
208.739
545.227
156.104
507.777
417.164
476.056
1033.83
980.757
419.273
329.885
274.291
326.899
729.077
369.484
355.787
689.854
277.595
279.012
236.996
171.22
214.66
403.306
269.227
135.04
978.858
986.105
2341.81
2354.77
772.194
767.617
523.442
523.678
668.188
674.919
772.152
766.031
517.596
513.131
642.953
634.745
258.118
247.793
226.617
236.948
533.303
521.188
285.91
306.385
138.713
212.512
239.34
284.932
516.647
474.492
659.927
955.51
962.041
840.928
837.675
1030.18
1028.5
943.792
1949
1952.07
2079.02
2055.79
274.258
279.947
179.044
117.352
199.054
198.441
175.161
146.712
355.42
338.096
551.209
543.884
432.532
587.678
712.912
704.64
1084.09
1100.83
853.683
851.992
718.403
714.986
1111.45
1130.03
962.634
964.203
2096.1
2110.57
962.992
958.98
2085.57
2100.62
2096.53
1294.62
1447.3
1501.28
655.392
472.676
563.073
531.152
1581.07
781.426
1012.51
895.152
856.23
634.034
627.412
638.544
1442.52
1351.47
799.875
477.81
520.728
469.199
947.701
990.185
2308.94
1137.99
620.9
549.168
162.69
503.536
2549.89
1559.94
441.254
481.902
744.689
466.649
543.735
481.883
1441.67
660.892
881.974
729.528
883.244
613.179
668.532
621.348
2020.73
1189.38
1325.17
1240.78
178.395
441.147
891.386
925.944
1783.29
938.814
656.83
704.672
965.289
710.267
1334.05
1368.78
2243.04
1362.47
1268.97
2851.19
2065.8
1241.39
2206.24
1467.66
2277.05
1474.71
452.089
689.642
286.199
153.72
489.61
431.498
648.687
931.548
1116.35
642.719
566.337
578.336
296.239
269.316
477.915
547.811
690.134
699.848
729.036
1124.06
314.041
741.831
1001.5
680.589
519.067
949.164
637.189
1179.19
721.929
459.358
876.568
612.428
794.365
629.304
342.198
868.613
638.195
1417.27
2193.3
2110.23
1390.27
502.665
1185.83
977.758
549.005
748.902
443.054
753.068
547.405
495.25
549.825
736.777
488.286
490.015
966.435
161.278
494.354
960.89
1369.24
1662.67
791.445
1247.05
767.736
603.347
631.117
577.308
198.618
197.463
55.6472
83.7531
569.624
355.018
1645.09
3267.25
1667.92
988.48
2314.27
1599.09
662.377
527.889
457.548
526.258
678.146
470.841
923.441
507.831
481.365
1074.94
649.945
452.314
218.823
188.9
524.291
556.306
295.016
266.925
494.942
509.789
334.511
320.67
581.299
845.76
306.336
188.599
305.783
592.545
847.161
527.786
406.66
781.848
620.415
1368.15
985.524
583.657
667.936
952.433
673.942
957.597
957.93
643.376
1052.47
684.282
677.704
1004.78
641.078
1177.87
2822.24
1591.38
932.825
1988.35
1132.93
1305.26
2085.03
955.446
2030.82
1264.23
167.217
360.763
293.111
117.101
323.002
304.53
275.144
204.155
531.791
333.442
901.451
350.193
560.979
910.166
885.534
1446.41
152.836
105.613
521.313
907.885
673.642
1063
1117.49
688.752
709.885
724.79
1504.81
1205.73
1128.73
702.335
2089.18
955.171
1346.33
956.919
2113.49
1360.97
1373.95
2967.92
1629.32
961.543
2112.26
1349.29
)
;
    }
}


// ************************************************************************* //
