/*--------------------------------*- C++ -*----------------------------------*\
| =========                 |                                                 |
| \\      /  F ield         | OpenFOAM: The Open Source CFD Toolbox           |
|  \\    /   O peration     | Version:  4.1                                   |
|   \\  /    A nd           | Web:      www.OpenFOAM.org                      |
|    \\/     M anipulation  |                                                 |
\*---------------------------------------------------------------------------*/
FoamFile
{
    version     2.0;
    format      ascii;
    class       volScalarField;
    location    "61";
    object      omega;
}
// * * * * * * * * * * * * * * * * * * * * * * * * * * * * * * * * * * * * * //

dimensions      [0 0 -1 0 0 0 0];

internalField   nonuniform List<scalar> 
4432
(
0.0110974
0.0114445
0.0118178
0.0121502
0.0125181
0.0128353
0.0131975
0.013501
0.0138545
0.0141451
0.0144851
0.0147658
0.0150885
0.01536
0.0156652
0.0159255
0.016216
0.0164628
0.0167414
0.0169738
0.0172424
0.0174656
0.0177273
0.0179374
0.0181912
0.0183861
0.0186424
0.0188316
0.0190974
0.0192889
0.0195621
0.019754
0.0200183
0.0202
0.0204288
0.0205946
0.0207804
0.0209357
0.0210855
0.0212549
0.0213814
0.0215476
0.0216621
0.021824
0.0219363
0.0220607
0.0221533
0.0222667
0.0223707
0.0225494
0.0226535
0.0229248
0.0229844
0.02325
0.0111023
0.0114395
0.0118277
0.0121418
0.0125311
0.0128236
0.0132131
0.013486
0.0138719
0.0141272
0.0145034
0.0147467
0.0151065
0.0153422
0.0156816
0.0159115
0.0162303
0.0164533
0.0167544
0.0169674
0.0172539
0.0174599
0.017738
0.0179344
0.0182045
0.0183913
0.0186596
0.0188419
0.0191118
0.0192976
0.0195695
0.0197599
0.0200194
0.0202048
0.0204268
0.0206084
0.0207829
0.0209692
0.0211141
0.021309
0.0214508
0.0216222
0.0217748
0.0219037
0.0220303
0.0221204
0.0222496
0.0223312
0.0224634
0.022535
0.022687
0.022761
0.0228673
0.0230959
21.7959
3.38011
1.22819
0.66308
0.436289
0.320353
0.251545
0.206476
0.174836
0.151475
0.133555
0.119392
0.107926
0.0984617
0.0905191
0.0837683
0.0779543
0.0729077
0.0684711
0.0645619
0.0610679
0.057958
0.055137
0.0526084
0.0502813
0.0481891
0.0462382
0.0444886
0.0428341
0.0413616
0.0399395
0.0386817
0.0374279
0.036314
0.035166
0.0341603
0.0331202
0.0322296
0.0313107
0.0305385
0.0297376
0.0290563
0.0283577
0.027755
0.0271446
0.0265876
0.026036
0.0255239
0.0250384
0.0245809
0.0241976
0.0238607
0.0233277
0.0229286
21.7959
3.38012
1.22819
0.663076
0.436286
0.320351
0.251543
0.206474
0.174834
0.151473
0.133554
0.119389
0.107926
0.0984585
0.0905201
0.0837646
0.077955
0.0729023
0.0684709
0.0645562
0.0610671
0.0579538
0.0551367
0.0526086
0.0502838
0.0481968
0.0462437
0.0445016
0.0428386
0.0413701
0.0399323
0.038676
0.0374041
0.0362925
0.0351353
0.0341433
0.0331033
0.0322389
0.0313196
0.0305676
0.0297612
0.0290969
0.0283862
0.0277938
0.0271538
0.0266176
0.0260363
0.0255554
0.0250368
0.0246236
0.0241738
0.0238731
0.0232786
0.0228175
21.7957
3.38034
1.2285
0.663371
0.43655
0.320589
0.251757
0.206666
0.175017
0.151657
0.133738
0.11958
0.108116
0.0986579
0.0907168
0.0839708
0.0781569
0.0731123
0.0686774
0.0647683
0.0612799
0.058171
0.0553591
0.0528278
0.0505083
0.0484073
0.0464613
0.044698
0.0430473
0.0415549
0.040135
0.0388564
0.0376098
0.0364925
0.035376
0.0343832
0.0333773
0.0324948
0.0315993
0.0308077
0.0300142
0.0293007
0.0285994
0.0279549
0.027324
0.0267463
0.0261836
0.0256563
0.0251768
0.0246948
0.0243457
0.0238537
0.0236456
0.0230403
21.7957
3.38034
1.2285
0.663368
0.436548
0.320587
0.251756
0.206664
0.175017
0.151654
0.133738
0.119576
0.108117
0.0986538
0.0907182
0.0839666
0.0781573
0.0731083
0.0686753
0.0647666
0.0612777
0.0581733
0.0553558
0.0528327
0.0505041
0.0484151
0.0464592
0.0447091
0.0430454
0.0415637
0.0401271
0.0388549
0.0375922
0.0364847
0.0353569
0.0343807
0.0333676
0.0325036
0.0315937
0.0308289
0.0300155
0.0293346
0.0286025
0.0279878
0.027328
0.0267708
0.0261867
0.0256806
0.0251898
0.0247381
0.0243142
0.0239102
0.0236708
0.0229133
21.7959
3.38027
1.22844
0.663316
0.4365
0.320542
0.251714
0.206624
0.174977
0.151618
0.1337
0.119542
0.10808
0.0986208
0.0906825
0.0839334
0.0781228
0.0730745
0.0686458
0.0647392
0.0612622
0.0581559
0.0553523
0.0528185
0.0505016
0.0483949
0.0464513
0.0446824
0.043034
0.0415336
0.0401173
0.0388282
0.0375985
0.0364743
0.0353919
0.0343859
0.0334231
0.0325078
0.0316528
0.0308198
0.0300676
0.0292988
0.0286238
0.0279128
0.0273081
0.026676
0.0261332
0.0256053
0.0251448
0.0246601
0.0242852
0.0238013
0.0236288
0.0229566
21.7959
3.38027
1.22844
0.663313
0.436497
0.320541
0.251712
0.206623
0.174976
0.151617
0.133698
0.119542
0.108077
0.0986217
0.0906794
0.083935
0.0781183
0.0730768
0.0686405
0.0647424
0.0612533
0.0581572
0.0553376
0.0528201
0.0504873
0.0484047
0.0464437
0.0446998
0.043031
0.0415516
0.0401137
0.038841
0.0375892
0.0364754
0.0353732
0.0343786
0.0334029
0.0325005
0.0316425
0.0308184
0.030061
0.0293034
0.0286208
0.0279379
0.0273102
0.0267217
0.0261543
0.0256508
0.0251778
0.024679
0.0243202
0.0238601
0.023523
0.0230529
21.7959
3.38025
1.22842
0.663296
0.436481
0.320524
0.251695
0.206604
0.174959
0.151596
0.13368
0.119517
0.108058
0.0985929
0.0906589
0.0839022
0.0780962
0.073042
0.0686212
0.0647092
0.0612375
0.0581271
0.0553256
0.0527947
0.0504808
0.0483841
0.0464402
0.0446822
0.0430283
0.0415373
0.0401121
0.0388314
0.0375899
0.0364741
0.0353804
0.0343891
0.0334157
0.0325149
0.0316505
0.0308247
0.0300599
0.0292883
0.0286139
0.0278888
0.0273094
0.0266423
0.0261746
0.0255862
0.025192
0.0246731
0.0243027
0.023787
0.023507
0.0229832
21.7959
3.38025
1.22842
0.663294
0.436479
0.320522
0.251694
0.206603
0.174958
0.151595
0.13368
0.119516
0.108058
0.0985923
0.0906576
0.0839015
0.0780952
0.0730417
0.06862
0.0647072
0.0612337
0.0581201
0.0553205
0.0527869
0.0504797
0.0483815
0.0464454
0.0446854
0.0430353
0.0415433
0.0401174
0.038837
0.0375874
0.0364737
0.0353663
0.0343852
0.0333926
0.03252
0.0316221
0.0308408
0.0300237
0.0293197
0.0285791
0.0279395
0.027292
0.0267092
0.0261771
0.0256307
0.0252037
0.0246724
0.0242876
0.0238056
0.0234431
0.0229656
21.796
3.38025
1.22842
0.66329
0.436467
0.320507
0.251675
0.206583
0.174934
0.151571
0.133651
0.119489
0.108024
0.0985602
0.0906203
0.0838656
0.0780567
0.0730039
0.0685832
0.0646685
0.061201
0.058081
0.0552964
0.0527553
0.0504724
0.0483594
0.0464506
0.0446623
0.0430466
0.0415171
0.040136
0.0388092
0.0376138
0.0364465
0.0354038
0.0343651
0.0334422
0.0324978
0.0316693
0.0308011
0.0300589
0.0292642
0.0286067
0.027886
0.0273138
0.0266827
0.0261964
0.0256433
0.0252086
0.0246858
0.0242567
0.0238164
0.0232382
0.0227538
21.796
3.38026
1.22842
0.663288
0.436465
0.320505
0.251674
0.206582
0.174934
0.15157
0.133652
0.119487
0.108025
0.0985582
0.0906218
0.0838635
0.0780575
0.0730017
0.0685818
0.0646643
0.0611966
0.0580763
0.0552911
0.0527491
0.0504679
0.0483539
0.0464517
0.0446622
0.0430557
0.0415198
0.0401464
0.0388074
0.0376214
0.0364372
0.0354086
0.0343443
0.033446
0.0324701
0.0316788
0.0307775
0.0300805
0.0292505
0.0286387
0.0278848
0.0273561
0.0266803
0.0262333
0.0256205
0.0252271
0.024634
0.0242841
0.0237531
0.0233298
0.0227888
21.796
3.38025
1.22842
0.663281
0.436452
0.320489
0.251653
0.206562
0.174907
0.151546
0.133619
0.11946
0.107986
0.0985269
0.0905766
0.0838274
0.0780074
0.0729615
0.0685296
0.0646236
0.0611456
0.0580383
0.0552475
0.0527233
0.0504398
0.0483457
0.0464351
0.0446631
0.0430415
0.0415217
0.0401345
0.0388118
0.0376173
0.0364479
0.0354151
0.0343611
0.0334598
0.0324896
0.0316881
0.0307848
0.0300761
0.0292438
0.0286253
0.027873
0.0273431
0.0266713
0.0262246
0.02561
0.0252107
0.024604
0.024246
0.023698
0.0231886
0.0226463
21.796
3.38025
1.22842
0.663279
0.436451
0.320487
0.251653
0.20656
0.174908
0.151544
0.133621
0.119457
0.10799
0.0985226
0.0905807
0.0838224
0.0780115
0.072955
0.0685321
0.0646147
0.0611463
0.0580284
0.0552482
0.0527135
0.0504426
0.0483352
0.0464433
0.0446541
0.0430536
0.0415137
0.0401448
0.0388043
0.0376225
0.0364415
0.0354122
0.0343541
0.0334493
0.03248
0.031682
0.030783
0.030083
0.0292515
0.0286469
0.0278871
0.0273678
0.026686
0.0262327
0.0256124
0.0251878
0.0246166
0.0242213
0.0236448
0.02342
0.022526
21.796
3.38026
1.22843
0.663281
0.436442
0.320471
0.251634
0.206536
0.174884
0.151513
0.133591
0.11942
0.107953
0.0984796
0.0905359
0.0837727
0.0779578
0.0728987
0.0684716
0.0645573
0.0610858
0.0579786
0.0551938
0.0526843
0.0504058
0.0483354
0.0464182
0.0446705
0.0430259
0.0415348
0.0401153
0.0388344
0.0376026
0.0364862
0.0354035
0.0344093
0.0334459
0.0325369
0.0316772
0.0308296
0.0300709
0.0292789
0.0286328
0.0278994
0.0273547
0.0266835
0.026214
0.0255858
0.0251579
0.0245591
0.0241597
0.0236226
0.0231384
0.0225801
21.796
3.38026
1.22843
0.66328
0.43644
0.320471
0.251632
0.206537
0.174882
0.151516
0.133588
0.119424
0.10795
0.0984838
0.0905322
0.0837768
0.0779533
0.0729027
0.0684653
0.0645585
0.0610772
0.0579766
0.0551872
0.052677
0.0504004
0.0483215
0.0464216
0.0446573
0.0430442
0.0415261
0.0401429
0.0388246
0.0376267
0.0364679
0.0354184
0.0343816
0.0334539
0.0325065
0.0316856
0.0308038
0.030088
0.0292664
0.0286568
0.027895
0.0273806
0.0266779
0.0262279
0.0255765
0.025163
0.0245541
0.0241677
0.023638
0.0231725
0.022624
21.7961
3.38026
1.22843
0.663275
0.436428
0.320453
0.251612
0.206512
0.174856
0.151485
0.133556
0.119385
0.10791
0.0984356
0.090484
0.0837183
0.0778952
0.0728325
0.0683981
0.0644807
0.0610049
0.0578971
0.0551204
0.0526185
0.0503663
0.0483077
0.0464245
0.0446754
0.0430593
0.041553
0.0401575
0.0388549
0.037641
0.0365034
0.0354322
0.0344249
0.0334645
0.0325586
0.0316903
0.0308572
0.0300806
0.0293071
0.0286366
0.0279262
0.0273493
0.0267015
0.0261818
0.025589
0.0251131
0.0245566
0.0241418
0.0236125
0.0231869
0.0225709
21.7961
3.38026
1.22843
0.663274
0.436427
0.320453
0.251612
0.206513
0.174856
0.151486
0.133556
0.119386
0.10791
0.0984371
0.0904833
0.0837192
0.077894
0.0728328
0.068395
0.064478
0.0609994
0.0578933
0.0551162
0.0526135
0.0503621
0.0482995
0.046422
0.0446685
0.0430656
0.0415509
0.0401689
0.0388506
0.037649
0.036493
0.0354353
0.0344086
0.0334648
0.0325394
0.0316906
0.0308442
0.0300863
0.0293079
0.0286499
0.0279302
0.0273691
0.0266915
0.0262073
0.0255653
0.0251365
0.0245445
0.0241601
0.023614
0.023208
0.0226005
21.7961
3.38026
1.22845
0.66328
0.43642
0.320437
0.251592
0.206489
0.17483
0.151454
0.133523
0.119345
0.107869
0.098385
0.090432
0.083654
0.0778286
0.0727524
0.0683124
0.0643823
0.0609036
0.057795
0.0550278
0.0525478
0.0503212
0.0483065
0.0464417
0.0447202
0.0431056
0.0416121
0.0402087
0.0389033
0.0376817
0.0365402
0.0354701
0.0344615
0.0335057
0.0326021
0.031733
0.0309098
0.0301179
0.0293646
0.0286589
0.0279846
0.027349
0.026762
0.0261557
0.0256384
0.0251224
0.0245679
0.024227
0.0236008
0.0233207
0.0224116
21.7961
3.38027
1.22845
0.66328
0.436421
0.320437
0.251594
0.206488
0.174833
0.151452
0.133528
0.119343
0.107874
0.0983817
0.0904377
0.0836497
0.0778341
0.072747
0.0683167
0.0643764
0.0609043
0.0577913
0.0550282
0.0525422
0.0503166
0.048289
0.0464379
0.0447053
0.0431099
0.0416057
0.0402185
0.0389047
0.03769
0.036542
0.0354669
0.0344598
0.0334905
0.0325986
0.0317101
0.0309125
0.0300963
0.0293811
0.0286479
0.0280017
0.0273599
0.0267459
0.0261983
0.0256004
0.0251565
0.0245714
0.0242051
0.0236121
0.0233894
0.0224438
21.7961
3.38026
1.22845
0.663276
0.436408
0.320423
0.251572
0.206469
0.174801
0.15143
0.133485
0.119315
0.107819
0.0983458
0.0903676
0.0836011
0.0777459
0.0726791
0.0682071
0.0642862
0.0607798
0.0576842
0.0549092
0.0524589
0.05029
0.0483106
0.0465138
0.0448028
0.0432315
0.0417327
0.0403316
0.0390172
0.037762
0.036632
0.0355119
0.0345412
0.033535
0.0326781
0.0317602
0.0310034
0.0301347
0.0294992
0.0286749
0.0281338
0.0274089
0.0268814
0.0262952
0.0257158
0.0253292
0.0246502
0.0242584
0.023582
0.0231024
0.0225724
21.7961
3.38027
1.22846
0.663277
0.436409
0.320423
0.251573
0.20647
0.174803
0.151431
0.133487
0.119315
0.107822
0.0983453
0.0903712
0.0835982
0.0777515
0.0726727
0.0682167
0.0642737
0.0607945
0.0576696
0.0549253
0.0524502
0.0502927
0.0483117
0.0465082
0.0448026
0.0432273
0.0417274
0.0403367
0.0390049
0.0377796
0.0366067
0.0355364
0.0344994
0.0335586
0.0326225
0.0317905
0.0309315
0.030188
0.0294185
0.0287317
0.0280734
0.0274294
0.0268287
0.0262756
0.0256865
0.0252573
0.0246479
0.0243172
0.0236744
0.023395
0.0225538
21.7962
3.38027
1.22848
0.663286
0.436403
0.320414
0.25155
0.206458
0.174766
0.15142
0.133434
0.119308
0.107746
0.0983405
0.0902648
0.0835933
0.0776062
0.0726594
0.0680255
0.0642419
0.0605621
0.057616
0.0547101
0.0524442
0.0503456
0.0485768
0.0468855
0.0453312
0.0437703
0.042336
0.0409221
0.0396226
0.0383686
0.0372169
0.036131
0.0351343
0.0341535
0.0333103
0.0323932
0.0316597
0.0308228
0.0302227
0.0294489
0.028926
0.0282415
0.027753
0.0271564
0.0266511
0.0262707
0.0258015
0.0252899
0.0250192
0.0249055
0.0244498
21.7961
3.38028
1.22848
0.663287
0.436403
0.320415
0.25155
0.206461
0.174766
0.151425
0.133433
0.119314
0.107743
0.0983477
0.0902614
0.0836002
0.0776034
0.0726648
0.0680246
0.0642441
0.0605646
0.0576104
0.0547228
0.0524393
0.0503688
0.0485597
0.046869
0.045249
0.0437128
0.0422355
0.0408606
0.0395292
0.0383063
0.0371322
0.0360441
0.0350315
0.0340317
0.0331718
0.0322433
0.0314771
0.0306823
0.029952
0.029267
0.0286887
0.0279672
0.0274417
0.0268966
0.0263106
0.0257329
0.0253868
0.0248909
0.0245946
0.0243213
0.0240933
21.7962
3.38028
1.22849
0.663288
0.436396
0.320405
0.251534
0.206447
0.174742
0.15141
0.133395
0.119301
0.107683
0.0983411
0.0901675
0.0836032
0.0774585
0.0726792
0.0678023
0.0642753
0.0602349
0.0577307
0.0543765
0.05299
0.0512207
0.051321
0.050866
0.0503351
0.048861
0.0470595
0.0451944
0.0435041
0.0421191
0.0408619
0.0398839
0.0389683
0.0381429
0.0375177
0.0367513
0.0359792
0.035403
0.0350379
0.0342074
0.0341893
0.0341221
0.0342962
0.0348912
0.035761
0.0356338
0.0359931
0.0365368
0.0373184
0.0384932
0.0385709
21.7962
3.38028
1.22849
0.66329
0.436396
0.320408
0.251532
0.206452
0.174738
0.151418
0.13339
0.11931
0.107679
0.098348
0.0901671
0.0836048
0.0774647
0.0726727
0.0678189
0.0642585
0.0602588
0.0577072
0.0544014
0.0530703
0.0511882
0.0504886
0.0497769
0.0487078
0.0470624
0.0454267
0.0438228
0.0423534
0.0409894
0.0397807
0.038561
0.0376271
0.0364796
0.0357364
0.0347649
0.034038
0.0335896
0.0329733
0.032838
0.0323599
0.0323682
0.0326691
0.0331472
0.0338227
0.0344814
0.0352098
0.0358459
0.0363317
0.0367652
0.0369678
21.7962
3.38029
1.22852
0.663302
0.436408
0.320383
0.251555
0.206391
0.174791
0.15131
0.133486
0.119141
0.107829
0.0981029
0.0903777
0.0832676
0.0777368
0.0722234
0.0681387
0.0636615
0.0606252
0.0569394
0.0551769
0.0547511
0.063179
0.113194
0.117255
0.118242
0.115391
0.113122
0.108927
0.104886
0.101116
0.0975987
0.0945376
0.0917611
0.0894816
0.0873548
0.0857454
0.084222
0.0829413
0.0815883
0.0802749
0.0789434
0.0774402
0.0761108
0.0742334
0.0729082
0.0704736
0.0689225
0.0658501
0.0638185
0.0602099
0.0577599
21.7962
3.3803
1.22852
0.663304
0.436409
0.320386
0.251555
0.206396
0.174789
0.151317
0.133483
0.11915
0.107826
0.0981109
0.090377
0.0832733
0.0777384
0.0722306
0.0681372
0.06368
0.0606071
0.0569869
0.0551349
0.0544858
0.0592813
0.0908723
0.0931871
0.0974934
0.097656
0.097237
0.0964369
0.0947905
0.0932332
0.0909943
0.0885058
0.0875886
0.0863112
0.0847988
0.08352
0.0822219
0.0809269
0.0794888
0.0780424
0.0766717
0.0750727
0.0737446
0.0717965
0.0704544
0.0680484
0.0665722
0.0636523
0.0617371
0.0584374
0.0556199
21.7962
3.38029
1.22853
0.663309
0.436411
0.320378
0.251557
0.206377
0.174798
0.151283
0.133501
0.119098
0.107855
0.0980369
0.0904173
0.0831714
0.0777881
0.0720867
0.0682077
0.0633994
0.060877
0.0563122
0.0558287
0.0690066
0.268228
0.341649
0.183733
0.122943
0.11108
0.102383
0.0966637
0.0915201
0.0865714
0.0819558
0.0777684
0.0739577
0.0704714
0.0671941
0.0640358
0.0609385
0.0578323
0.0547461
0.0518658
0.0491522
0.0466015
0.0443977
0.0422303
0.0404613
0.0386573
0.0372882
0.0360534
0.0350456
0.034373
0.0335222
21.7962
3.3803
1.22854
0.663312
0.436414
0.320379
0.25156
0.206378
0.174802
0.151282
0.13351
0.119091
0.107873
0.098018
0.09045
0.083138
0.0778334
0.0720483
0.0682546
0.0633702
0.0609188
0.0562445
0.055982
0.0677707
0.192692
0.316705
0.178598
0.139951
0.112539
0.098474
0.0921334
0.0878509
0.0839331
0.0797782
0.0758165
0.0721383
0.0687572
0.0654717
0.0624228
0.0593276
0.0564554
0.053709
0.0511054
0.0487412
0.0464543
0.044569
0.0425077
0.0410764
0.0391994
0.0381891
0.036665
0.0358768
0.0348707
0.0340232
21.7962
3.3803
1.22857
0.663332
0.436423
0.320381
0.251561
0.206374
0.174802
0.151276
0.133508
0.119085
0.107867
0.0980157
0.0904366
0.0831358
0.0778279
0.0720054
0.0683302
0.0631872
0.0611635
0.055824
0.058579
0.103754
0.179993
0.191963
0.122196
0.111216
0.104741
0.10028
0.0962229
0.0922605
0.0884505
0.0848848
0.0815416
0.0785114
0.0758164
0.0735324
0.0715591
0.0699744
0.0686573
0.0675479
0.0666211
0.0655248
0.064641
0.0630394
0.061925
0.0593219
0.0579252
0.0544154
0.0527434
0.0485775
0.0466975
21.7962
3.38032
1.22857
0.663335
0.436425
0.320383
0.251564
0.206376
0.174807
0.151277
0.133515
0.119085
0.107873
0.0980204
0.0904319
0.0831666
0.0777722
0.0721336
0.0681244
0.0635012
0.0608558
0.0560467
0.0532571
0.126938
0.173585
0.188505
0.151837
0.126109
0.111859
0.104602
0.100127
0.0963795
0.0928488
0.0895413
0.0864086
0.0835277
0.0808392
0.0784655
0.0762872
0.0744172
0.0726198
0.0710282
0.0694154
0.0675685
0.0657031
0.0633292
0.0613939
0.058359
0.0564674
0.0526155
0.0506745
0.0464083
0.0442173
21.7962
3.38031
1.22859
0.663348
0.436428
0.320395
0.251556
0.206398
0.174785
0.151315
0.133476
0.119144
0.107817
0.0981009
0.0903657
0.083256
0.077728
0.0721961
0.0681436
0.0636051
0.0606447
0.0568834
0.0552098
0.0574242
0.100634
0.10839
0.109673
0.111276
0.110629
0.107487
0.103178
0.0987017
0.0943297
0.0901206
0.0861596
0.0823246
0.078659
0.0749367
0.07129
0.0674639
0.0636946
0.0596823
0.0557906
0.051701
0.0478687
0.0439815
0.0405795
0.037339
0.0346302
0.032068
0.0298516
0.0279628
0.0260456
0.0249093
21.7962
3.38032
1.22859
0.663352
0.436431
0.320398
0.251557
0.206402
0.174786
0.151322
0.133475
0.119154
0.107813
0.0981155
0.0903555
0.0832798
0.0777069
0.072239
0.0680982
0.0636852
0.0605781
0.05695
0.0551164
0.0567689
0.0839918
0.0872673
0.088495
0.0894757
0.088945
0.0871352
0.0845745
0.081687
0.0785647
0.075341
0.0721522
0.0689928
0.0659288
0.0628103
0.0597544
0.0565231
0.0533803
0.0500395
0.0469096
0.0436799
0.0409123
0.0380952
0.0357492
0.0333148
0.0313954
0.0293688
0.027846
0.0262546
0.0250173
0.0238878
21.7963
3.38032
1.22862
0.66338
0.436437
0.320425
0.251537
0.206455
0.174734
0.151417
0.133379
0.119306
0.107661
0.0983391
0.0901411
0.0835906
0.0774254
0.0726563
0.0677534
0.0642531
0.0601453
0.0577326
0.0542265
0.0531277
0.0508199
0.0504975
0.050022
0.0487998
0.0470313
0.0452391
0.0435258
0.0419011
0.0404106
0.0389817
0.037685
0.036404
0.0352607
0.0340887
0.0330738
0.0319929
0.0310963
0.0301029
0.0293244
0.0284139
0.0277473
0.0269075
0.0263486
0.0255688
0.0251061
0.0243672
0.0239504
0.0232509
0.0228326
0.0221923
21.7962
3.38034
1.22863
0.663384
0.43644
0.320427
0.251542
0.206456
0.174741
0.151416
0.13339
0.119302
0.107675
0.0983332
0.0901583
0.0835823
0.077449
0.0726408
0.0677958
0.0642131
0.0602244
0.0576563
0.0543532
0.0529781
0.0510441
0.0502322
0.0493683
0.0476542
0.0459042
0.0441975
0.0425617
0.0410112
0.0395702
0.0382064
0.0369572
0.03575
0.0346678
0.0335843
0.0326423
0.0316553
0.030833
0.0299292
0.0292146
0.0283808
0.0277579
0.0269794
0.0264399
0.0257011
0.0252378
0.0245128
0.0241139
0.0233951
0.0229965
0.0224178
21.7962
3.38033
1.22865
0.663398
0.436456
0.320435
0.251562
0.20646
0.17477
0.151415
0.133432
0.119296
0.107737
0.0983214
0.0902461
0.0835651
0.0775745
0.0726218
0.0679764
0.0641936
0.0604912
0.0575553
0.0546386
0.0523696
0.0502647
0.0484203
0.0466966
0.0450387
0.0434829
0.0420107
0.0406366
0.0393056
0.0380695
0.0368579
0.0357524
0.03465
0.0336706
0.032668
0.0318032
0.0308852
0.0301191
0.0292729
0.0285939
0.0278063
0.0272036
0.0264607
0.0259306
0.0252212
0.0247618
0.0240632
0.0236744
0.0229908
0.022598
0.0219774
21.7962
3.38035
1.22865
0.663403
0.436459
0.320438
0.251565
0.206463
0.174775
0.151416
0.133439
0.119296
0.107747
0.0983186
0.0902602
0.08356
0.0775936
0.0726145
0.0680028
0.0641825
0.0605292
0.0575397
0.0546769
0.0523612
0.0502762
0.0484286
0.0466948
0.0450244
0.0434579
0.0419822
0.0405943
0.0392676
0.0380186
0.0368139
0.035699
0.0346064
0.0336236
0.032631
0.0317653
0.0308574
0.0300912
0.0292558
0.028575
0.0277991
0.0271921
0.0264645
0.025926
0.0252381
0.0247608
0.0241108
0.0236783
0.023075
0.0226603
0.0220708
21.7963
3.38035
1.22869
0.663431
0.43648
0.320452
0.251585
0.206473
0.174803
0.151424
0.13348
0.119301
0.107805
0.0983228
0.090342
0.0835655
0.0777062
0.0726286
0.0681536
0.0642179
0.0607122
0.0575999
0.0548284
0.052362
0.0501752
0.0481756
0.0463481
0.044631
0.0430562
0.0415646
0.0401854
0.0388542
0.0376234
0.0364232
0.0353308
0.0342534
0.0332949
0.0323245
0.0314808
0.030596
0.0298487
0.0290332
0.0283657
0.0276061
0.0270068
0.0262935
0.0257547
0.0250848
0.0246007
0.0239853
0.0235663
0.0229825
0.0227129
0.0218722
21.7962
3.38036
1.22869
0.663436
0.436484
0.320456
0.251589
0.206477
0.174806
0.15143
0.133483
0.119308
0.107808
0.0983311
0.0903447
0.0835756
0.0777091
0.0726411
0.0681571
0.0642322
0.0607164
0.0576138
0.0548314
0.0523682
0.0501741
0.0481804
0.0463538
0.044647
0.0430635
0.0415807
0.0401859
0.0388685
0.0376227
0.036441
0.0353374
0.0342763
0.0333079
0.0323476
0.031497
0.030619
0.0298673
0.0290558
0.0283889
0.0276282
0.0270401
0.0263161
0.0258058
0.0251075
0.0246796
0.0240051
0.0236582
0.0230132
0.0227851
0.0218927
21.7962
3.38036
1.22871
0.663453
0.436501
0.320472
0.251607
0.206495
0.17483
0.151451
0.133515
0.119333
0.107851
0.0983611
0.0904022
0.0836149
0.0777839
0.072695
0.0682506
0.064306
0.0608241
0.0576992
0.0549282
0.0524208
0.0501847
0.0481345
0.0462719
0.0445306
0.0429375
0.0414331
0.0400461
0.0387187
0.0374898
0.0363043
0.0352145
0.0341524
0.0331922
0.032233
0.0313887
0.0305117
0.0297679
0.0289529
0.0282965
0.0275287
0.026952
0.0262244
0.0257194
0.0250258
0.0245863
0.0239383
0.0235472
0.0229932
0.0225278
0.0219733
21.7962
3.38037
1.22872
0.663459
0.436505
0.320476
0.251611
0.206499
0.174834
0.151456
0.133519
0.119339
0.107855
0.0983691
0.0904051
0.0836247
0.0777878
0.0727066
0.0682569
0.0643184
0.0608333
0.0577113
0.0549373
0.0524302
0.0501899
0.0481452
0.0462797
0.0445504
0.0429447
0.041454
0.0400454
0.038739
0.0374874
0.0363298
0.0352179
0.0341838
0.0332005
0.0322668
0.0313998
0.030546
0.0297802
0.0289874
0.0283118
0.0275636
0.0269753
0.02626
0.025755
0.0250664
0.024636
0.0239789
0.0236094
0.0229862
0.0226905
0.0218118
21.7962
3.38037
1.22875
0.663485
0.436525
0.320494
0.25163
0.206518
0.174858
0.151478
0.133549
0.119367
0.107893
0.0984051
0.0904532
0.0836718
0.0778465
0.0727676
0.0683263
0.0643926
0.060908
0.0577887
0.0549993
0.052483
0.0502126
0.0481418
0.0462471
0.0444973
0.0428766
0.0413704
0.0399593
0.0386405
0.0373954
0.0362262
0.0351196
0.0340749
0.0330915
0.0321551
0.0312834
0.030434
0.0296605
0.0288729
0.0281914
0.0274451
0.026861
0.0261425
0.0256498
0.0249554
0.0245322
0.0238529
0.0234823
0.0228339
0.0224322
0.0218287
21.7962
3.38038
1.22875
0.663491
0.43653
0.320498
0.251634
0.206524
0.174862
0.151485
0.133554
0.119374
0.107898
0.098412
0.0904595
0.0836788
0.0778553
0.0727748
0.0683379
0.0644001
0.0609219
0.0577967
0.0550134
0.0524914
0.050225
0.0481519
0.0462596
0.0445133
0.0428888
0.0413904
0.0399675
0.0386643
0.0374002
0.0362557
0.0351247
0.0341119
0.0331006
0.0321971
0.0312947
0.0304757
0.0296735
0.0289125
0.0282096
0.0274849
0.0268843
0.026182
0.0256744
0.0249929
0.0245524
0.0238926
0.0235029
0.0228375
0.0225541
0.0217721
21.7962
3.38038
1.22877
0.663507
0.436547
0.320515
0.251654
0.206542
0.174886
0.151507
0.133584
0.119402
0.107935
0.0984471
0.0905036
0.083723
0.0779064
0.0728292
0.0683948
0.0644624
0.0609796
0.0578568
0.0550607
0.0525328
0.0502459
0.048157
0.0462494
0.0444781
0.0428569
0.0413209
0.0399255
0.0385705
0.0373592
0.0361489
0.0350875
0.033998
0.0330614
0.0320802
0.0312479
0.0303624
0.029614
0.0288094
0.0281327
0.0273939
0.0267877
0.0260947
0.0255678
0.024901
0.0244329
0.0237956
0.0233735
0.022744
0.0223424
0.0217495
21.7962
3.38039
1.22878
0.663512
0.436551
0.320519
0.251657
0.206548
0.174889
0.151514
0.133586
0.11941
0.107937
0.0984566
0.0905063
0.0837335
0.0779107
0.0728404
0.0684014
0.0644742
0.0609882
0.0578692
0.0550712
0.0525453
0.0502557
0.0481709
0.0462569
0.0444963
0.0428618
0.0413453
0.0399264
0.0386016
0.0373559
0.0361864
0.0350833
0.034042
0.0330606
0.0321266
0.0312527
0.0304051
0.0296282
0.0288451
0.0281609
0.027421
0.026827
0.0261192
0.0256026
0.0249276
0.0244659
0.0238262
0.0233964
0.0228091
0.0223629
0.0218272
21.7962
3.38039
1.2288
0.663536
0.436571
0.320538
0.251676
0.206568
0.17491
0.151538
0.133611
0.119439
0.107967
0.0984916
0.090542
0.0837747
0.0779517
0.0728873
0.0684458
0.0645238
0.0610308
0.0579157
0.0551024
0.0525767
0.0502655
0.0481772
0.0462405
0.0444753
0.042824
0.0412995
0.0398768
0.0385362
0.0373037
0.0361074
0.0350338
0.0339513
0.0330114
0.0320242
0.0312001
0.0302951
0.0295695
0.028733
0.0280895
0.0273085
0.0267334
0.0260007
0.0254893
0.0247938
0.0243481
0.0236999
0.0232878
0.0226841
0.0224191
0.0215638
21.7962
3.38041
1.22881
0.663542
0.436575
0.320543
0.251679
0.206574
0.174914
0.151546
0.133614
0.119448
0.10797
0.0985024
0.0905449
0.0837869
0.0779562
0.0729
0.0684532
0.0645359
0.0610425
0.0579261
0.0551182
0.0525851
0.0502852
0.0481832
0.0462624
0.0444823
0.0428474
0.0413105
0.0399014
0.0385519
0.0373297
0.0361254
0.0350623
0.0339705
0.0330449
0.0320458
0.0312378
0.0303199
0.0296075
0.0287627
0.0281254
0.027346
0.0267715
0.0260461
0.0255303
0.0248509
0.0243911
0.0237524
0.0233428
0.0227808
0.0223464
0.0217912
21.7962
3.3804
1.22882
0.663557
0.436591
0.320559
0.251698
0.206592
0.174935
0.151566
0.13364
0.119472
0.108
0.0985295
0.0905797
0.0838179
0.0779942
0.0729343
0.0684914
0.0645714
0.061076
0.0579577
0.0551395
0.0526069
0.0502863
0.0481889
0.0462424
0.0444697
0.04281
0.0412815
0.0398519
0.0385102
0.037272
0.0360776
0.0349971
0.0339229
0.0329695
0.0319992
0.0311525
0.0302689
0.0295195
0.0287007
0.0280426
0.0272747
0.0266917
0.0259653
0.025446
0.0247606
0.024314
0.0236464
0.023265
0.0226943
0.0222447
0.0216913
21.7962
3.38041
1.22883
0.663563
0.436595
0.320564
0.251701
0.206597
0.174939
0.151572
0.133644
0.119479
0.108004
0.0985383
0.090584
0.083828
0.0779994
0.0729459
0.0684979
0.0645847
0.0610839
0.057972
0.0551502
0.0526209
0.0502998
0.0482019
0.0462591
0.0444808
0.0428313
0.0412924
0.0398777
0.0385223
0.0373017
0.0360893
0.0350314
0.0339326
0.0330108
0.0320082
0.0311978
0.0302839
0.0295588
0.0287306
0.0280711
0.0273209
0.0267149
0.0260214
0.0254785
0.0248155
0.0243482
0.0237157
0.0233128
0.0227403
0.0222976
0.0217332
21.7962
3.38041
1.22885
0.663586
0.436615
0.320581
0.25172
0.206615
0.17496
0.151592
0.133668
0.119501
0.108032
0.0985626
0.0906152
0.0838543
0.0780321
0.072973
0.0685295
0.0646103
0.0611102
0.0579932
0.0551654
0.0526326
0.0502984
0.0482015
0.0462384
0.0444697
0.0427937
0.0412726
0.0398267
0.0384967
0.037238
0.036065
0.0349521
0.0339182
0.0329112
0.032004
0.0310813
0.0302761
0.0294435
0.0287007
0.0279765
0.0272624
0.0266325
0.0259483
0.0253764
0.0247458
0.0242158
0.0236217
0.0231825
0.0225835
0.0221523
0.0215906
21.7962
3.38043
1.22886
0.663592
0.436619
0.320586
0.251724
0.206621
0.174964
0.1516
0.133671
0.119511
0.108034
0.0985736
0.090617
0.0838676
0.078034
0.072989
0.0685321
0.0646285
0.0611146
0.0580129
0.0551724
0.0526521
0.0503105
0.048218
0.0462573
0.0444825
0.0428206
0.0412816
0.0398622
0.0385023
0.0372818
0.0360664
0.035003
0.0339149
0.0329685
0.032
0.0311392
0.030282
0.0294875
0.0287332
0.0279907
0.027325
0.0266271
0.026017
0.0253938
0.0247875
0.0242887
0.0236402
0.0232493
0.0226271
0.0222087
0.0216241
21.7961
3.38043
1.22888
0.663611
0.436636
0.3206
0.25174
0.206635
0.17498
0.151613
0.13369
0.119524
0.108056
0.0985872
0.0906408
0.0838808
0.07806
0.0730004
0.068559
0.0646362
0.0611394
0.0580136
0.0551905
0.0526446
0.0503159
0.0482022
0.0462483
0.0444607
0.0427986
0.0412558
0.0398303
0.038472
0.0372431
0.0360319
0.0349586
0.0338792
0.0329169
0.0319625
0.0310825
0.0302315
0.0294373
0.0286523
0.0279544
0.0272074
0.0265945
0.0259002
0.0253171
0.0247216
0.0241474
0.0235931
0.0231484
0.0225311
0.0221777
0.0215178
21.7961
3.38045
1.22889
0.663617
0.436641
0.320605
0.251744
0.206641
0.174984
0.15162
0.133693
0.119532
0.108059
0.0985964
0.0906439
0.0838919
0.0780636
0.0730137
0.0685635
0.0646517
0.0611453
0.058031
0.0551991
0.0526627
0.0503278
0.0482207
0.0462643
0.0444779
0.0428187
0.0412722
0.0398531
0.0384902
0.037266
0.0360539
0.0349798
0.0339041
0.0329383
0.0319891
0.0311045
0.0302652
0.0294524
0.028702
0.0279551
0.0272736
0.0265865
0.0259725
0.0253283
0.0247724
0.0242079
0.0236085
0.0232063
0.0225797
0.0222727
0.0215264
21.796
3.38051
1.22896
0.66368
0.436693
0.320649
0.251783
0.206674
0.175018
0.151647
0.133725
0.119554
0.10809
0.0986149
0.0906771
0.083906
0.0780984
0.0730227
0.0685986
0.0646547
0.0611776
0.058028
0.0552239
0.0526536
0.0503401
0.0482077
0.0462603
0.0444638
0.042798
0.0412574
0.0398178
0.0384708
0.0372191
0.0360252
0.0349234
0.0338659
0.0328718
0.0319443
0.0310307
0.0302169
0.0293804
0.0286536
0.0279036
0.0272285
0.026597
0.0259638
0.0254117
0.0248631
0.0243067
0.0238999
0.0233647
0.0227705
0.0227162
0.0220443
21.796
3.38053
1.22897
0.663685
0.436697
0.320653
0.251786
0.206679
0.175021
0.151654
0.133728
0.119564
0.108093
0.0986267
0.0906792
0.0839205
0.0781007
0.0730395
0.0686018
0.0646734
0.0611826
0.0580481
0.0552308
0.0526748
0.0503504
0.0482292
0.0462734
0.0444845
0.0428127
0.0412767
0.0398344
0.0384895
0.0372377
0.0360445
0.0349429
0.0338872
0.0328911
0.0319705
0.0310471
0.0302553
0.029388
0.0287103
0.0279092
0.0272895
0.0266282
0.0259974
0.0254838
0.0248785
0.0244103
0.0238058
0.0233766
0.0227916
0.0226403
0.0219588
21.7965
3.38042
1.22888
0.663515
0.436472
0.320405
0.251544
0.206444
0.174815
0.151457
0.13354
0.119372
0.107906
0.0984329
0.0904904
0.083722
0.0779088
0.072836
0.0684075
0.0644646
0.0609871
0.0578335
0.0550345
0.0524564
0.0501513
0.0480093
0.0460697
0.0442614
0.0426079
0.0410227
0.0395528
0.0381322
0.0368153
0.0355362
0.0343423
0.0332097
0.0321038
0.0311267
0.030102
0.0292622
0.0283361
0.0276466
0.0268097
0.0262591
0.0257111
0.0251
0.0248245
0.0241651
0.0239649
0.0237769
0.0237547
0.0240774
0.023801
0.0241134
21.7964
3.38044
1.22888
0.663521
0.436477
0.32041
0.251549
0.206449
0.174819
0.151461
0.133545
0.119378
0.107913
0.0984393
0.0904974
0.0837295
0.0779169
0.0728449
0.068417
0.0644751
0.0609984
0.0578453
0.0550484
0.0524694
0.0501678
0.0480234
0.0460883
0.0442768
0.0426265
0.0410461
0.0395727
0.0381641
0.0368383
0.0355716
0.0343763
0.0332386
0.0321575
0.031144
0.0301741
0.0292728
0.0284223
0.0276326
0.026941
0.0262016
0.025787
0.025171
0.0247802
0.0242045
0.0240943
0.0234907
0.0238124
0.0239105
0.0236221
0.0239399
0.0110814
0.0114592
0.0118027
0.0121636
0.0125024
0.0128478
0.0131802
0.013512
0.0138357
0.0141557
0.0144681
0.0147763
0.0150757
0.0153719
0.0156586
0.0159413
0.0162164
0.0164842
0.0167497
0.0170023
0.0172596
0.0175002
0.017751
0.017984
0.0182291
0.0184645
0.0186979
0.0189453
0.0191813
0.0194169
0.0196393
0.019848
0.0200491
0.0202363
0.020399
0.020569
0.0206974
0.0208268
0.0209194
0.0210391
0.0211124
0.0212399
0.0213266
0.0214209
0.0213612
0.0212178
0.0210586
0.020822
0.0206238
0.0202021
0.0199888
0.0195616
0.0189219
0.0187408
0.0110799
0.0114608
0.0117987
0.0121693
0.0124959
0.0128576
0.0131723
0.0135238
0.0138281
0.0141669
0.0144629
0.0147849
0.0150739
0.0153776
0.01566
0.015945
0.0162201
0.0164875
0.0167548
0.017007
0.0172654
0.0175071
0.0177579
0.0179926
0.0182389
0.0184737
0.0187127
0.0189553
0.019201
0.0194335
0.019663
0.019873
0.0200805
0.0202642
0.0204439
0.0206017
0.0207459
0.0208774
0.0209814
0.0210718
0.0211437
0.0212455
0.0213205
0.021485
0.0214314
0.0213375
0.0211724
0.0209345
0.0207367
0.0203642
0.0200621
0.0197132
0.0190866
0.0189169
0.241022
0.0599199
0.258966
0.106671
0.0948331
0.387269
0.299584
0.397883
0.159936
0.142411
0.169027
0.0673819
0.124128
0.116964
0.113043
0.352343
0.11939
0.276589
0.140001
0.145153
0.0955473
0.0684116
0.242979
0.0649036
0.26757
0.154812
0.142876
0.268824
0.380726
0.295891
0.397081
0.132689
0.0679426
0.174434
0.0615355
0.105791
0.14886
0.144475
0.190808
0.353174
0.131345
0.26382
0.0554601
0.0548081
0.0552918
0.0580563
0.0814558
0.0581636
0.0834701
0.0472608
0.064502
0.0487686
0.110792
0.17129
0.114423
0.175898
0.0564379
0.054505
0.0561282
0.0566841
0.077063
0.0568313
0.0744574
0.0511119
0.0580835
0.0508662
0.0885891
0.136497
0.0791398
0.117473
0.060314
0.0557747
0.0597771
0.0549704
0.0687398
0.0561256
0.0644057
0.504374
0.3145
0.327184
0.387766
0.519991
0.330469
0.340744
0.329307
0.179673
0.207396
0.180274
0.20844
0.0586302
0.0561706
0.057458
0.0555353
0.0655725
0.0569318
0.0578796
0.372727
0.25846
0.172006
0.231483
0.465498
0.267328
0.294154
0.254263
0.168893
0.200687
0.157698
0.193252
0.0606122
0.0570097
0.0616582
0.0566692
0.0587142
0.0563202
0.0604419
0.530731
0.0977133
0.110785
0.10372
0.411494
0.588477
0.478293
0.205827
0.18028
0.208226
0.334444
0.324579
0.337542
0.328132
0.0710461
0.0557259
0.0630389
0.0559914
0.058815
0.0560348
0.0580152
0.191852
0.127313
0.100862
0.305529
0.113316
0.499514
0.542576
0.203865
0.164196
0.201933
0.323641
0.273755
0.29373
0.256467
0.0826273
0.0567979
0.0847256
0.0546589
0.0558677
0.0546807
0.0558153
0.166047
0.103075
0.168672
0.0604603
0.0471781
0.0611549
0.04808
0.0762381
0.057307
0.0731547
0.0545433
0.0554193
0.0544984
0.0551543
0.136582
0.0773004
0.110228
0.0586824
0.0514657
0.0576633
0.0503945
0.570102
0.153695
0.283267
0.178547
0.414321
0.535521
0.267928
0.165145
0.17884
0.514266
0.515481
0.0907202
0.107894
0.0931918
0.37201
1.05435
0.842223
0.483012
0.0894095
0.102205
0.099487
0.451549
1.00014
0.963272
0.484103
0.297159
0.35926
0.374594
0.480379
0.599946
0.429684
0.457319
0.155671
0.133646
0.151558
0.391442
0.604193
0.60498
0.461426
0.150905
0.132602
0.148657
0.447001
0.234221
0.155447
0.142094
0.143823
0.343531
0.180799
0.1255
0.132875
0.136212
0.127162
0.190132
0.0985527
0.123587
0.280998
0.121987
0.264377
0.591791
0.147897
0.129939
0.122369
0.11505
0.15221
0.156715
0.0935924
0.367506
0.131476
0.190514
0.205079
0.338549
0.464225
0.598974
0.413345
0.148998
0.139701
0.438836
0.14548
0.434825
0.212967
0.393297
0.153912
0.13352
0.141213
0.290727
1.08135
0.856701
0.498489
0.100276
0.0867067
0.099055
0.455054
1.05534
1.00016
0.577833
0.156133
0.27779
0.17372
0.41973
0.555604
0.273329
0.167114
0.525058
0.173635
0.471785
0.131617
0.159995
0.149788
0.388089
0.585488
0.542169
0.465549
0.131197
0.147578
0.144779
0.448305
0.440366
0.317839
0.326693
0.388992
0.45722
0.437588
0.305355
0.36487
0.418214
0.376965
0.27075
0.659252
0.146861
0.127082
0.104552
0.109712
0.136601
0.149063
0.0491187
0.237451
0.157287
0.152868
0.36885
0.142725
0.178015
0.124106
0.118608
0.136135
0.108446
0.401487
0.144025
0.153587
0.432337
0.152022
0.449754
0.152353
0.389969
0.135459
0.145945
0.142937
0.246844
0.420764
0.272787
0.157885
0.422486
0.243879
0.401669
0.12825
0.177129
0.199708
0.355804
0.173747
0.0763102
0.0562151
0.0725185
0.0943889
0.0734019
0.154599
0.125653
0.0705019
0.0672283
0.0731701
0.0696121
0.136008
0.0740164
0.173054
0.0682519
0.094455
0.073834
0.074564
0.0711304
0.166651
0.464911
0.371381
0.420988
0.360989
0.425038
0.366059
0.464744
0.449316
0.408941
0.388685
0.352535
0.406628
0.355445
0.457585
0.125858
0.0674329
0.0720618
0.0738759
0.0714614
0.0746252
0.122858
0.409852
0.31314
0.326952
0.358299
0.284039
0.435359
0.360817
0.390231
0.304383
0.217453
0.361454
0.239024
0.344548
0.393613
0.174933
0.0729152
0.075687
0.0667741
0.0702359
0.0785081
0.152876
0.170596
0.0740144
0.06449
0.0714352
0.0710447
0.1684
0.0725535
0.452406
0.361332
0.364784
0.413987
0.356098
0.417025
0.462802
0.444835
0.368022
0.404331
0.385013
0.349427
0.438485
0.400696
0.124954
0.0745303
0.0698198
0.0683438
0.135443
0.076465
0.0696475
0.129003
0.073711
0.0675726
0.0829887
0.0746331
0.0734127
0.12133
0.419354
0.386773
0.30572
0.329184
0.429218
0.374118
0.275567
0.401047
0.368827
0.295943
0.210134
0.364854
0.230006
0.401156
0.447267
0.533917
0.40745
0.493373
0.562046
0.440957
0.387404
0.385237
0.417439
0.509243
0.313287
0.38559
0.524713
0.5303
0.388379
0.473422
0.47356
0.564812
0.570013
0.56741
0.368096
0.417358
0.276645
0.450409
0.415704
0.412007
0.472976
0.264788
0.406046
0.134065
0.350763
0.285232
0.180055
0.264543
0.43456
0.527942
0.408029
0.373109
0.484749
0.430049
0.146268
0.171571
0.189935
0.12632
0.287601
0.968627
0.163107
0.534262
0.972507
0.283807
0.157368
0.491207
0.470248
0.581927
0.396635
0.527139
0.636434
0.636121
0.529224
0.268016
0.525311
0.75233
0.144895
0.927831
0.14613
0.240281
0.611422
0.553777
0.111717
0.202354
0.195821
0.144887
0.222397
0.110381
0.142265
0.128467
0.265325
0.150965
0.21572
0.0768503
0.0918249
0.0981391
0.0761967
0.142584
0.215993
0.468514
0.186691
0.179479
0.242828
0.159752
0.528261
0.528129
0.65064
0.265861
0.930025
0.56258
0.268448
0.652722
0.931905
0.476563
0.44269
0.535503
0.397499
0.48602
0.563314
0.565348
0.490891
0.647866
0.569016
0.230116
0.699584
0.232141
0.887319
0.440325
0.612559
0.251023
0.88493
0.531798
0.617704
0.251951
0.880746
0.459367
0.501061
0.528395
0.437174
0.46421
0.540853
0.471044
0.533619
0.60825
0.529073
0.24682
0.848432
0.249106
0.873075
0.591972
0.284025
0.183426
0.957115
0.513113
0.188909
0.964885
0.284449
0.439516
0.422544
0.524555
0.351062
0.513367
0.611915
0.604084
0.515857
0.235519
0.51616
0.176977
0.734631
0.155612
0.907138
0.20133
1.05616
1.03811
0.254742
0.166932
0.486825
0.873902
0.153185
0.266644
0.873641
0.424296
0.527518
0.428355
0.52781
0.245358
0.464027
0.18264
0.835581
0.183386
0.859729
0.246347
0.452955
0.549608
0.469593
0.554659
0.997428
1.00454
0.421558
0.532473
0.31172
0.480422
0.441148
0.544636
0.395607
0.368099
0.473149
0.356776
0.501525
0.368776
0.51009
0.379734
0.501256
0.428967
0.482712
0.547436
0.435179
0.422417
0.554299
0.446873
0.593001
0.564184
0.287481
0.149639
0.712169
0.463618
0.157084
0.728158
0.279133
0.447443
0.378628
0.51915
0.355435
0.462114
0.528056
0.450127
0.556297
0.284653
0.483318
0.237294
0.567272
0.2393
0.693118
0.257162
0.600256
0.608578
0.282378
0.161744
0.45019
0.733398
0.157235
0.281826
0.720919
0.4361
0.501433
0.426765
0.525255
0.279351
0.445174
0.149626
0.715364
0.147784
0.719203
0.274101
0.449803
0.541582
0.458514
0.532245
0.244306
0.163644
0.240658
0.255762
0.156563
0.225292
0.273045
0.14119
0.348528
0.177554
0.277014
0.248597
0.279876
0.18064
0.521454
0.189505
0.390671
0.290912
0.149706
0.1717
0.186758
0.139574
0.147299
0.168149
0.147823
0.14036
0.168616
0.150477
0.117542
0.0955739
0.0831265
0.118018
0.0631989
0.0712966
0.114847
0.0864034
0.0938466
0.187338
0.202622
0.144648
0.10807
0.173883
0.182213
0.139527
0.107845
0.191935
0.138577
0.198951
0.139932
0.211456
0.104927
0.117616
0.234972
0.142658
0.18609
0.132862
0.22201
0.18717
0.401406
0.164845
0.1837
0.256204
0.0776591
0.0913306
0.095048
0.0736654
0.282431
0.322999
0.0859661
0.147049
0.0905838
0.138326
0.145395
0.0946132
0.067115
0.0269184
0.015931
0.0238143
0.0118071
0.0188913
0.0398033
0.0332124
0.0194911
0.0791554
0.165623
0.145517
0.0643713
0.140143
0.143632
0.108118
0.110229
0.20268
0.229245
0.420208
0.50279
0.346582
0.226657
0.422943
0.558369
0.15984
0.0960465
0.132542
0.0268362
0.0883757
0.127705
0.0919134
0.0956117
0.365286
0.322595
0.441908
0.486801
0.46241
0.525774
0.266448
0.535423
0.542511
0.276055
0.418638
0.156668
0.634871
0.155289
0.653895
0.271111
0.42692
0.51334
0.429212
0.510753
0.273618
0.429163
0.198428
0.693013
0.271077
0.194927
0.677531
0.422012
0.493082
0.415972
0.505332
0.346702
0.300863
0.257433
0.217213
0.578576
0.384135
0.225664
0.263068
0.555511
0.353081
0.250827
0.399747
0.224653
0.394425
0.485276
0.406933
0.480389
0.264039
0.351746
0.204248
0.238937
0.209282
0.449292
0.209911
1.08844
1.06052
0.256315
0.902799
0.147338
0.500386
0.25912
0.908666
0.151156
0.454587
0.555122
0.465347
0.545707
0.467025
0.567872
0.47278
0.566186
0.25648
0.46625
0.859274
0.191517
0.263634
0.876482
0.190129
1.03984
1.03989
0.659915
0.943976
0.263454
0.573544
0.948887
0.266644
0.661249
0.486583
0.454714
0.545639
0.407379
0.493047
0.564326
0.495976
0.572643
0.660206
0.577971
0.717777
0.23362
0.910767
0.234286
0.439603
0.63368
0.932887
0.546241
0.253626
0.918647
0.643433
0.254079
0.483933
0.52768
0.555152
0.459874
0.487499
0.559683
0.490764
0.559175
0.630744
0.540476
0.891113
0.239929
0.91565
0.244033
0.615488
0.294998
0.714389
0.160142
0.468612
0.719169
0.284865
0.157562
0.446085
0.387133
0.528804
0.359024
0.466389
0.53649
0.571361
0.454107
0.292817
0.489084
0.571176
0.158365
0.705376
0.162543
0.263011
0.536619
0.529289
0.277984
0.70915
0.230038
0.469668
0.280689
0.700746
0.240472
0.447879
0.512231
0.531903
0.439702
0.448343
0.545779
0.533167
0.458541
0.281554
0.456703
0.677269
0.239955
0.688632
0.244783
0.281974
0.444616
0.325865
0.533298
0.436833
0.3192
0.524147
0.442637
0.385692
0.427148
0.518906
0.317492
0.384441
0.527862
0.533736
0.388652
0.464877
0.430303
0.519914
0.547032
0.475222
0.542523
0.434456
0.442461
0.344584
0.418447
0.530648
0.476389
0.451929
0.535525
0.38741
0.502251
0.526529
0.376103
0.386992
0.524995
0.525463
0.390763
0.452796
0.421778
0.430472
0.533104
0.503888
0.540397
0.444106
0.288719
0.317475
0.0891876
0.0866662
0.145908
0.137627
0.0980356
0.0691217
0.143207
0.0159914
0.00926014
0.0129015
0.00600379
0.0199546
0.0437205
0.0347588
0.0234817
0.0903311
0.142022
0.0367415
0.137221
0.0825678
0.142459
0.098635
0.0930539
0.12886
0.244102
0.243283
0.257965
0.163244
0.270685
0.156975
0.226442
0.147623
0.363459
0.294009
0.186589
0.250263
0.280444
0.548618
0.188034
0.411522
0.291652
0.18766
0.149011
0.171612
0.139113
0.187506
0.140247
0.141292
0.163959
0.125106
0.10709
0.166986
0.147116
0.0696273
0.055093
0.0906716
0.040047
0.0599205
0.109038
0.083325
0.0791119
0.149941
0.155807
0.0680857
0.141531
0.127658
0.160051
0.126593
0.271425
0.627097
0.413526
0.225847
0.645849
0.274055
0.228496
0.435405
0.520385
0.502001
0.446063
0.434611
0.490184
0.499531
0.429674
0.273768
0.425831
0.672731
0.226603
0.664953
0.280066
0.230948
0.381436
0.276195
0.26467
0.581256
0.205222
0.383597
0.269705
0.554632
0.188223
0.317726
0.234774
0.348971
0.208968
0.398064
0.444037
0.467123
0.40284
0.246584
0.359881
0.255322
0.189673
0.450924
0.21215
0.207023
0.271681
0.430126
0.513604
0.453447
0.500752
0.472749
0.252012
0.146619
0.37474
0.305311
0.185559
0.275216
0.42872
0.44533
0.522292
0.469515
0.409357
0.484081
0.147711
0.168756
0.190564
0.126351
0.230479
0.57106
0.422914
0.378877
0.603283
0.215794
0.428561
0.164852
0.0791524
0.139322
0.0711166
0.0819664
0.120384
0.0803985
0.0893464
0.373088
0.302921
0.481322
0.463996
0.473881
0.472233
0.294408
)
;

boundaryField
{
    inlet
    {
        type            fixedValue;
        value           uniform 440.15;
    }
    outlet
    {
        type            zeroGradient;
    }
    rightSide
    {
        type            symmetryPlane;
    }
    leftSide
    {
        type            symmetryPlane;
    }
    duct
    {
        Cmu             0.09;
        kappa           0.41;
        E               9.8;
        beta1           0.075;
        type            omegaWallFunction;
        value           nonuniform List<scalar> 
216
(
0.0110974
0.0111023
0.0114445
0.0114395
0.0118178
0.0118277
0.0121502
0.0121418
0.0125181
0.0125311
0.0128353
0.0128236
0.0131975
0.0132131
0.013501
0.013486
0.0138545
0.0138719
0.0141451
0.0141272
0.0144851
0.0145034
0.0147658
0.0147467
0.0150885
0.0151065
0.01536
0.0153422
0.0156652
0.0156816
0.0159255
0.0159115
0.016216
0.0162303
0.0164628
0.0164533
0.0167414
0.0167544
0.0169738
0.0169674
0.0172424
0.0172539
0.0174656
0.0174599
0.0177273
0.017738
0.0179374
0.0179344
0.0181912
0.0182045
0.0183861
0.0183913
0.0186424
0.0186596
0.0188316
0.0188419
0.0190974
0.0191118
0.0192889
0.0192976
0.0195621
0.0195695
0.019754
0.0197599
0.0200183
0.0200194
0.0202
0.0202048
0.0204288
0.0204268
0.0205946
0.0206084
0.0207804
0.0207829
0.0209357
0.0209692
0.0210855
0.0211141
0.0212549
0.021309
0.0213814
0.0214508
0.0215476
0.0216222
0.0216621
0.0217748
0.021824
0.0219037
0.0219363
0.0220303
0.0220607
0.0221204
0.0221533
0.0222496
0.0222667
0.0223312
0.0223707
0.0224634
0.0225494
0.022535
0.0226535
0.022687
0.0229248
0.022761
0.0229844
0.0228673
0.02325
0.0230959
0.0110814
0.0110799
0.0114592
0.0114608
0.0118027
0.0117987
0.0121636
0.0121693
0.0125024
0.0124959
0.0128478
0.0128576
0.0131802
0.0131723
0.013512
0.0135238
0.0138357
0.0138281
0.0141557
0.0141669
0.0144681
0.0144629
0.0147763
0.0147849
0.0150757
0.0150739
0.0153719
0.0153776
0.0156586
0.01566
0.0159413
0.015945
0.0162164
0.0162201
0.0164842
0.0164875
0.0167497
0.0167548
0.0170023
0.017007
0.0172596
0.0172654
0.0175002
0.0175071
0.017751
0.0177579
0.017984
0.0179926
0.0182291
0.0182389
0.0184645
0.0184737
0.0186979
0.0187127
0.0189453
0.0189553
0.0191813
0.019201
0.0194169
0.0194335
0.0196393
0.019663
0.019848
0.019873
0.0200491
0.0200805
0.0202363
0.0202642
0.020399
0.0204439
0.020569
0.0206017
0.0206974
0.0207459
0.0208268
0.0208774
0.0209194
0.0209814
0.0210391
0.0210718
0.0211124
0.0211437
0.0212399
0.0212455
0.0213266
0.0213205
0.0214209
0.021485
0.0213612
0.0214314
0.0212178
0.0213375
0.0210586
0.0211724
0.020822
0.0209345
0.0206238
0.0207367
0.0202021
0.0203642
0.0199888
0.0200621
0.0195616
0.0197132
0.0189219
0.0190866
0.0187408
0.0189169
)
;
    }
    cylinder
    {
        Cmu             0.09;
        kappa           0.41;
        E               9.8;
        beta1           0.075;
        type            omegaWallFunction;
        value           nonuniform List<scalar> 
448
(
0.588477
0.478293
0.499514
0.542576
1.05435
0.842223
1.00014
0.963272
0.599946
0.429684
0.604193
0.60498
0.264377
0.591791
0.156715
0.0935924
0.464225
0.598974
0.434825
0.212967
1.08135
0.856701
1.05534
1.00016
0.585488
0.542169
0.27075
0.659252
0.149063
0.0491187
0.449754
0.152353
0.40745
0.387404
0.385237
0.38559
0.570013
0.368096
0.412007
0.406046
0.134065
0.408029
0.430049
0.146268
0.968627
0.972507
0.491207
0.527139
0.611422
0.553777
0.202354
0.222397
0.128467
0.0768503
0.528261
0.528129
0.930025
0.931905
0.476563
0.48602
0.699584
0.887319
0.88493
0.880746
0.459367
0.46421
0.848432
0.873075
0.957115
0.964885
0.439516
0.513367
1.05616
1.03811
0.873902
0.873641
0.424296
0.835581
0.452955
0.997428
1.00454
0.31172
0.395607
0.368099
0.368776
0.435179
0.446873
0.593001
0.564184
0.712169
0.728158
0.447443
0.462114
0.600256
0.608578
0.733398
0.720919
0.4361
0.449803
0.255762
0.273045
0.14119
0.521454
0.149706
0.147823
0.117542
0.0955739
0.0712966
0.10807
0.182213
0.198951
0.211456
0.117616
0.401406
0.256204
0.0776591
0.282431
0.322999
0.0905838
0.067115
0.0269184
0.0188913
0.110229
0.20268
0.50279
0.558369
0.15984
0.0883757
0.535423
0.542511
0.634871
0.653895
0.42692
0.422012
0.346702
0.300863
0.578576
0.555511
0.353081
0.394425
1.08844
1.06052
0.902799
0.908666
0.454587
0.467025
1.03984
1.03989
0.486583
0.493047
0.932887
0.918647
0.483933
0.487499
0.714389
0.446085
0.466389
0.536619
0.529289
0.447879
0.448343
0.325865
0.385692
0.384441
0.38741
0.386992
0.288719
0.317475
0.0866662
0.0691217
0.0159914
0.0199546
0.0930539
0.12886
0.257965
0.270685
0.147623
0.149011
0.0696273
0.0599205
0.627097
0.645849
0.435405
0.434611
0.381436
0.276195
0.581256
0.554632
0.317726
0.398064
0.513604
0.500752
0.146619
0.147711
0.57106
0.603283
0.164852
0.0819664
0.417439
0.524713
0.350763
0.171571
0.470248
0.636434
0.265325
0.0918249
0.44269
0.563314
0.501061
0.540853
0.422544
0.611915
0.527518
0.549608
0.473149
0.51009
0.378628
0.528056
0.501433
0.541582
0.348528
0.1717
0.0831265
0.114847
0.234972
0.0913306
0.015931
0.0398033
0.0960465
0.127705
0.51334
0.493082
0.250827
0.485276
0.555122
0.567872
0.454714
0.564326
0.52768
0.559683
0.387133
0.53649
0.512231
0.545779
0.427148
0.527862
0.502251
0.524995
0.00926014
0.0437205
0.363459
0.171612
0.055093
0.109038
0.520385
0.490184
0.234774
0.444037
0.37474
0.168756
0.0791524
0.120384
0.509243
0.313287
0.388379
0.5303
0.285232
0.180055
0.12632
0.189935
0.581927
0.396635
0.75233
0.927831
0.529224
0.636121
0.719169
0.3192
0.571176
0.705376
0.150965
0.21572
0.468514
0.242828
0.0761967
0.0981391
0.672731
0.664953
0.535503
0.397499
0.490891
0.565348
0.528395
0.437174
0.471044
0.533619
0.524555
0.351062
0.734631
0.907138
0.515857
0.604084
0.428355
0.52781
0.859729
0.469593
0.554659
0.501525
0.356776
0.379734
0.501256
0.51915
0.355435
0.567272
0.693118
0.450127
0.556297
0.426765
0.715364
0.525255
0.719203
0.458514
0.532245
0.277014
0.177554
0.290912
0.139574
0.186758
0.118018
0.0631989
0.0864034
0.0938466
0.18609
0.142658
0.0736654
0.095048
0.0238143
0.0118071
0.0643713
0.143632
0.0332124
0.0194911
0.132542
0.0268362
0.486801
0.525774
0.0919134
0.0956117
0.429212
0.693013
0.510753
0.677531
0.415972
0.505332
0.238937
0.449292
0.399747
0.224653
0.406933
0.480389
0.943976
0.948887
0.545707
0.465347
0.859274
0.876482
0.47278
0.566186
0.891113
0.91565
0.545639
0.407379
0.717777
0.910767
0.495976
0.572643
0.555152
0.459874
0.490764
0.559175
0.528804
0.359024
0.454107
0.571361
0.70915
0.344584
0.700746
0.476389
0.430472
0.531903
0.439702
0.677269
0.688632
0.458541
0.533167
0.518906
0.317492
0.519914
0.475222
0.388652
0.533736
0.526529
0.376103
0.503888
0.390763
0.525463
0.0129015
0.00600379
0.0367415
0.0825678
0.0347588
0.0234817
0.141292
0.10709
0.294009
0.548618
0.186589
0.291652
0.139113
0.187506
0.0906716
0.040047
0.0680857
0.127658
0.083325
0.0791119
0.502001
0.446063
0.429674
0.499531
0.450924
0.348971
0.208968
0.255322
0.40284
0.467123
0.305311
0.44533
0.185559
0.469515
0.126351
0.190564
0.139322
0.0711166
0.481322
0.473881
0.0893464
0.0803985
)
;
    }
}


// ************************************************************************* //
