/*--------------------------------*- C++ -*----------------------------------*\
| =========                 |                                                 |
| \\      /  F ield         | OpenFOAM: The Open Source CFD Toolbox           |
|  \\    /   O peration     | Version:  4.1                                   |
|   \\  /    A nd           | Web:      www.OpenFOAM.org                      |
|    \\/     M anipulation  |                                                 |
\*---------------------------------------------------------------------------*/
FoamFile
{
    version     2.0;
    format      ascii;
    class       volScalarField;
    location    "64";
    object      omega;
}
// * * * * * * * * * * * * * * * * * * * * * * * * * * * * * * * * * * * * * //

dimensions      [0 0 -1 0 0 0 0];

internalField   nonuniform List<scalar> 
4432
(
0.0111012
0.0114408
0.0118224
0.0121467
0.0125216
0.0128331
0.0131988
0.0135006
0.0138537
0.0141467
0.0144839
0.0147686
0.0150894
0.0153634
0.0156694
0.0159298
0.0162228
0.0164683
0.0167497
0.0169796
0.0172517
0.017469
0.0177368
0.0179389
0.0182022
0.0183913
0.018655
0.0188429
0.0191099
0.0193055
0.0195718
0.0197741
0.0200221
0.020222
0.0204345
0.020627
0.0208016
0.0209876
0.0211335
0.0213146
0.0214433
0.0216114
0.0217464
0.0219024
0.0220302
0.0221693
0.0222567
0.0223817
0.0224558
0.0225926
0.0226641
0.022826
0.0229266
0.0231366
0.0111121
0.0114303
0.0118373
0.0121333
0.0125394
0.0128172
0.0132185
0.0134829
0.013874
0.0141285
0.0145027
0.0147515
0.0151052
0.0153489
0.0156818
0.0159184
0.0162329
0.0164597
0.0167592
0.016973
0.0172606
0.0174642
0.0177448
0.0179375
0.0182112
0.0183965
0.0186662
0.0188522
0.0191181
0.0193142
0.0195741
0.019781
0.020017
0.0202285
0.0204267
0.0206376
0.020804
0.021003
0.021161
0.021339
0.0215055
0.0216611
0.0218308
0.0219578
0.0221049
0.0221942
0.0223386
0.0224166
0.0225394
0.0226167
0.0227207
0.022798
0.0228448
0.0230975
21.7963
3.38033
1.22869
0.663394
0.436411
0.320383
0.251533
0.206458
0.174818
0.15146
0.13354
0.119379
0.107911
0.0984486
0.0905029
0.0837521
0.077933
0.0728854
0.0684447
0.0645353
0.0610377
0.0579277
0.0551037
0.0525775
0.0502495
0.0481614
0.0462064
0.0444548
0.042788
0.0413008
0.0398633
0.0385812
0.0373109
0.0361857
0.0350546
0.034056
0.0330527
0.0321654
0.0312819
0.0304929
0.0297085
0.0290032
0.0283163
0.0276859
0.0270829
0.0265048
0.0259675
0.025429
0.0249514
0.024449
0.0240806
0.0235489
0.0234195
0.0226707
21.7963
3.38033
1.22869
0.663392
0.436409
0.320382
0.251532
0.206456
0.174818
0.151458
0.13354
0.119376
0.107911
0.0984458
0.0905034
0.0837493
0.0779331
0.0728828
0.0684441
0.0645337
0.0610366
0.0579284
0.0551029
0.052581
0.050249
0.0481668
0.0462057
0.0444607
0.0427866
0.0413044
0.0398582
0.0385787
0.0372969
0.0361775
0.0350366
0.0340501
0.03304
0.0321735
0.0312803
0.0305087
0.0297139
0.0290288
0.0283218
0.0277128
0.0270751
0.0265291
0.0259486
0.0254515
0.0249319
0.0244717
0.0240584
0.0235316
0.0234461
0.0225309
21.796
3.38046
1.22884
0.663587
0.436636
0.320612
0.251756
0.206656
0.175004
0.151642
0.133722
0.119564
0.108099
0.09864
0.090698
0.0839492
0.0781335
0.0730861
0.0686499
0.0647395
0.0612484
0.0581366
0.0553202
0.0527889
0.0504678
0.0483712
0.0464227
0.0446604
0.0429989
0.0414993
0.0400635
0.0387727
0.0375173
0.0363904
0.0352822
0.0342841
0.0333012
0.032409
0.0315368
0.0307325
0.0299558
0.0292292
0.0285374
0.0278775
0.0272646
0.0266541
0.0261249
0.0255371
0.0250999
0.0245473
0.0241727
0.0237381
0.0232057
0.0227416
21.796
3.38046
1.22884
0.663587
0.436636
0.320611
0.251755
0.206654
0.175003
0.15164
0.133722
0.119561
0.108099
0.0986377
0.0906973
0.0839476
0.0781319
0.0730857
0.0686468
0.0647409
0.0612452
0.0581406
0.055317
0.0527944
0.0504639
0.0483766
0.0464183
0.0446656
0.0429942
0.041504
0.0400573
0.0387753
0.0375077
0.0363924
0.0352705
0.0342892
0.03329
0.0324186
0.031525
0.0307466
0.0299473
0.0292464
0.0285314
0.0278925
0.0272572
0.0266673
0.0261075
0.0255619
0.0250759
0.0245812
0.024146
0.023751
0.0231958
0.0227181
21.7961
3.38038
1.22876
0.663526
0.436583
0.320565
0.251712
0.206615
0.174965
0.151604
0.133686
0.119527
0.108064
0.0986036
0.0906647
0.0839132
0.0781011
0.0730512
0.0686204
0.0647106
0.0612272
0.0581162
0.0553058
0.0527726
0.0504555
0.0483549
0.0464127
0.0446444
0.0429929
0.0414823
0.0400619
0.0387541
0.0375242
0.0363765
0.0353034
0.0342786
0.0333345
0.0324075
0.0315705
0.0307302
0.0299836
0.0292202
0.0285453
0.0278534
0.0272452
0.0266172
0.026084
0.02551
0.0250612
0.0245302
0.0241233
0.0236854
0.0232253
0.0227532
21.7961
3.38039
1.22876
0.663525
0.436582
0.320563
0.251711
0.206614
0.174963
0.151604
0.133684
0.119527
0.108062
0.0986047
0.090661
0.0839152
0.0780963
0.0730544
0.0686144
0.0647146
0.0612188
0.0581202
0.0552954
0.0527776
0.0504459
0.0483625
0.0464056
0.0446536
0.0429882
0.0414913
0.0400586
0.0387614
0.0375193
0.0363785
0.0352941
0.034276
0.0333221
0.032405
0.0315586
0.0307327
0.0299702
0.0292287
0.0285346
0.0278676
0.0272453
0.0266305
0.0261014
0.0255205
0.0250749
0.0245512
0.0241214
0.0236882
0.0234159
0.0225671
21.7962
3.38036
1.22874
0.663503
0.436563
0.320546
0.251695
0.206595
0.174947
0.151583
0.133666
0.119503
0.108042
0.0985776
0.0906405
0.0838847
0.0780744
0.0730219
0.0685934
0.0646826
0.0611999
0.0580905
0.0552795
0.0527525
0.0504351
0.0483444
0.0464009
0.0446433
0.0429883
0.0414874
0.0400606
0.0387611
0.0375219
0.0363815
0.0352993
0.0342821
0.0333319
0.0324079
0.0315737
0.0307244
0.0299911
0.029202
0.0285569
0.0278255
0.0272588
0.0265926
0.0261
0.025504
0.0250703
0.024538
0.0241351
0.0236517
0.0233312
0.0225026
21.7962
3.38036
1.22874
0.663501
0.436562
0.320545
0.251693
0.206594
0.174946
0.151582
0.133665
0.119503
0.108042
0.0985767
0.0906395
0.0838836
0.0780738
0.0730206
0.0685929
0.0646799
0.0611984
0.058086
0.055278
0.0527487
0.0504348
0.0483434
0.0464011
0.0446451
0.0429878
0.0414927
0.0400586
0.0387696
0.0375146
0.0363911
0.0352825
0.0342935
0.0333055
0.0324253
0.0315406
0.0307459
0.0299568
0.0292259
0.0285318
0.0278487
0.0272525
0.0266133
0.0261083
0.0255154
0.0250816
0.0245264
0.0241527
0.0235933
0.0233933
0.0225577
21.7962
3.38035
1.22871
0.663479
0.436542
0.320526
0.251673
0.206574
0.174923
0.151558
0.133638
0.119475
0.10801
0.0985442
0.0906053
0.0838471
0.0780384
0.0729807
0.0685585
0.0646381
0.0611678
0.0580442
0.0552557
0.0527121
0.0504266
0.048315
0.0464079
0.0446225
0.0430066
0.0414728
0.0400859
0.0387493
0.0375468
0.0363689
0.0353197
0.0342715
0.0333474
0.0324017
0.0315797
0.0307194
0.0299853
0.0292018
0.0285462
0.0278355
0.0272535
0.0266172
0.026105
0.0255307
0.0250758
0.02453
0.0241454
0.0235436
0.0233809
0.0224955
21.7962
3.38035
1.22871
0.663478
0.436541
0.320525
0.251673
0.206573
0.174922
0.151557
0.133638
0.119473
0.108011
0.0985427
0.0906052
0.0838454
0.0780379
0.0729788
0.068557
0.0646346
0.0611656
0.0580402
0.0552544
0.0527075
0.0504269
0.0483103
0.0464108
0.0446183
0.0430125
0.0414677
0.0400939
0.038741
0.0375566
0.036356
0.0353303
0.0342524
0.0333578
0.0323793
0.0315918
0.0306991
0.0300017
0.0291854
0.0285687
0.0278232
0.0272835
0.0266014
0.0261355
0.0255036
0.0250958
0.0244991
0.0241454
0.023558
0.0233382
0.022453
21.7962
3.38034
1.2287
0.663459
0.436523
0.320507
0.251652
0.206552
0.174896
0.151533
0.133607
0.119445
0.107974
0.0985105
0.0905637
0.0838085
0.0779914
0.072938
0.0685069
0.0645931
0.0611155
0.0580028
0.0552106
0.0526813
0.0503959
0.048299
0.046394
0.0446187
0.0430067
0.0414752
0.040096
0.0387523
0.0375638
0.0363698
0.0353409
0.034268
0.0333704
0.032395
0.0316022
0.030709
0.0300072
0.0291891
0.0285698
0.0278231
0.0272821
0.0265985
0.0261323
0.025497
0.0250844
0.0244816
0.0241203
0.0235113
0.0232937
0.0223265
21.7962
3.38034
1.22869
0.663458
0.436522
0.320505
0.251651
0.20655
0.174897
0.151531
0.133609
0.119443
0.107976
0.0985071
0.0905658
0.0838045
0.0779935
0.0729328
0.0685088
0.0645861
0.0611177
0.0579943
0.0552141
0.0526724
0.0504013
0.0482902
0.0464001
0.0446113
0.043011
0.0414692
0.0400972
0.0387486
0.037563
0.0363674
0.0353385
0.0342641
0.0333667
0.0323882
0.031601
0.0307043
0.0300096
0.0291899
0.0285743
0.0278308
0.027282
0.026613
0.0261192
0.0255102
0.0250606
0.0244976
0.0240861
0.0235603
0.023147
0.0225268
21.7962
3.38033
1.22867
0.663435
0.436502
0.320485
0.251631
0.206527
0.174873
0.151503
0.133579
0.119409
0.10794
0.0984672
0.0905212
0.083758
0.0779403
0.0728806
0.068448
0.0645331
0.0610538
0.057949
0.0551543
0.0526458
0.0503558
0.0482886
0.0463702
0.0446289
0.0429913
0.0414988
0.0400852
0.0387872
0.0375582
0.0364123
0.0353382
0.0343101
0.0333693
0.0324299
0.0316057
0.0307365
0.0300144
0.0292107
0.028579
0.0278402
0.0272847
0.0266072
0.0261156
0.025488
0.0250483
0.0244577
0.0240686
0.0234799
0.0232352
0.0222795
21.7962
3.38033
1.22867
0.663435
0.436501
0.320485
0.251629
0.206528
0.174871
0.151504
0.133577
0.119411
0.107937
0.0984692
0.0905182
0.0837597
0.0779369
0.0728814
0.0684445
0.064531
0.0610514
0.057943
0.0551552
0.0526349
0.05036
0.048274
0.0463797
0.0446144
0.043006
0.0414853
0.040102
0.0387732
0.037573
0.0363952
0.0353496
0.0342894
0.0333775
0.0324083
0.0316123
0.0307172
0.0300227
0.0291967
0.0285891
0.0278306
0.0272945
0.0266009
0.0261203
0.0254839
0.0250492
0.0244583
0.0240708
0.0234924
0.0232493
0.0223031
21.7962
3.38032
1.22865
0.663416
0.436483
0.320466
0.251609
0.206504
0.174846
0.151474
0.133545
0.119373
0.107899
0.098423
0.0904713
0.0837035
0.0778801
0.0728144
0.068378
0.0644563
0.0609791
0.0578691
0.0550892
0.0525818
0.0503217
0.04826
0.0463743
0.044631
0.0430179
0.0415179
0.0401204
0.0388152
0.0375907
0.0364422
0.0353622
0.0343394
0.0333849
0.0324594
0.031616
0.0307656
0.0300195
0.0292379
0.0285766
0.027864
0.0272746
0.0266194
0.026098
0.0254844
0.0250296
0.0244482
0.0240558
0.0234772
0.0232238
0.0223084
21.7962
3.38032
1.22865
0.663416
0.436482
0.320465
0.251608
0.206504
0.174845
0.151474
0.133545
0.119374
0.107898
0.0984232
0.0904703
0.0837032
0.0778788
0.0728134
0.068376
0.0644537
0.0609766
0.0578651
0.0550879
0.052576
0.0503217
0.0482522
0.046375
0.0446227
0.0430214
0.04151
0.0401246
0.0388051
0.037594
0.0364303
0.0353644
0.0343266
0.0333852
0.0324468
0.0316148
0.0307538
0.0300225
0.0292258
0.028588
0.0278487
0.0272912
0.0266044
0.0261128
0.0254744
0.0250404
0.0244426
0.024067
0.0234778
0.0232347
0.0223338
21.7962
3.38031
1.22862
0.663392
0.436463
0.320446
0.251588
0.20648
0.174821
0.151444
0.133513
0.119335
0.107858
0.0983743
0.0904194
0.0836423
0.0778134
0.0727387
0.0682936
0.0643655
0.0608816
0.0577753
0.0550008
0.0525154
0.0502779
0.0482538
0.0463871
0.0446628
0.043057
0.0415649
0.0401696
0.0388628
0.0376372
0.0364875
0.0354043
0.0343869
0.0334223
0.0325128
0.0316466
0.0308246
0.0300409
0.0292975
0.0285861
0.0279156
0.0272794
0.0266479
0.0261159
0.0254836
0.0250687
0.0244563
0.0240852
0.0235527
0.0230935
0.0225119
21.7962
3.38031
1.22862
0.663392
0.436462
0.320445
0.251589
0.206479
0.174822
0.151442
0.133516
0.119333
0.107861
0.0983714
0.0904226
0.0836386
0.0778162
0.0727346
0.0682955
0.0643612
0.0608817
0.0577712
0.0550007
0.052509
0.050276
0.0482419
0.0463852
0.044654
0.0430562
0.0415611
0.0401675
0.0388636
0.0376318
0.0364903
0.0353932
0.0343898
0.0334062
0.0325143
0.0316298
0.0308234
0.0300328
0.0292898
0.0285976
0.0278993
0.0273043
0.026638
0.0261286
0.0255009
0.0250577
0.0244812
0.0240757
0.0235556
0.0231239
0.0225443
21.7962
3.3803
1.22861
0.663374
0.436444
0.320429
0.251568
0.206461
0.174793
0.15142
0.133477
0.119304
0.107811
0.0983348
0.0903578
0.0835891
0.077734
0.0726662
0.0681929
0.0642706
0.0607629
0.0576646
0.0548881
0.0524335
0.0502516
0.0482692
0.0464452
0.0447426
0.0431475
0.0416784
0.0402624
0.0389764
0.0377042
0.0365802
0.0354413
0.0344635
0.0334366
0.0325883
0.0316482
0.0309072
0.0300513
0.029372
0.0286357
0.0279688
0.0273749
0.026695
0.0262356
0.0255656
0.0251912
0.0245709
0.0242579
0.0236089
0.0233785
0.0225266
21.7962
3.38031
1.22861
0.663373
0.436444
0.320428
0.251568
0.20646
0.174793
0.151419
0.133479
0.119303
0.107814
0.0983317
0.0903624
0.0835832
0.0777411
0.0726571
0.0682028
0.0642589
0.0607741
0.0576542
0.0548962
0.0524268
0.050252
0.0482648
0.0464476
0.0447349
0.0431565
0.0416609
0.0402775
0.0389506
0.0377277
0.0365471
0.0354717
0.0344201
0.0334727
0.0325339
0.0316879
0.0308519
0.0300828
0.0293364
0.0286474
0.0279553
0.0273667
0.0266955
0.0262082
0.025558
0.0251536
0.0245441
0.0241778
0.0236451
0.0232017
0.0226468
21.7962
3.38029
1.22858
0.66335
0.436424
0.320416
0.251544
0.20645
0.174758
0.151412
0.133426
0.119299
0.107739
0.0983299
0.0902583
0.083581
0.0775993
0.0726479
0.0680149
0.0642326
0.0605453
0.0576048
0.0546916
0.0524322
0.0503086
0.0485221
0.0467836
0.0451872
0.0436251
0.0421815
0.0407847
0.0394881
0.0382233
0.0370838
0.0359444
0.0349688
0.0339404
0.0331023
0.0321751
0.031446
0.0306074
0.0299566
0.0292367
0.0286435
0.0280416
0.0274934
0.0269955
0.0265119
0.0260575
0.0256666
0.0253405
0.0249099
0.0246756
0.0242908
21.7962
3.3803
1.22858
0.663351
0.436424
0.320416
0.251543
0.206451
0.174757
0.151414
0.133425
0.119302
0.107737
0.0983322
0.0902585
0.083581
0.0776026
0.0726435
0.0680235
0.0642221
0.0605596
0.0575881
0.0547114
0.0524166
0.0503278
0.0485066
0.0467863
0.0451408
0.0435932
0.0421235
0.040744
0.0394345
0.0381835
0.0370314
0.0358998
0.0348952
0.0338835
0.0329935
0.0321032
0.0313052
0.030502
0.0298129
0.0290725
0.0284659
0.0278398
0.0272887
0.0267231
0.0262832
0.0257825
0.0253306
0.0249796
0.0245243
0.0243565
0.0238891
21.7962
3.38029
1.22856
0.663337
0.43641
0.320406
0.251526
0.206442
0.17473
0.151406
0.133382
0.119299
0.107671
0.0983367
0.0901586
0.0835952
0.077453
0.0726687
0.067799
0.0642607
0.0602338
0.0577114
0.0543475
0.0531167
0.0509221
0.0510031
0.0505018
0.0497737
0.0483368
0.0465703
0.044888
0.0432555
0.0417528
0.0403787
0.0391123
0.0380462
0.0370544
0.0362197
0.0354789
0.0348731
0.0342177
0.0337488
0.0338017
0.032728
0.0325046
0.0324699
0.0325185
0.0329029
0.0335233
0.0340309
0.0350241
0.0352338
0.0363046
0.0363789
21.7962
3.38029
1.22856
0.663337
0.43641
0.320407
0.251524
0.206444
0.174728
0.151409
0.133381
0.1193
0.107673
0.0983342
0.0901654
0.0835868
0.0774669
0.0726522
0.0678217
0.0642364
0.0602662
0.0576732
0.0544185
0.0530041
0.051126
0.050572
0.0496571
0.0484195
0.0467183
0.0450815
0.0434477
0.0419911
0.0405278
0.0393192
0.0380537
0.0370184
0.0359986
0.0350338
0.0342599
0.0333818
0.0326915
0.032148
0.0319459
0.031432
0.0310779
0.0313143
0.0316977
0.0321025
0.0326651
0.0331698
0.0339888
0.0344427
0.0354751
0.0355402
21.7962
3.38028
1.22854
0.663316
0.436408
0.320378
0.251546
0.206386
0.17478
0.151306
0.133475
0.11914
0.107816
0.0981037
0.0903646
0.0832693
0.0777258
0.0722237
0.0681326
0.0636654
0.060613
0.056938
0.0552254
0.0547237
0.0605561
0.111603
0.113449
0.113716
0.113929
0.111487
0.107635
0.103543
0.099587
0.0958117
0.0924235
0.0893132
0.0866049
0.0842021
0.0821356
0.0804163
0.0789419
0.0776742
0.0763051
0.0752415
0.0738372
0.0728745
0.0714236
0.0704419
0.0690346
0.0677573
0.0664702
0.06448
0.0634906
0.0604147
21.7962
3.38028
1.22854
0.663316
0.436408
0.320379
0.251545
0.206388
0.174779
0.151309
0.133474
0.119143
0.107817
0.0981065
0.0903646
0.083274
0.0777232
0.0722333
0.0681269
0.0636811
0.0605888
0.0570077
0.0551058
0.0547646
0.0598713
0.0888408
0.0912981
0.0952794
0.0964746
0.0961221
0.0952194
0.093928
0.0919624
0.0900085
0.0877422
0.0855121
0.0835613
0.0818668
0.0803596
0.0791205
0.0779889
0.0769734
0.0756779
0.0746673
0.0732055
0.0721925
0.0706068
0.0695086
0.0679177
0.0665487
0.0650537
0.0630798
0.0617572
0.0589202
21.7962
3.38027
1.22853
0.663307
0.436405
0.32037
0.251548
0.20637
0.17479
0.151278
0.133494
0.119093
0.10785
0.0980294
0.0904191
0.0831575
0.0777981
0.0720793
0.068178
0.0635116
0.0607289
0.0557631
0.0569279
0.0615365
0.27906
0.356759
0.186791
0.152476
0.119498
0.105245
0.0980925
0.0929895
0.0882881
0.0837026
0.0793286
0.075224
0.0714553
0.0680069
0.0648219
0.0618612
0.0590459
0.0563672
0.0537456
0.051387
0.0490532
0.0469276
0.0447845
0.0427944
0.040899
0.0390472
0.0375613
0.0359484
0.034971
0.0335518
21.7962
3.38028
1.22853
0.663307
0.436405
0.320369
0.251551
0.206367
0.174796
0.151271
0.133506
0.119079
0.107872
0.0980059
0.0904527
0.0831161
0.0778643
0.0719807
0.0683415
0.0632954
0.0609038
0.0562128
0.0560025
0.0596024
0.194896
0.308435
0.185907
0.127438
0.106092
0.0969265
0.0924491
0.0890684
0.0855097
0.0818363
0.078145
0.0745278
0.0711046
0.0678454
0.064741
0.061791
0.0588801
0.0561414
0.0534433
0.0511553
0.0487779
0.0468499
0.0446381
0.0429043
0.040919
0.0393599
0.0378373
0.0364417
0.0355811
0.0341359
21.7962
3.38026
1.22851
0.663295
0.436401
0.320367
0.251551
0.206367
0.174795
0.151271
0.133503
0.11908
0.107863
0.0980119
0.0904337
0.0831375
0.0778138
0.0720449
0.0682428
0.0633578
0.0609036
0.0562565
0.0551603
0.105664
0.175061
0.184353
0.151319
0.120932
0.107141
0.100248
0.0954016
0.0910845
0.0870509
0.0833737
0.0800145
0.0769951
0.0742602
0.0717945
0.0696569
0.0677629
0.0662401
0.0648164
0.0638002
0.0626595
0.0619715
0.0610166
0.060473
0.0594376
0.0586804
0.0571629
0.0559741
0.0537806
0.0516497
21.7962
3.38027
1.22852
0.663296
0.436402
0.320368
0.251551
0.206368
0.174795
0.151275
0.133498
0.119094
0.107846
0.098043
0.0903957
0.0831933
0.0777491
0.0721436
0.0680878
0.0636533
0.0605199
0.0559536
0.0573271
0.113307
0.192594
0.196053
0.139783
0.119642
0.108347
0.102303
0.0981661
0.0944041
0.0907525
0.0873307
0.084153
0.0812801
0.0786542
0.0763214
0.0742436
0.0723936
0.0708166
0.0692961
0.0681263
0.0666845
0.0657441
0.064128
0.0631072
0.0610459
0.0597643
0.057312
0.0556448
0.0527489
0.0504342
21.7962
3.38026
1.22851
0.663295
0.4364
0.320379
0.251546
0.206389
0.17478
0.151309
0.133474
0.119139
0.107816
0.0980957
0.0903679
0.0832521
0.0777322
0.0721985
0.0681397
0.0636309
0.0606202
0.0569119
0.055167
0.0580417
0.103659
0.107526
0.110362
0.111929
0.110625
0.107729
0.103282
0.0989125
0.0945896
0.0902853
0.0862298
0.0823791
0.078878
0.0755161
0.0724419
0.0693315
0.0664154
0.0633528
0.0604228
0.057267
0.0541926
0.0508928
0.04765
0.044359
0.0410665
0.0380987
0.0350682
0.0328684
0.0300347
0.0286876
21.7962
3.38027
1.22851
0.663296
0.4364
0.32038
0.251545
0.206392
0.174777
0.151315
0.133468
0.119151
0.107804
0.098117
0.0903452
0.0832858
0.0776992
0.0722419
0.0681031
0.063685
0.0605668
0.0569602
0.0551846
0.057991
0.093179
0.086267
0.0880561
0.0906574
0.0903252
0.0890883
0.0865638
0.0839016
0.0810477
0.077983
0.0749159
0.0718112
0.0688647
0.0658854
0.0630953
0.0602039
0.0575017
0.054607
0.0518953
0.0489446
0.0462046
0.0432389
0.0406035
0.0379381
0.0356494
0.0333641
0.0313276
0.0294768
0.0275907
0.0263267
21.7962
3.38026
1.22849
0.663294
0.436394
0.320405
0.251525
0.206448
0.174727
0.151412
0.133375
0.119303
0.10766
0.0983387
0.0901395
0.0835966
0.0774209
0.0726728
0.0677462
0.0642755
0.0601441
0.0577503
0.0542308
0.0531323
0.0508244
0.0504719
0.0499204
0.0489418
0.0471041
0.0452751
0.0435565
0.0419116
0.0404321
0.0389951
0.0377247
0.0364512
0.0353475
0.0341959
0.0332237
0.0321636
0.0313013
0.0303153
0.029554
0.0286322
0.0279674
0.0271052
0.0265348
0.0257323
0.0252485
0.024499
0.0240814
0.0233589
0.023057
0.0221501
21.7962
3.38027
1.2285
0.663295
0.436395
0.320405
0.251528
0.206446
0.174732
0.151409
0.133384
0.119297
0.107673
0.0983272
0.0901615
0.0835744
0.0774589
0.0726331
0.067809
0.0642081
0.0602432
0.057642
0.0543627
0.0529969
0.0509602
0.0504354
0.0492901
0.0477316
0.045996
0.0442797
0.042643
0.0410694
0.0396327
0.0382448
0.037006
0.0357786
0.0347109
0.0336158
0.0326906
0.0317
0.0308928
0.0299864
0.0292817
0.0284426
0.0278288
0.0270431
0.0265144
0.0257705
0.0253171
0.0246001
0.0242127
0.0234988
0.0232271
0.022353
21.7962
3.38026
1.2285
0.663299
0.436407
0.320413
0.251548
0.206453
0.174762
0.151412
0.133427
0.119295
0.107734
0.0983222
0.0902467
0.0835685
0.0775779
0.0726297
0.0679817
0.0642059
0.0605005
0.0575642
0.0546494
0.0523659
0.050258
0.0484135
0.0466826
0.0450231
0.0434689
0.0419889
0.0406205
0.03928
0.0380511
0.03683
0.0357342
0.0346248
0.0336551
0.0326488
0.0317941
0.0308766
0.030122
0.0292775
0.0286114
0.0278243
0.0272366
0.0264931
0.0259779
0.0252679
0.0248189
0.0241313
0.0237441
0.0230621
0.0227755
0.0219122
21.7962
3.38027
1.2285
0.6633
0.436408
0.320413
0.25155
0.206453
0.174766
0.151411
0.133433
0.119292
0.107744
0.098316
0.0902608
0.083558
0.077599
0.0726134
0.0680126
0.0641835
0.0605406
0.0575408
0.0546831
0.0523581
0.0502717
0.0484253
0.046682
0.0450138
0.0434496
0.0419703
0.0405897
0.0392519
0.0380134
0.0367946
0.0356927
0.0345869
0.0336144
0.0326122
0.0317554
0.0308427
0.0300871
0.0292483
0.0285813
0.0278015
0.027212
0.0264794
0.025958
0.0252664
0.024802
0.0241484
0.0237363
0.0230956
0.022818
0.0219494
21.7961
3.38026
1.22849
0.663301
0.436418
0.320425
0.251572
0.206465
0.174797
0.151421
0.133478
0.1193
0.107805
0.0983237
0.0903451
0.0835694
0.0777126
0.0726364
0.0681625
0.0642294
0.060722
0.0576112
0.0548349
0.0523662
0.0501766
0.0481786
0.0463529
0.0446339
0.0430567
0.0415583
0.0401791
0.0388419
0.0376176
0.0364137
0.0353314
0.0342475
0.0332954
0.0323162
0.0314774
0.0305855
0.0298438
0.0290243
0.0283652
0.0276054
0.0270157
0.0263063
0.0257766
0.025112
0.0246382
0.0240201
0.0235965
0.0230429
0.0225881
0.0220308
21.7961
3.38027
1.22849
0.663303
0.43642
0.320426
0.251572
0.206467
0.174798
0.151424
0.133479
0.119304
0.107807
0.0983285
0.0903467
0.0835746
0.0777153
0.0726418
0.0681669
0.0642347
0.0607269
0.0576171
0.0548369
0.0523704
0.0501741
0.0481838
0.0463528
0.0446465
0.0430586
0.0415714
0.040179
0.0388531
0.0376183
0.0364256
0.0353363
0.0342612
0.0333044
0.0323302
0.0314899
0.0305987
0.0298611
0.029035
0.0283895
0.0276129
0.0270495
0.026313
0.02582
0.0251252
0.0246866
0.0240471
0.0236413
0.0230821
0.0226407
0.0220764
21.7961
3.38026
1.22849
0.663312
0.436434
0.320442
0.251593
0.206487
0.174826
0.151447
0.133514
0.119331
0.107852
0.0983626
0.0904056
0.0836201
0.0777901
0.0727042
0.0682596
0.0643179
0.0608347
0.0577119
0.0549374
0.0524315
0.0501933
0.0481466
0.046284
0.0445432
0.0429454
0.0414373
0.0400477
0.0387171
0.0374939
0.0363046
0.0352263
0.0341545
0.0332065
0.0322323
0.0314007
0.0305062
0.0297773
0.028947
0.0283073
0.02753
0.0269666
0.026237
0.0257364
0.0250527
0.0246059
0.0239687
0.0235752
0.0229622
0.0227015
0.0217799
21.7961
3.38027
1.2285
0.663314
0.436435
0.320443
0.251594
0.206488
0.174827
0.15145
0.133515
0.119335
0.107853
0.0983677
0.0904068
0.0836261
0.0777923
0.0727113
0.0682636
0.064326
0.0608403
0.0577208
0.0549419
0.0524409
0.0501939
0.0481576
0.0462845
0.0445601
0.0429462
0.0414555
0.0400459
0.0387348
0.0374921
0.036324
0.0352275
0.0341765
0.0332109
0.0322561
0.031408
0.0305302
0.0297878
0.0289698
0.0283225
0.0275518
0.0269881
0.0262598
0.0257653
0.0250802
0.0246415
0.024001
0.0236084
0.0230238
0.0225781
0.0220033
21.7961
3.38026
1.22849
0.663317
0.436448
0.32046
0.251615
0.20651
0.174853
0.151476
0.133547
0.119368
0.107893
0.0984094
0.0904557
0.0836797
0.0778525
0.0727788
0.0683359
0.0644064
0.0609203
0.0578036
0.0550129
0.0524985
0.0502269
0.048159
0.0462629
0.0445143
0.0428916
0.0413832
0.039974
0.0386513
0.0374128
0.0362373
0.0351419
0.0340873
0.033119
0.0321642
0.0313124
0.030435
0.0296905
0.0288693
0.0282248
0.0274465
0.0268918
0.0261527
0.0256716
0.0249699
0.0245474
0.0238739
0.0235033
0.022842
0.0225691
0.0216918
21.7961
3.38027
1.2285
0.66332
0.436449
0.320462
0.251616
0.206512
0.174854
0.151479
0.13355
0.119371
0.107896
0.0984123
0.0904604
0.0836826
0.0778586
0.0727823
0.0683433
0.064411
0.0609282
0.0578101
0.0550199
0.0525066
0.0502318
0.0481689
0.0462661
0.0445291
0.0428943
0.0414024
0.0399743
0.0386732
0.0374116
0.0362618
0.0351425
0.0341146
0.0331237
0.0321929
0.0313212
0.0304631
0.029703
0.0288975
0.0282404
0.0274766
0.0269096
0.0261851
0.0256914
0.0250033
0.0245692
0.0239104
0.0235212
0.022899
0.0225027
0.0219024
21.7961
3.38026
1.2285
0.66333
0.436465
0.32048
0.251638
0.206535
0.174881
0.151505
0.133581
0.119404
0.107934
0.0984528
0.0905054
0.0837327
0.0779117
0.0728422
0.0684042
0.0644776
0.0609934
0.057873
0.0550786
0.0525482
0.050268
0.0481715
0.0462742
0.0444921
0.0428821
0.0413361
0.0399504
0.0385898
0.037383
0.0361729
0.0351105
0.0340273
0.033085
0.0321115
0.0312716
0.0303902
0.0296403
0.0288318
0.0281662
0.0274127
0.0268272
0.026117
0.0256031
0.0249296
0.0244728
0.0238247
0.0234282
0.0227728
0.0224937
0.0216592
21.796
3.38027
1.2285
0.663332
0.436466
0.320482
0.251638
0.206537
0.174881
0.151509
0.133582
0.119408
0.107936
0.0984579
0.0905074
0.0837382
0.0779147
0.0728483
0.0684084
0.0644848
0.0609981
0.0578817
0.0550833
0.0525592
0.0502698
0.0481855
0.0462723
0.0445109
0.0428779
0.0413598
0.0399445
0.0386168
0.0373767
0.0362013
0.0351074
0.0340554
0.0330887
0.0321366
0.0312837
0.0304103
0.0296611
0.0288489
0.0281928
0.0274317
0.026854
0.0261416
0.025627
0.0249582
0.0244971
0.0238596
0.0234506
0.0228203
0.0225404
0.0216676
21.796
3.38027
1.2285
0.663339
0.43648
0.3205
0.251659
0.20656
0.174905
0.151536
0.13361
0.11944
0.107969
0.0984962
0.0905465
0.0837835
0.0779597
0.0729001
0.0684574
0.0645402
0.0610467
0.0579338
0.0551228
0.0525952
0.0502908
0.0481947
0.0462707
0.044492
0.0428588
0.0413178
0.0399156
0.0385586
0.0373444
0.0361333
0.0350737
0.0339811
0.033051
0.032058
0.031239
0.0303301
0.0296062
0.0287685
0.0281256
0.027347
0.0267749
0.026047
0.0255359
0.0248551
0.0243957
0.0237613
0.0233409
0.0227637
0.0223262
0.0217641
21.796
3.38028
1.22851
0.663341
0.436482
0.320502
0.251659
0.206562
0.174906
0.15154
0.133611
0.119445
0.10797
0.0985019
0.090549
0.0837891
0.0779642
0.0729051
0.0684647
0.0645441
0.0610569
0.0579372
0.0551352
0.0525985
0.0503043
0.0481981
0.0462843
0.044497
0.0428735
0.0413252
0.0399325
0.0385675
0.0373637
0.0361429
0.0350955
0.0339928
0.0330749
0.0320743
0.0312631
0.0303523
0.0296299
0.0287961
0.0281498
0.0273802
0.026802
0.026085
0.025569
0.024896
0.0244352
0.0237998
0.0233964
0.0227811
0.0225076
0.021617
21.796
3.38027
1.22851
0.663353
0.436497
0.32052
0.25168
0.206583
0.17493
0.151563
0.133639
0.119473
0.108002
0.0985336
0.0905849
0.0838258
0.0780031
0.0729465
0.0685044
0.0645879
0.0610931
0.0579774
0.0551613
0.052628
0.0503136
0.0482101
0.0462751
0.044491
0.042848
0.0413055
0.0398935
0.0385404
0.0373138
0.0361141
0.0350377
0.0339632
0.033013
0.0320394
0.0312013
0.0303074
0.0295699
0.0287407
0.0280903
0.0273171
0.0267403
0.0260128
0.025504
0.0248175
0.0243662
0.023718
0.0233208
0.0227025
0.0224282
0.021522
21.796
3.38028
1.22852
0.663356
0.436498
0.320522
0.251681
0.206586
0.174932
0.151567
0.133641
0.119477
0.108004
0.0985387
0.0905871
0.0838317
0.0780061
0.0729531
0.0685086
0.0645948
0.0610993
0.0579839
0.0551705
0.0526335
0.0503253
0.0482147
0.0462893
0.0444947
0.0428655
0.0413091
0.039915
0.0385437
0.0373392
0.0361168
0.0350656
0.0339683
0.03304
0.0320528
0.0312229
0.0303328
0.0295848
0.0287759
0.0281049
0.0273555
0.0267617
0.0260531
0.0255317
0.0248604
0.0243976
0.0237669
0.0233636
0.0227443
0.0224759
0.0215803
21.796
3.38027
1.22852
0.663366
0.436514
0.320539
0.251702
0.206606
0.174955
0.15159
0.133667
0.119503
0.108034
0.0985673
0.0906199
0.0838633
0.0780405
0.072987
0.0685421
0.0646289
0.0611276
0.0580151
0.0551882
0.0526565
0.0503277
0.0482264
0.0462743
0.0444962
0.042834
0.0413046
0.039868
0.0385387
0.0372772
0.0361156
0.0349915
0.0339685
0.0329618
0.0320437
0.0311499
0.0303053
0.0295199
0.0287327
0.0280397
0.027307
0.0266845
0.0260004
0.0254475
0.0247894
0.0243166
0.0236725
0.023269
0.0226315
0.0223532
0.0214653
21.796
3.38029
1.22852
0.663368
0.436516
0.320541
0.251703
0.206609
0.174956
0.151594
0.133668
0.119508
0.108034
0.0985745
0.0906198
0.0838719
0.0780408
0.0729965
0.0685439
0.0646387
0.0611322
0.0580241
0.0551967
0.0526632
0.0503417
0.0482296
0.0462941
0.044496
0.04286
0.0413018
0.0398998
0.0385342
0.0373132
0.036111
0.0350282
0.0339689
0.0329922
0.0320579
0.0311673
0.0303383
0.029525
0.0287785
0.0280457
0.0273473
0.0267108
0.026023
0.0254969
0.0248078
0.0243732
0.0237024
0.0233219
0.0226703
0.0223991
0.0215461
21.7959
3.3803
1.22854
0.663386
0.436533
0.320557
0.25172
0.206625
0.174975
0.15161
0.133689
0.119525
0.108058
0.0985916
0.0906465
0.0838894
0.0780698
0.0730136
0.0685733
0.0646541
0.0611586
0.0580356
0.0552151
0.052669
0.0503476
0.0482278
0.0462873
0.0444865
0.0428428
0.0412857
0.039875
0.0385132
0.0372833
0.0360864
0.0349961
0.0339387
0.0329632
0.0320156
0.0311459
0.0302793
0.0295083
0.0287092
0.0280154
0.0272871
0.0266465
0.0259837
0.0254068
0.0247633
0.0242931
0.0236258
0.0232513
0.0226112
0.0223245
0.0214583
21.7959
3.38031
1.22854
0.663389
0.436535
0.320559
0.251721
0.206628
0.174976
0.151614
0.13369
0.119529
0.108058
0.0985975
0.0906474
0.0838965
0.0780712
0.0730219
0.0685757
0.0646631
0.0611627
0.0580448
0.0552221
0.052678
0.0503575
0.048237
0.0462995
0.0444963
0.042856
0.0412977
0.0398879
0.0385283
0.0372954
0.0361045
0.0350067
0.0339606
0.0329708
0.032045
0.0311477
0.0303197
0.0295056
0.0287552
0.0280182
0.0273268
0.0266672
0.0260104
0.0254494
0.0247861
0.0243346
0.0236692
0.0232854
0.0226786
0.0222082
0.0216717
21.7958
3.38037
1.22861
0.663443
0.436584
0.320603
0.251762
0.206663
0.175012
0.151644
0.133725
0.119555
0.108094
0.0986197
0.0906839
0.0839157
0.0781084
0.0730385
0.0686112
0.0646773
0.0611929
0.0580567
0.0552426
0.0526868
0.0503649
0.0482422
0.0462931
0.0444972
0.0428382
0.0412932
0.0398617
0.038517
0.0372617
0.0360862
0.0349657
0.033935
0.0329242
0.0320105
0.0311004
0.0302751
0.0294639
0.0287039
0.027985
0.0272918
0.0266341
0.0260381
0.0254213
0.0249078
0.024343
0.0238574
0.0234139
0.0229266
0.0226084
0.0219729
21.7958
3.38038
1.22861
0.663445
0.436585
0.320604
0.251762
0.206666
0.175013
0.151648
0.133725
0.119561
0.108094
0.0986275
0.0906841
0.0839249
0.078109
0.0730488
0.0686129
0.0646883
0.0611961
0.0580684
0.0552475
0.0526991
0.0503725
0.0482547
0.0463028
0.0445098
0.0428492
0.0413058
0.0398732
0.0385307
0.0372726
0.0361025
0.0349744
0.0339563
0.0329293
0.0320385
0.0311036
0.0303066
0.0294747
0.0287278
0.028019
0.0272975
0.0266988
0.0260255
0.0255051
0.0248884
0.0244346
0.0238707
0.0234652
0.0229082
0.0225937
0.0220389
21.796
3.38017
1.22829
0.663136
0.436305
0.320343
0.251522
0.20644
0.174813
0.151456
0.133541
0.119374
0.10791
0.0984368
0.090498
0.0837293
0.0779203
0.0728481
0.068422
0.0644832
0.0610033
0.0578598
0.055052
0.0524882
0.0501743
0.0480414
0.0461033
0.0442943
0.0426476
0.0410855
0.0396247
0.0382446
0.0369263
0.0357133
0.0345071
0.033444
0.0323377
0.031398
0.030395
0.0295506
0.0286684
0.0278782
0.0271646
0.0263952
0.0258423
0.0252035
0.0247522
0.0242375
0.0239441
0.0234528
0.0231595
0.0229798
0.0228582
0.0224459
21.796
3.38018
1.2283
0.66314
0.436308
0.320345
0.251524
0.206442
0.174815
0.151458
0.133543
0.119377
0.107914
0.0984404
0.0905018
0.0837336
0.0779248
0.072853
0.0684277
0.0644887
0.0610103
0.057866
0.0550608
0.0524958
0.0501841
0.0480514
0.046113
0.0443069
0.0426576
0.0411001
0.0396402
0.0382576
0.0369537
0.0357201
0.0345507
0.0334431
0.0323978
0.0313906
0.0304703
0.0295382
0.0287521
0.0278775
0.0272218
0.0264391
0.0258667
0.0252359
0.0247873
0.0242859
0.0239326
0.0235436
0.0228823
0.0226907
0.0226981
0.0223703
0.0110847
0.0114562
0.0118058
0.0121617
0.0125047
0.0128473
0.0131816
0.0135128
0.0138366
0.0141568
0.0144691
0.0147773
0.0150773
0.0153721
0.0156608
0.0159406
0.0162188
0.0164829
0.0167515
0.0170012
0.0172595
0.0174999
0.017747
0.0179857
0.0182211
0.0184629
0.0186948
0.0189331
0.0191732
0.0194085
0.0196363
0.0198603
0.0200628
0.0202728
0.020447
0.0206319
0.0207777
0.0209399
0.0210455
0.0211782
0.0212538
0.0213599
0.0214324
0.0215267
0.0217135
0.0216825
0.0217065
0.0215083
0.0214221
0.0211968
0.0208713
0.0206944
0.0201919
0.0200699
0.0110789
0.0114619
0.0117965
0.0121705
0.0124944
0.0128576
0.0131728
0.0135224
0.013831
0.0141642
0.0144673
0.0147821
0.0150786
0.0153751
0.0156637
0.0159431
0.0162223
0.016486
0.0167551
0.0170053
0.0172639
0.0175047
0.0177536
0.0179904
0.0182309
0.0184678
0.0187071
0.0189406
0.0191867
0.0194198
0.0196553
0.0198744
0.0200907
0.0202919
0.0204805
0.020661
0.0208181
0.0209734
0.0210969
0.0212259
0.0213111
0.0213889
0.0214865
0.0215286
0.0217118
0.0217084
0.0217535
0.0216176
0.0214669
0.0212853
0.0209502
0.0208074
0.0203367
0.0202286
0.248776
0.0641583
0.274453
0.109386
0.105499
0.385148
0.300841
0.400854
0.150829
0.136649
0.169599
0.0620946
0.116805
0.121281
0.113105
0.351029
0.13965
0.279857
0.131053
0.148114
0.103438
0.0599472
0.249416
0.0573638
0.277997
0.159149
0.14072
0.285972
0.388618
0.321332
0.402444
0.105025
0.0599996
0.172971
0.0678196
0.112068
0.121393
0.146935
0.213365
0.359188
0.111038
0.269474
0.056827
0.0547247
0.0572348
0.0576197
0.0848436
0.0574955
0.0870288
0.047543
0.0609246
0.0498344
0.0974174
0.17859
0.100211
0.185453
0.0550766
0.0547084
0.0549188
0.0583217
0.0764369
0.0580816
0.0724676
0.0523252
0.0596799
0.0494899
0.0882884
0.133416
0.0870137
0.112714
0.0595967
0.0567254
0.0590952
0.0588203
0.0619226
0.0587466
0.0613852
0.468764
0.327117
0.331302
0.409688
0.482972
0.282196
0.354492
0.279159
0.17567
0.20555
0.176095
0.202536
0.0584702
0.0557444
0.0594826
0.0568972
0.0587798
0.0571161
0.063461
0.379513
0.260644
0.149437
0.235306
0.4456
0.301667
0.290572
0.260112
0.182685
0.212375
0.166936
0.195897
0.0676612
0.0566251
0.0617005
0.0559881
0.0595497
0.0560846
0.0587243
0.541135
0.110171
0.0909989
0.0924069
0.394349
0.585329
0.436001
0.19948
0.179346
0.203836
0.354496
0.279973
0.355841
0.280716
0.0573657
0.0584664
0.0575628
0.0564548
0.0586038
0.0566583
0.0590423
0.206321
0.118924
0.118781
0.350048
0.121404
0.49496
0.553263
0.221247
0.175285
0.214157
0.316229
0.308033
0.286691
0.282694
0.0831336
0.0582348
0.084374
0.0545997
0.056019
0.0545352
0.0563286
0.167781
0.109829
0.171714
0.0605276
0.0471104
0.0611173
0.0482656
0.0760287
0.0576769
0.0718285
0.0544735
0.0555868
0.0545358
0.0554193
0.131973
0.0834144
0.10674
0.0588578
0.0513865
0.0577604
0.0486227
0.597441
0.15285
0.298466
0.187931
0.440082
0.572115
0.278973
0.174263
0.176655
0.53923
0.547985
0.10601
0.101926
0.0995853
0.414206
1.11711
0.891909
0.517218
0.104745
0.100975
0.0880504
0.494988
1.08084
1.02253
0.464897
0.324229
0.379312
0.386226
0.451525
0.572442
0.383396
0.412458
0.161669
0.135371
0.146102
0.354809
0.588402
0.55958
0.413513
0.152177
0.136735
0.149358
0.399843
0.228835
0.15237
0.143551
0.138351
0.35657
0.175087
0.120718
0.125562
0.129756
0.126199
0.188861
0.117703
0.118127
0.317834
0.105396
0.252944
0.626026
0.150232
0.100397
0.127624
0.110751
0.148857
0.15049
0.0944284
0.401057
0.138831
0.185459
0.199252
0.374785
0.446017
0.559964
0.389434
0.146822
0.113469
0.385297
0.144186
0.480107
0.299408
0.385118
0.148031
0.121146
0.144219
0.289085
1.13582
0.903837
0.506873
0.0996791
0.105306
0.0832039
0.509476
1.11967
1.0569
0.604454
0.150882
0.294664
0.174679
0.438708
0.583592
0.283868
0.163334
0.550404
0.169407
0.412672
0.140979
0.15975
0.155377
0.345593
0.593579
0.548649
0.407895
0.13763
0.15645
0.153365
0.399786
0.460531
0.333977
0.328659
0.413278
0.459721
0.460404
0.331218
0.381497
0.439166
0.391876
0.261171
0.703298
0.153449
0.123497
0.130029
0.129335
0.14659
0.146604
0.0507004
0.236007
0.154514
0.138203
0.387485
0.139516
0.175107
0.119704
0.124836
0.13006
0.111311
0.385751
0.109464
0.150849
0.39496
0.1512
0.454041
0.230966
0.38914
0.121415
0.152957
0.143146
0.298231
0.420863
0.273558
0.179249
0.441355
0.236491
0.405387
0.138371
0.182567
0.196364
0.356476
0.181577
0.0916057
0.0650909
0.0765378
0.0712597
0.0738047
0.155695
0.121882
0.0882276
0.0607307
0.0726489
0.0865595
0.130261
0.074394
0.174589
0.059044
0.0732112
0.0745491
0.0963031
0.0780463
0.171795
0.445273
0.368329
0.41702
0.376424
0.419672
0.357374
0.458548
0.436244
0.408784
0.392026
0.354425
0.406266
0.352972
0.433777
0.126058
0.0615237
0.0847923
0.0726724
0.0859808
0.0736614
0.121405
0.406742
0.304866
0.328584
0.348003
0.277152
0.424958
0.334824
0.404904
0.304541
0.219431
0.37439
0.236667
0.350608
0.409036
0.179257
0.0744779
0.091717
0.059713
0.0759795
0.0890176
0.154471
0.174656
0.0726731
0.0590974
0.0906041
0.0755484
0.168264
0.0903698
0.429524
0.380901
0.370115
0.421171
0.35106
0.423364
0.445416
0.436291
0.361554
0.414055
0.39167
0.36127
0.442345
0.410856
0.122927
0.0732966
0.0901892
0.06144
0.131239
0.0720646
0.0869048
0.128239
0.0733359
0.0614883
0.0732892
0.0746668
0.0888877
0.126539
0.425832
0.358783
0.30817
0.330194
0.43715
0.358031
0.275233
0.404155
0.370481
0.29603
0.212953
0.353079
0.230032
0.404201
0.484218
0.551291
0.325795
0.453238
0.559505
0.457957
0.306363
0.410669
0.440574
0.538811
0.330247
0.410336
0.557425
0.55968
0.412545
0.515769
0.470106
0.573308
0.536105
0.572814
0.237729
0.448507
0.271301
0.455374
0.410778
0.429858
0.47375
0.254294
0.369065
0.131809
0.362345
0.294394
0.170192
0.259819
0.413846
0.531547
0.349744
0.379331
0.480955
0.356725
0.138313
0.162716
0.181164
0.119046
0.30451
1.02445
0.189027
0.538851
1.02554
0.299414
0.196672
0.490351
0.461763
0.563938
0.379909
0.555128
0.652618
0.645654
0.55171
0.265616
0.527507
0.79208
0.191318
0.962509
0.191521
0.207213
0.588123
0.556547
0.109951
0.210416
0.201275
0.144452
0.209974
0.104112
0.141825
0.131412
0.279231
0.157451
0.229853
0.0796435
0.0939204
0.0969104
0.0742107
0.142408
0.211813
0.483129
0.142242
0.176762
0.229943
0.154631
0.537284
0.544629
0.684949
0.269554
0.977211
0.590235
0.270261
0.682238
0.989249
0.50733
0.466459
0.56801
0.417869
0.517225
0.597396
0.600024
0.521484
0.684303
0.594124
0.248735
0.737646
0.244267
0.947639
0.453605
0.653266
0.267184
0.954901
0.568155
0.658742
0.268193
0.951855
0.491929
0.536373
0.563819
0.468896
0.497433
0.577698
0.505213
0.571223
0.639537
0.565067
0.25526
0.89385
0.262528
0.926631
0.619923
0.301069
0.17531
1.01308
0.549294
0.176673
1.0142
0.298096
0.513103
0.474321
0.573511
0.406907
0.555411
0.66696
0.664106
0.556497
0.287654
0.533187
0.148542
0.775734
0.181206
0.964929
0.229975
1.12275
1.08956
0.28589
0.17447
0.504103
0.964032
0.185703
0.27121
0.953069
0.484718
0.566034
0.481852
0.566645
0.27526
0.498824
0.154469
0.891484
0.159054
0.904152
0.272476
0.514082
0.611918
0.498154
0.598582
1.07767
1.0859
0.468996
0.551165
0.323033
0.455421
0.450008
0.541945
0.296792
0.395363
0.506631
0.379468
0.533696
0.394995
0.543685
0.403478
0.533504
0.473528
0.452234
0.543304
0.374751
0.44683
0.547277
0.329546
0.548161
0.562899
0.267137
0.226358
0.630206
0.420478
0.231598
0.636828
0.262984
0.415836
0.353883
0.489298
0.320748
0.421142
0.500367
0.415903
0.507163
0.281411
0.432617
0.161394
0.504324
0.165878
0.626645
0.251404
0.564957
0.560999
0.25961
0.224046
0.411107
0.650219
0.218027
0.260218
0.64218
0.400055
0.474675
0.39035
0.486056
0.258642
0.404656
0.217584
0.622316
0.225567
0.63174
0.256262
0.404973
0.49739
0.41336
0.483191
0.236791
0.16633
0.241442
0.246537
0.159951
0.221417
0.264084
0.138931
0.360114
0.174243
0.288814
0.251717
0.289862
0.192106
0.539868
0.200333
0.401903
0.28895
0.143616
0.162731
0.178985
0.131931
0.147734
0.170962
0.1415
0.141424
0.160897
0.153748
0.116233
0.0967769
0.080805
0.115151
0.0641813
0.0703005
0.108381
0.0818342
0.0927312
0.188211
0.210301
0.147268
0.108138
0.174154
0.183262
0.141277
0.109394
0.193758
0.156728
0.194158
0.138916
0.224458
0.106119
0.126876
0.261076
0.154666
0.209627
0.138657
0.236885
0.142867
0.408796
0.145946
0.158286
0.279689
0.0756829
0.0898032
0.0940542
0.0753191
0.284139
0.335128
0.0885004
0.146573
0.0914486
0.13809
0.143016
0.096596
0.0713663
0.0280228
0.0141572
0.0327055
0.0106256
0.0201944
0.0440563
0.0357749
0.0284447
0.0775668
0.166328
0.139187
0.0647484
0.134655
0.148997
0.099855
0.113281
0.205394
0.222055
0.435989
0.534462
0.399102
0.214434
0.443033
0.566809
0.158429
0.100547
0.143642
0.0327423
0.0884214
0.12065
0.0866193
0.0945319
0.354863
0.367844
0.452631
0.473895
0.48007
0.508853
0.257231
0.511107
0.503353
0.255335
0.380688
0.212476
0.601019
0.20389
0.60454
0.254437
0.394249
0.495745
0.39956
0.487555
0.262691
0.390742
0.1559
0.622336
0.261626
0.14968
0.618995
0.393447
0.487609
0.397697
0.495
0.451742
0.432645
0.272188
0.156984
0.603936
0.384122
0.155537
0.261482
0.588427
0.406962
0.356761
0.484596
0.325832
0.420248
0.506756
0.404485
0.505938
0.267255
0.409338
0.192704
0.375787
0.213145
0.56188
0.246434
1.13558
1.11468
0.290125
0.972381
0.189149
0.509649
0.292475
0.97448
0.188801
0.495206
0.580661
0.482331
0.586142
0.528251
0.629949
0.532763
0.615994
0.275516
0.507499
0.914413
0.142221
0.265489
0.918791
0.152832
1.11694
1.13177
0.693036
0.99157
0.274258
0.594353
1.00025
0.27462
0.69223
0.515391
0.479418
0.578417
0.430541
0.525724
0.60553
0.530335
0.611733
0.691069
0.602492
0.755452
0.243582
0.957753
0.243757
0.460756
0.677631
0.996998
0.579907
0.266595
0.994695
0.68255
0.267824
0.518906
0.565412
0.594555
0.494381
0.523252
0.600218
0.52661
0.599447
0.667404
0.58122
0.950063
0.263446
0.977008
0.272541
0.648697
0.274301
0.665402
0.20882
0.419774
0.66861
0.268463
0.217322
0.43245
0.373622
0.50409
0.340496
0.433529
0.511265
0.512935
0.427235
0.278011
0.442139
0.50966
0.221849
0.647393
0.231668
0.24329
0.553596
0.547886
0.2728
0.663819
0.150351
0.410984
0.266743
0.655562
0.159132
0.405482
0.485555
0.48391
0.40966
0.418683
0.49932
0.504123
0.413109
0.266295
0.402848
0.635787
0.174416
0.643843
0.167386
0.263833
0.470782
0.0953942
0.537472
0.44811
0.256088
0.548835
0.479164
0.414306
0.452057
0.548392
0.336981
0.413169
0.56612
0.567237
0.415825
0.500316
0.449545
0.521889
0.563874
0.25488
0.559696
0.458124
0.468678
0.316366
0.425068
0.541821
0.356475
0.481418
0.535331
0.414163
0.534825
0.561107
0.398761
0.413245
0.563905
0.559845
0.416495
0.464216
0.432381
0.48954
0.542548
0.415806
0.54386
0.454217
0.278477
0.310395
0.0908322
0.0851162
0.15898
0.140849
0.101873
0.0630588
0.156716
0.0149983
0.0099099
0.0153256
0.00825273
0.0130075
0.0430019
0.0337146
0.0184309
0.0925611
0.145554
0.0355299
0.153618
0.0765945
0.159727
0.107461
0.0992188
0.121031
0.240062
0.244715
0.251262
0.170166
0.265316
0.1636
0.226801
0.143318
0.379955
0.309963
0.17964
0.256077
0.286355
0.591795
0.200107
0.434496
0.291363
0.203727
0.146487
0.163321
0.132281
0.181799
0.141383
0.138363
0.173148
0.129155
0.104776
0.160185
0.149453
0.068248
0.0465812
0.0845253
0.0400572
0.0588638
0.104971
0.080298
0.0778596
0.15136
0.150553
0.0695419
0.141526
0.121987
0.152268
0.127769
0.263875
0.608954
0.383255
0.15858
0.617927
0.25838
0.15741
0.412388
0.48905
0.494565
0.406154
0.409129
0.485519
0.498742
0.405426
0.265547
0.394776
0.641427
0.162842
0.639745
0.262144
0.156775
0.399834
0.351145
0.254255
0.580556
0.213179
0.391203
0.260051
0.569581
0.223667
0.370678
0.303042
0.43271
0.277784
0.390375
0.488951
0.461911
0.404145
0.262132
0.391604
0.340716
0.204838
0.512297
0.221144
0.236854
0.267651
0.435297
0.544559
0.459464
0.497393
0.484795
0.24615
0.129621
0.389808
0.317428
0.182515
0.26396
0.439412
0.485288
0.53393
0.474677
0.416735
0.492184
0.144212
0.163225
0.187682
0.117384
0.226684
0.613399
0.430188
0.385089
0.628289
0.216033
0.433663
0.16102
0.0963841
0.136977
0.0707739
0.0806354
0.117226
0.0823811
0.0879271
0.368231
0.34408
0.460018
0.464759
0.536304
0.476401
0.289397
)
;

boundaryField
{
    inlet
    {
        type            fixedValue;
        value           uniform 440.15;
    }
    outlet
    {
        type            zeroGradient;
    }
    rightSide
    {
        type            symmetryPlane;
    }
    leftSide
    {
        type            symmetryPlane;
    }
    duct
    {
        Cmu             0.09;
        kappa           0.41;
        E               9.8;
        beta1           0.075;
        type            omegaWallFunction;
        value           nonuniform List<scalar> 
216
(
0.0111012
0.0111121
0.0114408
0.0114303
0.0118224
0.0118373
0.0121467
0.0121333
0.0125216
0.0125394
0.0128331
0.0128172
0.0131988
0.0132185
0.0135006
0.0134829
0.0138537
0.013874
0.0141467
0.0141285
0.0144839
0.0145027
0.0147686
0.0147515
0.0150894
0.0151052
0.0153634
0.0153489
0.0156694
0.0156818
0.0159298
0.0159184
0.0162228
0.0162329
0.0164683
0.0164597
0.0167497
0.0167592
0.0169796
0.016973
0.0172517
0.0172606
0.017469
0.0174642
0.0177368
0.0177448
0.0179389
0.0179375
0.0182022
0.0182112
0.0183913
0.0183965
0.018655
0.0186662
0.0188429
0.0188522
0.0191099
0.0191181
0.0193055
0.0193142
0.0195718
0.0195741
0.0197741
0.019781
0.0200221
0.020017
0.020222
0.0202285
0.0204345
0.0204267
0.020627
0.0206376
0.0208016
0.020804
0.0209876
0.021003
0.0211335
0.021161
0.0213146
0.021339
0.0214433
0.0215055
0.0216114
0.0216611
0.0217464
0.0218308
0.0219024
0.0219578
0.0220302
0.0221049
0.0221693
0.0221942
0.0222567
0.0223386
0.0223817
0.0224166
0.0224558
0.0225394
0.0225926
0.0226167
0.0226641
0.0227207
0.022826
0.022798
0.0229266
0.0228448
0.0231366
0.0230975
0.0110847
0.0110789
0.0114562
0.0114619
0.0118058
0.0117965
0.0121617
0.0121705
0.0125047
0.0124944
0.0128473
0.0128576
0.0131816
0.0131728
0.0135128
0.0135224
0.0138366
0.013831
0.0141568
0.0141642
0.0144691
0.0144673
0.0147773
0.0147821
0.0150773
0.0150786
0.0153721
0.0153751
0.0156608
0.0156637
0.0159406
0.0159431
0.0162188
0.0162223
0.0164829
0.016486
0.0167515
0.0167551
0.0170012
0.0170053
0.0172595
0.0172639
0.0174999
0.0175047
0.017747
0.0177536
0.0179857
0.0179904
0.0182211
0.0182309
0.0184629
0.0184678
0.0186948
0.0187071
0.0189331
0.0189406
0.0191732
0.0191867
0.0194085
0.0194198
0.0196363
0.0196553
0.0198603
0.0198744
0.0200628
0.0200907
0.0202728
0.0202919
0.020447
0.0204805
0.0206319
0.020661
0.0207777
0.0208181
0.0209399
0.0209734
0.0210455
0.0210969
0.0211782
0.0212259
0.0212538
0.0213111
0.0213599
0.0213889
0.0214324
0.0214865
0.0215267
0.0215286
0.0217135
0.0217118
0.0216825
0.0217084
0.0217065
0.0217535
0.0215083
0.0216176
0.0214221
0.0214669
0.0211968
0.0212853
0.0208713
0.0209502
0.0206944
0.0208074
0.0201919
0.0203367
0.0200699
0.0202286
)
;
    }
    cylinder
    {
        Cmu             0.09;
        kappa           0.41;
        E               9.8;
        beta1           0.075;
        type            omegaWallFunction;
        value           nonuniform List<scalar> 
448
(
0.585329
0.436001
0.49496
0.553263
1.11711
0.891909
1.08084
1.02253
0.572442
0.383396
0.588402
0.55958
0.252944
0.626026
0.15049
0.0944284
0.446017
0.559964
0.480107
0.299408
1.13582
0.903837
1.11967
1.0569
0.593579
0.548649
0.261171
0.703298
0.146604
0.0507004
0.454041
0.230966
0.325795
0.306363
0.410669
0.410336
0.536105
0.237729
0.429858
0.369065
0.131809
0.349744
0.356725
0.138313
1.02445
1.02554
0.490351
0.555128
0.588123
0.556547
0.210416
0.209974
0.131412
0.0796435
0.537284
0.544629
0.977211
0.989249
0.50733
0.517225
0.737646
0.947639
0.954901
0.951855
0.491929
0.497433
0.89385
0.926631
1.01308
1.0142
0.513103
0.555411
1.12275
1.08956
0.964032
0.953069
0.484718
0.891484
0.514082
1.07767
1.0859
0.323033
0.296792
0.395363
0.394995
0.374751
0.329546
0.548161
0.562899
0.630206
0.636828
0.415836
0.421142
0.564957
0.560999
0.650219
0.64218
0.400055
0.404973
0.246537
0.264084
0.138931
0.539868
0.143616
0.1415
0.116233
0.0967769
0.0703005
0.108138
0.183262
0.194158
0.224458
0.126876
0.408796
0.279689
0.0756829
0.284139
0.335128
0.0914486
0.0713663
0.0280228
0.0201944
0.113281
0.205394
0.534462
0.566809
0.158429
0.0884214
0.511107
0.503353
0.601019
0.60454
0.394249
0.393447
0.451742
0.432645
0.603936
0.588427
0.406962
0.420248
1.13558
1.11468
0.972381
0.97448
0.495206
0.528251
1.11694
1.13177
0.515391
0.525724
0.996998
0.994695
0.518906
0.523252
0.665402
0.43245
0.433529
0.553596
0.547886
0.405482
0.418683
0.0953942
0.414306
0.413169
0.414163
0.413245
0.278477
0.310395
0.0851162
0.0630588
0.0149983
0.0130075
0.0992188
0.121031
0.251262
0.265316
0.143318
0.146487
0.068248
0.0588638
0.608954
0.617927
0.412388
0.409129
0.399834
0.351145
0.580556
0.569581
0.370678
0.390375
0.544559
0.497393
0.129621
0.144212
0.613399
0.628289
0.16102
0.0806354
0.440574
0.557425
0.362345
0.162716
0.461763
0.652618
0.279231
0.0939204
0.466459
0.597396
0.536373
0.577698
0.474321
0.66696
0.566034
0.611918
0.506631
0.543685
0.353883
0.500367
0.474675
0.49739
0.360114
0.162731
0.080805
0.108381
0.261076
0.0898032
0.0141572
0.0440563
0.100547
0.12065
0.495745
0.487609
0.356761
0.506756
0.580661
0.629949
0.479418
0.60553
0.565412
0.600218
0.373622
0.511265
0.485555
0.49932
0.452057
0.56612
0.534825
0.563905
0.0099099
0.0430019
0.379955
0.163321
0.0465812
0.104971
0.48905
0.485519
0.303042
0.488951
0.389808
0.163225
0.0963841
0.117226
0.538811
0.330247
0.412545
0.55968
0.294394
0.170192
0.119046
0.181164
0.563938
0.379909
0.79208
0.962509
0.55171
0.645654
0.66861
0.256088
0.50966
0.647393
0.157451
0.229853
0.483129
0.229943
0.0742107
0.0969104
0.641427
0.639745
0.56801
0.417869
0.521484
0.600024
0.563819
0.468896
0.505213
0.571223
0.573511
0.406907
0.775734
0.964929
0.556497
0.664106
0.481852
0.566645
0.904152
0.498154
0.598582
0.533696
0.379468
0.403478
0.533504
0.489298
0.320748
0.504324
0.626645
0.415903
0.507163
0.39035
0.622316
0.486056
0.63174
0.41336
0.483191
0.288814
0.174243
0.28895
0.131931
0.178985
0.115151
0.0641813
0.0818342
0.0927312
0.209627
0.154666
0.0753191
0.0940542
0.0327055
0.0106256
0.0647484
0.148997
0.0357749
0.0284447
0.143642
0.0327423
0.473895
0.508853
0.0866193
0.0945319
0.39956
0.622336
0.487555
0.618995
0.397697
0.495
0.375787
0.56188
0.484596
0.325832
0.404485
0.505938
0.99157
1.00025
0.586142
0.482331
0.914413
0.918791
0.532763
0.615994
0.950063
0.977008
0.578417
0.430541
0.755452
0.957753
0.530335
0.611733
0.594555
0.494381
0.52661
0.599447
0.50409
0.340496
0.427235
0.512935
0.663819
0.316366
0.655562
0.356475
0.48954
0.48391
0.40966
0.635787
0.643843
0.413109
0.504123
0.548392
0.336981
0.521889
0.25488
0.415825
0.567237
0.561107
0.398761
0.415806
0.416495
0.559845
0.0153256
0.00825273
0.0355299
0.0765945
0.0337146
0.0184309
0.138363
0.104776
0.309963
0.591795
0.17964
0.291363
0.132281
0.181799
0.0845253
0.0400572
0.0695419
0.121987
0.080298
0.0778596
0.494565
0.406154
0.405426
0.498742
0.512297
0.43271
0.277784
0.340716
0.404145
0.461911
0.317428
0.485288
0.182515
0.474677
0.117384
0.187682
0.136977
0.0707739
0.460018
0.536304
0.0879271
0.0823811
)
;
    }
}


// ************************************************************************* //
