/*--------------------------------*- C++ -*----------------------------------*\
| =========                 |                                                 |
| \\      /  F ield         | OpenFOAM: The Open Source CFD Toolbox           |
|  \\    /   O peration     | Version:  4.1                                   |
|   \\  /    A nd           | Web:      www.OpenFOAM.org                      |
|    \\/     M anipulation  |                                                 |
\*---------------------------------------------------------------------------*/
FoamFile
{
    version     2.0;
    format      ascii;
    class       volScalarField;
    location    "77";
    object      omega;
}
// * * * * * * * * * * * * * * * * * * * * * * * * * * * * * * * * * * * * * //

dimensions      [0 0 -1 0 0 0 0];

internalField   nonuniform List<scalar> 
4432
(
0.0111065
0.0114362
0.0118227
0.0121457
0.0125199
0.0128337
0.0131975
0.0135001
0.0138548
0.0141438
0.0144889
0.0147629
0.0150984
0.0153569
0.0156819
0.0159257
0.0162379
0.0164695
0.0167657
0.0169895
0.0172667
0.0174898
0.0177463
0.0179734
0.0182105
0.018446
0.0186701
0.0189133
0.0191294
0.0193727
0.0195841
0.0198168
0.0200175
0.02024
0.0204335
0.0206512
0.0208384
0.021051
0.0212299
0.0214314
0.0215993
0.0217815
0.0219383
0.0221006
0.022247
0.0223914
0.0225258
0.022662
0.0227918
0.0229238
0.0230291
0.0231612
0.0232212
0.0234196
0.0111292
0.0114149
0.0118415
0.0121289
0.0125351
0.0128211
0.0132097
0.0134907
0.0138647
0.0141369
0.0144968
0.0147581
0.0151043
0.0153542
0.0156855
0.0159251
0.0162391
0.0164709
0.0167646
0.0169927
0.0172634
0.017494
0.0177419
0.0179776
0.018207
0.018448
0.018669
0.0189099
0.0191321
0.0193645
0.0195937
0.0198073
0.0200346
0.0202312
0.0204558
0.0206414
0.0208609
0.0210379
0.0212476
0.0214157
0.0216087
0.021766
0.0219426
0.0220876
0.0222517
0.0223847
0.0225395
0.0226638
0.0228049
0.0229289
0.0230498
0.0231621
0.0232389
0.0233955
21.7962
3.38028
1.22855
0.663304
0.436371
0.320365
0.251523
0.206444
0.174808
0.151452
0.133531
0.119371
0.107901
0.0984387
0.0904895
0.0837385
0.0779145
0.0728659
0.0684201
0.0645103
0.0610094
0.0578991
0.0550735
0.0525445
0.0502158
0.0481194
0.0461643
0.0443956
0.0427279
0.0412114
0.0397726
0.0384419
0.0371787
0.0360071
0.0349023
0.0338705
0.0329085
0.0319955
0.0311534
0.0303351
0.0295934
0.0288477
0.0281883
0.0275036
0.0269189
0.0262856
0.0257632
0.0251814
0.0247132
0.0241753
0.0238001
0.0232309
0.0230668
0.0221791
21.7962
3.38027
1.22855
0.663303
0.43637
0.320364
0.251522
0.206443
0.174807
0.151452
0.13353
0.11937
0.107899
0.0984379
0.0904876
0.083738
0.077912
0.0728659
0.0684177
0.0645114
0.061007
0.057901
0.0550706
0.0525463
0.0502112
0.0481203
0.0461573
0.0443963
0.0427199
0.0412135
0.0397653
0.0384468
0.0371726
0.036017
0.0348973
0.0338839
0.0329005
0.0320089
0.031138
0.0303426
0.0295668
0.0288512
0.0281589
0.0275083
0.0268951
0.0262872
0.0257492
0.0251715
0.0247137
0.0241707
0.0237765
0.0232554
0.0229949
0.02208
21.7959
3.38042
1.22874
0.663525
0.43661
0.320603
0.251752
0.206652
0.174999
0.151635
0.133713
0.119552
0.108085
0.098623
0.0906784
0.0839272
0.0781078
0.0730584
0.0686176
0.0647065
0.0612109
0.0580985
0.0552775
0.0527436
0.0504188
0.0483156
0.0463667
0.0445905
0.0429319
0.0414066
0.0399767
0.0386488
0.0374058
0.0362374
0.0351525
0.0341155
0.0331666
0.0322375
0.0314049
0.0305601
0.0298246
0.0290505
0.0283968
0.0276859
0.0270998
0.0264474
0.0259242
0.0253175
0.0248571
0.0242926
0.0238844
0.0233952
0.0228436
0.0223182
21.7959
3.38042
1.22874
0.663525
0.43661
0.320602
0.251751
0.206652
0.174998
0.151634
0.133711
0.119551
0.108082
0.0986229
0.0906756
0.0839273
0.0781047
0.073059
0.0686145
0.064708
0.061208
0.0581005
0.0552735
0.0527451
0.050413
0.0483169
0.0463596
0.0445927
0.042924
0.0414108
0.0399696
0.0386559
0.0374
0.0362477
0.0351472
0.0341268
0.0331585
0.0322459
0.0313895
0.0305656
0.0298047
0.0290538
0.0283747
0.0276853
0.0270804
0.0264444
0.0259074
0.0253166
0.0248463
0.02429
0.023868
0.0233926
0.0227856
0.0222728
21.796
3.38035
1.22867
0.663463
0.436557
0.320555
0.251708
0.206611
0.17496
0.151597
0.133677
0.119515
0.10805
0.0985875
0.0906448
0.0838919
0.0780757
0.0730238
0.0685885
0.0646746
0.0611869
0.0580685
0.0552568
0.0527135
0.0504022
0.0482886
0.0463589
0.0445717
0.0429349
0.0413966
0.0399874
0.0386459
0.0374209
0.0362404
0.0351667
0.0341183
0.0331722
0.0322344
0.0313989
0.0305543
0.0298156
0.0290443
0.0283869
0.0276791
0.0270965
0.0264454
0.0259276
0.025325
0.0248659
0.0242932
0.0238685
0.0233742
0.0228101
0.0222849
21.796
3.38035
1.22867
0.663463
0.436556
0.320555
0.251707
0.206611
0.174959
0.151597
0.133675
0.119516
0.108047
0.0985882
0.0906411
0.083893
0.0780713
0.0730253
0.0685841
0.0646762
0.0611821
0.0580695
0.0552521
0.0527152
0.0503987
0.0482913
0.0463555
0.0445737
0.0429296
0.0413979
0.0399813
0.0386485
0.037415
0.036244
0.0351611
0.0341227
0.0331679
0.0322379
0.0313955
0.0305548
0.0298076
0.0290425
0.0283748
0.0276796
0.0270806
0.0264456
0.0259112
0.0253181
0.0248499
0.0242756
0.02387
0.0233115
0.0230349
0.0221047
21.7961
3.38033
1.22865
0.663442
0.436537
0.320537
0.25169
0.206592
0.174941
0.151577
0.133656
0.119493
0.108026
0.0985628
0.0906181
0.083865
0.0780464
0.0729959
0.0685587
0.0646466
0.0611569
0.0580419
0.05523
0.0526928
0.0503837
0.0482768
0.0463505
0.0445676
0.0429355
0.0413969
0.0399955
0.0386475
0.0374334
0.0362406
0.0351813
0.0341176
0.0331867
0.0322326
0.0314102
0.0305524
0.0298206
0.029044
0.0283896
0.0276841
0.0270991
0.0264529
0.0259306
0.0253298
0.0248566
0.0242953
0.0238461
0.023339
0.0229864
0.0220629
21.7961
3.38032
1.22864
0.663441
0.436537
0.320537
0.25169
0.206592
0.17494
0.151576
0.133655
0.119492
0.108025
0.0985613
0.0906171
0.0838635
0.0780451
0.0729948
0.0685566
0.0646461
0.0611532
0.0580425
0.0552254
0.0526965
0.0503783
0.0482837
0.0463422
0.044576
0.0429229
0.0414069
0.0399811
0.0386588
0.0374196
0.0362506
0.03517
0.0341246
0.0331797
0.0322362
0.0314068
0.0305501
0.0298181
0.0290379
0.0283873
0.0276758
0.0270944
0.0264423
0.0259191
0.0253144
0.0248421
0.0242694
0.0238565
0.0232741
0.0230572
0.0221177
21.7961
3.38032
1.22863
0.663423
0.436518
0.320517
0.251669
0.206569
0.174917
0.151549
0.133629
0.119461
0.107996
0.0985254
0.0905858
0.083823
0.0780128
0.0729501
0.0685243
0.0645982
0.0611237
0.0579952
0.0552039
0.0526562
0.0503697
0.0482538
0.0463473
0.0445573
0.0429401
0.0413985
0.0400048
0.0386563
0.0374416
0.0362513
0.0351869
0.0341298
0.033191
0.0322449
0.0314132
0.0305619
0.0298244
0.0290546
0.0283988
0.027696
0.0271091
0.0264619
0.0259321
0.0253258
0.024846
0.0242688
0.0238582
0.0232501
0.0230545
0.0221304
21.7961
3.38032
1.22863
0.663423
0.436518
0.320516
0.251668
0.206568
0.174916
0.151548
0.133628
0.11946
0.107996
0.0985236
0.0905856
0.0838203
0.0780129
0.0729465
0.0685249
0.0645937
0.0611256
0.0579906
0.0552077
0.0526507
0.050375
0.048247
0.0463536
0.044548
0.0429464
0.0413861
0.0400112
0.0386432
0.0374504
0.0362393
0.0351985
0.0341174
0.0332042
0.032231
0.0314267
0.0305458
0.0298365
0.0290341
0.0284067
0.0276711
0.0271129
0.0264322
0.0259317
0.025297
0.0248456
0.0242485
0.0238545
0.023266
0.0230261
0.0220873
21.7961
3.38031
1.22862
0.663406
0.436499
0.320497
0.251647
0.206546
0.174891
0.151523
0.133599
0.119431
0.107961
0.0984905
0.0905454
0.0837827
0.0779672
0.072905
0.0684755
0.0645502
0.0610761
0.0579494
0.0551651
0.0526189
0.050346
0.0482289
0.0463406
0.0445445
0.0429483
0.0413956
0.0400247
0.0386609
0.0374693
0.0362591
0.0352171
0.0341348
0.03322
0.0322455
0.031439
0.0305582
0.0298482
0.0290487
0.0284199
0.027688
0.0271256
0.026447
0.025941
0.0253058
0.0248503
0.0242493
0.0238633
0.0232607
0.023026
0.0220858
21.7961
3.38031
1.22862
0.663406
0.436499
0.320496
0.251646
0.206545
0.174891
0.151521
0.133599
0.119428
0.107962
0.0984876
0.0905462
0.0837791
0.0779683
0.0729007
0.0684766
0.0645462
0.0610774
0.0579465
0.0551662
0.0526169
0.0503464
0.0482274
0.0463402
0.0445424
0.0429464
0.0413924
0.0400222
0.0386586
0.0374677
0.0362595
0.0352148
0.0341375
0.0332145
0.0322493
0.0314308
0.0305628
0.0298361
0.02905
0.028404
0.0276833
0.0271063
0.0264383
0.0259211
0.025297
0.0248308
0.0242553
0.0238301
0.0233116
0.0228665
0.0222973
21.7961
3.38031
1.2286
0.663389
0.436481
0.320476
0.251625
0.206522
0.174865
0.151495
0.133567
0.119397
0.107923
0.0984511
0.0904985
0.0837371
0.0779112
0.0728538
0.0684116
0.0644973
0.0610093
0.057901
0.0551035
0.0525843
0.0503007
0.0482149
0.0463164
0.0445497
0.0429436
0.0414159
0.0400372
0.0386922
0.0374928
0.0362923
0.0352393
0.0341618
0.0332342
0.0322653
0.0314477
0.0305752
0.0298528
0.0290628
0.0284216
0.0276973
0.0271224
0.0264505
0.0259327
0.0253046
0.0248438
0.0242555
0.0238593
0.023272
0.0230292
0.0220862
21.7961
3.38031
1.2286
0.663389
0.43648
0.320476
0.251624
0.206521
0.174864
0.151494
0.133566
0.119395
0.107923
0.0984484
0.0904993
0.0837329
0.0779132
0.0728481
0.068415
0.0644899
0.0610141
0.0578931
0.0551097
0.0525759
0.0503074
0.048207
0.0463238
0.0445417
0.0429496
0.041406
0.04004
0.0386805
0.0374934
0.0362813
0.0352406
0.0341541
0.033237
0.032261
0.0314499
0.0305709
0.0298517
0.0290562
0.0284153
0.0276873
0.0271128
0.0264392
0.0259225
0.0252954
0.0248361
0.02425
0.0238527
0.0232717
0.0230244
0.0220855
21.7962
3.3803
1.22859
0.663373
0.436463
0.320456
0.251603
0.206497
0.174838
0.151464
0.133535
0.11936
0.107884
0.098405
0.0904513
0.0836805
0.0778546
0.0727864
0.0683458
0.0644216
0.0609381
0.0578264
0.0550397
0.0525293
0.0502622
0.048195
0.0463081
0.044558
0.0429523
0.0414406
0.0400568
0.0387283
0.0375179
0.0363318
0.0352637
0.034198
0.0332544
0.0322947
0.0314625
0.0305943
0.0298619
0.0290723
0.0284265
0.0277012
0.0271247
0.0264512
0.0259328
0.0253083
0.0248453
0.0242661
0.0238632
0.023282
0.0230335
0.022092
21.7962
3.3803
1.22859
0.663373
0.436462
0.320456
0.251602
0.206497
0.174837
0.151463
0.133534
0.119359
0.107883
0.0984034
0.0904507
0.0836784
0.0778543
0.0727836
0.0683458
0.0644181
0.0609391
0.0578228
0.0550414
0.052525
0.0502641
0.0481898
0.0463106
0.0445523
0.0429544
0.0414327
0.0400567
0.0387167
0.037517
0.0363195
0.0352654
0.0341869
0.0332588
0.0322845
0.0314667
0.0305844
0.0298634
0.0290614
0.0284236
0.0276879
0.0271188
0.0264372
0.0259278
0.025296
0.0248436
0.0242561
0.0238599
0.0232754
0.0230278
0.0220871
21.7962
3.3803
1.22857
0.663358
0.436446
0.320437
0.251581
0.206473
0.174812
0.151435
0.133501
0.119323
0.107842
0.0983587
0.0903985
0.0836225
0.0777882
0.0727143
0.0682641
0.0643358
0.0608462
0.0577379
0.0549567
0.052465
0.0502197
0.0481846
0.046316
0.0445851
0.0429793
0.0414842
0.0400927
0.038782
0.0375576
0.0363905
0.0353058
0.0342551
0.0332971
0.0323423
0.0315042
0.0306288
0.0299018
0.0290967
0.0284631
0.0277225
0.0271578
0.0264738
0.025966
0.0253332
0.0248824
0.0242964
0.0238831
0.023354
0.0228883
0.0223239
21.7962
3.3803
1.22857
0.663358
0.436445
0.320436
0.251581
0.206472
0.174811
0.151433
0.133501
0.119321
0.107842
0.0983566
0.0903983
0.0836202
0.0777879
0.0727119
0.0682638
0.0643335
0.0608459
0.0577362
0.0549554
0.0524628
0.0502145
0.0481844
0.0463114
0.0445871
0.0429754
0.0414849
0.0400874
0.0387778
0.0375525
0.0363825
0.0353044
0.0342479
0.0333002
0.0323398
0.0315075
0.0306326
0.0299007
0.0291034
0.0284562
0.0277255
0.0271476
0.0264718
0.025956
0.0253304
0.0248726
0.0242911
0.0238737
0.0233451
0.022902
0.0223295
21.7962
3.38029
1.22856
0.663343
0.436429
0.320419
0.25156
0.206452
0.174784
0.151409
0.133466
0.119291
0.107796
0.0983187
0.0903384
0.0835707
0.0777101
0.0726462
0.0681647
0.0642489
0.0607277
0.0576401
0.0548402
0.0524015
0.0501825
0.0482223
0.0463642
0.0446715
0.0430476
0.0415823
0.0401682
0.038879
0.0376319
0.0364741
0.0353786
0.0343222
0.0333687
0.0323926
0.0315693
0.0306672
0.0299543
0.0291267
0.0285013
0.0277459
0.0271863
0.0264952
0.0259909
0.02536
0.0249094
0.0243242
0.0239302
0.0233461
0.0231105
0.0221609
21.7962
3.38029
1.22856
0.663343
0.436428
0.320418
0.25156
0.206451
0.174785
0.151406
0.133467
0.119287
0.107799
0.0983128
0.090343
0.0835627
0.0777167
0.0726358
0.0681734
0.0642358
0.0607389
0.0576249
0.0548527
0.052384
0.0501963
0.0482033
0.0463767
0.0446535
0.0430634
0.0415646
0.0401818
0.0388609
0.0376414
0.03646
0.0353834
0.0343161
0.0333686
0.0323952
0.0315657
0.0306742
0.0299478
0.0291332
0.0284913
0.0277479
0.0271728
0.0264936
0.0259772
0.0253554
0.0248928
0.0243189
0.0238981
0.0233845
0.022908
0.0223529
21.7962
3.38029
1.22855
0.663329
0.436412
0.320407
0.251537
0.206441
0.174749
0.1514
0.133415
0.119284
0.107725
0.098314
0.0902412
0.0835647
0.0775787
0.0726319
0.067992
0.0642152
0.0605194
0.0575814
0.054662
0.0523949
0.0502635
0.0484667
0.0466895
0.0450457
0.0434285
0.04198
0.0405608
0.0392879
0.0380255
0.0368833
0.0357596
0.0347222
0.0337229
0.0327757
0.0318923
0.0310314
0.0302532
0.029476
0.0287903
0.0280905
0.0274829
0.026854
0.026312
0.0257459
0.025279
0.0247416
0.0243951
0.0238554
0.0233423
0.0227753
21.7962
3.38029
1.22855
0.663329
0.436412
0.320406
0.251536
0.206439
0.17475
0.151397
0.133418
0.119279
0.107731
0.0983045
0.0902511
0.0835504
0.0775936
0.0726123
0.068012
0.0641911
0.0605426
0.0575559
0.0546839
0.0523801
0.0502754
0.0484545
0.0466871
0.045025
0.0434365
0.0419713
0.0405777
0.0392807
0.0380332
0.0368712
0.0357483
0.0347044
0.0336954
0.0327555
0.0318574
0.0310078
0.0302159
0.0294428
0.0287491
0.0280406
0.027433
0.0267898
0.0262398
0.0256779
0.0251626
0.0246875
0.0242067
0.0237844
0.0234678
0.0225071
21.7962
3.38028
1.22854
0.663319
0.436398
0.320398
0.251516
0.206434
0.174717
0.151396
0.133368
0.119287
0.107656
0.098323
0.0901415
0.0835823
0.0774319
0.0726608
0.0677713
0.0642622
0.0601909
0.0577286
0.0542799
0.0531505
0.0508576
0.0508972
0.050089
0.0488974
0.0472049
0.0455513
0.0438717
0.0423485
0.0408211
0.0395343
0.0381611
0.0370861
0.0358949
0.0349077
0.0339753
0.0330636
0.0321925
0.0313617
0.0305217
0.0297931
0.0289161
0.0283603
0.0275171
0.0268775
0.0261936
0.0257347
0.0252456
0.0248659
0.0249381
0.023993
21.7962
3.38028
1.22854
0.663319
0.436398
0.320396
0.251516
0.206431
0.17472
0.151391
0.133374
0.119277
0.107667
0.0983059
0.0901617
0.0835538
0.0774663
0.0726149
0.0678254
0.0641946
0.0602723
0.0576257
0.0544276
0.0529406
0.0510858
0.0504813
0.0492822
0.0479588
0.0462427
0.0445941
0.0429957
0.041479
0.04006
0.0387236
0.0374799
0.0363094
0.0352351
0.0341959
0.0332922
0.032357
0.0315957
0.0307738
0.0301229
0.029388
0.0287857
0.028127
0.0271301
0.0267509
0.0255437
0.0251086
0.0250082
0.0239176
0.0236583
0.0234115
21.7962
3.38028
1.22853
0.663308
0.436399
0.320371
0.251534
0.206378
0.174766
0.151298
0.133458
0.119131
0.107799
0.0980933
0.0903488
0.0832573
0.0777128
0.0722129
0.0681224
0.0636601
0.0606049
0.0569383
0.0552033
0.054724
0.0609674
0.114688
0.109799
0.109707
0.108486
0.104859
0.102734
0.0994474
0.0959472
0.092417
0.088904
0.0856492
0.0825533
0.0797724
0.0771908
0.0748769
0.0727576
0.0708333
0.0691182
0.0675343
0.0662176
0.0649408
0.0639034
0.0628004
0.0619718
0.0608639
0.0604771
0.0584858
0.0585557
0.0556324
21.7962
3.38028
1.22854
0.663308
0.436399
0.320371
0.251533
0.206378
0.174764
0.1513
0.133454
0.119136
0.107791
0.0981034
0.0903333
0.083276
0.0776883
0.0722405
0.0680921
0.0636913
0.0605567
0.0570072
0.0551356
0.0546702
0.059762
0.0880489
0.0899071
0.0937325
0.0967541
0.0959539
0.0948339
0.0928644
0.090626
0.0881608
0.0855381
0.082998
0.0805107
0.0782389
0.0760831
0.0741323
0.0723387
0.0706722
0.0692263
0.0678044
0.0667372
0.0655402
0.0647146
0.0636562
0.0629094
0.0620181
0.0610954
0.0608346
0.0584794
0.0569719
21.7962
3.38028
1.22853
0.663303
0.436398
0.320361
0.251538
0.206359
0.174778
0.151265
0.133481
0.119079
0.107838
0.0980165
0.0904051
0.0831491
0.077781
0.0720829
0.0681513
0.0635377
0.0607144
0.0556552
0.0569417
0.0612078
0.316854
0.37065
0.188439
0.152956
0.122505
0.105668
0.0978628
0.0934408
0.089704
0.0859927
0.082308
0.0787905
0.0754482
0.0723155
0.0693568
0.066575
0.063969
0.0614954
0.0592074
0.0569986
0.0549772
0.0529727
0.0511234
0.0493158
0.0475559
0.0459427
0.0441629
0.0428642
0.0407859
0.0401307
21.7962
3.38028
1.22853
0.663302
0.436399
0.320357
0.251543
0.206349
0.17479
0.151246
0.133504
0.11905
0.10787
0.0979787
0.0904454
0.0831009
0.0778415
0.0719949
0.068269
0.0634636
0.0603324
0.0567138
0.0563537
0.0590804
0.217969
0.30884
0.185428
0.122724
0.105764
0.0986631
0.0942971
0.0911847
0.0880836
0.0847789
0.081404
0.0781522
0.075027
0.0720931
0.0692878
0.0666689
0.0641841
0.0618442
0.0596549
0.0575521
0.0556171
0.053662
0.0518725
0.050049
0.0483375
0.046735
0.0449165
0.0436778
0.0414847
0.0409734
21.7962
3.38028
1.22853
0.6633
0.436397
0.320359
0.25154
0.206355
0.174782
0.151258
0.13349
0.119068
0.10785
0.0980001
0.090422
0.0831281
0.0778052
0.0720395
0.0682395
0.0633569
0.060909
0.0562598
0.0554812
0.107606
0.176844
0.187711
0.155022
0.123951
0.106794
0.0985294
0.0939765
0.0902524
0.0866015
0.0830175
0.0795988
0.0763766
0.0734194
0.0706625
0.0681808
0.0658438
0.0637729
0.0617681
0.0600656
0.0582746
0.0570683
0.0551686
0.0551144
0.0516756
0.050662
0.050146
0.0501653
0.0472387
0.0462539
21.7962
3.38028
1.22853
0.663302
0.436396
0.320362
0.251534
0.206362
0.17477
0.151271
0.133472
0.119085
0.107831
0.0980159
0.0904096
0.083133
0.0778062
0.0720375
0.0682214
0.0634285
0.0608275
0.055738
0.058762
0.112682
0.189284
0.187712
0.132899
0.116174
0.105706
0.0994931
0.0954605
0.0919168
0.0883824
0.0849273
0.0816777
0.0786411
0.075889
0.0733271
0.0710541
0.0689036
0.0670144
0.0651951
0.0635997
0.0620609
0.0607064
0.059457
0.058301
0.0573258
0.0562848
0.0556007
0.0545109
0.0545125
0.0515713
21.7962
3.38028
1.22853
0.663304
0.436398
0.32037
0.251534
0.206376
0.174766
0.151296
0.133458
0.119129
0.107798
0.0980922
0.0903449
0.0832591
0.0777043
0.0722191
0.0681088
0.0636644
0.0605904
0.0569617
0.0551224
0.0582352
0.110387
0.112812
0.111055
0.110975
0.108382
0.105831
0.10257
0.0990609
0.095399
0.0915581
0.0877775
0.0840996
0.0806528
0.0774086
0.0743785
0.0716037
0.0689418
0.066616
0.0642148
0.0622942
0.0600233
0.058457
0.0561901
0.0549021
0.0525449
0.0513351
0.0488987
0.0477338
0.0450378
0.0442539
21.7962
3.38028
1.22853
0.663305
0.436397
0.320371
0.251531
0.20638
0.17476
0.151303
0.133448
0.119138
0.107786
0.0981032
0.0903331
0.0832686
0.0776962
0.0722241
0.0681054
0.0636731
0.0605707
0.056961
0.0552238
0.0581874
0.0965753
0.0875018
0.0904645
0.0928816
0.0942719
0.0934107
0.0916079
0.0890062
0.0862756
0.0832961
0.0803545
0.0773796
0.0745923
0.0718276
0.0692696
0.0667632
0.0644319
0.0621974
0.0600339
0.0580607
0.0559636
0.0542346
0.052065
0.0505908
0.0481742
0.0469862
0.0441307
0.0432748
0.0402182
0.0400074
21.7962
3.38028
1.22853
0.663313
0.436395
0.320397
0.251512
0.206435
0.174711
0.151401
0.133357
0.119295
0.107639
0.0983367
0.0901181
0.0836008
0.0774023
0.0726823
0.0677355
0.064289
0.0601417
0.0577698
0.0542315
0.0531473
0.0508782
0.050648
0.0498749
0.0488206
0.0470352
0.0452633
0.0436172
0.0419777
0.0405185
0.0390572
0.0377919
0.0364938
0.0354031
0.0342464
0.0333098
0.0322732
0.0314664
0.0305279
0.0298255
0.0289631
0.0283407
0.0275356
0.0269777
0.0262158
0.0257128
0.0249796
0.0245284
0.0238022
0.0234638
0.0225431
21.7962
3.38028
1.22853
0.663313
0.436396
0.320395
0.251515
0.206429
0.174719
0.151388
0.133373
0.119274
0.107665
0.0983034
0.0901573
0.0835533
0.0774579
0.0726168
0.067813
0.0641962
0.0602561
0.0576379
0.0543779
0.0529981
0.0509632
0.0505319
0.0492049
0.0477658
0.0460569
0.0443495
0.0427627
0.0411877
0.039782
0.0383778
0.0371536
0.0359023
0.0348404
0.0337211
0.032802
0.0317942
0.0309984
0.0300841
0.0293922
0.0285549
0.027949
0.0271761
0.0266417
0.0259221
0.0254464
0.0247675
0.0243467
0.0236817
0.0233911
0.0224444
21.7962
3.38029
1.22854
0.663321
0.436408
0.320405
0.251535
0.206439
0.174746
0.151398
0.133411
0.119283
0.10772
0.098312
0.0902345
0.0835619
0.0775708
0.0726273
0.0679825
0.0642073
0.0605088
0.0575686
0.0546551
0.0523659
0.0502607
0.0484173
0.0466786
0.0449931
0.0434358
0.0419333
0.0405773
0.0392296
0.0380185
0.0367921
0.0357115
0.0345955
0.0336374
0.0326219
0.0317771
0.0308499
0.0301069
0.0292561
0.0286026
0.027817
0.0272411
0.0265113
0.0260028
0.0253204
0.0248695
0.0242227
0.0238275
0.0231919
0.0229157
0.0220021
21.7962
3.38029
1.22854
0.663321
0.436409
0.320403
0.251536
0.206436
0.17475
0.151392
0.133418
0.119273
0.107731
0.0982971
0.090251
0.0835421
0.0775928
0.0726028
0.0680097
0.0641793
0.0605398
0.0575406
0.0546813
0.0523545
0.0502695
0.0484209
0.0466784
0.0449887
0.0434328
0.04193
0.0405712
0.0392195
0.0380069
0.0367765
0.0356966
0.0345778
0.0336214
0.0326039
0.0317587
0.0308317
0.0300846
0.0292376
0.0285759
0.0277983
0.0272114
0.0264927
0.025972
0.0253024
0.024839
0.0242099
0.0238009
0.0231842
0.0229113
0.021996
21.7962
3.38029
1.22855
0.663331
0.436423
0.320417
0.251558
0.20645
0.174782
0.151405
0.133462
0.119286
0.107792
0.0983121
0.0903347
0.0835618
0.0777067
0.072634
0.0681624
0.0642316
0.0607266
0.0576153
0.0548389
0.0523654
0.0501782
0.0481747
0.0463575
0.0446248
0.0430518
0.041536
0.0401682
0.0388183
0.0376113
0.0363989
0.035335
0.0342447
0.0333058
0.0323187
0.0314853
0.0305858
0.0298444
0.0290214
0.0283613
0.027605
0.027017
0.0263176
0.0257935
0.0251429
0.0246761
0.0240713
0.0236517
0.0231049
0.0226361
0.0220842
21.7962
3.38029
1.22855
0.663332
0.436424
0.320416
0.251558
0.206449
0.174781
0.151404
0.133463
0.119284
0.107793
0.0983097
0.0903363
0.0835589
0.0777087
0.0726309
0.0681638
0.0642289
0.0607262
0.0576138
0.0548357
0.0523654
0.0501741
0.0481756
0.0463558
0.0446287
0.0430541
0.0415404
0.0401716
0.0388212
0.0376168
0.0364009
0.0353431
0.0342444
0.0333149
0.0323157
0.0314955
0.0305831
0.0298559
0.0290211
0.0283738
0.0276077
0.0270306
0.0263231
0.0258091
0.0251504
0.0246948
0.0240795
0.0236691
0.0231167
0.0226553
0.0221054
21.7962
3.38029
1.22856
0.663345
0.43644
0.320434
0.251579
0.20647
0.174809
0.15143
0.133498
0.119317
0.107838
0.0983509
0.090394
0.0836126
0.0777829
0.072702
0.0682578
0.0643206
0.0608378
0.0577169
0.0549431
0.0524351
0.0502002
0.0481495
0.0462964
0.0445441
0.0429572
0.0414287
0.0400572
0.0387035
0.0375073
0.0362954
0.0352487
0.0341558
0.0332357
0.032242
0.0314278
0.0305194
0.0297955
0.0289623
0.0283179
0.0275511
0.0269782
0.0262681
0.0257587
0.0250948
0.0246444
0.0240197
0.0236255
0.023015
0.0227516
0.0218369
21.7962
3.3803
1.22856
0.663346
0.43644
0.320434
0.251578
0.20647
0.174808
0.15143
0.133496
0.119317
0.107836
0.0983519
0.0903918
0.0836146
0.0777802
0.0727051
0.0682546
0.064325
0.0608346
0.0577223
0.0549399
0.0524409
0.050197
0.0481559
0.0462936
0.0445517
0.0429558
0.0414369
0.0400568
0.0387123
0.0375096
0.0363051
0.0352532
0.0341644
0.0332405
0.0322488
0.0314336
0.0305257
0.0298031
0.0289696
0.0283274
0.0275604
0.026989
0.0262798
0.0257702
0.0251103
0.0246551
0.0240389
0.0236267
0.0230663
0.0226105
0.0220575
21.7961
3.3803
1.22857
0.663358
0.436456
0.320453
0.2516
0.206494
0.174835
0.15146
0.13353
0.119354
0.107877
0.0983985
0.0904434
0.0836727
0.0778449
0.0727767
0.0683339
0.0644089
0.0609239
0.0578098
0.0550215
0.0525056
0.0502399
0.048166
0.0462813
0.0445198
0.0429134
0.041384
0.0399996
0.0386504
0.0374474
0.0362394
0.0351892
0.0340957
0.0331765
0.0321793
0.0313715
0.0304562
0.0297425
0.0288997
0.0282675
0.0274909
0.0269298
0.0262114
0.0257096
0.0250397
0.0245897
0.0239546
0.0235604
0.0229331
0.0226628
0.0217583
21.7961
3.3803
1.22857
0.663359
0.436456
0.320452
0.2516
0.206494
0.174834
0.151459
0.133529
0.119354
0.107877
0.0983984
0.0904423
0.0836734
0.0778433
0.0727785
0.0683314
0.0644122
0.0609207
0.0578148
0.0550171
0.0525123
0.0502351
0.0481732
0.0462768
0.044528
0.0429108
0.0413935
0.0399993
0.0386604
0.0374489
0.0362495
0.035192
0.034106
0.0331802
0.0321894
0.0313758
0.0304666
0.0297488
0.0289114
0.0282771
0.0275038
0.0269417
0.0262244
0.0257233
0.0250539
0.0246039
0.0239771
0.0235659
0.0229924
0.02255
0.0219867
21.7961
3.3803
1.22858
0.663373
0.436474
0.320473
0.251622
0.206518
0.174861
0.151489
0.133562
0.11939
0.107918
0.0984414
0.090493
0.0837242
0.0779056
0.072837
0.0684054
0.0644757
0.0610019
0.0578748
0.0550932
0.0525538
0.0502857
0.0481818
0.0462933
0.0445079
0.0429012
0.0413576
0.0399717
0.0386184
0.0374109
0.0362084
0.0351488
0.034068
0.0331356
0.0321547
0.0313328
0.0304345
0.0297082
0.0288799
0.0282378
0.0274705
0.0269025
0.026188
0.025684
0.0250144
0.0245618
0.0239309
0.02353
0.0229065
0.0226332
0.0217437
21.7961
3.38031
1.22858
0.663375
0.436474
0.320473
0.251622
0.206518
0.17486
0.151489
0.133561
0.11939
0.107916
0.0984422
0.0904908
0.0837262
0.0779023
0.0728406
0.0684009
0.0644813
0.0609962
0.057882
0.0550873
0.0525618
0.0502797
0.0481896
0.0462881
0.0445149
0.0428994
0.0413642
0.0399735
0.0386239
0.0374153
0.0362129
0.035155
0.0340727
0.0331422
0.032161
0.031339
0.0304432
0.0297147
0.0288916
0.0282456
0.027484
0.0269114
0.0262023
0.0256939
0.0250289
0.0245764
0.0239473
0.0235469
0.0229324
0.02266
0.0217573
21.7961
3.38031
1.22859
0.663388
0.436492
0.320493
0.251644
0.206542
0.174887
0.151518
0.133593
0.119425
0.107954
0.0984835
0.0905356
0.0837739
0.0779551
0.0728935
0.0684609
0.0645362
0.0610592
0.0579326
0.0551442
0.0525971
0.0503193
0.0482006
0.0463043
0.0445037
0.0428965
0.0413381
0.039958
0.03859
0.0373924
0.0361762
0.0351273
0.034035
0.0331108
0.0321227
0.0313053
0.0304052
0.0296791
0.0288529
0.0282066
0.0274426
0.026868
0.0261571
0.025647
0.0249807
0.0245273
0.0239014
0.0234875
0.0229193
0.0224706
0.0219177
21.7961
3.38031
1.22859
0.66339
0.436492
0.320493
0.251643
0.206542
0.174886
0.151518
0.133592
0.119424
0.107954
0.0984821
0.0905364
0.0837723
0.0779564
0.0728921
0.0684625
0.0645351
0.0610614
0.0579319
0.0551467
0.0525967
0.0503225
0.0482
0.0463084
0.0445042
0.0429015
0.0413408
0.0399633
0.038595
0.037397
0.036183
0.0351317
0.0340437
0.0331164
0.0321332
0.0313125
0.0304166
0.0296882
0.0288656
0.028218
0.0274575
0.026882
0.0261739
0.0256631
0.024999
0.0245456
0.023917
0.0235204
0.0229069
0.0226363
0.0217321
21.7961
3.38032
1.2286
0.663405
0.43651
0.320513
0.251665
0.206566
0.174912
0.151545
0.133621
0.119456
0.107987
0.0985197
0.0905738
0.0838153
0.0779979
0.0729396
0.0685067
0.0645845
0.0611043
0.0579781
0.0551818
0.0526335
0.0503418
0.0482219
0.0463094
0.0445108
0.0428879
0.041335
0.0399411
0.0385796
0.0373713
0.0361611
0.0351055
0.0340174
0.0330901
0.032104
0.0312862
0.0303862
0.0296616
0.0288346
0.0281901
0.027426
0.026851
0.0261395
0.0256288
0.0249626
0.0245114
0.0238758
0.0234844
0.022864
0.0225927
0.0216916
21.7961
3.38032
1.2286
0.663406
0.43651
0.320513
0.251665
0.206565
0.174911
0.151545
0.133621
0.119455
0.107987
0.0985187
0.0905742
0.0838139
0.0779993
0.0729377
0.0685092
0.0645822
0.0611081
0.0579753
0.0551872
0.0526303
0.0503479
0.0482193
0.0463155
0.04451
0.0428936
0.0413377
0.039945
0.0385861
0.037373
0.0361705
0.0351064
0.0340288
0.0330926
0.0321163
0.0312909
0.0303989
0.0296681
0.0288487
0.0281985
0.0274421
0.0268611
0.0261587
0.02564
0.024984
0.024522
0.0239031
0.0235
0.0228853
0.0226159
0.0217137
21.7961
3.38032
1.22862
0.663423
0.436529
0.320534
0.251687
0.206589
0.174936
0.151572
0.133649
0.119487
0.108017
0.0985543
0.0906073
0.083854
0.0780336
0.0729816
0.0685426
0.064628
0.0611369
0.0580201
0.0552064
0.0526688
0.0503537
0.0482474
0.0463069
0.0445266
0.0428745
0.041343
0.0399207
0.0385815
0.0373472
0.0361588
0.0350803
0.0340129
0.0330654
0.0320971
0.0312628
0.0303757
0.029641
0.0288205
0.0281729
0.0274085
0.0268333
0.0261207
0.0256084
0.0249438
0.0244859
0.0238612
0.0234575
0.0228351
0.0225612
0.0216638
21.7961
3.38032
1.22862
0.663424
0.43653
0.320534
0.251686
0.206589
0.174935
0.151572
0.133648
0.119486
0.108017
0.0985533
0.0906081
0.0838519
0.0780362
0.0729783
0.0685476
0.0646233
0.0611442
0.0580144
0.0552151
0.0526631
0.050363
0.0482429
0.0463152
0.0445254
0.0428802
0.0413468
0.0399232
0.0385901
0.0373473
0.0361697
0.0350816
0.0340227
0.0330721
0.0321035
0.0312766
0.0303792
0.0296598
0.0288244
0.0281931
0.0274153
0.0268548
0.0261309
0.0256323
0.0249564
0.0245131
0.0238746
0.0234821
0.0228566
0.0225854
0.0216946
21.796
3.38034
1.22864
0.663445
0.436549
0.320551
0.251705
0.206608
0.174956
0.151592
0.13367
0.119508
0.108042
0.0985773
0.0906352
0.0838786
0.0780646
0.0730068
0.0685756
0.0646518
0.0611697
0.0580394
0.0552355
0.0526813
0.0503756
0.048251
0.0463202
0.0445225
0.0428796
0.0413344
0.0399187
0.0385711
0.0373393
0.0361488
0.0350683
0.0340045
0.0330517
0.03209
0.0312497
0.0303676
0.0296313
0.0288096
0.0281663
0.0273952
0.0268297
0.0261076
0.0256059
0.0249297
0.0244844
0.0238416
0.0234502
0.0228225
0.0225478
0.0216576
21.796
3.38034
1.22864
0.663446
0.436549
0.320551
0.251705
0.206607
0.174955
0.151591
0.133669
0.119508
0.108041
0.0985771
0.0906347
0.0838785
0.0780647
0.0730068
0.0685763
0.0646524
0.0611706
0.0580409
0.0552364
0.0526842
0.0503756
0.0482564
0.046319
0.0445305
0.0428771
0.041345
0.0399153
0.0385835
0.0373363
0.0361611
0.035068
0.0340149
0.0330565
0.0320976
0.0312597
0.0303743
0.0296435
0.0288183
0.0281779
0.027408
0.0268407
0.0261248
0.0256186
0.0249494
0.0244961
0.0238655
0.0234574
0.0228803
0.0224287
0.0218816
21.7959
3.38042
1.22871
0.663506
0.436601
0.320597
0.251747
0.206646
0.174993
0.151626
0.133706
0.119541
0.108077
0.0986102
0.0906693
0.0839121
0.0780974
0.0730407
0.0686058
0.0646851
0.0611955
0.0580707
0.0552551
0.052708
0.0503872
0.0482723
0.0463227
0.0445383
0.0428741
0.0413458
0.0399067
0.0385791
0.0373219
0.0361543
0.0350461
0.0340099
0.0330242
0.0320982
0.0312166
0.0303808
0.0295949
0.0288256
0.0281345
0.0274115
0.0268117
0.0261266
0.0256056
0.0249569
0.0244957
0.02389
0.0234836
0.0229327
0.0224969
0.0219597
21.7959
3.38042
1.22871
0.663506
0.436601
0.320597
0.251747
0.206646
0.174992
0.151627
0.133705
0.119541
0.108076
0.098611
0.0906682
0.0839128
0.0780967
0.0730417
0.0686056
0.0646866
0.0611958
0.058073
0.0552553
0.0527115
0.0503875
0.0482772
0.0463232
0.0445443
0.0428752
0.0413518
0.0399101
0.0385829
0.0373303
0.0361531
0.0350622
0.0340019
0.0330491
0.0320848
0.0312475
0.030367
0.0296259
0.0288177
0.0281607
0.0274127
0.0268322
0.0261355
0.0256208
0.024971
0.0245109
0.0239097
0.0234963
0.0229514
0.0225198
0.0219793
21.7962
3.38025
1.22847
0.663248
0.436344
0.320346
0.251511
0.206424
0.174796
0.15144
0.133525
0.11936
0.107896
0.0984265
0.0904858
0.0837241
0.0779102
0.072849
0.0684153
0.0644909
0.061002
0.0578755
0.0550583
0.0525137
0.050187
0.0480797
0.0461197
0.0443477
0.04267
0.0411555
0.0397064
0.038363
0.0370869
0.0358785
0.0347613
0.0336668
0.0326903
0.0316999
0.0308377
0.0299497
0.0291737
0.0283847
0.0276747
0.0269756
0.026321
0.0257018
0.025104
0.024542
0.0240219
0.0235148
0.0230551
0.0226501
0.0223038
0.0215153
21.7962
3.38026
1.22848
0.663249
0.436345
0.320346
0.25151
0.206424
0.174796
0.151439
0.133525
0.119359
0.107896
0.0984261
0.0904858
0.0837237
0.0779105
0.0728487
0.0684164
0.0644906
0.0610046
0.0578741
0.0550635
0.0525099
0.0501963
0.0480727
0.0461342
0.0443368
0.0426895
0.0411422
0.0397288
0.0383518
0.0371088
0.0358737
0.0347785
0.033672
0.0327013
0.0317146
0.0308465
0.0299674
0.0291883
0.0283973
0.027703
0.0269762
0.0263698
0.0256849
0.0251688
0.0245261
0.024078
0.0235178
0.0230983
0.0226496
0.0223482
0.0215632
0.01109
0.0114514
0.0118091
0.0121585
0.0125077
0.0128448
0.0131855
0.0135107
0.0138415
0.0141555
0.014474
0.0147773
0.0150812
0.0153742
0.0156628
0.0159444
0.0162189
0.0164875
0.0167496
0.0170055
0.0172548
0.0175033
0.0177391
0.0179855
0.0182101
0.0184573
0.0186753
0.0189238
0.0191397
0.0193869
0.0196061
0.0198404
0.0200523
0.0202701
0.020473
0.0206755
0.0208653
0.0210551
0.0212276
0.0214072
0.0215583
0.0217266
0.0218549
0.0220044
0.0221121
0.0222385
0.0223185
0.0224237
0.0224786
0.0225613
0.0226105
0.0226848
0.0227197
0.022891
0.0110857
0.0114553
0.0118081
0.0121601
0.0125081
0.0128451
0.0131859
0.0135102
0.0138417
0.0141543
0.0144742
0.0147754
0.0150821
0.0153718
0.015665
0.0159418
0.0162222
0.0164851
0.0167538
0.0170034
0.0172601
0.0175012
0.0177454
0.0179833
0.0182171
0.0184554
0.0186829
0.0189223
0.0191483
0.0193859
0.0196163
0.0198404
0.0200642
0.0202718
0.0204866
0.0206799
0.0208798
0.021064
0.0212423
0.0214217
0.0215739
0.0217462
0.0218738
0.0220284
0.0221359
0.0222684
0.022353
0.0224585
0.0225196
0.0225999
0.0226493
0.0227189
0.0227539
0.0229195
0.280505
0.0630933
0.310548
0.110476
0.10657
0.400669
0.343686
0.416447
0.142909
0.130273
0.187752
0.0614768
0.115989
0.115606
0.134733
0.358583
0.140928
0.29213
0.122121
0.138798
0.107009
0.0594367
0.276556
0.052648
0.320463
0.153822
0.144255
0.317822
0.40343
0.36545
0.421049
0.104636
0.0596877
0.189897
0.0668949
0.109577
0.113186
0.14578
0.2312
0.365691
0.107989
0.283578
0.056972
0.0546508
0.0572476
0.0577922
0.0877201
0.0574332
0.0891265
0.0474665
0.0611857
0.0496
0.102804
0.186057
0.105406
0.19291
0.0550105
0.0545991
0.054788
0.0582725
0.0773743
0.0579757
0.0718531
0.0526344
0.0594008
0.0491064
0.0888784
0.13457
0.0864877
0.1127
0.0596376
0.0569641
0.0577742
0.0589356
0.0621876
0.0590664
0.0626183
0.437881
0.364055
0.376501
0.452973
0.449676
0.28636
0.366207
0.285791
0.178415
0.20992
0.180086
0.207733
0.0588164
0.0557768
0.0598222
0.0571675
0.0603616
0.055878
0.0650205
0.410705
0.282486
0.146462
0.234975
0.427251
0.302475
0.29061
0.262965
0.183424
0.210705
0.174479
0.198168
0.0665556
0.0564196
0.0643763
0.0560103
0.0594886
0.0562097
0.0569946
0.615387
0.110964
0.0911285
0.0912519
0.423472
0.523807
0.425573
0.209142
0.176409
0.210316
0.3713
0.284671
0.369552
0.286413
0.0594422
0.0586855
0.057932
0.0569301
0.0585722
0.0569197
0.0589862
0.178008
0.122577
0.114697
0.410128
0.126296
0.480053
0.48764
0.215131
0.175212
0.199688
0.312207
0.306854
0.289084
0.262176
0.0861573
0.0585868
0.0868078
0.0546614
0.0561498
0.0545615
0.0565617
0.175986
0.123552
0.186314
0.0612597
0.0461515
0.0625163
0.0487232
0.0767865
0.0575993
0.07144
0.0544875
0.0555413
0.0545443
0.0554099
0.135618
0.0832795
0.107956
0.0594315
0.0516639
0.0578082
0.0482466
0.681268
0.163444
0.341795
0.195807
0.504631
0.6672
0.324456
0.175241
0.179906
0.624948
0.616301
0.109937
0.105055
0.0957998
0.463776
1.32879
1.06073
0.607747
0.0927576
0.107125
0.0921324
0.571137
1.33244
1.2761
0.438863
0.371327
0.417739
0.433128
0.437488
0.53468
0.421118
0.397128
0.167084
0.151613
0.150441
0.305482
0.528788
0.513222
0.386192
0.158284
0.145418
0.153401
0.374127
0.218407
0.157416
0.140644
0.138453
0.441864
0.162501
0.117246
0.123885
0.126952
0.128404
0.178736
0.111851
0.123053
0.381966
0.103988
0.231636
0.842855
0.144573
0.104376
0.127527
0.11223
0.148712
0.132954
0.0973205
0.423185
0.13624
0.188732
0.193694
0.433509
0.496099
0.518605
0.399983
0.152886
0.111039
0.386743
0.147164
0.489493
0.425915
0.410161
0.153725
0.119542
0.154045
0.346605
1.32506
1.04254
0.587805
0.100623
0.0926258
0.0823393
0.590243
1.35893
1.29647
0.687085
0.162561
0.337503
0.180041
0.484142
0.673915
0.332555
0.175538
0.635701
0.178359
0.394839
0.156781
0.159433
0.149979
0.304084
0.503956
0.470321
0.387609
0.158533
0.158682
0.152896
0.373446
0.424981
0.367959
0.370142
0.464344
0.439484
0.418986
0.381553
0.423953
0.420555
0.440918
0.224124
0.886949
0.147019
0.12289
0.121902
0.12889
0.138896
0.129266
0.0552512
0.214773
0.16195
0.132199
0.459935
0.135817
0.161951
0.115733
0.123274
0.127342
0.112174
0.403643
0.103586
0.146546
0.386027
0.146506
0.476339
0.421685
0.40662
0.121793
0.155672
0.149515
0.341492
0.407234
0.291943
0.181382
0.413932
0.232649
0.412224
0.133995
0.186117
0.192752
0.4204
0.194629
0.0951025
0.0653343
0.077253
0.0724875
0.0759233
0.162936
0.117039
0.0895472
0.0605301
0.0721966
0.0863625
0.134052
0.0738948
0.192309
0.0616698
0.0749166
0.0740524
0.0895029
0.0852214
0.18368
0.44417
0.388494
0.438345
0.386848
0.445567
0.363812
0.456876
0.439002
0.426115
0.415141
0.365459
0.428321
0.363114
0.440682
0.126629
0.0611975
0.0843422
0.0733914
0.0849711
0.0748551
0.119895
0.410788
0.316818
0.326096
0.344487
0.27519
0.422947
0.335418
0.421979
0.3006
0.223901
0.370563
0.237407
0.345835
0.429215
0.191669
0.075212
0.0951018
0.0605119
0.0759364
0.08957
0.163994
0.191272
0.0710002
0.0617827
0.0967946
0.0830139
0.179503
0.0867149
0.439449
0.388244
0.391224
0.444702
0.367136
0.455407
0.450895
0.442115
0.368097
0.430748
0.421995
0.369882
0.442012
0.438764
0.122209
0.0752565
0.0926396
0.0674051
0.135697
0.0745195
0.0829554
0.127727
0.0721306
0.0610965
0.0727096
0.0736312
0.0877088
0.125761
0.412926
0.345112
0.325176
0.325778
0.41983
0.341613
0.273466
0.408119
0.380162
0.297697
0.21659
0.345802
0.233271
0.419799
0.534695
0.572391
0.504477
0.43415
0.577075
0.536515
0.526987
0.494013
0.53984
0.661893
0.40059
0.496072
0.685502
0.689532
0.497686
0.550318
0.444983
0.596174
0.513065
0.589588
0.480504
0.501587
0.281226
0.448419
0.405198
0.517118
0.476788
0.228616
0.438144
0.153981
0.461397
0.369984
0.208689
0.295073
0.403752
0.549425
0.487657
0.453482
0.489892
0.428013
0.15859
0.14185
0.202579
0.103961
0.352639
1.21086
0.20131
0.60956
1.21401
0.34883
0.209986
0.605481
0.566561
0.682969
0.482597
0.65104
0.788264
0.785004
0.654863
0.288357
0.593161
0.848255
0.202277
1.1009
0.204607
0.235516
0.508385
0.519665
0.112614
0.171038
0.196977
0.145785
0.203398
0.109866
0.141765
0.17708
0.379382
0.213744
0.310543
0.077827
0.0798629
0.0947261
0.0669093
0.17311
0.283281
0.63535
0.136698
0.21938
0.356477
0.140881
0.471379
0.469522
0.794061
0.293734
1.18595
0.666088
0.293198
0.79514
1.18606
0.625207
0.570158
0.698742
0.512726
0.639156
0.733504
0.738562
0.64199
0.79836
0.687664
0.275255
0.879121
0.271271
1.14572
0.51131
0.775242
0.299196
1.17555
0.671309
0.780913
0.302743
1.16816
0.615765
0.673411
0.707589
0.592708
0.629739
0.725157
0.634609
0.719984
0.759768
0.660726
0.27707
1.10937
0.287866
1.14554
0.740292
0.34312
0.187718
1.18362
0.616053
0.193842
1.19447
0.334169
0.584773
0.565133
0.690131
0.47226
0.645885
0.776917
0.774244
0.653885
0.325164
0.608675
0.157369
0.896545
0.178835
1.13772
0.253743
1.32757
1.30441
0.333875
0.184637
0.585939
1.15307
0.200298
0.315781
1.17263
0.575587
0.702988
0.580497
0.705788
0.326587
0.573437
0.187722
1.11227
0.197092
1.14711
0.322666
0.615864
0.744585
0.636704
0.747198
1.30064
1.31468
0.52481
0.568851
0.526404
0.438775
0.530046
0.56546
0.532214
0.487826
0.637301
0.4557
0.668642
0.488923
0.679899
0.493872
0.672743
0.521921
0.439
0.568189
0.563057
0.499825
0.571607
0.561733
0.523248
0.524185
0.27307
0.226605
0.611076
0.388526
0.218299
0.591848
0.266845
0.391066
0.401029
0.474172
0.313226
0.385484
0.480602
0.395245
0.471859
0.276921
0.410781
0.154591
0.481383
0.171685
0.601072
0.225518
0.526259
0.518183
0.253985
0.222368
0.375634
0.607226
0.208295
0.266763
0.595631
0.3997
0.426815
0.388269
0.462032
0.238462
0.373451
0.206449
0.594113
0.215261
0.596898
0.248489
0.388372
0.463891
0.38525
0.471565
0.239981
0.181315
0.241973
0.221882
0.156509
0.210831
0.266637
0.175672
0.467546
0.211882
0.381067
0.302755
0.324389
0.210108
0.712756
0.193671
0.50022
0.364991
0.153525
0.141383
0.192792
0.114367
0.147761
0.165826
0.126922
0.142256
0.150639
0.15451
0.113608
0.0990656
0.0853926
0.122345
0.0646204
0.0689015
0.0952145
0.071392
0.094226
0.194203
0.209913
0.145421
0.111812
0.170176
0.190676
0.141292
0.110503
0.182298
0.150408
0.182115
0.137167
0.193694
0.101716
0.177989
0.369775
0.211824
0.293268
0.168815
0.264277
0.132189
0.597453
0.142476
0.209209
0.321115
0.0770383
0.0829734
0.0971234
0.0681382
0.288647
0.406128
0.0911321
0.14646
0.0802761
0.138476
0.144791
0.0962443
0.0667792
0.0288616
0.0180197
0.0265233
0.0133483
0.0216916
0.037987
0.0308488
0.0267717
0.0759365
0.172871
0.136652
0.0690883
0.155506
0.153487
0.10283
0.114086
0.213453
0.226321
0.437073
0.621141
0.41973
0.199338
0.469458
0.576749
0.168365
0.105879
0.161143
0.00332365
0.0976639
0.102613
0.089103
0.0984842
0.337759
0.431398
0.468659
0.448355
0.507434
0.418051
0.232213
0.48777
0.48297
0.254001
0.393155
0.208982
0.623019
0.218523
0.610868
0.25194
0.423401
0.417341
0.397233
0.478103
0.255156
0.393877
0.148129
0.597559
0.249588
0.14825
0.604476
0.411683
0.499516
0.442
0.431389
0.50459
0.528696
0.272152
0.158579
0.618361
0.413078
0.155905
0.261597
0.628057
0.470245
0.416229
0.521087
0.389807
0.445203
0.484454
0.446212
0.504922
0.275308
0.461456
0.199009
0.548653
0.210494
0.670183
0.233656
1.32665
1.30194
0.325968
1.17298
0.199991
0.583989
0.331257
1.17226
0.20119
0.586012
0.717236
0.594164
0.721254
0.636807
0.760898
0.636121
0.752022
0.326292
0.582896
1.12945
0.172863
0.323666
1.15994
0.184326
1.32277
1.33665
0.795921
1.18892
0.299651
0.67564
1.18558
0.302706
0.802618
0.623246
0.569008
0.696174
0.509661
0.640808
0.73783
0.645909
0.741982
0.793986
0.679376
0.871524
0.261347
1.13868
0.263636
0.501023
0.794249
1.20667
0.678499
0.296566
1.20016
0.796758
0.300039
0.638416
0.700052
0.731747
0.615827
0.651489
0.745439
0.653472
0.744327
0.780542
0.671319
1.14962
0.28554
1.17876
0.295954
0.755848
0.262358
0.611575
0.220821
0.38891
0.596922
0.270988
0.21916
0.394918
0.397376
0.469711
0.329934
0.395286
0.471189
0.476245
0.39188
0.270516
0.417399
0.485887
0.193443
0.612406
0.222771
0.21402
0.485967
0.471336
0.27404
0.593487
0.160135
0.386319
0.27072
0.584066
0.165333
0.379853
0.425329
0.471222
0.38179
0.374283
0.473898
0.460791
0.387806
0.256937
0.374963
0.578176
0.175802
0.571747
0.170491
0.254329
0.532419
0.514193
0.563954
0.419211
0.524234
0.571775
0.532312
0.491434
0.538565
0.660113
0.399168
0.496303
0.690862
0.691251
0.498933
0.543421
0.438231
0.484414
0.59177
0.489927
0.583518
0.503236
0.535874
0.546117
0.416399
0.564928
0.562688
0.536153
0.568299
0.499996
0.662121
0.69105
0.470456
0.503532
0.697864
0.695382
0.505166
0.53175
0.414474
0.591845
0.56419
0.590903
0.569802
0.508845
0.305689
0.453246
0.0888791
0.0758433
0.157298
0.139102
0.0977333
0.0685011
0.155585
0.0122283
0.0119523
0.0210483
0.00864407
0.0190622
0.0359829
0.0290137
0.0182069
0.0832406
0.144191
0.0328689
0.144187
0.0774292
0.151679
0.104939
0.0939654
0.114402
0.239396
0.24486
0.216208
0.183513
0.273334
0.158915
0.208929
0.181477
0.488357
0.396721
0.216581
0.30233
0.338668
0.749486
0.216759
0.520216
0.375132
0.201047
0.1508
0.141884
0.114274
0.191268
0.135694
0.124471
0.166008
0.125828
0.0976754
0.149336
0.146255
0.0603452
0.0520146
0.0793995
0.0393259
0.0532332
0.0938414
0.0715987
0.0712772
0.145876
0.141899
0.0693244
0.141544
0.113757
0.149416
0.127267
0.260452
0.614556
0.395179
0.156961
0.60811
0.259767
0.153596
0.423012
0.407068
0.458439
0.392867
0.411935
0.488448
0.400237
0.443168
0.251626
0.39484
0.593541
0.154125
0.601389
0.246462
0.155678
0.482554
0.50155
0.26421
0.61519
0.21731
0.408979
0.256818
0.615419
0.232355
0.454887
0.413933
0.503551
0.353956
0.423604
0.476762
0.500233
0.44056
0.274371
0.456821
0.528848
0.207485
0.647576
0.220442
0.237601
0.273722
0.400527
0.529191
0.446621
0.487964
0.47546
0.22728
0.155871
0.48326
0.385276
0.203674
0.278536
0.396241
0.514308
0.546527
0.456549
0.462499
0.484152
0.154451
0.140504
0.198396
0.101915
0.221127
0.593289
0.431047
0.410869
0.565133
0.200335
0.457699
0.160725
0.0735717
0.127927
0.075502
0.0781855
0.104504
0.0731635
0.0830539
0.348894
0.412472
0.397143
0.484899
0.3941
0.507125
0.279972
)
;

boundaryField
{
    inlet
    {
        type            fixedValue;
        value           uniform 440.15;
    }
    outlet
    {
        type            zeroGradient;
    }
    rightSide
    {
        type            symmetryPlane;
    }
    leftSide
    {
        type            symmetryPlane;
    }
    duct
    {
        Cmu             0.09;
        kappa           0.41;
        E               9.8;
        beta1           0.075;
        type            omegaWallFunction;
        value           nonuniform List<scalar> 
216
(
0.0111065
0.0111292
0.0114362
0.0114149
0.0118227
0.0118415
0.0121457
0.0121289
0.0125199
0.0125351
0.0128337
0.0128211
0.0131975
0.0132097
0.0135001
0.0134907
0.0138548
0.0138647
0.0141438
0.0141369
0.0144889
0.0144968
0.0147629
0.0147581
0.0150984
0.0151043
0.0153569
0.0153542
0.0156819
0.0156855
0.0159257
0.0159251
0.0162379
0.0162391
0.0164695
0.0164709
0.0167657
0.0167646
0.0169895
0.0169927
0.0172667
0.0172634
0.0174898
0.017494
0.0177463
0.0177419
0.0179734
0.0179776
0.0182105
0.018207
0.018446
0.018448
0.0186701
0.018669
0.0189133
0.0189099
0.0191294
0.0191321
0.0193727
0.0193645
0.0195841
0.0195937
0.0198168
0.0198073
0.0200175
0.0200346
0.02024
0.0202312
0.0204335
0.0204558
0.0206512
0.0206414
0.0208384
0.0208609
0.021051
0.0210379
0.0212299
0.0212476
0.0214314
0.0214157
0.0215993
0.0216087
0.0217815
0.021766
0.0219383
0.0219426
0.0221006
0.0220876
0.022247
0.0222517
0.0223914
0.0223847
0.0225258
0.0225395
0.022662
0.0226638
0.0227918
0.0228049
0.0229238
0.0229289
0.0230291
0.0230498
0.0231612
0.0231621
0.0232212
0.0232389
0.0234196
0.0233955
0.01109
0.0110857
0.0114514
0.0114553
0.0118091
0.0118081
0.0121585
0.0121601
0.0125077
0.0125081
0.0128448
0.0128451
0.0131855
0.0131859
0.0135107
0.0135102
0.0138415
0.0138417
0.0141555
0.0141543
0.014474
0.0144742
0.0147773
0.0147754
0.0150812
0.0150821
0.0153742
0.0153718
0.0156628
0.015665
0.0159444
0.0159418
0.0162189
0.0162222
0.0164875
0.0164851
0.0167496
0.0167538
0.0170055
0.0170034
0.0172548
0.0172601
0.0175033
0.0175012
0.0177391
0.0177454
0.0179855
0.0179833
0.0182101
0.0182171
0.0184573
0.0184554
0.0186753
0.0186829
0.0189238
0.0189223
0.0191397
0.0191483
0.0193869
0.0193859
0.0196061
0.0196163
0.0198404
0.0198404
0.0200523
0.0200642
0.0202701
0.0202718
0.020473
0.0204866
0.0206755
0.0206799
0.0208653
0.0208798
0.0210551
0.021064
0.0212276
0.0212423
0.0214072
0.0214217
0.0215583
0.0215739
0.0217266
0.0217462
0.0218549
0.0218738
0.0220044
0.0220284
0.0221121
0.0221359
0.0222385
0.0222684
0.0223185
0.022353
0.0224237
0.0224585
0.0224786
0.0225196
0.0225613
0.0225999
0.0226105
0.0226493
0.0226848
0.0227189
0.0227197
0.0227539
0.022891
0.0229195
)
;
    }
    cylinder
    {
        Cmu             0.09;
        kappa           0.41;
        E               9.8;
        beta1           0.075;
        type            omegaWallFunction;
        value           nonuniform List<scalar> 
448
(
0.523807
0.425573
0.480053
0.48764
1.32879
1.06073
1.33244
1.2761
0.53468
0.421118
0.528788
0.513222
0.231636
0.842855
0.132954
0.0973205
0.496099
0.518605
0.489493
0.425915
1.32506
1.04254
1.35893
1.29647
0.503956
0.470321
0.224124
0.886949
0.129266
0.0552512
0.476339
0.421685
0.504477
0.526987
0.494013
0.496072
0.513065
0.480504
0.517118
0.438144
0.153981
0.487657
0.428013
0.15859
1.21086
1.21401
0.605481
0.65104
0.508385
0.519665
0.171038
0.203398
0.17708
0.077827
0.471379
0.469522
1.18595
1.18606
0.625207
0.639156
0.879121
1.14572
1.17555
1.16816
0.615765
0.629739
1.10937
1.14554
1.18362
1.19447
0.584773
0.645885
1.32757
1.30441
1.15307
1.17263
0.575587
1.11227
0.615864
1.30064
1.31468
0.526404
0.532214
0.487826
0.488923
0.563057
0.561733
0.523248
0.524185
0.611076
0.591848
0.391066
0.385484
0.526259
0.518183
0.607226
0.595631
0.3997
0.388372
0.221882
0.266637
0.175672
0.712756
0.153525
0.126922
0.113608
0.0990656
0.0689015
0.111812
0.190676
0.182115
0.193694
0.177989
0.597453
0.321115
0.0770383
0.288647
0.406128
0.0802761
0.0667792
0.0288616
0.0216916
0.114086
0.213453
0.621141
0.576749
0.168365
0.0976639
0.48777
0.48297
0.623019
0.610868
0.423401
0.411683
0.50459
0.528696
0.618361
0.628057
0.470245
0.445203
1.32665
1.30194
1.17298
1.17226
0.586012
0.636807
1.32277
1.33665
0.623246
0.640808
1.20667
1.20016
0.638416
0.651489
0.611575
0.394918
0.395286
0.485967
0.471336
0.379853
0.374283
0.514193
0.491434
0.496303
0.499996
0.503532
0.305689
0.453246
0.0758433
0.0685011
0.0122283
0.0190622
0.0939654
0.114402
0.216208
0.273334
0.181477
0.1508
0.0603452
0.0532332
0.614556
0.60811
0.423012
0.411935
0.482554
0.50155
0.61519
0.615419
0.454887
0.423604
0.529191
0.487964
0.155871
0.154451
0.593289
0.565133
0.160725
0.0781855
0.53984
0.685502
0.461397
0.14185
0.566561
0.788264
0.379382
0.0798629
0.570158
0.733504
0.673411
0.725157
0.565133
0.776917
0.702988
0.744585
0.637301
0.679899
0.401029
0.480602
0.426815
0.463891
0.467546
0.141383
0.0853926
0.0952145
0.369775
0.0829734
0.0180197
0.037987
0.105879
0.102613
0.417341
0.499516
0.416229
0.484454
0.717236
0.760898
0.569008
0.73783
0.700052
0.745439
0.397376
0.471189
0.425329
0.473898
0.538565
0.690862
0.662121
0.697864
0.0119523
0.0359829
0.488357
0.141884
0.0520146
0.0938414
0.407068
0.488448
0.413933
0.476762
0.48326
0.140504
0.0735717
0.104504
0.661893
0.40059
0.497686
0.689532
0.369984
0.208689
0.103961
0.202579
0.682969
0.482597
0.848255
1.1009
0.654863
0.785004
0.596922
0.524234
0.485887
0.612406
0.213744
0.310543
0.63535
0.356477
0.0669093
0.0947261
0.593541
0.601389
0.698742
0.512726
0.64199
0.738562
0.707589
0.592708
0.634609
0.719984
0.690131
0.47226
0.896545
1.13772
0.653885
0.774244
0.580497
0.705788
1.14711
0.636704
0.747198
0.668642
0.4557
0.493872
0.672743
0.474172
0.313226
0.481383
0.601072
0.395245
0.471859
0.388269
0.594113
0.462032
0.596898
0.38525
0.471565
0.381067
0.211882
0.364991
0.114367
0.192792
0.122345
0.0646204
0.071392
0.094226
0.293268
0.211824
0.0681382
0.0971234
0.0265233
0.0133483
0.0690883
0.153487
0.0308488
0.0267717
0.161143
0.00332365
0.448355
0.418051
0.089103
0.0984842
0.397233
0.597559
0.478103
0.604476
0.442
0.431389
0.548653
0.670183
0.521087
0.389807
0.446212
0.504922
1.18892
1.18558
0.721254
0.594164
1.12945
1.15994
0.636121
0.752022
1.14962
1.17876
0.696174
0.509661
0.871524
1.13868
0.645909
0.741982
0.731747
0.615827
0.653472
0.744327
0.469711
0.329934
0.39188
0.476245
0.593487
0.546117
0.584066
0.562688
0.591845
0.471222
0.38179
0.578176
0.571747
0.387806
0.460791
0.660113
0.399168
0.484414
0.489927
0.498933
0.691251
0.69105
0.470456
0.590903
0.505166
0.695382
0.0210483
0.00864407
0.0328689
0.0774292
0.0290137
0.0182069
0.124471
0.0976754
0.396721
0.749486
0.216581
0.375132
0.114274
0.191268
0.0793995
0.0393259
0.0693244
0.113757
0.0715987
0.0712772
0.458439
0.392867
0.443168
0.400237
0.647576
0.503551
0.353956
0.528848
0.44056
0.500233
0.385276
0.514308
0.203674
0.456549
0.101915
0.198396
0.127927
0.075502
0.397143
0.3941
0.0830539
0.0731635
)
;
    }
}


// ************************************************************************* //
