/*--------------------------------*- C++ -*----------------------------------*\
| =========                 |                                                 |
| \\      /  F ield         | OpenFOAM: The Open Source CFD Toolbox           |
|  \\    /   O peration     | Version:  4.1                                   |
|   \\  /    A nd           | Web:      www.OpenFOAM.org                      |
|    \\/     M anipulation  |                                                 |
\*---------------------------------------------------------------------------*/
FoamFile
{
    version     2.0;
    format      ascii;
    class       volScalarField;
    location    "26";
    object      omega;
}
// * * * * * * * * * * * * * * * * * * * * * * * * * * * * * * * * * * * * * //

dimensions      [0 0 -1 0 0 0 0];

internalField   nonuniform List<scalar> 
4432
(
0.0110917
0.0114473
0.0118039
0.0121376
0.0125019
0.0127782
0.0131295
0.0133594
0.0136797
0.0139085
0.0141945
0.0144523
0.0146954
0.01497
0.0152057
0.0154656
0.0157363
0.0160619
0.0163513
0.016638
0.0168714
0.0170146
0.0171427
0.0172905
0.0175143
0.0179853
0.0202357
0.0234001
0.0268984
0.030244
0.0331108
0.035838
0.0379294
0.0397689
0.0412883
0.0427647
0.0440567
0.0450465
0.0460271
0.0459885
0.0462876
0.0464423
0.0457863
0.0454599
0.0455523
0.045133
0.0422791
0.0386039
0.0351382
0.0292241
0.0305576
0.0314738
0.0253853
0.0214566
0.0110766
0.0114631
0.011772
0.0121792
0.0124538
0.0128401
0.013084
0.0134242
0.013671
0.0139628
0.0142348
0.014497
0.0147686
0.0150195
0.015263
0.0155196
0.0157899
0.0160814
0.0163689
0.0166173
0.0167777
0.0170033
0.0171984
0.0175553
0.0179024
0.0189269
0.0217437
0.024499
0.0271421
0.0301292
0.0328544
0.0355396
0.0376996
0.0390938
0.0402037
0.0407536
0.0412797
0.0415365
0.0416623
0.0417167
0.0415378
0.0413361
0.0413946
0.0412214
0.0406534
0.0393246
0.0369401
0.0337288
0.0301363
0.0260736
0.0270238
0.0291371
0.0307055
0.0243014
21.7613
3.36894
1.19052
0.637366
0.425239
0.316538
0.250473
0.206408
0.175133
0.151994
0.13422
0.120238
0.108947
0.0997448
0.0920675
0.0857471
0.08038
0.075905
0.0719406
0.0684562
0.0649816
0.062283
0.0585683
0.0564374
0.0533492
0.0507493
0.04847
0.0470595
0.0449212
0.0432869
0.0417208
0.0406847
0.0399138
0.0399627
0.037539
0.03843
0.0375063
0.036461
0.0363635
0.0392957
0.0436891
0.039834
0.0395448
0.0394801
0.0396168
0.0414864
0.044951
0.0527035
0.0516802
0.0711391
0.109205
0.469279
0.535871
0.650137
21.7607
3.36886
1.19009
0.637048
0.425119
0.316479
0.250461
0.20638
0.175109
0.151979
0.134163
0.120247
0.108882
0.0997607
0.0920417
0.0856867
0.0803452
0.0756317
0.0717124
0.0678577
0.0646514
0.0614387
0.0584977
0.0558028
0.0533049
0.0514431
0.0493362
0.0474081
0.0456902
0.0439238
0.0425998
0.0413768
0.0409957
0.0400147
0.0407145
0.0380643
0.0375312
0.038462
0.0362232
0.0358226
0.0354155
0.0352933
0.0365839
0.0354423
0.0360195
0.0372283
0.0380982
0.044797
0.049159
0.0610078
0.0651139
0.187708
0.354153
0.511459
21.7649
3.37101
1.19181
0.638105
0.425677
0.316813
0.250695
0.206583
0.175307
0.15216
0.134374
0.120406
0.109081
0.0998882
0.0920879
0.085798
0.0801696
0.0759265
0.0717329
0.068827
0.0654041
0.0630828
0.0599591
0.0579078
0.0552008
0.052845
0.0505139
0.0487409
0.0465649
0.0458255
0.0430018
0.0418467
0.0408667
0.0425711
0.0394579
0.0390552
0.0402541
0.043075
0.042025
0.0396324
0.0397118
0.0399293
0.04403
0.0473377
0.0426432
0.0451756
0.0520665
0.0493217
0.0506732
0.0563641
0.083611
0.143873
0.262798
0.202771
21.7645
3.37084
1.19157
0.637975
0.425642
0.316781
0.2507
0.206526
0.17532
0.152087
0.13438
0.120344
0.109073
0.099883
0.0922024
0.0859504
0.0805627
0.0762037
0.0723358
0.06899
0.065917
0.0631685
0.0601675
0.0580456
0.0554711
0.0527401
0.0507387
0.0484716
0.0460549
0.0447369
0.0417548
0.040912
0.0400457
0.0396167
0.0390322
0.0388279
0.0382642
0.03791
0.0421833
0.0379313
0.0406238
0.0410158
0.0423517
0.0387879
0.0379314
0.0374189
0.0379744
0.0437698
0.0474251
0.0558004
0.0593416
0.0830259
0.263493
0.224229
21.7657
3.37145
1.19236
0.638598
0.425947
0.316895
0.25075
0.206556
0.175348
0.152094
0.13442
0.120327
0.1092
0.0999071
0.0923952
0.086008
0.0807163
0.0762959
0.0725067
0.0691365
0.0664816
0.0631709
0.0611471
0.0582427
0.0560572
0.0531317
0.0505017
0.0495193
0.0453178
0.0442337
0.0448161
0.0415932
0.0410947
0.040681
0.0412062
0.0514442
0.0436869
0.0450318
0.0467633
0.0476018
0.0479905
0.0483409
0.0565573
0.0585911
0.0561221
0.0671508
0.0570311
0.0574323
0.0576069
0.0610299
0.0683914
0.29191
0.347716
0.493134
21.7653
3.37154
1.193
0.638979
0.426111
0.31698
0.250787
0.206572
0.175358
0.152073
0.134436
0.120262
0.109205
0.0998343
0.092509
0.0860903
0.0810793
0.0765245
0.0730029
0.0693236
0.066784
0.0634453
0.0611467
0.0584304
0.0560337
0.0533678
0.0505569
0.0491513
0.0467871
0.0475723
0.0434997
0.0431692
0.042904
0.0426382
0.0435336
0.0435879
0.0440097
0.0437712
0.048576
0.0500846
0.0531822
0.0476109
0.0513921
0.047551
0.0561625
0.0475776
0.0550496
0.0502545
0.0522833
0.065295
0.0604573
0.340757
0.495211
0.650241
21.7662
3.37235
1.19503
0.64037
0.426731
0.317222
0.250889
0.206577
0.175354
0.152011
0.134423
0.120258
0.10935
0.0999917
0.092809
0.0863172
0.0812738
0.0767803
0.0728449
0.0699348
0.0662993
0.0642493
0.0607831
0.0592489
0.0539121
0.0518661
0.0520235
0.0502377
0.0464269
0.0453311
0.0447328
0.0439374
0.0442429
0.0507125
0.0590089
0.0699866
0.0598096
0.0609512
0.0612809
0.0723072
0.0623464
0.0680993
0.0714766
0.0704883
0.0734327
0.0659707
0.0647865
0.0642645
0.0642633
0.0770902
0.0782226
0.159613
0.356384
0.174553
21.7662
3.37193
1.1924
0.638546
0.425956
0.316951
0.250777
0.206592
0.175296
0.152077
0.134317
0.120259
0.109073
0.0997494
0.0922569
0.0856803
0.0804528
0.0756286
0.0719163
0.0681422
0.0654053
0.0622156
0.0597438
0.0557439
0.0535267
0.0513285
0.0496905
0.0485363
0.0478189
0.050196
0.0459686
0.0469594
0.0537359
0.0454794
0.0464916
0.0518764
0.0600593
0.0544336
0.0594462
0.0679623
0.058357
0.0613262
0.0620154
0.064326
0.0584158
0.0626777
0.0688327
0.0596694
0.0614393
0.066031
0.069397
0.174152
0.351435
0.273924
21.7677
3.37243
1.19383
0.63968
0.426478
0.317132
0.250768
0.206565
0.175253
0.152027
0.134326
0.120149
0.10915
0.099574
0.092492
0.0856107
0.0809472
0.0758735
0.072695
0.0688869
0.0662597
0.0632153
0.0606954
0.0567805
0.0558812
0.0503446
0.0490974
0.0476505
0.0519076
0.0459281
0.045511
0.0481329
0.0509838
0.0697044
0.057523
0.059232
0.0619874
0.0622133
0.0622205
0.0685608
0.0709591
0.0649641
0.0644736
0.0686307
0.0730628
0.0654879
0.0724904
0.066991
0.0655095
0.0757322
0.0779061
0.0993944
0.137943
0.152758
21.7674
3.37249
1.19322
0.639133
0.426266
0.317088
0.250817
0.206623
0.175294
0.152109
0.134297
0.12031
0.108991
0.0997352
0.0920063
0.0854654
0.0800438
0.0752206
0.0714154
0.0679477
0.0647573
0.0615496
0.0591292
0.05372
0.0518356
0.0499755
0.0492036
0.0523182
0.0479243
0.0470876
0.0475499
0.0472719
0.0492066
0.0473154
0.0485973
0.0519769
0.0649261
0.0542411
0.0558384
0.0566014
0.0566698
0.0695363
0.0604662
0.0641693
0.068256
0.0620687
0.0641097
0.0699763
0.0679219
0.0753079
0.0778444
0.106175
0.171895
0.17222
21.7687
3.3726
1.19423
0.639904
0.426612
0.317236
0.250832
0.206645
0.175199
0.152102
0.13412
0.120268
0.108744
0.0997247
0.0918531
0.0857037
0.0801504
0.0757638
0.0720219
0.0684013
0.0655463
0.0625162
0.0598801
0.0558363
0.0546444
0.0496378
0.0486469
0.0475986
0.0477853
0.047305
0.0498544
0.0639829
0.0557889
0.0586776
0.076784
0.0679663
0.076877
0.0757187
0.0801815
0.0779644
0.0790973
0.0771511
0.0789223
0.0701054
0.0767605
0.0668793
0.0655681
0.0651981
0.0644043
0.0727415
0.0810055
0.0827979
0.116266
0.111506
21.7684
3.373
1.19379
0.639649
0.426541
0.317198
0.250837
0.206616
0.175253
0.152064
0.13421
0.120214
0.108848
0.0996367
0.0918805
0.0854521
0.0799579
0.0752651
0.0713252
0.0679542
0.064586
0.0618441
0.0584866
0.0536314
0.0548327
0.049192
0.0478792
0.046881
0.0525277
0.0471638
0.0470008
0.0494928
0.0619054
0.0536243
0.0573092
0.05834
0.0592616
0.0631836
0.0729428
0.0627591
0.0615991
0.0712677
0.0604789
0.0662291
0.0679669
0.0703348
0.0631205
0.0626008
0.0624977
0.0677033
0.0742386
0.0846557
0.117522
0.122733
21.7702
3.37398
1.19594
0.641065
0.427174
0.317501
0.250989
0.206673
0.175276
0.152043
0.134137
0.120149
0.108733
0.0996074
0.0919007
0.0856236
0.0800438
0.0759027
0.071266
0.0685962
0.0651557
0.0622038
0.0592942
0.0563345
0.055771
0.0504017
0.0523613
0.0518074
0.0477559
0.0487876
0.0562407
0.0632179
0.0788843
0.0686768
0.074732
0.0840362
0.0955033
0.0867427
0.0855148
0.0857084
0.0839376
0.0829953
0.0810066
0.0792943
0.0769999
0.0874539
0.0752137
0.0794176
0.0810398
0.0756091
0.0757629
0.0863004
0.11257
0.110038
21.7698
3.37396
1.19576
0.64093
0.427129
0.317487
0.250973
0.206731
0.175257
0.152144
0.134129
0.120262
0.108695
0.0996362
0.0917206
0.0853983
0.0797939
0.0750811
0.0711718
0.0673964
0.0641738
0.0614499
0.057719
0.0547656
0.0528303
0.053293
0.0524032
0.0484783
0.0511326
0.0630724
0.0512224
0.0549807
0.065417
0.0583905
0.0606351
0.0618167
0.0645271
0.0697512
0.0707712
0.0732325
0.0659476
0.0645953
0.0679126
0.0618929
0.0689713
0.0617484
0.0609887
0.0657744
0.0745767
0.0678656
0.0768366
0.0854394
0.0979491
0.0954304
21.7711
3.37417
1.19581
0.641117
0.427241
0.317478
0.25095
0.206592
0.175202
0.151914
0.134042
0.119999
0.108612
0.0994128
0.091665
0.0851942
0.0795711
0.0750287
0.0702357
0.067554
0.0638372
0.0614737
0.0581129
0.0554507
0.0546968
0.0499205
0.0512186
0.0592995
0.0503106
0.0530365
0.0626684
0.0702298
0.0810627
0.085622
0.0963573
0.103453
0.0874168
0.0996376
0.0852534
0.100508
0.0834605
0.0810665
0.0800887
0.0787668
0.0925664
0.0807877
0.0888328
0.0925266
0.0921024
0.0935077
0.0883888
0.098434
0.093294
0.0986845
21.7711
3.37425
1.19499
0.64039
0.426957
0.317481
0.250993
0.206725
0.17521
0.152091
0.134018
0.120229
0.108485
0.0995658
0.0912472
0.0851334
0.0789066
0.074607
0.0698173
0.0667902
0.0631886
0.0607266
0.0573209
0.0552445
0.0520213
0.0526333
0.0485699
0.0483463
0.0494943
0.0606552
0.0525362
0.0563206
0.0635106
0.0630978
0.0651021
0.0745091
0.0777444
0.0720979
0.0760696
0.0767985
0.0784234
0.0745461
0.0737245
0.0719836
0.0709198
0.069187
0.0684143
0.0646631
0.0677643
0.073032
0.0720534
0.08523
0.134101
0.115903
21.7729
3.3751
1.19661
0.641481
0.427464
0.317601
0.251028
0.206593
0.175219
0.151854
0.134019
0.119856
0.108432
0.0990347
0.0911785
0.084576
0.0788394
0.0743518
0.0695477
0.0668872
0.0635902
0.060146
0.0589381
0.0536165
0.0523996
0.0512942
0.0532383
0.0600148
0.0691689
0.0776333
0.0845275
0.09205
0.0986754
0.0897738
0.0943594
0.0959882
0.0888185
0.0938659
0.082783
0.0812263
0.0850813
0.0872597
0.079438
0.0823958
0.0818585
0.0799334
0.0815972
0.081522
0.0822429
0.0834708
0.0897813
0.10891
0.121401
0.0989384
21.7724
3.3754
1.19639
0.641468
0.427471
0.317642
0.25102
0.206708
0.175213
0.152051
0.134
0.120113
0.108388
0.09934
0.0910447
0.0849066
0.0786204
0.0744711
0.0695281
0.0665861
0.0629703
0.0604355
0.05667
0.056842
0.0510983
0.0503959
0.0515239
0.0587432
0.0549632
0.0589369
0.0674209
0.073611
0.0730567
0.073067
0.073588
0.079206
0.084589
0.0925612
0.0856201
0.0849661
0.084785
0.0892941
0.0898304
0.0871119
0.0845577
0.080396
0.0770354
0.072156
0.072634
0.0752154
0.0874714
0.150927
0.369562
0.119669
21.7735
3.3754
1.19841
0.642844
0.428116
0.317827
0.251145
0.206603
0.175292
0.151793
0.134061
0.119704
0.108395
0.0988927
0.0911363
0.0845671
0.078883
0.0742975
0.0697073
0.0664306
0.063722
0.0589867
0.0576012
0.0518609
0.0517884
0.0525298
0.0651041
0.0735612
0.0922877
0.0889624
0.101487
0.0949741
0.0983042
0.0968751
0.103011
0.0955349
0.0956129
0.101137
0.100179
0.0953292
0.0958714
0.0819549
0.0938359
0.0798181
0.0917025
0.0793477
0.0787665
0.0801511
0.0805534
0.0786167
0.116349
0.19405
0.230434
0.214107
21.7734
3.37532
1.19728
0.642117
0.427806
0.317848
0.251194
0.206785
0.175321
0.152022
0.134058
0.119962
0.108401
0.0990578
0.0910104
0.0845112
0.0784337
0.074047
0.0690531
0.0659374
0.0624415
0.0594078
0.0573309
0.0527381
0.0529592
0.0566892
0.0631101
0.0725008
0.0816115
0.0884309
0.0930898
0.0960122
0.0928295
0.0972141
0.0965149
0.0996725
0.113771
0.0997183
0.113516
0.100254
0.116511
0.0974633
0.103401
0.0901508
0.0982406
0.0815369
0.0843638
0.0844473
0.0799724
0.0642959
0.173212
0.402529
0.475431
0.299732
21.775
3.37604
1.1991
0.643345
0.42836
0.317949
0.251191
0.206572
0.175271
0.151654
0.134014
0.119462
0.108329
0.0986041
0.0909484
0.0843749
0.0784351
0.0741049
0.0690716
0.066016
0.0617926
0.0592441
0.0554816
0.0505982
0.0520823
0.0618912
0.0839426
0.0988619
0.0921594
0.0996781
0.105503
0.105657
0.111297
0.123831
0.12699
0.141698
0.119967
0.135023
0.129835
0.129872
0.133935
0.109546
0.106966
0.0991733
0.0965475
0.0925628
0.0911
0.0909492
0.0833403
0.0725837
0.216948
0.273895
0.375081
0.401898
21.7749
3.3762
1.19759
0.642364
0.427975
0.317879
0.251186
0.206704
0.175253
0.151879
0.133957
0.119767
0.108234
0.0987848
0.0906809
0.08409
0.0778923
0.0733527
0.0684468
0.0649711
0.0617903
0.058216
0.0566136
0.0518991
0.0504002
0.0581841
0.0829757
0.0720091
0.0771441
0.0793715
0.0813188
0.0954538
0.109573
0.110684
0.116461
0.139303
0.106823
0.105342
0.103434
0.10541
0.106355
0.103916
0.0992465
0.120144
0.116567
0.11357
0.109901
0.101789
0.0947507
0.0909843
0.391097
0.6054
0.529108
0.611366
21.7758
3.37646
1.19992
0.643867
0.428623
0.318134
0.251265
0.20666
0.175253
0.151707
0.133962
0.119417
0.108329
0.098319
0.0910751
0.0836216
0.078632
0.0727074
0.069028
0.0641756
0.0611382
0.0575636
0.0530685
0.0531474
0.0598065
0.0866696
0.112942
0.106079
0.111368
0.122937
0.130067
0.129664
0.139106
0.150558
0.127115
0.138137
0.147922
0.159353
0.15623
0.159499
0.169675
0.17292
0.146974
0.143707
0.111796
0.107089
0.10137
0.0899466
0.084993
0.0803722
0.0977689
0.164936
0.168314
0.179313
21.7757
3.37653
1.19809
0.642588
0.428137
0.317999
0.251246
0.206774
0.175274
0.151918
0.133953
0.119745
0.10818
0.0986606
0.0905408
0.0838161
0.0776385
0.0729225
0.068004
0.0646331
0.0607644
0.0582014
0.0547238
0.052191
0.0538371
0.0849932
0.0746259
0.0857464
0.0875743
0.0907469
0.0993806
0.113353
0.12521
0.137813
0.13758
0.159547
0.121974
0.118824
0.122712
0.131629
0.124954
0.140786
0.144498
0.149805
0.119371
0.116863
0.111713
0.100869
0.0911875
0.0859506
0.169029
0.294115
0.296182
0.298619
21.7772
3.37736
1.19933
0.643378
0.428453
0.318096
0.251235
0.206705
0.175158
0.151752
0.133786
0.119439
0.108019
0.0981381
0.0903865
0.0830098
0.0773728
0.0717522
0.0673876
0.0628416
0.0598551
0.0553855
0.0547475
0.0559384
0.100387
0.148601
0.151777
0.149523
0.136614
0.155128
0.149293
0.14335
0.16179
0.156411
0.147802
0.145219
0.147189
0.144526
0.123664
0.108586
0.111857
0.110365
0.109694
0.108643
0.115596
0.111827
0.0956553
0.0979981
0.0889606
0.0746611
0.10057
0.123246
0.196096
0.158104
21.7769
3.37716
1.19973
0.643725
0.428666
0.318234
0.251316
0.206808
0.175242
0.151878
0.133891
0.119627
0.108098
0.0984707
0.0903998
0.0835841
0.0775097
0.0724376
0.0680931
0.0635745
0.0609396
0.0567427
0.0552497
0.055169
0.0755749
0.128249
0.121028
0.140739
0.123216
0.121761
0.132479
0.141546
0.149507
0.169842
0.149512
0.150706
0.150486
0.16097
0.181133
0.149192
0.0866081
0.0869304
0.103573
0.114963
0.115031
0.113558
0.105676
0.0980889
0.0949601
0.0926643
0.139835
0.171016
0.225934
0.173418
21.7778
3.37758
1.1998
0.643735
0.428666
0.318199
0.251331
0.206709
0.175274
0.151678
0.133938
0.119284
0.108173
0.0978886
0.090537
0.0825901
0.0776099
0.0711126
0.0677867
0.0619494
0.0599609
0.0533672
0.0555205
0.0791889
0.256976
0.262168
0.21086
0.156678
0.138406
0.141542
0.147154
0.157687
0.17416
0.170727
0.166456
0.167604
0.16748
0.175823
0.167589
0.150008
0.130861
0.137978
0.133528
0.127898
0.0922069
0.0704574
0.0776011
0.0868927
0.0735505
0.0861011
0.118604
0.126236
0.279645
0.202591
21.7775
3.37738
1.19976
0.643765
0.42872
0.318322
0.2514
0.206895
0.175297
0.151929
0.133898
0.119624
0.108072
0.0983633
0.0904141
0.083282
0.0775802
0.0720342
0.0680996
0.0631932
0.0609128
0.056389
0.0569604
0.0683152
0.150923
0.304689
0.203629
0.177096
0.138796
0.1369
0.148156
0.162598
0.175367
0.191545
0.177064
0.200776
0.181515
0.180266
0.200476
0.208008
0.204664
0.204807
0.186353
0.187369
0.172973
0.106433
0.0972476
0.0939654
0.0794433
0.0797682
0.105462
0.229743
0.241792
0.232488
21.7789
3.37795
1.19987
0.643763
0.42871
0.318238
0.251358
0.206711
0.175274
0.15165
0.133897
0.119253
0.108051
0.0978811
0.0903515
0.08253
0.0773971
0.0710126
0.0674138
0.0617656
0.059305
0.0534926
0.056874
0.0986368
0.389096
0.218949
0.143901
0.13608
0.138666
0.152407
0.155151
0.173591
0.168843
0.176768
0.168687
0.17284
0.171131
0.174462
0.176253
0.185947
0.2149
0.201863
0.194836
0.149055
0.149001
0.138367
0.11967
0.120106
0.111405
0.0971431
0.115329
0.16691
0.202892
21.7785
3.37838
1.20057
0.644387
0.429037
0.31846
0.251484
0.206915
0.175344
0.151917
0.133927
0.119613
0.108056
0.09839
0.0903344
0.0833528
0.0776095
0.0720733
0.0683825
0.0632285
0.0612341
0.0562355
0.056072
0.124389
0.319727
0.190541
0.16186
0.118384
0.126759
0.154861
0.145146
0.155037
0.173077
0.181081
0.196182
0.175608
0.176545
0.187581
0.184141
0.186626
0.189953
0.194993
0.188573
0.195829
0.186178
0.172742
0.160077
0.145101
0.109811
0.109383
0.142375
0.241617
0.309977
21.7791
3.37804
1.20085
0.644502
0.429069
0.318416
0.251424
0.206798
0.175254
0.15175
0.133817
0.119397
0.107904
0.0981335
0.0900178
0.0830515
0.0768002
0.071735
0.0667343
0.0630214
0.0581796
0.0558027
0.0524477
0.056776
0.0928226
0.0684775
0.0678912
0.0658258
0.0772553
0.0948649
0.148725
0.168841
0.179413
0.17333
0.17623
0.169503
0.16775
0.164286
0.163682
0.15848
0.150304
0.157344
0.184499
0.186226
0.156703
0.157331
0.138215
0.10902
0.0797381
0.0836521
0.0710118
0.0836271
0.175411
0.287019
21.7787
3.37843
1.20109
0.644748
0.429232
0.318546
0.251522
0.20693
0.17535
0.15196
0.133892
0.119738
0.108005
0.0987009
0.0904023
0.08387
0.0778404
0.0728439
0.0683581
0.0646394
0.0605104
0.0583204
0.0544016
0.0581346
0.0901839
0.0651226
0.0643712
0.0603787
0.0637062
0.0901799
0.131717
0.13823
0.146355
0.155394
0.152071
0.151963
0.150885
0.158159
0.161745
0.160064
0.159458
0.154436
0.148842
0.147719
0.14273
0.130601
0.121164
0.10919
0.0988873
0.0893007
0.0914905
0.123186
0.373796
0.47566
21.7799
3.37835
1.20096
0.644569
0.429119
0.318478
0.251462
0.206874
0.175275
0.151887
0.133804
0.119617
0.107843
0.0984077
0.0899774
0.0832625
0.0769704
0.0717695
0.0673376
0.0626441
0.059949
0.0558056
0.0526926
0.0503496
0.0486627
0.0540716
0.0545182
0.056066
0.0645661
0.0966807
0.145975
0.165438
0.170792
0.169629
0.169317
0.162628
0.159766
0.160391
0.15935
0.147091
0.138032
0.138723
0.146178
0.15352
0.136056
0.1085
0.0832532
0.0692603
0.0583831
0.0614106
0.0567768
0.0714144
0.144739
0.178282
21.7789
3.37946
1.20467
0.647088
0.430266
0.318974
0.251731
0.207057
0.175443
0.152011
0.134
0.119814
0.108353
0.0990083
0.0911689
0.0845275
0.0788618
0.0737536
0.0693655
0.0654368
0.0615246
0.0585003
0.0558349
0.0511788
0.0500355
0.0481259
0.0472328
0.0516142
0.0525956
0.0829971
0.11182
0.126321
0.139957
0.149531
0.152837
0.158544
0.158031
0.155914
0.152504
0.147681
0.141946
0.137211
0.135754
0.127889
0.115057
0.102587
0.0854442
0.0896017
0.0863256
0.0827837
0.0829368
0.0973461
0.163965
0.277469
21.7798
3.37853
1.20143
0.645002
0.429325
0.318596
0.251542
0.20693
0.175323
0.151904
0.133865
0.119597
0.107984
0.0983415
0.0902731
0.0831766
0.0774353
0.0718009
0.0677817
0.0631615
0.0601256
0.0562813
0.0529668
0.0504347
0.0523192
0.044934
0.0455345
0.0472374
0.0485533
0.0937996
0.142022
0.157625
0.167427
0.165831
0.170193
0.169057
0.168126
0.162264
0.156446
0.146052
0.140085
0.139685
0.139312
0.121791
0.0936751
0.0730732
0.0607946
0.0539884
0.0490125
0.0500928
0.0517234
0.0536411
0.0722303
0.122495
21.7794
3.37899
1.20251
0.64577
0.429751
0.318831
0.25169
0.207096
0.175454
0.152098
0.13401
0.11982
0.108176
0.0986895
0.0906334
0.0839039
0.0780366
0.0731337
0.0686022
0.0649832
0.0612404
0.0582972
0.0546639
0.0508353
0.0495447
0.04497
0.0442539
0.0490918
0.046704
0.0697046
0.0968548
0.109334
0.124449
0.133967
0.145158
0.148852
0.151703
0.149758
0.14711
0.142674
0.141813
0.138687
0.127484
0.112434
0.096341
0.081457
0.0704073
0.0608943
0.0538365
0.0532121
0.0533465
0.0553278
0.108224
0.195143
21.7803
3.37892
1.2018
0.645119
0.429405
0.318666
0.251598
0.206988
0.175396
0.151962
0.133971
0.119634
0.108124
0.0983832
0.0903852
0.0833519
0.0773647
0.0722708
0.0675139
0.0637878
0.0600852
0.0568249
0.0530789
0.0503428
0.0461844
0.0450373
0.0519185
0.0600381
0.0642462
0.0772011
0.127542
0.141055
0.153317
0.157494
0.165326
0.165439
0.163064
0.158948
0.15089
0.145071
0.14218
0.137486
0.115159
0.0868978
0.0668427
0.0560494
0.0494181
0.0459946
0.0435248
0.0444537
0.0457877
0.050898
0.0636318
0.0742697
21.7801
3.37916
1.20204
0.64533
0.42957
0.318815
0.251744
0.207142
0.175538
0.15215
0.134098
0.119896
0.108211
0.0987513
0.0904423
0.0837699
0.0775104
0.0725671
0.0679205
0.0639311
0.0606754
0.0574746
0.0549288
0.0525371
0.048881
0.0484281
0.0449289
0.0550305
0.0481024
0.0646133
0.0951269
0.111259
0.121506
0.127232
0.132366
0.132662
0.131918
0.130492
0.12854
0.126944
0.122405
0.109633
0.0942815
0.0790032
0.0662908
0.0575791
0.0510667
0.0461755
0.0453501
0.0430631
0.0432851
0.0488116
0.0683742
0.125798
21.7802
3.37884
1.20227
0.645493
0.429606
0.318765
0.251682
0.207064
0.175478
0.152051
0.134061
0.119748
0.108236
0.0985252
0.0905853
0.0835224
0.077733
0.0725102
0.0680152
0.0641443
0.060879
0.0571262
0.05523
0.0513379
0.0495807
0.0452975
0.0441308
0.0545844
0.0521826
0.0792436
0.0920739
0.111416
0.120692
0.129263
0.134128
0.134086
0.129489
0.138835
0.140349
0.141782
0.131995
0.107385
0.0803428
0.0622222
0.052206
0.0465111
0.042782
0.0419101
0.0413768
0.0415417
0.0431254
0.0534444
0.0749378
0.0920398
21.78
3.37916
1.20236
0.645578
0.429711
0.318887
0.251814
0.207198
0.175621
0.152193
0.134217
0.119907
0.108403
0.0987133
0.0907607
0.0837522
0.0779534
0.0727575
0.0682954
0.0644964
0.0608278
0.0581391
0.0552372
0.0528628
0.0508645
0.0463819
0.0453459
0.046619
0.0452354
0.0587632
0.0841315
0.101766
0.100552
0.102216
0.103755
0.106868
0.107592
0.105659
0.101886
0.0950944
0.0843419
0.0723398
0.0621977
0.0542573
0.0488452
0.0452716
0.0422698
0.0409279
0.0391393
0.0399885
0.043244
0.0575792
0.105237
0.133729
21.7805
3.37899
1.20181
0.645311
0.429576
0.318792
0.251722
0.207114
0.175521
0.152122
0.134102
0.119871
0.108263
0.0987316
0.0905647
0.08381
0.0776588
0.0728074
0.0679903
0.064477
0.0607314
0.0581
0.0552304
0.0524869
0.0505559
0.0461506
0.0452383
0.0486324
0.045481
0.0559114
0.0969008
0.0916416
0.0999658
0.104715
0.111398
0.116047
0.117405
0.11786
0.11771
0.109402
0.0908383
0.0699784
0.055354
0.0475795
0.0430528
0.0405203
0.0389832
0.0382595
0.0379471
0.040236
0.0392282
0.0614467
0.0957364
0.140836
21.7803
3.37928
1.20207
0.645379
0.429647
0.318903
0.251858
0.207249
0.175687
0.152266
0.134297
0.120005
0.108496
0.0988539
0.0908581
0.0840004
0.0779774
0.073271
0.0681385
0.06526
0.0610683
0.0579607
0.0548736
0.0521834
0.0506902
0.047335
0.0459847
0.0425701
0.043292
0.0447889
0.0606638
0.075951
0.079734
0.0838083
0.0854487
0.0844195
0.0815893
0.0772696
0.0713952
0.0638171
0.0563642
0.0504849
0.0463802
0.0432524
0.0415457
0.0399329
0.0388871
0.0373669
0.037151
0.0417076
0.0441183
0.101001
0.153489
0.247484
21.7804
3.37902
1.20197
0.645279
0.429556
0.318791
0.251758
0.207157
0.175593
0.152185
0.134204
0.119951
0.108411
0.0988221
0.0907877
0.0838539
0.0779869
0.0727053
0.06842
0.0641996
0.0611249
0.0580465
0.055089
0.0524958
0.0504254
0.0477732
0.0455443
0.0437197
0.044335
0.0439536
0.0553199
0.0698575
0.0842622
0.0871273
0.0897459
0.0892921
0.0871295
0.0830226
0.0750714
0.0643373
0.054028
0.0469368
0.0427424
0.0406648
0.0390045
0.0383865
0.036691
0.0364109
0.0365123
0.0400441
0.0389982
0.0895391
0.133743
0.297255
21.7802
3.37911
1.2021
0.645434
0.429684
0.318943
0.251888
0.207314
0.175721
0.152368
0.134331
0.120153
0.108537
0.0990221
0.0909337
0.0840587
0.0781874
0.0729697
0.0686762
0.0646114
0.0614247
0.0587312
0.0543303
0.0524044
0.0499202
0.0483819
0.0462095
0.0441009
0.044157
0.0430356
0.0464773
0.0526384
0.0569731
0.0594866
0.0602984
0.0591767
0.0568852
0.0537648
0.0502056
0.0466536
0.0440328
0.0420277
0.0407559
0.0396872
0.0388611
0.0379863
0.036981
0.036179
0.0360914
0.0502348
0.0376321
0.236946
0.426834
0.641946
21.7804
3.37914
1.20237
0.645561
0.429695
0.318858
0.251813
0.207203
0.175656
0.152248
0.134284
0.120038
0.108508
0.0989354
0.0909141
0.084014
0.0781637
0.0729545
0.0686252
0.0646048
0.0613888
0.058319
0.0560704
0.0528466
0.0503173
0.0484327
0.0459781
0.0440059
0.0436437
0.0431199
0.0451848
0.0497036
0.05256
0.0544258
0.0551556
0.0543215
0.0519643
0.0490175
0.0457163
0.0432264
0.0412872
0.0400992
0.0391827
0.0386975
0.038145
0.0376932
0.0361729
0.0359309
0.0359067
0.0447749
0.0366259
0.16363
0.317309
0.566665
21.7803
3.37929
1.20202
0.645363
0.429679
0.318944
0.251927
0.207346
0.175792
0.152408
0.134434
0.120208
0.108669
0.0991161
0.0910581
0.0842196
0.0782506
0.0732001
0.068666
0.0648724
0.0614739
0.0585711
0.0561
0.0537637
0.0521555
0.0497542
0.0499281
0.0453741
0.0440832
0.0428029
0.042185
0.0421429
0.0446525
0.044443
0.0451687
0.0458948
0.0454216
0.0443565
0.0430989
0.0418604
0.0409544
0.0400226
0.0393393
0.038703
0.0379701
0.0372821
0.0360282
0.0359793
0.0354166
0.0644236
0.0271316
0.642883
0.821196
0.555873
21.7803
3.37899
1.20207
0.645383
0.429623
0.318871
0.251839
0.207247
0.175704
0.15231
0.134352
0.120117
0.108602
0.0990419
0.0910325
0.0841537
0.0782911
0.0731423
0.0687556
0.0648593
0.0615692
0.0586475
0.0562073
0.0539434
0.0522953
0.0499108
0.0500495
0.0454728
0.0441306
0.0427583
0.0418245
0.0413862
0.0437925
0.0427465
0.0442719
0.044857
0.0441859
0.0433534
0.042184
0.0413489
0.0404144
0.039781
0.0389157
0.0382763
0.0371475
0.0357103
0.0347227
0.0355323
0.0348418
0.0569831
0.0316017
0.238952
0.359252
0.524366
21.7801
3.37923
1.20228
0.645571
0.429775
0.318987
0.251959
0.207381
0.175839
0.15246
0.134501
0.120279
0.108759
0.0992105
0.0911788
0.0843287
0.0783992
0.0733098
0.0688299
0.0649905
0.0616235
0.0587402
0.0562031
0.0540557
0.0521706
0.0504934
0.0491232
0.0478267
0.0467931
0.0458194
0.0451927
0.0446363
0.0445368
0.0442787
0.0438734
0.0433153
0.0425977
0.0417922
0.0409825
0.0401918
0.0395215
0.0387522
0.0382276
0.0375687
0.0370037
0.0351804
0.0350063
0.0365188
0.0363171
0.0847751
0.000368743
0.946915
0.687452
0.618352
21.7801
3.379
1.20226
0.645516
0.429693
0.318893
0.251866
0.207283
0.175748
0.152363
0.134414
0.12019
0.108686
0.0991432
0.0911462
0.0842926
0.0784373
0.0733154
0.0689226
0.0650481
0.0617239
0.0588062
0.0563028
0.0541081
0.0522513
0.0505797
0.0491582
0.047855
0.0467246
0.0455987
0.0447772
0.0439267
0.0435563
0.0430826
0.0425862
0.0420192
0.0412266
0.0405218
0.0396057
0.0389276
0.0380652
0.0373866
0.0365617
0.0355977
0.0346408
0.0333641
0.0341209
0.0366951
0.0435805
0.0625351
0.112028
0.193098
0.228599
0.231764
21.78
3.37924
1.20219
0.645582
0.429807
0.319032
0.252
0.207427
0.175888
0.152515
0.134562
0.120348
0.108834
0.0993
0.0912729
0.0844387
0.0785142
0.0734329
0.0689391
0.0651174
0.0616929
0.0588285
0.0562466
0.0541038
0.0521613
0.0505489
0.0490562
0.0478242
0.0466686
0.0458355
0.0450194
0.044436
0.0437822
0.0432502
0.0425502
0.041908
0.0411173
0.040428
0.0396529
0.0390026
0.0383435
0.0376135
0.0370759
0.0362599
0.034856
0.0336665
0.0356782
0.037711
0.0514995
0.088334
0.146079
0.240981
0.353365
0.455678
21.78
3.37884
1.20197
0.645332
0.429615
0.31889
0.251883
0.207313
0.175786
0.152406
0.134465
0.120244
0.10875
0.0992097
0.0912229
0.0843703
0.0785097
0.0733763
0.0689534
0.0650515
0.0616958
0.0587607
0.0562621
0.0540918
0.0522516
0.0505979
0.0491728
0.0478716
0.0467818
0.0457458
0.0448846
0.0440587
0.0432734
0.0425237
0.041677
0.0409182
0.0399953
0.0392263
0.0383826
0.037555
0.0369513
0.0359034
0.0353373
0.033706
0.033695
0.0334145
0.0378133
0.0433407
0.0564954
0.0952641
0.225723
0.365481
0.468516
0.490182
21.7798
3.37912
1.20218
0.645475
0.42977
0.319021
0.252009
0.207445
0.175917
0.152551
0.134605
0.1204
0.108895
0.0993682
0.0913655
0.0845284
0.0786552
0.0735511
0.0691287
0.0652693
0.0619235
0.0590204
0.0565052
0.0543406
0.05243
0.0508011
0.049332
0.0480632
0.0468575
0.0458855
0.0450186
0.0441851
0.0434218
0.0426472
0.0418462
0.0410888
0.0402063
0.0394799
0.0386529
0.0378653
0.0372303
0.0362483
0.035312
0.0345675
0.0332558
0.0335727
0.0384355
0.0384584
0.077873
0.105179
0.323514
0.444099
0.513007
0.496743
21.7798
3.37899
1.20214
0.645447
0.429669
0.318911
0.251901
0.207341
0.175816
0.152451
0.134509
0.120306
0.108811
0.0992957
0.091311
0.0844982
0.0786477
0.0735684
0.0691553
0.0653005
0.0619361
0.0590049
0.0564601
0.0542444
0.0523174
0.0506117
0.0491309
0.0477816
0.0466293
0.0455147
0.0445715
0.0435735
0.0427481
0.0417565
0.0409959
0.0399609
0.0392093
0.0382638
0.037368
0.0367115
0.0356013
0.0351111
0.0337039
0.0337318
0.0357122
0.0370533
0.047197
0.0481935
0.0793031
0.152324
0.368652
0.515706
0.664566
0.822279
21.7797
3.37921
1.20217
0.645493
0.429752
0.319013
0.252014
0.207461
0.175941
0.152583
0.134645
0.120449
0.10895
0.0994398
0.0914396
0.0846329
0.0787543
0.0736904
0.0692482
0.0654236
0.0620469
0.0591558
0.056614
0.0544242
0.0525141
0.050832
0.0493767
0.0480572
0.046898
0.0458123
0.0448741
0.0438981
0.0430712
0.0421189
0.0413318
0.0403501
0.0396102
0.0385937
0.0379029
0.0369201
0.0359239
0.0350392
0.0334978
0.0340339
0.0351378
0.0385452
0.0439417
0.0499262
0.099789
0.181354
0.685016
0.612135
0.647815
0.75137
21.7818
3.37968
1.20239
0.645463
0.429561
0.318737
0.251694
0.207127
0.175592
0.152236
0.134286
0.12011
0.108638
0.0992219
0.0913498
0.0847315
0.079066
0.0742075
0.0699735
0.0662638
0.063004
0.0600839
0.0575435
0.0552092
0.053225
0.0513404
0.0497957
0.048277
0.0470588
0.0458177
0.044819
0.0437316
0.0429152
0.0418103
0.041138
0.040153
0.0392273
0.0380068
0.036587
0.0357552
0.0342892
0.0341899
0.0347103
0.0362031
0.040474
0.0435677
0.0544032
0.058416
0.102725
0.113057
0.421543
0.601633
0.759317
0.562283
21.7813
3.37955
1.20238
0.645529
0.429648
0.318836
0.251803
0.207244
0.175716
0.152365
0.134427
0.120244
0.108761
0.0992663
0.091312
0.084529
0.0787432
0.073717
0.0693983
0.0656107
0.062337
0.0594664
0.056963
0.0547786
0.0528461
0.0511573
0.0496635
0.048321
0.0471522
0.0460263
0.0450818
0.0440484
0.0432718
0.0421902
0.0415081
0.0405668
0.0395386
0.0384089
0.0368033
0.0359003
0.0344303
0.034145
0.0344458
0.0365954
0.0409135
0.0446075
0.052104
0.0562411
0.118713
0.0971914
0.22841
0.31753
0.564957
0.650643
0.0110897
0.0114473
0.0118036
0.0121336
0.0124885
0.0128033
0.013163
0.0134683
0.0138251
0.0140993
0.0144315
0.0146629
0.0149629
0.0151683
0.0154379
0.015639
0.0158722
0.0160736
0.0162598
0.0164483
0.0165771
0.0167259
0.0168109
0.0169204
0.0169885
0.0170939
0.017173
0.0173109
0.0174317
0.0176632
0.017931
0.0183367
0.0187722
0.0193446
0.0200786
0.0208315
0.0215469
0.0221202
0.0227637
0.0231834
0.0233707
0.0233943
0.0233261
0.0229784
0.0223453
0.0212772
0.0188468
0.0163871
0.0301963
0.0272277
0.0265495
0.0279044
0.0237743
0.013033
0.011084
0.0114541
0.0117883
0.0121563
0.0124721
0.0128422
0.01315
0.0135097
0.0138183
0.0141315
0.0144309
0.0146909
0.0149628
0.0152029
0.0154359
0.0156813
0.0158728
0.0161124
0.0162639
0.0164747
0.0165908
0.0167595
0.0168536
0.017019
0.0171289
0.0173127
0.0174462
0.0176762
0.0178935
0.0181452
0.0184795
0.0188099
0.0192274
0.0197216
0.0203585
0.0210667
0.021657
0.0223803
0.0228091
0.0234371
0.0238703
0.0239573
0.0238999
0.0237035
0.0233176
0.0220443
0.0214514
0.0200067
0.02942
0.0270629
0.0258224
0.0277845
0.0269262
0.0373278
0.275828
0.0763602
0.173913
0.100723
0.107439
0.270788
0.187891
0.321664
0.257371
0.35943
0.156538
0.0669702
0.121834
0.10752
0.146369
0.304557
0.126304
0.309604
0.360266
0.314541
0.14473
0.0639129
0.232335
0.0647636
0.215128
0.434232
0.362245
0.21272
0.148979
0.237787
0.196884
0.117176
0.0598166
0.177498
0.0607281
0.144718
0.287675
0.382475
0.188389
0.149023
0.153464
0.101327
0.070582
0.054991
0.0674375
0.0612058
0.124257
0.0603059
0.112311
0.121013
0.0945805
0.116399
0.17134
0.1964
0.142414
0.202112
0.0575331
0.0555536
0.0572588
0.0577471
0.0782083
0.0581247
0.074387
0.102011
0.0717225
0.0790094
0.113597
0.169753
0.0968932
0.138073
0.0595588
0.0560771
0.0622786
0.058158
0.0740528
0.0563506
0.0793649
0.255531
0.268776
0.251416
0.271931
0.266809
0.21657
0.305316
0.24203
0.289223
0.298382
0.235429
0.246961
0.0601416
0.0567604
0.0602688
0.0569738
0.0665277
0.0571221
0.0623204
0.469183
0.189324
0.141224
0.193473
0.346985
0.26806
0.389935
0.325018
0.246119
0.210469
0.203588
0.259793
0.0704764
0.0547082
0.0631305
0.0527367
0.0530452
0.0514455
0.0543538
0.52797
0.10241
0.10255
0.114638
0.287249
0.585436
0.489659
0.318411
0.426834
0.404093
0.236946
0.174484
0.294591
0.227232
0.0668026
0.0569426
0.0569754
0.055605
0.0568676
0.0555814
0.0564976
0.18809
0.0987354
0.121716
0.223868
0.112736
0.828365
0.571228
0.33561
0.320046
0.32576
0.25581
0.200379
0.226516
0.161746
0.0896346
0.0547454
0.109341
0.0527627
0.0538248
0.0520728
0.0539245
0.0897066
0.115659
0.134057
0.0572268
0.0471169
0.0540029
0.0480796
0.0891598
0.0578332
0.0809782
0.0555502
0.0565342
0.0537535
0.0560777
0.110908
0.0830084
0.0839783
0.0565178
0.0511353
0.0561219
0.0503044
0.529647
0.271441
0.267199
0.268224
0.453673
0.401081
0.222021
0.187885
0.243852
0.309445
0.488599
0.10254
0.158017
0.127806
0.360753
0.597424
0.660114
0.396639
0.123443
0.131069
0.148024
0.305812
0.422986
0.294309
0.25314
0.257052
0.212734
0.248776
0.310192
0.279749
0.345451
0.290421
0.312782
0.277855
0.311699
0.363824
0.27472
0.305075
0.289558
0.353055
0.390326
0.348059
0.33231
0.218761
0.157467
0.136277
0.140234
0.265827
0.203392
0.139101
0.125933
0.143479
0.171603
0.200641
0.107885
0.0995961
0.25765
0.106009
0.188859
0.240078
0.185049
0.125101
0.17681
0.143279
0.195173
0.162207
0.0890966
0.677173
0.165463
0.206133
0.233964
0.809207
0.53233
0.312419
0.510657
0.343972
0.371416
0.382557
0.362652
0.49727
1.06747
0.531058
0.31167
0.354821
0.397516
0.435368
1.09291
0.750683
0.546635
0.134323
0.134348
0.164366
0.258934
1.07964
0.265197
0.741413
0.187514
0.32696
0.232679
0.386768
0.810227
0.409006
0.216254
0.254215
0.339068
0.605614
0.483461
0.488649
0.521478
0.517914
0.552919
0.557676
0.623758
0.49461
0.591692
0.564024
0.822812
0.646985
0.214471
0.343256
0.299652
0.406727
0.671407
0.373489
0.252498
0.573634
0.387605
0.175341
0.240933
0.179031
0.128118
0.130848
0.131699
0.163577
0.140586
0.0892331
0.190752
0.170882
0.167803
0.240304
0.166717
0.172355
0.161262
0.146567
0.165663
0.13809
0.637875
0.302943
0.512237
0.768127
0.413986
0.965962
0.666204
0.71654
0.328737
0.56603
0.513377
0.959427
1.12858
0.196063
0.181375
0.614373
0.176653
1.1424
0.184457
0.150915
0.164584
0.756359
0.204344
0.111102
0.0810464
0.0935789
0.103568
0.108609
0.188718
0.119995
0.0826221
0.0648797
0.0796093
0.0827953
0.155028
0.0723829
0.24386
0.0773725
0.0882736
0.0914376
0.125131
0.107843
0.189758
0.275757
0.263292
0.293732
0.321862
0.280033
0.314428
0.292788
0.302332
0.310001
0.251881
0.379545
0.279226
0.366989
0.33024
0.139139
0.0666707
0.0763575
0.0749935
0.089273
0.0777243
0.123171
0.408484
0.24327
0.298398
0.413984
0.224245
0.37531
0.432153
0.584009
0.332667
0.263959
0.627613
0.270556
0.56253
0.526432
0.216976
0.0822904
0.0973185
0.0637061
0.0858416
0.103243
0.165104
0.259233
0.0870876
0.0650717
0.0820321
0.0980619
0.192047
0.0991095
0.389285
0.259912
0.19993
0.2333
0.387925
0.274382
0.333828
0.435524
0.350794
0.296248
0.231399
0.427334
0.362804
0.367798
0.15569
0.0866117
0.0907293
0.061334
0.160399
0.080544
0.0843813
0.171315
0.0737147
0.0629697
0.0696029
0.0807346
0.0877115
0.147316
0.49167
0.405525
0.189167
0.15076
0.443627
0.472786
0.172477
0.466297
0.382859
0.121814
0.157174
0.431073
0.164639
0.504285
0.189141
0.212331
0.269975
0.267103
0.221334
0.171052
0.294126
0.176517
0.168038
0.249356
0.139291
0.16805
0.188113
0.226435
0.15244
0.189939
0.295389
0.215519
0.115967
0.219617
0.322838
0.183225
0.19274
0.354853
0.396218
0.471071
0.25741
0.195046
0.279766
0.0941003
0.134064
0.103652
0.122708
0.133965
0.380416
0.226069
0.255291
0.139952
0.21542
0.267159
0.100612
0.123732
0.125185
0.0916072
0.203217
0.833383
0.196295
0.517014
0.82406
0.242316
0.168583
0.327705
0.257273
0.376274
0.195902
0.335378
0.467695
0.37325
0.347083
0.182803
0.550418
0.658306
0.177667
0.799891
0.182088
0.190118
0.627116
0.656785
0.0923691
0.132082
0.191944
0.152918
0.139571
0.0822679
0.146862
0.0979074
0.114892
0.100465
0.0985044
0.0590448
0.0564906
0.071756
0.0481586
0.110402
0.211509
0.20523
0.163425
0.106078
0.178361
0.154328
0.610639
0.579851
0.507578
0.382291
0.504703
0.568062
0.410039
0.453331
0.574593
0.331986
0.234617
0.330802
0.256817
0.267943
0.225116
0.293225
0.213815
0.663154
0.696569
0.472608
0.445357
0.440475
0.709233
0.563997
0.323489
0.374951
0.350734
0.378396
0.371311
0.300648
0.302535
0.133589
0.137431
0.152161
0.119883
0.145424
0.180932
0.172853
0.15945
0.311873
0.333196
0.273793
0.236918
0.303534
0.273646
0.278014
0.196295
0.193257
0.647846
0.445584
0.17763
0.66985
0.191757
0.336764
0.257212
0.361139
0.170785
0.320382
0.435129
0.380371
0.265765
0.301627
0.537518
0.186686
0.569817
0.214536
0.668832
0.17816
0.703001
0.821354
0.255011
0.269306
0.357416
0.37231
0.223462
0.266115
0.309869
0.125378
0.134358
0.11012
0.138265
0.220592
0.33387
0.195268
0.248086
0.212379
0.27868
0.195217
0.157316
0.289086
0.230926
0.174426
0.382148
0.319275
0.137008
0.219965
0.245
0.262974
0.149032
0.200757
0.266609
0.103565
0.133019
0.107395
0.149848
0.118034
0.152524
0.12844
0.154966
0.132186
0.297919
0.224798
0.252978
0.135752
0.22781
0.273218
0.295338
0.369293
0.302641
0.286308
0.260035
0.306357
0.300415
0.273967
0.283183
0.235098
0.194256
0.258043
0.176174
0.209923
0.20892
0.175648
0.262362
0.360506
0.326272
0.377285
0.278013
0.344357
0.378381
0.361134
0.276374
0.303165
0.313441
0.329496
0.302012
0.258782
0.333282
0.314999
0.261815
0.154388
0.198412
0.197401
0.205912
0.325579
0.339343
0.349101
0.319994
0.347878
0.279727
0.368921
0.167179
0.258472
0.179667
0.222637
0.215514
0.19571
0.233288
0.174116
0.209762
0.204186
0.187423
0.103674
0.14289
0.12657
0.120238
0.231389
0.242395
0.247654
0.210332
0.226453
0.257287
0.203746
0.101316
0.127339
0.124597
0.098351
0.1845
0.195409
0.15327
0.195282
0.186537
0.179917
0.164466
0.0908032
0.0751101
0.127553
0.0588712
0.0940416
0.126238
0.0977732
0.134915
0.186412
0.199493
0.168969
0.101429
0.176807
0.163883
0.164684
0.135739
0.201079
0.13385
0.119638
0.138552
0.131058
0.126488
0.0680029
0.0974308
0.0788259
0.074823
0.164273
0.232424
0.18622
0.195717
0.15243
0.181381
0.164149
0.0431623
0.0552512
0.0633259
0.0379915
0.20328
0.217552
0.143252
0.181723
0.111616
0.182076
0.173583
0.146534
0.10665
0.0199207
0.0377251
0.052703
0.0256154
0.0366835
0.0579338
0.0388912
0.0481285
0.115717
0.183084
0.189408
0.0480892
0.165469
0.125198
0.194434
0.165516
0.175934
0.871197
0.566234
0.432448
0.767192
0.33796
0.825815
0.56466
0.0519189
0.1209
0.144805
0.136139
0.101582
0.132183
0.100545
0.141786
0.880476
0.987428
0.812849
1.03552
0.483555
1.16031
0.615216
0.452371
0.363924
0.540541
0.501163
0.527155
0.425594
0.571327
0.497511
0.50323
0.336428
0.202262
0.220376
0.331112
0.423851
0.46485
0.422151
0.377646
0.371651
0.42389
0.428412
0.303054
0.313393
0.265555
0.33706
0.661152
1.07517
0.409694
0.427297
0.48021
0.595886
0.456194
0.445569
0.651686
0.502071
0.429744
0.521845
0.40951
0.383427
0.38678
0.324761
0.454416
0.262474
0.489273
0.389291
0.587595
0.424729
0.937866
0.383301
1.11199
1.06857
0.183402
0.853246
0.218521
0.394253
0.186421
0.525324
0.217019
0.145243
0.151312
0.135715
0.166065
0.189018
0.276363
0.225584
0.205536
0.146122
0.271374
0.242159
0.192639
0.139935
0.281373
0.20779
0.703064
0.428323
0.724296
0.987642
0.370942
0.715436
0.987452
0.317982
0.803836
0.540149
0.401583
0.588806
0.371457
0.54183
0.679497
0.552787
0.641851
0.743807
0.714738
0.724472
0.281359
0.961724
0.29466
0.431656
0.619411
1.04159
0.580724
0.575993
0.749221
0.851419
0.467114
0.213089
0.1368
0.219971
0.121076
0.394841
0.700845
0.601113
0.436017
0.397151
0.352959
0.280552
0.273966
0.409543
0.337473
0.299367
0.61301
0.550902
0.536096
0.566665
0.538415
0.603817
0.480116
0.281504
0.190876
0.260723
0.264452
0.296938
0.222634
0.243361
0.280879
0.686177
0.618323
0.405318
0.41763
0.593155
0.540853
0.613337
0.53934
0.560495
0.543824
0.540803
0.56755
0.636141
0.581385
0.548997
0.619149
0.276796
0.295734
0.274409
0.265536
0.274402
0.242564
0.230065
0.283542
0.538447
0.688432
0.625691
0.777417
0.580784
0.696408
0.433997
0.395946
0.670255
0.35203
0.594956
0.720892
0.34672
0.395779
0.387337
0.357922
0.48892
0.279411
0.441753
0.607969
0.585145
0.430687
0.313568
0.593497
0.469982
0.253521
0.697524
0.258077
0.275567
0.326593
0.656035
0.558993
0.404052
0.522105
0.420399
0.2994
0.160253
0.148676
0.205602
0.113235
0.308745
0.628167
0.403854
0.434845
0.192506
0.494371
0.442931
0.145066
0.416107
0.167706
0.160555
0.188563
0.218011
0.0890388
0.0973683
0.180114
0.171994
0.0893043
0.0803579
0.175351
0.027856
0.0266731
0.0329787
0.0162792
0.0296829
0.0518588
0.0377059
0.0360246
0.0898647
0.183731
0.053032
0.152114
0.097429
0.159764
0.109101
0.135126
0.154699
0.217905
0.205975
0.173789
0.220615
0.183852
0.206219
0.214874
0.101836
0.121667
0.106601
0.126033
0.233892
0.224056
0.205428
0.254968
0.248475
0.189794
0.230117
0.100948
0.113396
0.094389
0.116355
0.194941
0.147473
0.205901
0.175354
0.143714
0.197538
0.203502
0.0931353
0.0699467
0.108255
0.0581571
0.0831974
0.104278
0.0846265
0.106652
0.194611
0.192993
0.10638
0.177226
0.159851
0.190436
0.168918
0.317711
0.584007
0.672296
0.506632
0.575416
0.314465
0.483521
0.263564
0.254009
0.298274
0.227502
0.24509
0.314697
0.315734
0.257649
0.360587
0.78049
0.653227
0.706412
0.59252
0.371853
0.628127
0.969914
1.23178
0.438689
0.80265
0.481924
0.812212
0.362747
0.894392
0.556979
0.297603
0.358869
0.467483
0.245155
0.349231
0.376014
0.436426
0.307307
0.339567
1.08188
0.83047
0.823093
1.26608
0.663507
0.435275
0.138786
0.981953
0.304065
0.104609
0.203553
0.103383
0.145209
0.107665
0.129658
0.0999972
0.131096
0.151998
0.7562
0.375196
0.108465
0.267488
0.139259
0.100989
0.100717
0.128455
0.127368
0.108447
0.133021
0.349135
0.10657
0.906285
0.248555
0.140335
0.146743
0.091237
0.0766919
0.118568
0.0520448
0.098299
0.124309
0.119298
0.104047
0.138579
1.36998
0.135942
0.0760849
0.373104
0.118843
0.133818
)
;

boundaryField
{
    inlet
    {
        type            fixedValue;
        value           uniform 440.15;
    }
    outlet
    {
        type            zeroGradient;
    }
    rightSide
    {
        type            symmetryPlane;
    }
    leftSide
    {
        type            symmetryPlane;
    }
    duct
    {
        Cmu             0.09;
        kappa           0.41;
        E               9.8;
        beta1           0.075;
        type            omegaWallFunction;
        value           nonuniform List<scalar> 
216
(
0.0110917
0.0110766
0.0114473
0.0114631
0.0118039
0.011772
0.0121376
0.0121792
0.0125019
0.0124538
0.0127782
0.0128401
0.0131295
0.013084
0.0133594
0.0134242
0.0136797
0.013671
0.0139085
0.0139628
0.0141945
0.0142348
0.0144523
0.014497
0.0146954
0.0147686
0.01497
0.0150195
0.0152057
0.015263
0.0154656
0.0155196
0.0157363
0.0157899
0.0160619
0.0160814
0.0163513
0.0163689
0.016638
0.0166173
0.0168714
0.0167777
0.0170146
0.0170033
0.0171427
0.0171984
0.0172905
0.0175553
0.0175143
0.0179024
0.0179853
0.0189269
0.0202357
0.0217437
0.0234001
0.024499
0.0268984
0.0271421
0.030244
0.0301292
0.0331108
0.0328544
0.035838
0.0355396
0.0379294
0.0376996
0.0397689
0.0390938
0.0412883
0.0402037
0.0427647
0.0407536
0.0440567
0.0412797
0.0450465
0.0415365
0.0460271
0.0416623
0.0459885
0.0417167
0.0462876
0.0415378
0.0464423
0.0413361
0.0457863
0.0413946
0.0454599
0.0412214
0.0455523
0.0406534
0.045133
0.0393246
0.0422791
0.0369401
0.0386039
0.0337288
0.0351382
0.0301363
0.0292241
0.0260736
0.0305576
0.0270238
0.0314738
0.0291371
0.0253853
0.0307055
0.0214566
0.0243014
0.0110897
0.011084
0.0114473
0.0114541
0.0118036
0.0117883
0.0121336
0.0121563
0.0124885
0.0124721
0.0128033
0.0128422
0.013163
0.01315
0.0134683
0.0135097
0.0138251
0.0138183
0.0140993
0.0141315
0.0144315
0.0144309
0.0146629
0.0146909
0.0149629
0.0149628
0.0151683
0.0152029
0.0154379
0.0154359
0.015639
0.0156813
0.0158722
0.0158728
0.0160736
0.0161124
0.0162598
0.0162639
0.0164483
0.0164747
0.0165771
0.0165908
0.0167259
0.0167595
0.0168109
0.0168536
0.0169204
0.017019
0.0169885
0.0171289
0.0170939
0.0173127
0.017173
0.0174462
0.0173109
0.0176762
0.0174317
0.0178935
0.0176632
0.0181452
0.017931
0.0184795
0.0183367
0.0188099
0.0187722
0.0192274
0.0193446
0.0197216
0.0200786
0.0203585
0.0208315
0.0210667
0.0215469
0.021657
0.0221202
0.0223803
0.0227637
0.0228091
0.0231834
0.0234371
0.0233707
0.0238703
0.0233943
0.0239573
0.0233261
0.0238999
0.0229784
0.0237035
0.0223453
0.0233176
0.0212772
0.0220443
0.0188468
0.0214514
0.0163871
0.0200067
0.0301963
0.02942
0.0272277
0.0270629
0.0265495
0.0258224
0.0279044
0.0277845
0.0237743
0.0269262
0.013033
0.0373278
)
;
    }
    cylinder
    {
        Cmu             0.09;
        kappa           0.41;
        E               9.8;
        beta1           0.075;
        type            omegaWallFunction;
        value           nonuniform List<scalar> 
448
(
0.585436
0.489659
0.828365
0.571228
0.597424
0.660114
0.422986
0.294309
0.279749
0.345451
0.27472
0.305075
0.188859
0.240078
0.162207
0.0890966
0.53233
0.312419
0.49727
1.06747
1.09291
0.750683
1.07964
0.265197
0.552919
0.557676
0.175341
0.240933
0.140586
0.0892331
0.965962
0.666204
0.269975
0.294126
0.176517
0.16805
0.115967
0.322838
0.471071
0.279766
0.0941003
0.255291
0.267159
0.100612
0.833383
0.82406
0.327705
0.335378
0.627116
0.656785
0.132082
0.139571
0.0979074
0.0590448
0.610639
0.579851
0.504703
0.574593
0.331986
0.267943
0.445357
0.709233
0.350734
0.302535
0.133589
0.145424
0.236918
0.273646
0.647846
0.66985
0.336764
0.320382
0.703001
0.821354
0.37231
0.309869
0.125378
0.248086
0.157316
0.382148
0.319275
0.245
0.266609
0.103565
0.118034
0.252978
0.273218
0.295338
0.369293
0.260035
0.273967
0.235098
0.209923
0.276374
0.303165
0.258782
0.261815
0.154388
0.167179
0.174116
0.187423
0.103674
0.210332
0.101316
0.15327
0.164466
0.0908032
0.0940416
0.101429
0.163883
0.119638
0.131058
0.0680029
0.195717
0.164149
0.0431623
0.20328
0.217552
0.111616
0.10665
0.0199207
0.0366835
0.165516
0.175934
0.432448
0.56466
0.0519189
0.101582
0.452371
0.363924
0.425594
0.497511
0.336428
0.303054
0.661152
1.07517
0.48021
0.651686
0.502071
0.383427
1.11199
1.06857
0.853246
0.525324
0.145243
0.189018
0.703064
0.428323
0.540149
0.54183
1.04159
0.749221
0.213089
0.394841
0.550902
0.281504
0.296938
0.53934
0.560495
0.276796
0.274402
0.670255
0.387337
0.441753
0.160253
0.308745
0.188563
0.218011
0.0973683
0.0803579
0.027856
0.0296829
0.135126
0.154699
0.173789
0.183852
0.101836
0.100948
0.0931353
0.0831974
0.584007
0.575416
0.263564
0.24509
0.969914
1.23178
0.80265
0.894392
0.297603
0.349231
0.304065
0.203553
0.107665
0.100717
0.349135
0.248555
0.091237
0.098299
0.168038
0.188113
0.134064
0.123732
0.257273
0.467695
0.114892
0.0564906
0.234617
0.225116
0.137431
0.180932
0.257212
0.435129
0.134358
0.289086
0.133019
0.152524
0.194256
0.20892
0.198412
0.258472
0.14289
0.127339
0.0751101
0.126238
0.0974308
0.0552512
0.0377251
0.0579338
0.1209
0.132183
0.202262
0.313393
0.429744
0.38678
0.151312
0.276363
0.401583
0.679497
0.1368
0.700845
0.190876
0.222634
0.295734
0.242564
0.357922
0.607969
0.148676
0.628167
0.0266731
0.0518588
0.121667
0.113396
0.0699467
0.104278
0.254009
0.314697
0.358869
0.376014
0.129658
0.128455
0.0766919
0.124309
0.249356
0.139291
0.15244
0.226435
0.103652
0.122708
0.0916072
0.125185
0.376274
0.195902
0.658306
0.799891
0.347083
0.37325
0.538415
0.720892
0.405318
0.593155
0.100465
0.0985044
0.20523
0.178361
0.0481586
0.071756
0.653227
0.59252
0.330802
0.256817
0.213815
0.293225
0.152161
0.119883
0.172853
0.15945
0.361139
0.170785
0.569817
0.668832
0.265765
0.380371
0.11012
0.138265
0.27868
0.230926
0.174426
0.149848
0.107395
0.12844
0.154966
0.258043
0.176174
0.278013
0.378381
0.175648
0.262362
0.197401
0.319994
0.205912
0.279727
0.179667
0.222637
0.120238
0.12657
0.203746
0.098351
0.124597
0.127553
0.0588712
0.0977732
0.134915
0.074823
0.0788259
0.0379915
0.0633259
0.052703
0.0256154
0.0480892
0.125198
0.0388912
0.0481285
0.144805
0.136139
1.03552
1.16031
0.100545
0.141786
0.220376
0.377646
0.331112
0.428412
0.265555
0.33706
0.587595
0.937866
0.521845
0.40951
0.324761
0.454416
0.987642
0.987452
0.166065
0.135715
0.242159
0.281373
0.225584
0.205536
0.280552
0.409543
0.588806
0.371457
0.724472
0.961724
0.552787
0.641851
0.219971
0.121076
0.601113
0.436017
0.260723
0.264452
0.280879
0.243361
0.540803
0.656035
0.548997
0.522105
0.442931
0.274409
0.265536
0.625691
0.580784
0.283542
0.230065
0.48892
0.279411
0.469982
0.697524
0.430687
0.585145
0.205602
0.113235
0.416107
0.434845
0.403854
0.0329787
0.0162792
0.053032
0.097429
0.0377059
0.0360246
0.147473
0.143714
0.106601
0.205428
0.126033
0.189794
0.094389
0.116355
0.108255
0.0581571
0.10638
0.159851
0.0846265
0.106652
0.298274
0.227502
0.257649
0.315734
1.26608
0.467483
0.245155
0.83047
0.307307
0.436426
0.0999972
0.375196
0.131096
0.267488
0.108447
0.127368
0.118568
0.0520448
0.135942
0.373104
0.104047
0.119298
)
;
    }
}


// ************************************************************************* //
