/*--------------------------------*- C++ -*----------------------------------*\
| =========                 |                                                 |
| \\      /  F ield         | OpenFOAM: The Open Source CFD Toolbox           |
|  \\    /   O peration     | Version:  4.1                                   |
|   \\  /    A nd           | Web:      www.OpenFOAM.org                      |
|    \\/     M anipulation  |                                                 |
\*---------------------------------------------------------------------------*/
FoamFile
{
    version     2.0;
    format      ascii;
    class       volScalarField;
    location    "11";
    object      nut;
}
// * * * * * * * * * * * * * * * * * * * * * * * * * * * * * * * * * * * * * //

dimensions      [0 2 -1 0 0 0 0];

internalField   nonuniform List<scalar> 
4432
(
34.9865
35.9499
36.8541
37.778
38.8039
39.9537
40.5927
42.1891
42.3931
44.0045
44.7074
41.5208
59.8642
8.4619
315.071
84.1072
7306.58
9662.93
1461.14
3501.88
2635.76
2323.57
4892.14
4246.51
4360.72
3418.95
3195.85
5997.76
16887.7
18041.2
18479.9
34212.8
144850
86976.1
341160
425203
82633.4
1023.8
84.7257
81.9703
68.4883
76.0958
57.6068
52.6437
39.8202
27.7539
140.192
340.241
53.1575
367.529
2765.67
6015.6
349.794
285.333
35.108
35.8454
37.0464
37.9619
38.9525
39.9076
40.9315
41.9104
42.7305
43.538
45.2738
41.3558
55.9911
17.7319
184.604
127.92
10455.4
1552.76
678.298
2089.25
2678.48
2460.55
4439.55
4436.98
3834.96
2753.32
3704.5
7741.72
13137.3
35918.9
238575
87859
28177
43118.2
11472.6
2575.74
937.785
284.942
18.1291
77.9818
79.1183
78.6609
54.3646
99.5311
23.4756
35.3473
328.41
38336.3
19648.3
7768.17
36858.3
6098.59
2108.15
570.352
2.1713e-05
0.000107075
0.038704
0.199981
0.329112
0.601348
0.994829
1.47719
1.81565
1.94276
4.65802
2.21604
9.17715
1.77266
25.6389
55.4685
156.455
15.0854
1929.18
10454.8
9876.34
18635.4
25302.3
24533.1
22611.8
18580.1
11503.1
7941.9
12407.1
10110.6
8110.96
21753
39677.5
10950.9
13150.6
108.228
3367.49
66.1616
82.2221
12.7021
53.696
88.4931
100.111
84.6062
9.49495
0.0678008
11.5037
0.259872
40.3359
218.225
2502.44
179.115
0.437436
7.14996
2.17156e-05
0.000106085
0.0411399
0.198206
0.333392
0.613342
1.00622
1.42511
2.15797
2.17063
5.70247
4.64417
10.6411
6.5135
18.8488
4.68189
1.58001
99.3883
3404.51
12111.6
12313.5
16092.3
21643
20136.7
21271.8
4235.2
1937.42
4825.21
10863.1
2110.31
1086.42
1759.5
7581.25
5970.81
846.669
123.46
18.4834
0.575013
0.773272
0.766256
4.97223
9.95381
5.52237
5.76813
3.0646
0.125818
45.4546
1684.44
15.0902
794.435
1608.9
28.036
2.9713
8.98497
2.15246e-05
3.2176e-07
1.81518e-06
0.000408785
0.00654511
0.00851377
0.0142723
0.0323387
0.116871
0.146684
0.540655
0.337394
0.321131
0.398614
0.614231
2.7131
1.46294e-05
286.127
21217.1
27408.5
23679.7
27653.3
29396.9
24898.2
16394.2
5074.64
2352.91
2362.16
3586.01
8041.22
6435.09
10815.6
14583.9
14318
3147.28
75.1123
3365.53
26.3922
167.367
159.71
498.564
344.348
207.521
561.506
68.1293
3.18647
9.73006
227.724
1199.47
9689.02
176147
61752.8
350.919
3.37787
2.1526e-05
3.21808e-07
2.04946e-06
0.000322489
0.00796852
0.00310586
0.0489458
0.0841984
0.0583765
0.22221
0.529985
0.32266
0.511873
1.85417
4.58191
44.5216
1452.83
5504.89
26212.9
29959
25229.8
25276
19375.3
6941.43
6648.94
1378.42
1442.31
7388.2
4196.04
527.96
1299.65
8534.08
8762.27
7130.55
350.454
51.9286
65.6843
16.2529
10.2203
10.2994
50.1994
154.438
9.13283
31.9522
1.99403
0.000400319
463.14
750.862
475.507
3231.62
212285
8536.09
263.846
3.30604
2.15225e-05
3.20714e-07
4.00238e-09
2.13391e-06
0.00053617
0.000150169
0.000427873
0.00831436
0.0541832
0.000821522
0.0268808
0.0312864
0.0142887
0.0331382
0.00222916
0.711015
950.685
172.556
23197.4
31896.3
29357.8
27910.7
29791.5
30392
31879.7
7976.81
2797.07
5088.84
7625.22
8792.62
26529.2
69223
76207
27356.4
6243.2
86.6544
58.7166
27.9943
1158.63
409.567
11977.3
4264
1.21203
980.879
495.563
0.453507
1.38397
445.976
896.08
8035.36
19252.2
7387.48
1430.2
76.5618
2.1524e-05
3.20884e-07
3.82393e-09
1.80598e-06
0.00137516
0.002232
0.000811547
0.018999
3.1388e-05
0.00799078
0.0399573
0.0708375
0.0503235
0.44435
0.0250613
1.2827
613.401
12866.4
24507.3
32059.9
25788.2
19571.8
17719
36717.2
37585.5
17248.8
15814.2
16902.8
22272
14783.4
28701.9
58240.3
20807.9
10750.5
541.732
8.54702
19.7398
4.55313
0.00169443
0.293779
957.671
172.084
6.5269e-09
89.3353
37.9328
0.470286
9256.82
5916.33
0.167541
858.017
34465
2007.8
551.807
43.897
2.15208e-05
3.20738e-07
3.98019e-09
5.58438e-10
2.17685e-07
0.000188139
9.54873e-05
2.50033e-06
0.000108887
0.000128643
9.2375e-05
0.00470227
1.59761e-05
2.24804e-05
0.000151344
0.00936594
0.0205475
20.2208
252.823
17134
24539.9
13118.7
20522.6
32704.9
80256
70976
29044.4
30874
32858.6
41497.7
81755
112286
130606
122107
85521
5202.2
133.583
4.76739
346.001
2.70023e+06
160367
37042.1
2111.08
5.02333
0.839983
0.124604
4.46407e-05
1.74185
0.000175614
7.44094e-06
0.0438874
4.65887e-12
119.129
29420
2.15222e-05
3.2095e-07
4.05967e-09
5.11275e-10
2.55765e-07
6.2719e-07
2.56374e-05
2.93688e-08
9.7125e-06
6.74517e-05
7.63249e-05
0.000790154
5.37603e-05
0.00141323
1.2873e-05
26.1284
52.6499
9.87082
98.8123
6451.02
6864.65
4759.15
18061.1
47164.2
56743.9
54752.3
45128.7
77223.3
65281.5
63593.8
66711.8
96964.5
101172
61423.3
1889.7
1028.79
0.00129359
0.197229
0.000134962
10895.5
20703.3
0.235988
0.0484361
1016.77
0.000580824
1.99642e-11
9.974e-06
7.47283e-06
4.57759e-12
0.000116656
8.95856
31165.4
839.809
912.285
2.15177e-05
3.20871e-07
4.22731e-09
5.99723e-10
1.28062e-12
2.89328e-12
3.67874e-10
1.52984e-10
1.60282e-08
3.05009e-07
4.61732e-07
2.34228e-06
2.25721e-09
5.45905e-10
1.57828e-09
3.8636e-06
2.10576e-08
3.71995e-05
0.00105188
1.17483
8.96523
1155.34
6640.65
126122
99654.8
102624
74693.1
41859.7
50360.9
56068.7
85114.2
106429
124814
96988.7
2787.55
119.708
0.00728216
2.11011e-15
3.44339e-17
981.988
570.032
2.2943e+06
7374.96
188.457
52.6024
5.4014e-09
2.05609e-12
0.000335564
0.000745918
5.12635e-09
0.00457947
1.54049e-05
2.59907e-06
4.61193e-06
2.15192e-05
3.21078e-07
4.22598e-09
5.9819e-10
1.43176e-12
1.59988e-12
1.92845e-10
5.45997e-12
8.16225e-08
2.79683e-06
4.57162e-06
7.17586e-08
2.19886e-09
5.35338e-08
2.65238e-10
0.00114324
0.00325383
1.35143e-05
0.000331213
0.337698
0.148449
0.177799
1429.43
65169.4
80458.4
100134
72940
92053.2
63161.8
65053.6
73313.8
91413.8
96106.4
62.7672
70.252
0.740082
8.08834e-10
8.66225e-15
1.81954e-15
2.68957e-15
33674.9
2.08034
0.00981115
0.037321
0.00838862
0.00160895
3.32744e-14
1.72213e-13
2.30306e-16
2.73941e-09
0.741254
0.000459454
9.82932e-07
4.70273e-06
2.15155e-05
3.20953e-07
4.24325e-09
6.04865e-10
3.21354e-13
9.40411e-15
1.80781e-14
3.32642e-15
1.1892e-13
2.37328e-18
1.02201e-10
9.23648e-10
3.38533e-11
1.29487e-11
7.48217e-11
6.69881e-10
2.24724e-15
4.05412e-12
8.13248e-11
7.22665e-08
3.47027e-08
0.0164933
3.39643
178631
160647
172964
126247
60430.7
38832
46504.7
75533.2
91377.2
111339
27027.9
1.54925
0.0102863
1.2626e-14
3.3282e-15
2.29666e-15
6.041e-17
0.00222925
0.00211355
0.453616
0.000411316
0.235179
0.000513612
7.91861e-13
2.0404e-09
1.1071e-13
3.54924e-14
7.6293e-07
1.16142e-06
4.99339e-06
7.99872e-07
2.15168e-05
3.21146e-07
4.23903e-09
6.02983e-10
3.16922e-13
8.84324e-15
1.65553e-14
1.204e-14
6.79682e-13
8.68916e-11
7.12054e-11
4.04018e-11
3.00942e-11
1.83865e-09
1.10244e-11
1.62053e-14
2.46387e-10
9.8108e-13
5.53059e-11
4.88003e-08
3.35748e-10
2.06981e-07
2.12332
9000.22
111247
133063
106351
90031.4
47555.7
55650.3
47740.8
76284.8
60229.9
0.879416
0.000298212
3.23801e-07
6.89602e-14
1.09067e-14
1.30004e-14
2.28233e-12
4.59817e-08
1.49439e-05
0.0252924
0.000539271
1.205e-07
7.75714e-10
1.54881e-15
7.95013e-16
8.83193e-18
2.86899e-11
3.72501e-09
4.20272e-08
8.16274e-09
1.15748e-07
2.15114e-05
3.21017e-07
4.03162e-09
5.65472e-10
3.00226e-13
1.15365e-14
1.12858e-14
1.0578e-14
1.091e-14
1.16279e-14
1.73693e-14
3.96164e-14
1.87327e-14
1.46416e-14
2.51554e-14
1.03087e-11
9.82257e-20
1.27497e-14
7.2747e-15
1.00995e-13
5.61082e-15
7.01061e-11
1.31041e-06
13766.8
159948
198399
166223
1018.87
21.2082
50.6059
11486.8
26681.5
35450.6
570.38
1.90944e-06
1.7428e-11
3.82314e-15
1.27219e-14
1.19643e-14
1.22737e-15
1.79078e-05
1.47037e-05
0.0215359
4.46363e-06
2.50683e-05
1.56653e-07
2.4409e-15
1.96276e-14
1.16936e-15
4.23544e-09
4.9722e-08
5.58727e-07
5.74441e-07
4.52462e-07
2.15129e-05
3.21195e-07
4.02597e-09
5.64006e-10
2.99092e-13
1.17835e-14
1.02459e-14
1.02559e-14
1.00874e-14
1.61077e-14
1.60567e-14
1.28087e-14
3.65543e-15
1.35429e-13
2.15832e-15
4.47777e-15
2.18784e-17
2.69319e-16
7.42156e-15
1.11842e-13
5.93589e-15
4.24102e-12
0.000495294
2.8289
8872.61
139468
402.266
22394.1
644.039
3118.62
63.6862
1771.73
55.4955
1.51614e-07
3.9049e-12
2.99843e-15
9.90184e-16
1.43733e-14
1.18152e-14
1.2736e-14
1.22337e-14
1.3726e-14
3.97284e-14
4.22267e-12
7.45318e-11
6.90405e-15
1.10199e-14
8.24861e-16
1.76218e-12
4.76908e-10
2.7787e-09
1.7531e-07
9.10366e-08
5.80751e-07
2.15087e-05
3.21111e-07
4.04268e-09
5.6844e-10
3.04988e-13
1.16338e-14
1.13174e-14
1.08095e-14
1.07841e-14
1.19298e-14
1.09343e-14
1.03726e-14
1.12417e-14
1.14986e-14
1.18517e-14
1.85391e-14
4.84919e-16
1.17093e-15
2.08498e-17
5.31994e-17
2.50822e-18
2.78073e-14
7.59008e-14
2.2418
89868.7
193645
1249.42
0.00455501
1.87846e-06
2.3732e-07
1.68224
17.3872
93.0116
0.0404979
4.66854e-10
5.04685e-13
1.37567e-14
2.75275e-14
1.20227e-14
1.43277e-14
1.29095e-14
1.56214e-14
2.26544e-14
1.01689e-12
4.57029e-10
3.28995e-12
6.0719e-15
1.1681e-15
3.46425e-09
8.51291e-07
5.73492e-07
1.77437e-06
8.49791e-07
5.77466e-07
2.151e-05
3.21294e-07
4.03851e-09
5.66958e-10
2.94774e-13
1.13189e-14
1.0685e-14
1.05284e-14
1.06894e-14
1.16589e-14
1.07412e-14
1.02235e-14
1.13053e-14
1.15356e-14
1.12187e-14
1.2004e-14
8.12619e-15
2.11895e-17
2.08215e-17
1.28624e-16
2.06915e-17
8.87947e-16
1.59201e-10
1.52622e-06
0.0641286
1678.71
0.0312057
4.34002
0.0338315
0.204869
0.00027029
0.0965846
2.05859e-05
3.03024e-12
2.22955e-15
2.59553e-17
4.76913e-17
6.25633e-15
1.21475e-14
1.47534e-14
1.30855e-14
1.34479e-14
1.35219e-14
1.45864e-14
3.94679e-15
1.29073e-14
1.25664e-14
7.78111e-14
5.29693e-10
3.22291e-07
2.16616e-07
6.89499e-07
2.20264e-07
6.87984e-07
2.1504e-05
3.21178e-07
4.06442e-09
5.73802e-10
3.06655e-13
1.11199e-14
1.07201e-14
1.00326e-14
1.00548e-14
1.06925e-14
1.06926e-14
1.10291e-14
1.09183e-14
1.0959e-14
1.13207e-14
1.12741e-14
1.10317e-14
1.31055e-14
5.02391e-17
5.87715e-18
3.04349e-17
9.1663e-17
1.28598e-16
28.9602
2823.35
23378.1
5.46993
9.44279e-13
7.34949e-14
4.12851e-15
3.79356e-06
1.89989e-05
0.000122163
1.16742e-09
1.66381e-13
4.05956e-16
5.52848e-17
1.25603e-15
1.43593e-14
1.46567e-14
1.35533e-14
1.44388e-14
1.39604e-14
1.43601e-14
2.01702e-14
1.38151e-14
1.40941e-14
2.61548e-14
4.37193e-11
2.62275e-08
2.81342e-08
1.30147e-07
2.33426e-07
1.76831e-07
2.15054e-05
3.21383e-07
4.06201e-09
5.70532e-10
3.00883e-13
1.16034e-14
1.01778e-14
1.04063e-14
1.09572e-14
1.09658e-14
1.11605e-14
1.11346e-14
1.14634e-14
1.08857e-14
1.07224e-14
1.13671e-14
1.14772e-14
1.06632e-15
3.36566e-17
2.35365e-17
2.91584e-17
1.58619e-15
1.97344e-14
9.98256e-14
1.32632e-09
0.00116705
2.26649e-11
4.12788e-07
2.24048e-08
7.53413e-08
3.16425e-11
4.43385e-09
2.85851e-12
1.09389e-15
8.57365e-18
1.18004e-17
6.92147e-16
1.53865e-14
1.40695e-14
1.42315e-14
1.50936e-14
1.39813e-14
1.33568e-14
1.42493e-14
1.34772e-14
1.3268e-14
1.27242e-14
1.64316e-14
5.74662e-13
2.04351e-09
4.34121e-08
2.5706e-07
4.14783e-07
2.93507e-07
2.1501e-05
3.21289e-07
4.07793e-09
5.75657e-10
3.08324e-13
1.17268e-14
9.87435e-15
9.99826e-15
1.14459e-14
1.03778e-14
1.03739e-14
1.07843e-14
1.12023e-14
1.1815e-14
1.17858e-14
1.17117e-14
1.1963e-14
1.15751e-14
8.34882e-15
3.53559e-16
1.21655e-14
9.08801e-17
7.74437e-17
0.0424757
89.1392
96.1683
0.282407
1.3177e-17
1.17963e-16
1.25173e-14
8.62537e-13
5.58138e-13
4.37797e-12
2.5752e-14
1.55198e-16
3.18598e-17
5.95353e-16
1.40924e-14
1.43614e-14
1.48802e-14
1.5374e-14
1.56329e-14
1.48227e-14
1.45025e-14
1.59941e-14
1.85308e-14
1.51575e-14
1.44873e-14
3.98082e-14
6.52933e-12
9.4393e-10
4.12078e-09
4.50684e-10
5.59099e-09
2.15022e-05
3.21498e-07
4.07403e-09
5.74657e-10
3.0152e-13
1.10118e-14
1.02709e-14
1.04011e-14
1.09112e-14
1.07498e-14
1.07947e-14
1.09694e-14
1.16945e-14
1.12126e-14
1.08454e-14
1.18154e-14
1.13414e-14
1.11945e-14
7.25752e-15
5.51922e-15
6.82993e-15
1.15265e-14
9.73065e-16
6.37957e-16
8.93733e-12
2.9233e-12
3.95855e-16
3.86964e-14
1.62047e-13
1.92678e-13
7.70931e-15
1.36127e-14
2.93198e-16
7.28354e-18
1.99442e-17
1.61822e-15
1.27915e-14
1.5701e-14
1.58631e-14
1.68443e-14
1.59108e-14
1.59541e-14
1.76673e-14
1.58575e-14
1.55501e-14
2.0359e-14
1.77433e-14
1.52074e-14
1.67812e-14
2.7783e-13
6.55598e-10
6.73386e-09
3.09107e-10
2.0175e-08
2.14959e-05
3.21267e-07
4.08113e-09
5.75887e-10
2.95767e-13
1.07066e-14
9.9849e-15
1.00526e-14
1.0446e-14
1.06272e-14
1.06338e-14
1.07156e-14
1.20139e-14
1.14773e-14
1.15723e-14
1.31605e-14
1.1153e-14
1.09811e-14
1.13817e-14
1.12526e-14
1.16407e-14
8.86682e-15
9.99648e-15
0.0108842
6.81434
5.75526
0.0349654
7.34491e-16
3.93316e-17
5.9531e-17
2.41276e-16
3.98415e-16
9.2021e-16
6.37344e-17
8.89952e-17
3.0832e-15
1.34512e-14
1.27311e-14
1.30747e-14
1.32661e-14
1.54775e-14
1.58518e-14
1.61163e-14
1.62308e-14
1.71443e-14
1.76871e-14
2.14559e-14
1.9927e-14
1.9653e-14
2.8037e-14
2.05615e-13
1.14609e-13
4.12649e-13
1.39243e-09
2.14972e-05
3.21483e-07
4.07445e-09
5.76539e-10
3.11268e-13
1.15905e-14
1.0135e-14
1.03193e-14
1.10624e-14
1.1082e-14
1.17643e-14
1.14925e-14
1.168e-14
1.25214e-14
1.11248e-14
1.10092e-14
1.16838e-14
1.15646e-14
1.15647e-14
1.14956e-14
1.1306e-14
1.163e-14
4.20001e-15
1.4178e-16
2.50065e-08
2.5043e-05
7.68685e-16
1.76555e-16
3.58959e-16
1.824e-16
1.79157e-17
2.58958e-17
1.28999e-17
3.839e-17
4.51857e-15
1.66768e-14
1.42077e-14
1.27184e-14
1.40354e-14
1.49544e-14
1.68128e-14
1.6214e-14
1.69651e-14
1.76077e-14
1.8282e-14
2.45424e-14
2.04769e-14
1.94041e-14
2.3694e-14
2.30628e-14
5.66175e-14
4.22042e-14
1.75281e-10
2.90065e-10
2.14929e-05
3.21814e-07
4.43217e-09
6.50595e-10
3.74728e-13
1.22985e-14
1.20706e-14
1.10348e-14
1.0064e-14
1.12559e-14
1.05716e-14
1.06168e-14
1.16801e-14
1.06904e-14
1.06851e-14
1.13053e-14
1.10188e-14
1.13711e-14
1.29645e-14
1.16798e-14
1.18443e-14
6.49887e-14
1.10378e-14
1.22152
0.0382391
0.00106779
1.8485e-07
0.148867
0.0073826
2.00854e-16
1.66834e-17
5.89586e-17
5.18965e-17
3.51371e-16
9.96515e-15
1.30416e-14
1.33528e-14
1.26596e-14
1.33127e-14
1.41639e-14
1.41994e-14
1.52269e-14
1.61926e-14
2.02032e-14
1.82223e-14
1.78695e-14
2.06812e-14
2.08875e-14
2.82639e-14
2.90888e-14
3.2581e-14
3.63108e-14
3.76448e-14
6.04533e-12
2.1494e-05
3.22088e-07
4.43365e-09
6.50092e-10
3.74124e-13
1.22522e-14
1.19915e-14
1.10035e-14
1.02825e-14
1.1525e-14
1.14448e-14
1.16734e-14
1.17257e-14
1.16279e-14
1.25255e-14
1.13041e-14
1.10556e-14
1.29113e-14
1.2568e-14
1.40019e-14
1.18727e-14
1.19876e-14
4.02739e-19
8.88579
8.14225
0.00880678
4.46299e-06
2.21205
1.42185e-17
4.80772e-17
1.15492e-16
1.03666e-09
8.52006e-11
1.2639e-14
1.26411e-14
1.33998e-14
1.42054e-14
1.58951e-14
8.12289e-15
4.5773e-13
2.27423e-14
1.68163e-14
1.52867e-14
1.79473e-14
1.80707e-14
1.94853e-14
2.09582e-14
3.68813e-14
3.01729e-14
2.4834e-14
4.1584e-14
3.42583e-14
2.50575e-14
5.72575e-12
2.14879e-05
3.20595e-07
4.20567e-09
6.10674e-10
3.65275e-13
1.25641e-14
1.25405e-14
1.11118e-14
1.09235e-14
1.32359e-14
1.10704e-14
1.07887e-14
1.25143e-14
1.1845e-14
1.15207e-14
1.24228e-14
1.23934e-14
1.28817e-14
1.27273e-14
1.2942e-14
1.42672e-14
0.976074
0.00377435
0.00171179
1.55275
0.00839104
0.0604975
0.030352
0.0125852
0.00174873
2.21113e-05
3.80537e-08
1.64886e-11
1.09597e-13
1.64198e-14
1.20561e-14
1.44571e-14
1.39078e-14
1.35189e-14
1.56801e-14
1.59286e-14
1.49983e-14
1.47496e-14
1.62782e-14
1.64605e-14
1.61836e-14
1.60118e-14
1.78784e-14
2.00584e-14
2.39547e-14
2.82392e-14
3.31474e-14
3.97407e-14
8.90968e-14
2.14889e-05
3.22423e-07
4.38797e-09
6.41188e-10
3.56579e-13
1.18471e-14
1.20672e-14
1.10032e-14
1.06395e-14
1.29672e-14
1.07816e-14
1.08089e-14
1.09264e-14
1.09353e-14
1.20294e-14
1.1602e-14
1.16647e-14
1.18745e-14
1.28672e-14
1.21748e-14
1.16913e-17
1.0866e-16
2775.77
14.982
0.0767335
2.44794
0.178064
2.20717
2.1951
0.309205
0.00120058
1.1841e-05
8.68637e-08
5.94091e-11
2.37981e-13
1.42045e-14
1.95575e-14
1.02499e-15
5.85429e-11
8.37854e-09
1.5403e-12
4.46604e-14
1.51342e-14
1.65091e-14
1.67622e-14
1.66052e-14
1.78646e-14
3.36335e-14
2.92714e-14
2.36906e-14
3.10005e-14
3.08368e-14
3.11243e-14
6.66594e-14
2.14848e-05
3.2229e-07
4.47257e-09
6.60897e-10
3.88972e-13
1.23742e-14
1.22492e-14
1.1118e-14
1.07532e-14
1.24625e-14
1.22726e-14
1.27339e-14
1.20238e-14
1.20087e-14
1.30123e-14
1.17415e-14
1.10163e-14
1.2681e-14
1.1892e-14
1.20476e-14
1.28078e-14
7.71722e-05
1.65972e-05
1.5112
0.0209946
0.0312024
0.067141
0.0171726
0.00502354
0.000180524
0.000263929
7.47676e-06
2.50714e-12
5.59438e-13
1.61619e-14
1.49382e-14
1.42532e-14
2.08451e-14
3.27309e-13
1.89568e-13
2.20992e-14
2.22736e-14
1.95804e-14
1.94217e-14
2.02903e-14
1.94762e-14
1.96611e-14
2.76007e-14
2.75165e-14
2.70073e-14
3.38639e-14
3.79567e-14
4.85049e-14
1.0564e-13
2.14711e-05
3.18655e-07
4.15152e-09
6.06313e-10
3.71932e-13
1.16071e-14
1.11228e-14
1.27468e-14
1.09184e-14
1.1095e-14
1.28674e-14
1.0893e-14
1.05688e-14
1.2594e-14
1.16868e-14
1.13976e-14
1.23232e-14
1.14627e-14
1.14099e-14
1.39143e-14
1.11283e-16
1.38978e-05
9.72235e-05
1191.98
45.5877
62.4359
9.049
2.01144
1.09672
0.203943
0.00212678
2.55768e-07
7.94087e-11
1.1708e-11
6.15244e-14
1.82009e-15
8.11717e-12
6.21127e-14
4.36854e-05
0.000154255
8.3912e-09
7.09703e-11
2.41365e-13
2.42879e-14
2.24851e-14
2.19771e-14
1.7031e-14
8.59951e-14
3.91342e-14
2.92527e-14
6.28232e-14
5.56505e-14
3.97756e-14
1.13458e-13
2.14675e-05
3.15282e-07
3.9255e-09
5.65856e-10
3.39472e-13
1.20014e-14
1.27545e-14
1.1118e-14
1.08244e-14
1.31285e-14
1.11202e-14
1.08943e-14
1.25996e-14
1.24693e-14
1.28919e-14
1.2889e-14
1.29779e-14
1.39022e-14
1.17418e-14
1.12029e-14
1.42699e-14
0.00208941
0.00297971
5.25175e-05
3.36337
0.537594
0.180558
0.0583644
0.00216004
7.85768e-07
1.02256e-11
1.80571e-14
5.91564e-15
1.44001e-14
1.32941e-14
1.02511e-13
1.33307e-11
2.969e-09
9.99632e-10
2.00631e-12
4.79115e-14
1.57238e-14
1.54913e-14
1.63609e-14
1.86497e-14
9.51302e-15
3.81135e-12
1.37124e-12
5.86235e-14
4.54999e-14
3.40723e-14
4.14992e-14
8.61916e-14
2.14834e-05
3.1834e-07
4.42635e-09
6.55366e-10
3.99326e-13
1.37474e-14
1.07903e-14
1.02803e-14
1.08732e-14
1.08948e-14
1.12938e-14
1.18349e-14
1.09803e-14
1.09048e-14
1.20532e-14
1.19064e-14
1.1894e-14
1.2322e-14
1.15937e-14
1.16087e-14
1.75415e-14
2.96037e-10
468.477
375.46
19.0858
3.80302
0.772509
0.312293
0.164732
0.0126076
1.97541e-05
6.18442e-11
3.52969e-14
4.29565e-14
1.28372e-14
2.39675e-06
3.26718e-05
0.00142934
8.33491
6.71264e-05
2.36002e-06
1.56765e-09
8.08764e-12
5.12346e-14
3.46886e-14
1.6003e-12
2.18175e-10
3.41871e-11
2.21859e-13
3.36073e-14
2.4116e-14
2.91135e-14
8.06139e-14
2.14775e-05
3.19532e-07
4.32118e-09
6.37294e-10
3.90649e-13
1.15025e-14
1.09703e-14
1.2095e-14
1.13313e-14
1.12535e-14
1.27655e-14
1.10066e-14
1.08236e-14
1.30476e-14
1.1958e-14
1.18635e-14
1.25378e-14
1.26373e-14
1.35274e-14
1.2772e-14
3.52639e-14
9.13621e-05
26.4863
0.0162336
0.248959
0.688104
0.676373
0.341215
0.0303891
8.77882e-06
9.6753e-11
2.60623e-14
2.66016e-15
1.48275e-14
8.14726e-15
8.27004e-12
1.17399e-09
1.583e-06
0.000123065
3.32503e-05
4.10327e-08
8.94802e-11
1.68373e-13
1.92128e-14
1.98955e-14
3.62033e-14
4.2361e-11
6.13224e-09
2.22247e-09
6.60278e-11
6.95659e-12
2.29792e-13
5.27307e-14
7.99658e-14
2.14784e-05
3.19784e-07
4.32022e-09
6.37397e-10
3.88869e-13
1.15728e-14
1.09471e-14
1.20701e-14
1.12265e-14
1.11788e-14
1.26804e-14
1.12517e-14
1.0645e-14
1.22083e-14
1.15195e-14
1.13811e-14
1.16275e-14
1.25656e-14
1.18031e-14
1.10157e-14
1.30253e-14
5.98601e-11
57.4182
52.8195
3.31391
4.28833
7.89765
2.36109
0.767407
0.0105928
8.62426e-06
3.20971e-11
1.50715e-14
8.48029e-15
2.10747e-14
0.000344693
0.0165238
1.43131
0.188742
2677.25
1.46575e-05
2.38046e-08
6.46387e-15
3.72568e-11
4.37292e-13
3.46857e-12
1.51662e-08
1.9631e-06
3.44755e-07
1.33304e-09
3.76236e-11
3.25183e-13
4.80751e-14
7.90162e-14
2.14727e-05
3.2219e-07
4.5161e-09
6.75772e-10
4.17422e-13
1.28125e-14
1.19148e-14
1.26336e-14
1.11347e-14
1.07734e-14
1.29655e-14
1.11637e-14
1.06857e-14
1.09795e-14
1.15757e-14
1.15918e-14
1.17079e-14
1.42429e-14
1.15467e-14
1.15946e-14
3.01326e-14
0.000837242
0.000377008
0.0756159
0.136735
0.0269223
0.120589
0.0216419
0.00500031
2.30163e-05
3.7225e-11
1.76541e-13
1.58989e-14
1.36689e-14
7.02718e-16
8.19747e-07
9.02631e-06
0.00142627
0.0110358
2.46965e-06
1.32119e-07
6.69905e-10
2.41876e-17
6.20581e-16
7.01282e-14
5.57531e-15
1.12848e-08
1.85475e-05
1.02887e-05
2.49118e-07
6.7173e-09
1.48586e-10
3.35424e-12
3.4937e-13
2.14737e-05
3.2244e-07
4.51015e-09
6.74143e-10
4.1404e-13
1.27428e-14
1.18539e-14
1.2567e-14
1.10697e-14
1.0918e-14
1.28948e-14
1.13317e-14
1.06715e-14
1.08119e-14
1.08455e-14
1.14986e-14
1.15626e-14
1.30741e-14
1.1644e-14
1.12323e-14
1.22252e-13
38.7357
0.410244
0.000551957
0.371158
2.93767
1.99697
0.423791
0.0660446
0.000172183
1.02823e-10
7.13007e-14
2.06149e-14
1.28925e-14
1.23268e-14
7.79569
0.667542
204123
4942.95
357441
1.72999
0.000387148
5.11161e-14
1.64012e-07
1.85752e-09
3.72185e-09
3.2253e-07
6.72138e-05
2.93547e-05
1.27111e-06
1.41728e-07
1.01808e-09
8.06091e-12
6.95966e-13
2.14705e-05
3.21938e-07
4.44284e-09
6.61944e-10
4.02387e-13
1.24643e-14
1.13893e-14
1.13656e-14
1.19895e-14
1.20782e-14
1.21323e-14
1.29097e-14
1.13493e-14
1.0542e-14
1.14307e-14
1.15102e-14
1.35561e-14
1.16336e-14
1.0895e-14
1.1636e-14
1.24074e-14
8.3396e-06
2.45566e-05
0.000122393
0.0017267
0.000424534
0.0169077
0.00581061
7.61858e-06
8.84633e-08
2.11822e-09
1.11076e-12
1.5637e-14
2.64374e-14
1.80366e-08
5.60757e-09
0.00110309
12.7234
86.8413
0.005758
0.569786
5.5693e-07
3.42289e-16
3.4516e-17
1.65392e-15
8.86758e-14
3.68933e-07
0.000293439
0.00118764
0.000307818
1.28922e-05
4.27483e-07
7.4699e-09
1.85117e-10
2.14714e-05
3.22164e-07
4.43828e-09
6.60517e-10
3.99209e-13
1.23949e-14
1.13279e-14
1.13123e-14
1.17112e-14
1.1901e-14
1.20213e-14
1.27118e-14
1.10694e-14
1.05009e-14
1.12068e-14
1.12561e-14
1.32499e-14
1.17242e-14
1.11906e-14
1.1193e-14
1.54946e-14
0.12894
0.00971081
0.000150062
0.27584
0.0729734
0.739855
0.0307714
1.58468e-06
3.62098e-11
8.61991e-13
3.78662e-14
1.23742e-14
1.17377e-14
1.81481e-14
712041
6246.87
663688
765184
8.7034e+06
70256.2
1.82038
3.52289e-10
5.46748e-07
8.94959e-07
1.05021e-07
6.91447e-09
0.0659997
0.00515388
3.25837e-06
6.34966e-06
6.02389e-07
8.19735e-09
2.58903e-10
2.14663e-05
3.21948e-07
4.45001e-09
6.62424e-10
3.88197e-13
1.16555e-14
1.07122e-14
1.08708e-14
1.11437e-14
1.13033e-14
1.22159e-14
1.11248e-14
1.08796e-14
1.18381e-14
1.19432e-14
1.2661e-14
1.16378e-14
1.1343e-14
1.18756e-14
1.24601e-14
1.23539e-14
8.97611e-15
1.20664e-06
5.06478e-06
1.09583e-05
9.05704e-06
0.000138261
1.44097e-06
4.35594e-10
1.10646e-10
3.19425e-13
1.46027e-14
1.33156e-11
1.87796e-09
0.00866793
0.0244892
189.868
90645.5
552609
1415.72
109454
0.179624
2.93083e-11
1.12778e-16
8.14107e-18
3.32933e-09
2.05726e-06
0.0198009
0.00358313
0.000670801
0.000527802
0.000169299
7.40681e-06
1.19162e-07
2.14673e-05
3.22188e-07
4.44531e-09
6.61106e-10
3.84924e-13
1.15959e-14
1.06543e-14
1.08036e-14
1.10468e-14
1.12096e-14
1.22108e-14
1.10793e-14
1.08198e-14
1.1397e-14
1.12062e-14
1.11115e-14
1.15287e-14
1.28256e-14
1.28506e-14
1.32778e-14
1.19624e-14
1.77408e-05
3.22012e-05
7.72655e-05
0.0001595
0.0200534
0.0140223
0.000166583
8.88983e-10
1.18869e-12
1.52906e-13
1.34792e-14
1.24866e-14
4.33731e-12
1.44831e-14
6.65299e-06
957527
732075
1.03922e+07
7.1315e+06
1.5417e+07
4080.83
1.75205e-05
9.3999e-06
7.68595e-05
0.000398722
0.00541902
18.2056
0.775466
0.00429513
0.000105219
2.75547e-06
1.45909e-06
3.76537e-08
2.14645e-05
3.22047e-07
4.44579e-09
6.62522e-10
3.907e-13
1.17049e-14
1.07604e-14
1.10347e-14
1.11872e-14
1.13063e-14
1.21138e-14
1.13938e-14
1.13919e-14
1.3131e-14
1.14119e-14
1.1002e-14
1.10269e-14
1.07543e-14
1.10891e-14
1.16492e-14
1.37969e-14
2.22351e-16
3.49199e-11
1.25571e-07
2.2352e-07
5.27882e-07
7.46164e-08
7.22147e-09
1.49611e-10
1.67869e-13
1.31181e-14
1.26541e-14
1.2592e-14
1.33496e-11
1679.56
5981.58
549403
5.08197e+06
6.33297e+06
2.46126e+06
1.2644e+07
565.989
3.99748e-07
1.32286e-14
2.74776e-16
0.000147126
0.00571621
0.151727
0.0128911
0.00332944
0.000526505
9.71771e-05
8.6599e-05
4.02707e-06
2.14653e-05
3.22299e-07
4.4431e-09
6.61626e-10
3.87557e-13
1.16593e-14
1.0725e-14
1.09173e-14
1.09824e-14
1.11032e-14
1.19748e-14
1.1351e-14
1.1354e-14
1.3101e-14
1.1475e-14
1.09278e-14
1.27844e-14
1.13431e-14
1.13218e-14
1.17299e-14
1.29913e-14
3.78308e-10
5.26433e-08
7.05387e-06
1.33556e-05
0.000608338
1.11795e-06
3.62663e-09
8.91994e-11
2.71734e-13
1.77948e-14
1.36978e-14
1.79157e-10
1.10453e-07
6.25627e-06
16.688
4.82745e+06
9.25495e+06
1.14513e+07
1.22294e+07
2.49126e+07
99492.6
0.0183133
0.00379444
0.0502577
0.961943
22.1103
181.502
4.30963
0.481388
0.0156765
8.86512e-06
1.706e-07
7.87261e-08
2.14609e-05
3.22041e-07
4.45865e-09
6.66274e-10
3.93342e-13
1.17016e-14
1.07568e-14
1.10162e-14
1.11648e-14
1.13018e-14
1.21838e-14
1.08324e-14
1.07905e-14
1.16169e-14
1.15304e-14
1.34188e-14
1.14048e-14
1.05874e-14
1.06036e-14
1.06785e-14
1.20487e-14
1.21106e-14
2.9728e-14
2.74207e-12
4.91735e-12
7.44078e-10
3.9457e-10
2.65146e-12
2.8144e-14
1.31166e-14
1.16306e-14
1.10362e-14
5.20875e-12
3.53575e-14
145319
758297
7.97974e+06
9.28432e+06
9.52185e+06
1.01243e+07
6.19004e+06
3.3554
6.13644e-08
3.03595e-12
1.14159e-14
0.107726
0.33341
0.622046
0.018575
0.0026269
0.000361332
2.31008e-05
1.85684e-06
3.48537e-08
2.14618e-05
3.22302e-07
4.45517e-09
6.64974e-10
3.88954e-13
1.16425e-14
1.07079e-14
1.08972e-14
1.10277e-14
1.11445e-14
1.19224e-14
1.07957e-14
1.07442e-14
1.12396e-14
1.12775e-14
1.32231e-14
1.12493e-14
1.06495e-14
1.18412e-14
1.14058e-14
1.1448e-14
1.08183e-14
5.35007e-12
3.0181e-10
4.70487e-10
8.74008e-06
1.16559e-07
2.04318e-10
2.43682e-13
1.31892e-14
1.14507e-14
3.5676e-06
0.000508229
16.3508
216.332
4.38741e+06
9.92151e+06
1.13063e+07
1.21583e+07
1.36174e+07
6.86595e+06
69.1151
271.161
717.036
166.595
746.879
1261.14
391.246
27.0177
2.35285
0.106695
6.20013e-05
5.90094e-09
1.53882e-11
2.14595e-05
3.22179e-07
4.47061e-09
6.68825e-10
4.01094e-13
1.19256e-14
1.1007e-14
1.09202e-14
1.1236e-14
1.28187e-14
1.12064e-14
1.04409e-14
1.19754e-14
1.19483e-14
1.19368e-14
1.19855e-14
1.2781e-14
1.1166e-14
1.06483e-14
1.30275e-14
1.19697e-14
1.15896e-14
1.2556e-14
1.21093e-14
1.82354e-14
4.08764e-14
2.83318e-14
1.62102e-14
1.30237e-14
1.19619e-14
1.41798e-13
0.025659
3.23292
9.95179e+06
141540
7.86604e+06
8.99035e+06
9.94067e+06
9.99999e+06
1.00057e+07
6.96467e+06
769.512
0.427867
1.55053e-06
1.40418
3.67594
0.355912
0.554322
0.00178042
0.00025978
3.21709e-06
3.91269e-07
1.32968e-09
8.53025e-09
2.14603e-05
3.22423e-07
4.46722e-09
6.67524e-10
3.97411e-13
1.18148e-14
1.0878e-14
1.07966e-14
1.11433e-14
1.27394e-14
1.10977e-14
1.03979e-14
1.19285e-14
1.18575e-14
1.19299e-14
1.25087e-14
1.10377e-14
1.08445e-14
1.16081e-14
1.17162e-14
1.15731e-14
1.15265e-14
1.64062e-14
3.20519e-14
8.34796e-14
1.63638e-10
3.27835e-12
4.97787e-14
1.29212e-14
1.15302e-14
1.31456e-14
1.11379e-14
0.0249121
253755
3.10786e+06
9.00377e+06
1.07156e+07
1.24089e+07
1.25846e+07
9.88777e+06
7.26094e+06
2.96242e+06
29810.4
24778.1
17076.9
7931.37
1444.14
619.644
3.63464
1.18472
0.0261998
0.000302996
2.27474e-07
1.34285e-09
2.14567e-05
3.22189e-07
4.48291e-09
6.71471e-10
3.93727e-13
1.15985e-14
1.08759e-14
1.18137e-14
1.11759e-14
1.09238e-14
1.10733e-14
1.11928e-14
1.26457e-14
1.12068e-14
1.1045e-14
1.17029e-14
1.1828e-14
1.39486e-14
1.13819e-14
1.10042e-14
1.19375e-14
1.18686e-14
1.40214e-14
1.18686e-14
1.1634e-14
1.47221e-14
1.20697e-14
1.16861e-14
1.44674e-14
1.1839e-14
1.11815e-14
6.87654e-16
0.0279346
189882
2.40961e+06
8.18473e+06
9.35071e+06
1.04683e+07
1.02543e+07
9.70452e+06
6.53589e+06
105308
13281.2
3.47632
71.4688
2.32781
0.0860788
0.0345592
0.0342345
0.00148157
7.15674e-06
1.53784e-07
8.86829e-08
7.31603e-08
2.14576e-05
3.22433e-07
4.47845e-09
6.70268e-10
3.90897e-13
1.17777e-14
1.09385e-14
1.11342e-14
1.13627e-14
1.19334e-14
1.10587e-14
1.1023e-14
1.2909e-14
1.11401e-14
1.09368e-14
1.15064e-14
1.17008e-14
1.38987e-14
1.14947e-14
1.08744e-14
1.19854e-14
1.1881e-14
1.18703e-14
1.26143e-14
1.20462e-14
1.96296e-14
1.38723e-14
1.16073e-14
1.42358e-14
1.19648e-14
1.11352e-14
5.68658e-14
3.57106e-17
8.42509e+06
8.35197e+06
9.99172e+06
1.15455e+07
1.30557e+07
1.29584e+07
9.90199e+06
3.63969e+06
798576
54807.8
37106.9
30091
4522.42
169.944
90.7707
48.873
2.69628
0.000411037
3.58563e-06
1.28949e-07
6.09775e-08
2.14559e-05
3.2232e-07
4.50638e-09
6.75908e-10
3.95557e-13
1.18545e-14
1.15579e-14
1.07918e-14
1.07219e-14
1.09658e-14
1.15193e-14
1.10114e-14
1.09146e-14
1.30501e-14
1.19364e-14
1.1543e-14
1.1864e-14
1.26009e-14
1.19009e-14
1.18672e-14
1.35002e-14
1.25712e-14
1.23414e-14
1.40143e-14
1.18443e-14
1.1189e-14
1.38295e-14
1.13655e-14
1.1093e-14
1.11596e-14
1.02056e-14
1.0789e-09
262350
381509
5.91809e+06
7.09186e+06
8.64134e+06
9.79896e+06
9.16551e+06
6.83196e+06
2.32445e+06
208573
31624.8
699.954
12.8277
3.62969
0.0196237
0.463777
0.0689836
4.35168e-06
0.000628002
3.58605e-05
1.21488e-07
1.04917e-07
2.14566e-05
3.22551e-07
4.50231e-09
6.74505e-10
3.92573e-13
1.18277e-14
1.15159e-14
1.09163e-14
1.0889e-14
1.0888e-14
1.1532e-14
1.09799e-14
1.08869e-14
1.29922e-14
1.18905e-14
1.14577e-14
1.2005e-14
1.19883e-14
1.20588e-14
1.20353e-14
1.24922e-14
1.3033e-14
1.32594e-14
1.39314e-14
1.18893e-14
1.07692e-14
1.2723e-14
1.11279e-14
1.0779e-14
1.16398e-14
1.11821e-17
4.3698e-09
23707.5
199176
7.51366e+06
8.38894e+06
1.04607e+07
1.17357e+07
1.0802e+07
7.95046e+06
3.83548e+06
472788
90840.3
31920.1
1268.4
132.002
3.70514
0.0112961
0.163261
3.22587e-07
2.93892e-05
1.48526e-06
7.30657e-07
4.95682e-07
2.14539e-05
3.22343e-07
4.51627e-09
6.78135e-10
3.97092e-13
1.18669e-14
1.15513e-14
1.09148e-14
1.08645e-14
1.12204e-14
1.12308e-14
1.14169e-14
1.2102e-14
1.11095e-14
1.0755e-14
1.08886e-14
1.10122e-14
1.10529e-14
1.14813e-14
1.3831e-14
1.15235e-14
1.09849e-14
1.14787e-14
1.1641e-14
1.32467e-14
1.3324e-14
4.80389e-09
1.16052e-14
4.22077e-08
1.57502e-10
2.26389e-08
6106.95
268.28
9.11342e+06
5.45735e+06
6.44661e+06
6.98356e+06
7.12161e+06
5.95976e+06
2.3741e+06
776313
141339
23541.6
4235.82
59.4462
80.1158
9.77694
1.85577
0.00015776
1.41242e-05
0.00215172
0.000405735
8.42259e-05
3.50141e-05
2.14547e-05
3.22588e-07
4.51493e-09
6.76943e-10
3.9349e-13
1.18368e-14
1.14862e-14
1.11213e-14
1.1074e-14
1.13808e-14
1.14419e-14
1.14301e-14
1.21134e-14
1.10698e-14
1.07282e-14
1.26393e-14
1.17175e-14
1.11192e-14
1.16377e-14
1.28037e-14
1.1455e-14
1.09401e-14
1.22591e-14
1.23513e-14
1.3398e-14
1.32694e-14
1.36123e-14
8.39542e-17
1.12354e-14
1343.7
24.5444
556.191
209885
4.25851e+06
5.54687e+06
6.39523e+06
7.87615e+06
8.85991e+06
6.83486e+06
4.77844e+06
1.18482e+06
198913
66259.3
21603.7
1926.53
180.302
16.7072
0.844912
0.0380447
2.09866e-05
0.000145461
6.41337e-05
2.69332e-05
8.39637e-06
2.14535e-05
3.22453e-07
4.36782e-09
6.48281e-10
3.76843e-13
1.1372e-14
1.03886e-14
1.03602e-14
1.05827e-14
1.08244e-14
1.10986e-14
1.12859e-14
1.15807e-14
1.22235e-14
1.09856e-14
1.08399e-14
1.21932e-14
1.22502e-14
1.24703e-14
1.33279e-14
1.09793e-14
1.0844e-14
1.2074e-14
1.2016e-14
1.17223e-14
1.82183e-15
6.89557e-07
1.26002e-09
6.09696e-06
1964.83
53.1844
11490.4
566079
649255
2.45686e+06
4.85143e+06
4.29181e+06
2.8494e+06
2.50915e+06
658467
268845
93097.3
19163
6516.59
53.4942
608.212
6.18748
0.678018
0.71594
0.0144174
0.00869754
0.00273977
5.67629e-05
3.26592e-05
2.14541e-05
3.22667e-07
4.3647e-09
6.47206e-10
3.67865e-13
1.11161e-14
1.04451e-14
1.04189e-14
1.03285e-14
1.04195e-14
1.14363e-14
1.15095e-14
1.15032e-14
1.23847e-14
1.09701e-14
1.08891e-14
1.28496e-14
1.12316e-14
1.09379e-14
1.35169e-14
1.149e-14
1.08273e-14
1.17051e-14
1.15615e-14
1.19404e-14
1.17302e-14
6.70554e-07
1.13431e-06
179.278
12.5047
110503
139139
487502
1.79675e+06
3.13907e+06
3.91479e+06
4.60832e+06
5.38706e+06
4.75006e+06
1.77578e+06
417844
79560.4
38108
20656.3
8259.78
1493.73
1329.03
97.9058
4.93292
0.0127415
8.83923e-07
4.25587e-05
2.53074e-05
5.37391e-06
2.14518e-05
3.22409e-07
4.53413e-09
6.9395e-10
5.79912e-13
2.27452e-14
7.25882e-12
9.36982e-11
6.94746e-10
4.27089e-09
1.7417e-08
2.69523e-08
5.21884e-08
9.34068e-08
1.75146e-07
2.38247e-07
2.32014e-07
2.88329e-07
2.24653e-07
1.04194e-07
7.56859e-08
5.72315e-08
6.36699e-08
6.14876e-08
1.8932e-07
9.56899e-06
80.3367
22.3899
6.64147
8.00946
0.053802
1228.52
9526.05
37646.4
380671
1.99924e+06
2.02345e+06
645404
445706
121957
98613.2
52548.3
19491.9
15746.6
2684.63
1186.36
17.8412
21.8087
0.220119
0.0147641
0.00696442
0.00491543
6.64754e-05
0.000217645
2.14524e-05
3.22604e-07
4.51032e-09
6.88333e-10
5.72852e-13
1.72833e-14
7.51094e-12
7.77353e-11
6.62882e-10
3.43245e-09
3.70714e-08
7.41648e-08
1.49069e-07
2.55657e-07
4.31526e-07
4.1502e-07
3.48823e-07
3.2231e-07
3.70518e-07
3.02514e-07
3.48292e-07
2.41169e-07
1.92519e-07
2.08279e-07
2.4634e-07
183.573
5.90491e-05
57.1117
55.9598
28.3061
754.583
1.24254e+06
899.625
6.46879e+06
1.57743e+06
2.40527e+06
2.55278e+06
2.11628e+06
1.97629e+06
262586
108907
52091.8
26538.9
38891
25336.9
4805.73
2117.65
104.952
6.55732
0.485714
1.58769e-05
0.0128879
6.74842e-06
0.000117017
2.15367e-05
2.83015e-07
6.82347e-05
0.00192612
0.0157933
0.0114304
0.0295303
0.050798
0.0876651
0.119465
0.144335
0.170869
0.1906
0.219491
0.235671
0.285871
0.307729
0.320898
0.332895
0.351265
0.287549
0.327407
0.340846
0.355718
0.39067
0.397763
0.460481
0.487507
0.298709
0.641799
75.9927
21.7012
194.065
328.338
0.224023
3879.49
81804.5
220230
27972.6
1773.11
11338.7
23738.9
10867.5
20346
8495.57
2953.08
157.799
1316.8
0.271884
0.0190535
0.0113569
0.0042342
0.00395074
0.00386656
2.15352e-05
2.63335e-07
6.13519e-05
0.00178719
0.0124361
0.0103079
0.0284088
0.0510172
0.0788963
0.108471
0.148149
0.179862
0.213398
0.240024
0.262023
0.296183
0.310689
0.296726
0.334569
0.354485
0.322062
0.360446
0.379695
0.349559
0.395734
0.422958
0.431177
0.503579
0.492733
0.567725
27.1634
522.091
1058.71
6787.53
168944
1.27995e+06
2.39431e+06
1.27446e+06
518325
41324.7
14480
25122.3
11759.3
43331.9
42859.2
1339.05
314.697
2477.34
116.358
1.7402
0.00693256
0.0129303
0.0129719
0.00900299
34.8529
36.4183
36.9957
37.7108
38.272
39.4616
40.4908
41.6717
42.8085
43.7582
44.9709
45.7302
46.8511
47.6143
48.4166
48.9392
49.9055
50.3601
51.1754
51.5536
52.1672
52.6676
52.603
56.1252
53.4782
61.1124
57.8824
59.1672
67.9703
59.0946
63.1203
71.7141
62.1084
66.5135
91.6387
11.4236
893.888
2070.68
159.973
94.9407
325.835
3.74931
3085.24
5156.31
9853.12
29141
3071.56
73.8015
24.8984
14.2134
26.6783
18.5736
32.1387
72.5544
34.9449
36.3019
37.041
37.7784
38.5005
39.4509
40.5016
41.7599
42.9705
43.9671
45.128
45.8894
46.8311
47.3085
47.9703
48.5967
49.2079
49.9403
50.4053
50.6589
51.4703
52.039
52.7877
55.0284
53.5013
58.7064
53.8437
59.7844
65.5095
59.6905
60.7611
65.127
67.3147
115.235
127.733
20382.9
210698
57685.1
31351.5
1558.55
470.44
171.513
982.396
7805.67
11102
72746.3
9100.95
98.8597
3.79424
13.7353
16.1777
15.3706
3.8269
44.2822
0.0274197
0.53856
14.7949
0.00272637
1.33221
0.00939039
0.167813
3.6476e-05
16.9963
8.94476
102.038
4626.73
297.886
2908.53
17511
21.1921
490.251
1264.86
5.94368
183.8
0.293267
0.0019866
1.79128
0.00579981
10.5572
56.5243
2.2963
6.83483
13.6541
231.261
18.7531
1131.25
78.7844
2.76072
40.145
150.832
5.29911
91.4146
3.18331
58.9951
145.041
0.00560281
8.00113
1.25163
0.925286
268.465
63.9216
3.38916
0.000987255
0.0276026
0.173907
0.00112066
8.87364
4.93172
5.9641e-07
4.13765
14431.3
1.03846
0.00382155
32.6798
3.24232
20.7645
6.3835
68585
0.114437
6.64319
8.53495
60.5718
461.173
437.132
1.46966
1.34647
17.4564
0.000156271
9.3133e-06
4.17281
0.0100055
1.82309
0.0333304
0.0746549
0.069993
0.574284
0.626016
0.0936454
0.00582357
0.654654
0.362094
0.726936
0.401425
172915
0.000300508
398721
2738.74
34480.6
0.000578242
5155.63
126.442
37.7287
1517.23
12.6542
2.31105
0.790054
486.76
1733.28
1.37619
0.299782
46.1902
26.0757
0.00404472
1.53169e-05
2.02903e-06
0.00159453
0.0311145
0.0250396
0.000731848
0.297205
0.0567339
9.61684e-06
0.0172457
0.0872271
22.8723
24.4279
0.849007
1.85321
0.140865
8.46446
2.04018
28.1257
5.15568
6159.5
5.06013e-10
394.462
13.0033
137.853
142.936
1114.07
299.946
19824.1
965.933
28.1121
4520.5
566.548
77.6198
16.7705
9.05369
5.64704
135.929
57.1844
0.931942
7.91175
0.309276
2.67395
0.0179046
0.00481199
0.0852411
0.122388
0.00456442
3.30651
0.0362414
4.07701
0.389654
0.0666294
0.0432729
1.97137
23.0423
5.87286
5.29014
0.881968
2.99756
4.05169
0.759356
158.627
8.74453
7.94124
44.0388
3.233
4.83839
4.01709
0.0883409
0.0109168
0.0649508
0.0129886
0.000702128
0.544719
0.33844
35.8445
0.612567
8.37722
0.0480871
0.00323021
0.0525129
0.0502761
0.0297577
0.871871
1.28506
0.0283005
6.86776
0.341248
2.28093
14.2933
0.748786
34.6183
2.02872
0.0675078
0.0255574
0.0115189
1.8849
1.46805
1.98743
1.50255
0.228975
9.93552
0.189592
0.777187
1.19589
1.11583
1.7711
0.834338
3.37799
0.48488
1.6494
48757.5
257.149
3212.99
14026.2
13952.8
32941.6
1257.96
14165.4
19609.6
97.7326
1297.56
14415
133927
566.691
388430
611224
7425.2
546.258
32294
27330.4
139775
51547.9
29537.9
13916.4
367.748
390.976
1149.28
820.928
609.799
33.7852
0.992078
19.1044
0.858703
17.1576
1.71719
4.83635
2795.04
8398.88
346.943
507.407
64.1079
114.167
1673.22
1.04955
0.902251
0.279686
0.0104002
0.0213694
0.00224344
0.495332
0.996721
1.31628
0.282004
0.0337286
21.2662
0.328589
0.0761624
0.303447
1.8162
0.337847
0.348735
0.106183
12.7572
90.8615
3.49214
1.43209
39.9697
282.344
32.4899
31.7209
11.7023
1.10438
4.59942
50.7378
41.0372
19.1304
49.7118
78.138
35.0463
116.391
4.10848
17.802
36.3847
42.1163
2.22044
1.37532
34.0071
752.555
388.795
131.871
171.349
38.2932
24.5776
6.65933
1.65654
31.1962
2.2253
2.30409
3.40315
18.1464
195.967
11.4833
18.9604
17.2441
12.0185
1.6659
54.9887
41.4814
405.179
57.1203
117.43
68.0093
24.4609
0.251076
77.1127
151.686
17.1729
8.47235
58.1322
644.835
288.339
734.938
154.965
525.621
49.8095
0.000199662
0.654963
1.30523
0.00307263
0.0220039
11.1967
0.0016955
146422
14658.9
504262
355694
376823
100705
537312
12.0009
40.687
57.3603
33799.3
5.29152
220.165
2400.43
0.651397
0.025176
0.0677682
0.0929821
0.0524089
0.190332
0.260414
0.646679
0.0285256
0.013342
0.104622
0.00038553
0.165535
0.527015
82617.8
578775
21411.4
105702
49007
650013
21986.5
37.1553
37.7987
101.924
1.26619
110.902
2.58119
44.0947
602.922
706.342
1194.67
1825.25
1069.68
1866.64
1400.68
0.0308587
0.000179957
0.0156489
0.0808591
0.00287984
0.952274
0.0144478
0.0710255
0.00831752
0.00189041
0.328426
0.00112726
0.10319
0.0342359
27.9665
2.06909
22.076
91.8247
14.0127
154.603
23.8071
104.159
17.9361
103.294
6.40727
1.17877
36.0773
80.1183
352.04
159.665
14.3557
138.357
57.1596
901.17
14.3995
1.65141
83.8371
192.118
80.0269
0.858167
12.9964
811.957
40.4173
40.368
135.53
1156.5
44.7382
70.2504
628.741
25.6849
1.58721
262.202
4.35774
0.992942
561.86
538.529
1.76405
1.62333
0.865876
1.55158
0.806082
2.5307
1.1784
3.45562
1.3024
2.69104
1.66203
3.22779
6.88805
2.38605
5.37934
2.5594
1.37995
0.491113
1.3238
2.25612
0.720047
0.619248
245.096
124.746
22.0963
1383.29
93.754
439.944
62.4543
273.969
1378.4
11.3393
482.005
4.11944
2.40733
14.7445
1.22816
6.10059
18.566
1.80838
627.155
10069
872.356
1832.73
0.308678
1.16431
0.0972184
0.261769
1.03913
0.24951
0.0905179
0.97946
0.456968
0.572471
1.28892
1.26805
1.14394
1.07152
1.31809
0.103117
0.197713
1.07384
0.0179563
0.943884
0.0464203
0.0577031
15.9915
25.5644
3728.51
2513.19
239.116
769.869
1500.53
2092.31
900.786
13358.2
24830.3
58634.5
192.782
26141.4
303505
26736.7
13156.1
142.594
36.9776
128.772
292.924
125.312
148.754
304.235
222.866
113.679
0.224707
0.0086895
1.26638
0.144708
0.00583149
0.174357
1.57655
4.55539
0.938759
6.37896
0.778865
3.52874
3.78261
2.4003
1.65479
0.168635
0.0727119
0.0016057
0.47275
0.0178994
0.654522
0.280256
0.317213
0.119244
1.4324
0.190466
0.183082
0.263151
1.71464
157.094
35.8187
9.18331
201.056
6.10491
3.86035
1.73965
8.49334
19.5155
96.2095
793.009
0.0053926
219.46
203.702
44.3137
0.0431817
0.0208594
0.762917
0.0735679
0.00931242
0.68053
0.0109477
0.897956
0.314617
0.589406
0.271432
1.37366
0.735155
0.978085
0.998235
0.0158177
0.0184289
0.06789
0.786995
0.00506668
0.366405
0.00523403
1.0771
0.646533
0.167917
0.127123
0.185882
0.859474
1.60385
0.0262196
1.24447
24.5427
609.469
2686.27
2.33629
2.62649
3.92778
16.5175
54398.4
113.748
73.1915
13.3514
1.75692
0.770141
1.142
1.57904
1.12904
2.67495
2.2809
2.51184
0.402596
1.91502
2.60497
2.07275
0.905234
6.34419
3.35799
3.92521
5.82926
4.51376
5.46559
5.58266
4.77583
2.38832
1.75368
1.70168
0.752699
2.20547
1.28537
1.00718
1.41632
1.55695
1.40735
1.44287
3.40036
1.40985
1.08082
2.77067
2.2459
74.7946
118.425
80.8032
43.9366
229.741
95.0843
178.211
144.72
3.48762
1.18699
0.650546
2.28436
0.730222
1.51963
0.798094
1.23012
3.02789
3.81099
1.36115
1.4876
3.30773
1.09848
2.14979
1.1815
35.8058
153.593
26.4732
25.7317
3.3388
1.63965
1.24112
2.33321
1.16864
0.70767
2.78073
76.3356
48.6696
84.2769
67.2221
5396.34
60117.3
4534.64
61962.6
44668.4
21044.4
736.383
45837.2
4048.41
2168.45
8473.36
2220.16
705.707
60623.3
404.977
24241.4
4178.94
7483.88
6942.78
14586.2
1783.88
29491.7
255.519
48413.9
9370.28
1807.25
19760.5
10319.9
210.52
86.7518
95.9537
52.9389
76.0316
209.702
1481.89
1087.04
297.891
564.149
854.294
8415.5
95.8952
13004.4
59.2143
143.449
10178.7
7212.16
31438.9
24975.1
50342.5
7901.7
2063.01
8.19031e+06
74755
217273
123385
6004.75
216.921
186.605
840390
1245.34
159.241
767765
203214
464964
119858
437364
87038.8
16389.1
38838.6
35651.6
399.956
14487.5
57926.9
132.194
10893
1.14465e+06
33016.4
19484.1
636876
57681.2
190550
136565
11868.9
359462
128542
82259
150257
107149
311304
139740
3571.77
41089.2
254.423
523.177
1306.81
451.801
763.841
1028.73
819.56
118.071
83.6799
92.7237
142.397
1383.02
822.077
1066.15
897.221
291.493
780.974
1376.66
213.533
1458.85
235.221
406.356
1.42494
1.39621
3.0196
4.39758
6.88009
150.315
4.07889
6.83263
6.46089
25.2154
49.1483
9.67507
78.795
2.85974
1.7393
1.06675
1.52254
2.73586
1.53929
1.99817
171.193
146.344
511.519
107.562
851.721
4941.25
51.9282
744.961
2526.56
297.26
233.323
93.2727
810.223
1434.58
256.965
73.7828
780.887
1357.56
357.723
533.206
165.225
295.496
575.955
667.804
758.487
648.176
108.561
289.237
1.20556
1.2127
0.283847
1.07062
0.0624882
0.228533
0.295769
0.955281
0.0802358
2.6579
49.6048
16.4649
2.91446
1.75578
1.08053
1.29224
1.55012
0.439861
0.398493
1.93836
0.202418
1.2646
1.42828
0.189448
1.11743
1.70323
0.614667
1.54272
0.239211
0.346319
1.47593
0.299267
0.542256
2.04779
1.47819
2.07145
3.11769
2.62294
2.09792
3.09174
3.3856
0.447158
0.29481
1.24887
0.0729383
1.51285
0.0602175
0.116352
0.398824
1.56945
0.339488
0.0585167
1.69183
0.350676
0.0841732
1.4341
13.3412
5.55798
4.08338
4.15158
3.42634
4.33794
2.5413
0.387358
0.40848
1.6292
0.0450454
1.71893
0.0534276
0.30278
2.71757
20.4504
0.871165
48.157
7.64715
6.23961
3.4821
61.7203
91.2254
33.8437
69.2924
245.248
116.92
141.578
198.205
13.5696
24.0435
20.6294
18.9719
21.7503
17.9544
15.1276
230.33
68.111
53.7041
197.074
4.60064
130.003
5.13224
2156.53
83.2248
106.131
75.9983
35.0521
213.513
186.533
38.7801
87.9774
41.7692
22.856
64.197
17.8031
4.17226
45.7403
18.7927
10.9059
399.523
131.266
545.937
22.4509
81.3898
1884.69
96.832
26.5442
0.38106
1.2899
11.3836
161.925
3.35027
2.40499
1116.27
0.82988
48.7246
2475.18
8.6951
287.07
1025.39
0.960228
370.945
359.937
260.707
404.471
1895.36
141.504
1429.64
45294
667.006
28.0821
4393.13
65187.1
1.64677
2.69673
3926.36
435.904
59.7399
282.205
149.305
300.017
36.8444
696.88
2.00314
0.806283
591.167
269.091
28.3734
58.3012
167.059
528.308
3.75398
560.942
820.961
1967.69
1301.65
911.278
16933.8
835.935
4163.07
230.051
241.726
443.575
6637.29
102.964
2940.58
6820
342.347
139.003
0.375919
0.48864
1.94343
0.0482292
1.95255
0.0756172
0.422797
4.81997
3.93422
3.22858
5.8336
0.706137
0.856019
1.48004
0.483778
0.432663
3.10738
0.818241
2.77092
7.19046
0.76005
1.65954
46.6967
11.8633
3.04603
29.6584
217.482
6.27739
11.026
1344.6
81.8575
3276.23
474.292
131.941
1768.44
49.6944
57.0679
111.722
188.562
113.353
532.684
193.322
479.541
283.967
36.0972
28.9691
53.755
6.61865
8.16428
33.7794
130.547
118.776
54.9553
70.2602
147.257
113.454
179.477
149.844
104.844
25.5497
211.999
82.6916
47.7707
36.1652
100.264
1035.34
205.091
115.405
190.937
605.652
57.6692
75.9914
123.268
243.47
24.4562
493.257
203.084
81.6645
764.542
1169.72
468.711
241.943
609.527
263.966
726.942
682.442
407.784
177.037
898.822
1802.3
180.243
78.0828
749.59
1196.87
151.791
877.524
896.594
55475.2
873.36
59887
1478.35
166.3
95.0753
69.594
285.569
149.87
58.8747
97.6907
54840.6
2.84855e+06
13.9723
32309
174.226
420.563
4094.52
212.635
137.702
1364.93
5522.36
3714.31
288495
465092
147810
8518.55
36527.3
75138.9
2369.89
818.248
194.279
3775.6
1041.85
162.972
9044.95
1242.18
)
;

boundaryField
{
    inlet
    {
        type            freestream;
        freestreamValue uniform 0.14;
        value           uniform 0.14;
    }
    outlet
    {
        type            freestream;
        freestreamValue uniform 0.14;
        value           nonuniform List<scalar> 
60
(
285.333
570.352
0.14
0.14
0.14
0.14
76.5618
43.897
0.14
0.14
0.14
0.14
7.99872e-07
1.15748e-07
0.14
0.14
5.77466e-07
6.87984e-07
0.14
0.14
5.59099e-09
2.0175e-08
1.39243e-09
0.14
6.04533e-12
5.72575e-12
8.90968e-14
6.66594e-14
1.0564e-13
1.13458e-13
8.61916e-14
8.06139e-14
7.99658e-14
7.90162e-14
3.4937e-13
6.95966e-13
1.85117e-10
2.58903e-10
1.19162e-07
3.76537e-08
4.02707e-06
7.87261e-08
3.48537e-08
1.53882e-11
0.14
0.14
0.14
6.09775e-08
0.14
0.14
3.50141e-05
8.39637e-06
0.14
0.14
0.14
0.14
0.14
0.14
72.5544
44.2822
)
;
    }
    rightSide
    {
        type            symmetryPlane;
    }
    leftSide
    {
        type            symmetryPlane;
    }
    duct
    {
        type            nutUWallFunction;
        Cmu             0.09;
        kappa           0.41;
        E               9.8;
        value           nonuniform List<scalar> 
216
(
4.57129
4.57091
4.55865
4.55622
4.49241
4.49151
4.3991
4.39987
4.28775
4.2894
4.1561
4.15828
4.00158
4.00419
3.82182
3.82482
3.61417
3.61736
3.37584
3.3793
3.10522
3.10947
2.80737
2.81273
2.49602
2.50093
2.20528
2.21012
2.04194
2.03618
2.00619
1.91051
2.27837
2.43916
3.42929
2.73443
3.54927
2.97953
5.16474
3.55821
5.99355
4.15949
6.11245
4.66112
6.59247
4.77072
7.47087
5.23356
8.54324
5.61593
9.7646
6.01646
10.3873
6.05816
11.2028
5.9424
10.5789
4.62028
10.398
3.89046
9.98127
1.8756
8.88733
4.08196
7.38579
4.96963
5.16506
6.09464
6.28399
7.40635
4.2924
7.82718
3.16735
8.06801
3.88926
8.16192
5.45467
8.02425
7.06334
7.67292
8.43091
7.13892
9.25836
6.23783
9.26077
4.42347
8.60439
2.09425
6.30828
1.91199
5.0461
6.44003
7.44662
7.40991
11.5855
10.2
15.5522
11.6064
13.8998
4.2432
9.5634
10.2076
7.0294
8.87258
12.6037
11.8445
25.7656
25.025
4.56868
4.5688
4.57336
4.57281
4.60404
4.60201
4.65187
4.64998
4.7109
4.7092
4.7784
4.77686
4.85445
4.85308
4.93939
4.93807
5.03278
5.03137
5.13372
5.13203
5.24038
5.23829
5.35061
5.34809
5.46306
5.46013
5.57598
5.5728
5.68869
5.68515
5.79909
5.79497
5.90604
5.90151
6.00951
6.00576
6.11563
6.11304
6.23304
6.23324
6.3698
6.37184
6.52441
6.52542
6.69152
6.6877
6.84913
6.84832
7.0156
7.0118
7.16822
7.16527
7.33715
7.33657
7.5033
7.51476
7.68884
7.69763
7.90701
7.92015
8.15516
8.17014
8.44794
8.46144
8.81583
8.81042
9.25916
9.27214
9.68392
9.73746
10.1915
10.1828
10.421
10.5426
10.6011
10.6992
10.7789
10.1721
10.1582
9.36952
8.5462
9.22517
7.05644
9.23253
7.53085
9.81198
6.5005
9.39818
5.58262
7.89048
2.92283
5.89202
4.93777
8.94008
11.723
10.6954
15.9426
11.9053
16.4871
11.0553
18.1185
9.56338
17.545
9.9806
11.5931
6.74026
17.6973
19.9217
)
;
    }
    cylinder
    {
        type            nutUWallFunction;
        Cmu             0.09;
        kappa           0.41;
        E               9.8;
        value           nonuniform List<scalar> 
448
(
0.195688
0.242817
1.90319
0.856961
0.256165
0.529419
0.26007
0.269964
0.463823
0.88659
0.418408
0.421218
0.571347
0.264852
0.34603
0.704628
0.455097
0.468019
0.446284
0.778945
0.566441
0.900933
0.571437
0.546293
0.323587
0.394884
0.551487
0.549272
0.534221
0.782713
1.1087
2.74697
0.663528
0.603337
1.45276
1.42415
1.11622
0.641389
0.63036
0.597615
1.4815
0.65593
0.642722
1.39795
0.539502
0.52206
0.935391
0.945781
0.174542
0.184944
0.52899
0.519069
0.962079
0.969036
1.03782
0.858926
0.424922
0.390711
1.2784
1.29163
0.736659
0.411767
0.429835
0.389849
1.35784
1.30034
0.429308
0.427508
0.162398
0.132097
0.432577
0.428065
0.243871
0.230822
0.17965
0.136345
0.523051
0.151881
0.512085
0.243665
0.253157
0.641852
0.610355
1.53052
1.4728
0.633974
0.653209
0.440027
0.451186
0.310261
0.307588
0.434855
0.318291
0.425469
0.439584
0.283569
0.283716
0.372064
0.323404
0.518076
0.468013
1.31148
0.412825
1.30974
0.511467
0.511568
1.18339
1.13076
0.358441
0.309208
0.958508
0.647354
0.563561
0.171215
0.457182
0.607909
0.499823
0.332555
0.356034
0.366632
0.97691
0.275204
0.336899
0.909775
0.61433
0.575021
1.26373
1.42053
0.436159
0.458294
0.309083
0.316595
0.39741
0.406227
0.396962
0.394592
0.24999
0.25192
0.479184
0.392379
0.585631
0.567958
0.539372
0.532827
0.940257
0.978277
0.592414
0.561904
1.26068
1.29276
0.641413
0.644337
1.24997
1.28571
0.165721
0.276082
0.336558
0.747654
0.422465
0.321864
0.44059
0.253275
0.363909
0.392779
0.203569
0.239628
0.575692
0.558707
0.523807
0.608148
0.855997
0.900078
0.605057
0.590326
0.619142
0.628104
1.21741
1.23733
1.15065
1.23645
0.55638
0.425198
0.553489
0.286221
1.40674
2.23809
1.03839
0.812186
0.539223
0.734577
0.170405
0.220782
0.56111
0.504381
0.636582
0.533769
0.387855
0.454775
1.71436
1.22839
1.22898
1.15608
0.918237
0.708325
0.702965
0.762594
1.59842
1.15948
1.20392
1.17477
0.793326
0.546716
0.580543
0.568618
1.27143
1.2465
0.395285
0.320298
0.437696
0.378913
1.16424
1.06719
1.23608
0.999484
0.542552
0.618206
0.486636
0.44887
1.44758
1.13151
0.491069
0.622096
0.546024
0.751368
0.706534
0.716575
1.19758
0.799408
0.759797
0.804399
0.3224
0.2018
0.277303
0.208955
0.970664
0.490294
0.463367
0.502795
0.522528
0.694273
0.727387
0.774461
1.1318
0.823929
0.453366
0.617058
0.438365
0.825753
0.407129
0.457448
0.584839
0.443084
1.3348
1.98481
1.4019
1.26889
1.39581
1.33203
1.34179
1.25555
0.699737
1.29407
0.87262
0.543452
0.974544
0.674721
0.0851695
0.166837
0.299913
0.106154
0.718698
0.951259
0.526814
0.540322
0.977308
0.742052
0.339352
0.228999
1.18537
1.73678
1.30442
1.24165
1.22235
1.34301
1.31827
1.27084
0.534568
0.782045
0.461764
0.133495
0.453041
0.505296
0.517777
0.57528
0.140081
0.481793
0.567615
1.36271
1.52605
1.52832
1.3032
0.240883
0.853179
0.791832
0.336776
0.266919
0.349311
0.368347
0.299544
0.388502
0.299109
0.282249
0.485182
1.30889
1.16339
0.441684
1.18744
1.21666
0.96622
1.26414
1.07307
1.06345
0.469176
0.585371
0.559483
0.607828
0.515567
0.67831
1.68129
2.82807
0.378756
0.449548
1.09845
1.6929
0.930836
0.658965
1.38184
1.23601
0.327275
0.337715
0.263536
0.338187
0.412907
0.494227
0.736771
0.267249
0.487191
0.704922
0.474771
0.572783
0.63743
0.643735
0.68669
0.954707
0.516987
0.537662
0.974631
0.71057
0.619777
0.629351
0.819299
1.7274
0.988582
0.635119
1.28221
0.762161
0.779143
1.24014
1.29441
0.739513
0.205907
0.394193
0.357845
0.233183
0.175
0.209484
0.126855
0.165079
0.226547
0.3739
0.251486
0.183598
0.228846
0.357789
0.346204
0.467027
0.887663
0.305917
0.163089
0.315003
0.499509
0.374985
0.337973
0.118438
0.287611
0.445232
0.53511
0.95942
0.693021
0.555831
0.924008
0.641489
0.597428
0.630624
1.21995
0.61437
0.726273
0.618319
1.2401
0.685819
0.754978
1.53495
0.870206
0.643144
1.20253
0.847264
0.388907
0.494312
0.646828
0.310618
0.368513
0.497242
0.217078
0.153348
1.30255
0.638857
0.459197
0.406721
0.261734
0.218492
0.327492
0.371303
0.703158
0.521904
0.0929636
0.604918
0.369915
0.640383
)
;
    }
}


// ************************************************************************* //
