/*--------------------------------*- C++ -*----------------------------------*\
| =========                 |                                                 |
| \\      /  F ield         | OpenFOAM: The Open Source CFD Toolbox           |
|  \\    /   O peration     | Version:  4.1                                   |
|   \\  /    A nd           | Web:      www.OpenFOAM.org                      |
|    \\/     M anipulation  |                                                 |
\*---------------------------------------------------------------------------*/
FoamFile
{
    version     2.0;
    format      ascii;
    class       volScalarField;
    location    "50";
    object      omega;
}
// * * * * * * * * * * * * * * * * * * * * * * * * * * * * * * * * * * * * * //

dimensions      [0 0 -1 0 0 0 0];

internalField   nonuniform List<scalar> 
4432
(
0.0110931
0.0114484
0.0118129
0.0121552
0.0125104
0.0128422
0.013185
0.0135051
0.0138347
0.0141426
0.014461
0.0147548
0.0150645
0.0153406
0.015644
0.0159002
0.0161973
0.0164353
0.016721
0.016945
0.0172125
0.0174365
0.0176935
0.0179167
0.0181593
0.0183637
0.018593
0.0187759
0.0189863
0.019159
0.019359
0.0195281
0.0197286
0.0198853
0.0200987
0.0202491
0.0204703
0.02061
0.0208335
0.0209574
0.0211849
0.0213247
0.0216552
0.0219019
0.0223173
0.0226918
0.0231115
0.0234934
0.0239095
0.0242858
0.0243591
0.0245973
0.0244833
0.0244751
0.0110789
0.0114618
0.0117996
0.0121654
0.0125012
0.0128477
0.0131822
0.0135071
0.0138386
0.0141431
0.0144704
0.0147546
0.0150785
0.0153391
0.015662
0.0158964
0.016219
0.0164294
0.0167485
0.0169376
0.0172433
0.0174272
0.0177226
0.0179092
0.0181863
0.0183693
0.018628
0.018799
0.0190363
0.0191985
0.019429
0.0195907
0.0198193
0.0199691
0.0202028
0.0203446
0.0205723
0.0206947
0.0209237
0.0210409
0.0212913
0.0214354
0.0217426
0.021922
0.0222405
0.0225953
0.0229241
0.0234417
0.0236033
0.0236512
0.0236484
0.0237678
0.0238038
0.0235814
21.797
3.38076
1.22911
0.663691
0.436628
0.320559
0.251681
0.206571
0.174919
0.151557
0.133649
0.119491
0.108048
0.0985881
0.090678
0.0839278
0.0781547
0.0731021
0.068712
0.0647918
0.0613527
0.0582312
0.055467
0.0529169
0.0506288
0.0484959
0.0465529
0.0447474
0.0430737
0.0415481
0.0401073
0.0388176
0.0375684
0.0364529
0.035348
0.0343634
0.0333798
0.032522
0.0316481
0.0309104
0.0301177
0.0295054
0.0288101
0.028329
0.0277401
0.0273287
0.026829
0.0264982
0.0260735
0.0258814
0.0255501
0.0252586
0.0252021
0.024604
21.797
3.38082
1.22916
0.663719
0.436638
0.32056
0.251679
0.206568
0.174916
0.151554
0.133644
0.11949
0.108042
0.0985913
0.0906722
0.0839345
0.0781487
0.0731111
0.0687077
0.0648023
0.0613491
0.0582369
0.055461
0.0529149
0.0506271
0.0484951
0.0465689
0.0447597
0.0431195
0.0415783
0.0401738
0.0388566
0.0376347
0.0364939
0.0354079
0.0344148
0.0334372
0.0325894
0.0317037
0.0309889
0.0301904
0.0296028
0.0289051
0.0284366
0.0278177
0.0274428
0.0269066
0.0266271
0.0261742
0.0259853
0.0255787
0.0253486
0.0252852
0.0248374
21.7968
3.38094
1.22928
0.663874
0.436807
0.320727
0.251854
0.20675
0.175108
0.151751
0.133849
0.119697
0.108253
0.0988029
0.0908838
0.0841494
0.0783549
0.0733239
0.0689028
0.0650075
0.0615346
0.0584452
0.0556524
0.0531371
0.0508273
0.0487253
0.0467721
0.0449898
0.043322
0.0418028
0.0403731
0.0390734
0.0378356
0.0367085
0.0356205
0.034628
0.0336666
0.0328005
0.0319567
0.0312034
0.0304697
0.0298384
0.0291975
0.0286818
0.0280938
0.0276986
0.0271597
0.0268172
0.0263286
0.0260766
0.0256536
0.0253845
0.0252963
0.0247462
21.7968
3.38099
1.22933
0.6639
0.436815
0.320728
0.251852
0.206748
0.175104
0.151749
0.133845
0.119694
0.108251
0.0988004
0.0908856
0.084146
0.0783602
0.0733189
0.0689108
0.0650033
0.0615485
0.0584392
0.0556675
0.053125
0.0508428
0.0487145
0.0467963
0.0449964
0.0433597
0.0418343
0.0404177
0.0391193
0.0378744
0.0367608
0.0356539
0.03469
0.033708
0.0328732
0.0320079
0.0312955
0.030542
0.0299516
0.0292846
0.0287979
0.0281974
0.0277953
0.0272394
0.0268998
0.0263946
0.0261385
0.0256223
0.0253783
0.0252045
0.0248151
21.7969
3.38088
1.22922
0.663817
0.436758
0.320682
0.251813
0.206708
0.175068
0.151711
0.133807
0.119658
0.108209
0.0987652
0.0908374
0.0841095
0.078305
0.0732771
0.0688479
0.0649647
0.0614903
0.0584195
0.0556252
0.0531302
0.0508143
0.0487316
0.0467743
0.0450054
0.0433376
0.0418149
0.0403856
0.0390649
0.0378357
0.0366913
0.0356219
0.0346243
0.0336838
0.0328185
0.0319969
0.0312673
0.0305581
0.0299366
0.0292942
0.0287599
0.0281585
0.0276894
0.0271384
0.0266981
0.0261995
0.0257041
0.0252249
0.0247041
0.0245626
0.0243986
21.7969
3.38093
1.22926
0.66384
0.436764
0.320682
0.251808
0.206707
0.175063
0.151709
0.133803
0.119655
0.108209
0.0987608
0.0908419
0.0841052
0.0783116
0.0732759
0.0688589
0.0649705
0.0615017
0.0584246
0.0556277
0.0531282
0.0508119
0.0487322
0.0467774
0.0450185
0.0433505
0.0418459
0.0404086
0.0391172
0.0378641
0.0367561
0.0356457
0.0346972
0.0337037
0.0328981
0.0320191
0.0313472
0.0305726
0.0300042
0.0293137
0.0288158
0.0281859
0.0277384
0.0271644
0.026724
0.0261989
0.0257242
0.0252395
0.0247134
0.0247318
0.0244385
21.797
3.38086
1.22919
0.663789
0.436731
0.320658
0.251785
0.206684
0.175038
0.151685
0.133776
0.119627
0.108177
0.0987262
0.0908048
0.0840603
0.0782691
0.0732211
0.0688171
0.0649086
0.0614608
0.0583584
0.055593
0.053069
0.0507941
0.0486839
0.0467702
0.044973
0.0433418
0.0417953
0.0403922
0.039057
0.0378392
0.03669
0.0356205
0.0346369
0.0336845
0.0328467
0.0320003
0.0313022
0.0305452
0.0299487
0.0292598
0.0287152
0.0280655
0.0275563
0.0269624
0.0264744
0.0259311
0.0254426
0.0250109
0.0245592
0.0242143
0.0242134
21.797
3.38091
1.22923
0.663809
0.436737
0.320654
0.251785
0.206676
0.175041
0.151674
0.133782
0.119614
0.108185
0.0987153
0.0908134
0.0840533
0.0782785
0.073221
0.068829
0.0649142
0.0614727
0.0583623
0.0556004
0.0530692
0.0507979
0.0486876
0.0467788
0.044987
0.0433603
0.0418221
0.0404247
0.0390937
0.0378827
0.0367251
0.0356659
0.0346621
0.033725
0.0328656
0.0320288
0.0313001
0.03054
0.0299182
0.0292062
0.0286525
0.0279751
0.0274797
0.0268579
0.0263955
0.025824
0.0253889
0.0248475
0.0245265
0.0241352
0.0241621
21.797
3.38084
1.22915
0.663753
0.4367
0.320633
0.251756
0.20666
0.175005
0.151657
0.133738
0.119593
0.108133
0.0986838
0.0907528
0.0840095
0.0782126
0.0731688
0.0687604
0.0648562
0.0613987
0.0582975
0.0555256
0.0530167
0.0507459
0.0486605
0.04675
0.0449681
0.0433372
0.0417955
0.0403987
0.0390518
0.0378505
0.0366671
0.0356373
0.0346041
0.0337167
0.0328101
0.0320368
0.0312411
0.0305652
0.0298604
0.0292546
0.0286017
0.0280527
0.0274552
0.0269665
0.0264195
0.0259678
0.0254359
0.025059
0.0246912
0.0242153
0.0239176
21.797
3.38089
1.22919
0.663773
0.436708
0.320629
0.251758
0.20665
0.175009
0.151646
0.133742
0.119584
0.108135
0.0986806
0.0907544
0.0840132
0.078215
0.0731783
0.0687661
0.0648664
0.0614109
0.0583083
0.055544
0.0530212
0.0507601
0.04866
0.0467607
0.0449786
0.043355
0.0418248
0.0404249
0.0390944
0.0378847
0.0367164
0.0356775
0.0346462
0.0337532
0.0328337
0.0320599
0.03124
0.0305588
0.0298213
0.0292029
0.0285281
0.0279685
0.0273411
0.0268752
0.0262573
0.0258632
0.0252252
0.0249623
0.024408
0.0242992
0.0236614
21.797
3.38082
1.22912
0.663725
0.436676
0.320605
0.251732
0.206626
0.174978
0.151617
0.133703
0.119548
0.108087
0.0986362
0.0906935
0.0839604
0.0781387
0.0731216
0.068675
0.0648123
0.0613048
0.0582542
0.0554319
0.0529793
0.050671
0.0486423
0.0467018
0.0449679
0.0433067
0.0417997
0.0403724
0.0390517
0.0378256
0.0366655
0.035615
0.0346007
0.0336935
0.0328097
0.0320033
0.031232
0.0305091
0.0298214
0.0291799
0.0285371
0.0279844
0.0273752
0.0269242
0.0263368
0.0259354
0.0253047
0.0249746
0.0242885
0.0240667
0.0232941
21.797
3.38087
1.22916
0.663744
0.43668
0.320606
0.251726
0.206627
0.174968
0.151621
0.133692
0.119553
0.108078
0.0986411
0.0906905
0.0839652
0.0781451
0.0731235
0.0686915
0.0648089
0.0613313
0.0582486
0.0554665
0.0529708
0.0507048
0.0486293
0.046736
0.0449639
0.0433455
0.0418144
0.0404134
0.0390848
0.0378695
0.0367086
0.0356619
0.0346352
0.0337411
0.0328158
0.0320541
0.0312096
0.0305482
0.029779
0.0291855
0.0284889
0.027945
0.0273237
0.0268316
0.0262301
0.0257726
0.0251565
0.0247614
0.0241116
0.0237573
0.023273
21.797
3.3808
1.22907
0.663685
0.436644
0.320576
0.251704
0.206593
0.174946
0.151575
0.133667
0.119494
0.108048
0.0985664
0.0906507
0.0838739
0.0780922
0.0730178
0.0686253
0.064697
0.0612541
0.0581352
0.0553792
0.0528772
0.0506359
0.0485837
0.046695
0.0449477
0.0433138
0.0417897
0.040376
0.0390409
0.0378288
0.0366602
0.0356114
0.0346039
0.0336751
0.0328195
0.0319726
0.0312449
0.0304571
0.0298246
0.0291147
0.0285459
0.0279029
0.0273915
0.0267793
0.0262975
0.0256911
0.0251864
0.0246768
0.0241281
0.0237907
0.0231433
21.797
3.38084
1.22911
0.663702
0.436648
0.320577
0.251697
0.206596
0.174934
0.151583
0.13365
0.119508
0.108027
0.0985879
0.0906302
0.0839018
0.0780748
0.073051
0.068612
0.0647304
0.0612462
0.0581734
0.0553835
0.0529138
0.0506416
0.0486046
0.0466991
0.0449668
0.0433265
0.0418283
0.0404
0.0391021
0.0378575
0.0367278
0.0356481
0.0346533
0.0337225
0.0328321
0.0320237
0.0312106
0.030503
0.0297577
0.0291258
0.0284534
0.0278681
0.0272571
0.0266924
0.0261127
0.0255577
0.0249698
0.0245053
0.02387
0.0235741
0.0230111
21.797
3.38078
1.22903
0.663652
0.436616
0.320548
0.251675
0.206562
0.174911
0.151537
0.133623
0.119447
0.107993
0.0985109
0.0905832
0.08381
0.0780097
0.0729462
0.06853
0.0646205
0.061151
0.0580525
0.0552765
0.0527976
0.0505576
0.0485337
0.0466588
0.0449444
0.0433118
0.0418096
0.04039
0.0390647
0.0378466
0.0366754
0.0356271
0.0345992
0.0336824
0.0327963
0.0319733
0.0312014
0.0304557
0.0297561
0.0291029
0.0284437
0.0278709
0.0272494
0.0266921
0.0261799
0.0255616
0.025244
0.0246686
0.0246223
0.0240517
0.0240551
21.797
3.38082
1.22907
0.663668
0.436619
0.320549
0.251669
0.206564
0.174901
0.151542
0.133611
0.119456
0.10798
0.0985249
0.0905715
0.0838282
0.0780034
0.0729674
0.0685279
0.0646395
0.0611515
0.0580767
0.0552884
0.0528299
0.0505701
0.0485617
0.0466749
0.0449692
0.0433416
0.041851
0.0404303
0.0391255
0.0378861
0.0367439
0.035666
0.0346563
0.0337231
0.0328208
0.0320074
0.0311861
0.0304737
0.0297236
0.0290956
0.0284142
0.0278263
0.0271935
0.0266404
0.0260425
0.0255132
0.0249862
0.0244964
0.0240457
0.0238571
0.0234091
21.797
3.38074
1.22897
0.663604
0.436582
0.320519
0.251645
0.206532
0.174874
0.151499
0.133577
0.119401
0.107936
0.0984527
0.0905147
0.0837368
0.0779292
0.0728565
0.0684343
0.0645098
0.0610402
0.0579284
0.0551662
0.0526831
0.0504883
0.048485
0.0466797
0.0449673
0.0433934
0.0418806
0.0404802
0.039149
0.0379117
0.0367537
0.0356661
0.0346635
0.0337009
0.032842
0.0319748
0.0312275
0.0304362
0.0297519
0.0290638
0.0284219
0.0278892
0.0272426
0.0270392
0.0263174
0.0261816
0.0263532
0.0266369
0.0272034
0.0278223
0.028893
21.7969
3.38078
1.229
0.663617
0.436585
0.320518
0.251643
0.206528
0.174874
0.151495
0.133579
0.119395
0.107942
0.0984464
0.0905259
0.0837314
0.0779465
0.0728511
0.068457
0.0645016
0.061067
0.0579273
0.0552111
0.0526992
0.050542
0.048505
0.0467203
0.0449878
0.0434278
0.0419074
0.0405209
0.0391886
0.0379637
0.0367986
0.0357229
0.0347005
0.0337584
0.0328554
0.032027
0.0312098
0.0304742
0.0297144
0.0290685
0.0283744
0.0278031
0.027189
0.0266654
0.0261348
0.0257863
0.025457
0.025066
0.0252913
0.0257646
0.0259274
21.7969
3.38072
1.22893
0.663566
0.436553
0.320494
0.251618
0.206503
0.174838
0.151466
0.133528
0.119363
0.107868
0.098411
0.0904241
0.0836868
0.0778141
0.0727887
0.0682957
0.0644198
0.0608944
0.0578233
0.0550354
0.0526061
0.0504547
0.048513
0.0467809
0.0451195
0.0436092
0.042103
0.0407362
0.0393836
0.0381607
0.036974
0.0358976
0.0348588
0.0339322
0.0330013
0.0322343
0.0313831
0.030773
0.0300159
0.0296399
0.0289584
0.029
0.0289821
0.0293097
0.0297864
0.0309451
0.0326778
0.034722
0.0362536
0.0365324
0.0363149
21.7969
3.38076
1.22896
0.663578
0.436556
0.320492
0.251618
0.206498
0.17484
0.151459
0.133533
0.119355
0.107877
0.0984029
0.0904369
0.0836807
0.0778307
0.0727864
0.068312
0.0644187
0.0609069
0.057832
0.0550647
0.0526313
0.050495
0.0485284
0.0468254
0.04512
0.0436393
0.0420927
0.0407671
0.0393742
0.038192
0.0369652
0.0359148
0.0348508
0.0339051
0.0329838
0.0321303
0.0313123
0.0305829
0.0298481
0.0292656
0.0286489
0.0282976
0.0279205
0.0274162
0.0276903
0.0278962
0.0285549
0.0292988
0.0307032
0.0324822
0.0331215
21.7969
3.38067
1.22885
0.663512
0.436516
0.320468
0.251588
0.20648
0.1748
0.151441
0.133475
0.119336
0.107794
0.0983833
0.09032
0.0836581
0.0776699
0.0727519
0.0681078
0.0643638
0.060672
0.0577577
0.0548323
0.0526147
0.0505402
0.0488984
0.047464
0.0460535
0.044688
0.043238
0.0419224
0.0405458
0.0393114
0.0381357
0.0370221
0.0360876
0.035219
0.0344831
0.0339369
0.03322
0.0333709
0.033257
0.0338088
0.0353323
0.0376409
0.03937
0.0414729
0.0431968
0.0432517
0.0432458
0.0426107
0.0414696
0.0403398
0.0386613
21.7969
3.38071
1.22888
0.663522
0.436519
0.320468
0.251587
0.206478
0.1748
0.151438
0.133477
0.119332
0.1078
0.0983782
0.0903315
0.0836526
0.0776854
0.0727494
0.0681186
0.0643687
0.0606697
0.0577703
0.0548446
0.0526466
0.0505564
0.0489084
0.0473592
0.0458571
0.044397
0.0429335
0.0415602
0.0401731
0.0389534
0.0377045
0.0366293
0.0355707
0.0346004
0.0337786
0.0330282
0.0324182
0.0322088
0.0315122
0.0316492
0.0318704
0.0322327
0.0331476
0.0349562
0.0363467
0.0379052
0.039421
0.0394001
0.0393305
0.0386688
0.0376223
21.7968
3.38064
1.22881
0.663476
0.436492
0.320445
0.25157
0.206453
0.174779
0.151405
0.133448
0.11929
0.107757
0.0983261
0.0902645
0.0835886
0.0775811
0.0726721
0.067953
0.064291
0.0604137
0.0577946
0.0545449
0.053305
0.0514195
0.0528627
0.0548034
0.0552956
0.0537089
0.0526336
0.0511997
0.0501696
0.0480764
0.047387
0.0449867
0.045747
0.0472108
0.0483913
0.0505996
0.0518977
0.0546281
0.055705
0.0571664
0.0553846
0.0553821
0.0548932
0.0537003
0.0511714
0.0487436
0.0455216
0.0428884
0.0393012
0.0373728
0.0347557
21.7968
3.38067
1.22883
0.663485
0.436492
0.320447
0.251564
0.206458
0.174769
0.151416
0.133433
0.119309
0.107735
0.0983572
0.0902334
0.0836371
0.0775359
0.0727458
0.0678867
0.0643912
0.0603218
0.0578958
0.0544756
0.053369
0.0513336
0.0520895
0.0518624
0.0508808
0.0499495
0.0481536
0.0464805
0.0450787
0.0434367
0.0425426
0.0405369
0.0395157
0.039808
0.0406763
0.0419336
0.0434822
0.0451734
0.0466666
0.0487644
0.0483922
0.0499794
0.0490676
0.0493847
0.0484415
0.0476166
0.04542
0.0440157
0.0410009
0.0396908
0.0365554
21.7967
3.38058
1.22873
0.663417
0.436467
0.320411
0.251575
0.206397
0.174811
0.151307
0.13352
0.119129
0.107886
0.0980792
0.0904648
0.0832349
0.0778566
0.0721903
0.0682944
0.0636425
0.0608092
0.0569831
0.0554029
0.0550308
0.0623198
0.137919
0.12993
0.133818
0.131953
0.128732
0.126366
0.123688
0.120752
0.117694
0.114228
0.11037
0.105988
0.100902
0.0954312
0.0893537
0.0831509
0.0764156
0.0698237
0.0630789
0.0577449
0.0517438
0.0475202
0.0436798
0.0413169
0.0384252
0.0369245
0.0347579
0.0333132
0.0308269
21.7967
3.38062
1.22875
0.663426
0.436468
0.320413
0.251571
0.206402
0.174803
0.151319
0.133505
0.119151
0.107861
0.0981156
0.0904286
0.0832853
0.0778124
0.0722493
0.0682472
0.0637083
0.0607327
0.0570725
0.0553348
0.054951
0.0615946
0.105986
0.109123
0.110887
0.110804
0.108927
0.109131
0.103228
0.104042
0.103665
0.102409
0.10053
0.0981221
0.0953444
0.0921061
0.0883071
0.0839401
0.078923
0.073772
0.0679748
0.0627449
0.057278
0.0531732
0.0482496
0.0449013
0.0410193
0.0387755
0.0357205
0.0342133
0.030281
21.7967
3.38055
1.22868
0.663384
0.436448
0.320398
0.251563
0.206386
0.174796
0.151294
0.133498
0.119113
0.107858
0.0980545
0.0904346
0.0831872
0.0778389
0.0720729
0.0683632
0.0632628
0.061267
0.0557934
0.0570797
0.0613467
0.248221
0.311819
0.129611
0.104729
0.0999786
0.0894514
0.0828756
0.0772199
0.0726577
0.0682575
0.064146
0.0604675
0.0578257
0.0559844
0.0545171
0.0534179
0.0524897
0.0514043
0.0507906
0.0491291
0.0480003
0.0459782
0.0446009
0.0421561
0.0396685
0.0360992
0.0333344
0.0298392
0.0275645
0.0248418
21.7967
3.38058
1.2287
0.663391
0.43645
0.320396
0.251565
0.206382
0.1748
0.151289
0.133506
0.119106
0.107869
0.0980465
0.0904518
0.0831749
0.077864
0.0720744
0.0683095
0.0635582
0.0603766
0.0568293
0.0561653
0.0605831
0.192089
0.317716
0.176462
0.105155
0.0920343
0.0869918
0.0822965
0.0779056
0.0741723
0.0704384
0.0666522
0.0629573
0.0595838
0.0567046
0.054318
0.0526141
0.0512441
0.0498663
0.0487249
0.0472605
0.0459868
0.0437772
0.0421454
0.0394676
0.037747
0.0347749
0.0324677
0.0293262
0.0271857
0.0251108
21.7966
3.38048
1.22859
0.663331
0.436423
0.320384
0.251556
0.206377
0.174791
0.151281
0.133494
0.119093
0.107857
0.0980235
0.0904439
0.0831358
0.0778615
0.0720219
0.0683054
0.063501
0.0604204
0.0567728
0.0559831
0.123671
0.161016
0.167416
0.137925
0.121206
0.114144
0.112128
0.110428
0.107581
0.104311
0.100047
0.0950227
0.0895445
0.0839053
0.0780186
0.0722741
0.066404
0.0608427
0.0554559
0.0502334
0.0450266
0.0401543
0.0357466
0.0315875
0.0287454
0.0264635
0.0251296
0.0238202
0.023366
0.0223419
21.7966
3.38052
1.22861
0.663336
0.436426
0.320383
0.25156
0.206372
0.174799
0.151275
0.133503
0.119093
0.107858
0.0980405
0.0904227
0.0831813
0.0778205
0.0720746
0.0683043
0.0633916
0.0609918
0.0559091
0.0586489
0.113206
0.171247
0.196948
0.146862
0.128778
0.117623
0.110577
0.105591
0.101688
0.098025
0.0939361
0.0895852
0.0850395
0.0803501
0.0754579
0.0704876
0.0653964
0.0602417
0.0552986
0.0505441
0.0458506
0.0411868
0.0370966
0.0332081
0.0301156
0.0274306
0.0259321
0.0243764
0.0237406
0.0226912
21.7965
3.38045
1.22855
0.663304
0.436406
0.320389
0.251541
0.206398
0.174762
0.151321
0.133445
0.119158
0.10778
0.0981236
0.0903285
0.0832857
0.0777013
0.0722302
0.0681396
0.0636509
0.0606637
0.0569345
0.0553367
0.0581146
0.0958017
0.12117
0.119343
0.116159
0.108967
0.100611
0.0915669
0.0826655
0.0739538
0.0656197
0.0583726
0.0523822
0.0473652
0.043202
0.0396985
0.0368042
0.0343506
0.0323532
0.0306454
0.0292321
0.0280418
0.026963
0.0261108
0.0252264
0.0246243
0.0239029
0.0235255
0.0229205
0.0225687
0.0219946
21.7965
3.38049
1.22856
0.66331
0.436409
0.320389
0.251543
0.206396
0.174768
0.151316
0.133456
0.119148
0.107797
0.098112
0.0903478
0.08328
0.0777138
0.0722399
0.0681362
0.0636834
0.0606336
0.0569767
0.0552663
0.0579658
0.0904435
0.0906768
0.0912473
0.0885958
0.0862926
0.0818492
0.0768733
0.0714264
0.0654227
0.0594589
0.0541902
0.0495146
0.0455016
0.0419891
0.0389874
0.0364336
0.0342101
0.0323979
0.0307668
0.0294793
0.0283122
0.0273298
0.02649
0.0256541
0.0250539
0.0242755
0.0238816
0.0231501
0.022853
0.0221758
21.7964
3.38039
1.22847
0.663257
0.436385
0.320391
0.251534
0.206419
0.174745
0.151362
0.133406
0.119233
0.107703
0.0982555
0.0901909
0.0835111
0.0774719
0.0726011
0.067783
0.064235
0.0601595
0.0577455
0.0542198
0.0532468
0.050518
0.0511005
0.0504162
0.0485527
0.0465232
0.0445531
0.0426995
0.0409818
0.0393856
0.0379368
0.0365683
0.0353385
0.0341572
0.0330932
0.0320592
0.0311151
0.0301813
0.029327
0.0284801
0.0276906
0.02693
0.0261612
0.0255163
0.024798
0.0242964
0.0236441
0.0233174
0.0226888
0.0224732
0.0217018
21.7964
3.38042
1.22848
0.663262
0.436387
0.320393
0.251534
0.206423
0.174744
0.15137
0.133401
0.119247
0.107696
0.0982735
0.090185
0.0835274
0.0774772
0.0726037
0.0678146
0.064205
0.0602395
0.0576578
0.0543841
0.0529772
0.0510124
0.0506168
0.0489175
0.0475475
0.0457481
0.044055
0.0423319
0.0407661
0.0392655
0.0378732
0.036593
0.0353662
0.0342602
0.0331885
0.0322007
0.0312601
0.0303407
0.0295171
0.0286627
0.027927
0.0271621
0.0264731
0.0257936
0.0251437
0.0245706
0.023915
0.023541
0.0228375
0.0226082
0.0218943
21.7963
3.38036
1.22843
0.663235
0.436381
0.320396
0.251543
0.20643
0.17476
0.151373
0.13343
0.11924
0.107746
0.0982516
0.0902658
0.0834887
0.0776014
0.0725509
0.0680014
0.064143
0.0605043
0.0575321
0.0546413
0.0523843
0.0502461
0.048533
0.0468672
0.0452342
0.0436829
0.0421708
0.0407543
0.0393781
0.0380896
0.0368531
0.0356763
0.0345615
0.0334964
0.0324936
0.0315379
0.0306405
0.0297814
0.0289648
0.0281878
0.0274308
0.0267215
0.0260004
0.0253986
0.02472
0.0242318
0.0236064
0.0233053
0.0226489
0.0224794
0.0217412
21.7963
3.38039
1.22844
0.66324
0.436382
0.320399
0.251542
0.206436
0.174756
0.151384
0.133421
0.119258
0.107732
0.098277
0.0902491
0.083519
0.0775862
0.0725805
0.0679949
0.0641645
0.0605149
0.0575424
0.0546609
0.0523874
0.0502738
0.0485401
0.0467921
0.045215
0.0436069
0.0421715
0.040711
0.0393886
0.0380856
0.0368592
0.035706
0.0345806
0.0335547
0.0325449
0.031619
0.030729
0.0298786
0.0290994
0.028318
0.0276148
0.0269178
0.0262438
0.0256249
0.0249898
0.0244395
0.0238472
0.0234536
0.0228333
0.022627
0.021993
21.7962
3.3803
1.22835
0.663196
0.436369
0.320403
0.251551
0.206449
0.17477
0.151399
0.133443
0.119271
0.107767
0.0982866
0.0903043
0.0835243
0.077671
0.072586
0.0681187
0.0641794
0.0606751
0.0575732
0.0547922
0.0523422
0.0501494
0.0481751
0.0463933
0.0447021
0.0431584
0.0416507
0.0402771
0.0389283
0.0376888
0.0364772
0.0353564
0.0342681
0.0332629
0.0322797
0.0313821
0.0304967
0.0296843
0.0288757
0.0281352
0.0273849
0.0267
0.0259862
0.0253804
0.0247317
0.024227
0.0236941
0.0232978
0.022832
0.0226438
0.0221891
21.7961
3.38033
1.22836
0.6632
0.436374
0.320402
0.251558
0.206445
0.174782
0.151393
0.133458
0.119265
0.107782
0.0982847
0.0903178
0.08353
0.0776807
0.0726007
0.0681253
0.0642019
0.06068
0.0576014
0.0547917
0.0523715
0.0501479
0.0482177
0.0463963
0.0447542
0.0431566
0.0417044
0.0402853
0.0389761
0.037718
0.036518
0.0354105
0.034315
0.0333316
0.0323479
0.0314571
0.0305905
0.0297682
0.0290058
0.0282425
0.0275481
0.0268638
0.0261812
0.0255913
0.0249312
0.0244395
0.0238453
0.0235065
0.0230086
0.0228985
0.0221866
21.7961
3.38028
1.22832
0.663182
0.436373
0.320413
0.251567
0.206466
0.174793
0.151421
0.133471
0.1193
0.107799
0.0983259
0.0903439
0.0835781
0.0777221
0.0726571
0.068188
0.0642659
0.0607664
0.0576552
0.0548784
0.0523723
0.0501415
0.0480887
0.04626
0.0445176
0.0429588
0.0414415
0.0400784
0.0387397
0.0375229
0.0363252
0.0352327
0.0341533
0.0331758
0.0321957
0.0313274
0.0304373
0.0296454
0.028833
0.0281154
0.0273681
0.0267253
0.0260282
0.0254876
0.0247972
0.0243662
0.0237511
0.0234102
0.0229949
0.0228517
0.022249
21.7961
3.38031
1.22833
0.663187
0.436375
0.320416
0.251569
0.206469
0.174796
0.151424
0.133475
0.119303
0.107807
0.0983292
0.0903543
0.0835824
0.0777351
0.072664
0.0682023
0.0642776
0.0607794
0.0576719
0.0548905
0.0523912
0.0501528
0.0481239
0.0462791
0.0445644
0.0429823
0.0414885
0.0401047
0.0387799
0.0375583
0.0363619
0.0352835
0.0341941
0.0332337
0.0322554
0.0313792
0.0305218
0.0296994
0.0289523
0.0281716
0.0275053
0.026788
0.0261486
0.0255517
0.0249156
0.0244384
0.0238689
0.0235552
0.0231347
0.0229361
0.0221967
21.796
3.38023
1.22825
0.663149
0.436368
0.320422
0.251584
0.206483
0.174816
0.151442
0.133501
0.119325
0.107838
0.0983569
0.0903922
0.0836164
0.0777842
0.0727025
0.0682673
0.0643151
0.0608561
0.0577024
0.0549532
0.052388
0.0501648
0.0480502
0.0462023
0.044432
0.0428452
0.0413295
0.0399352
0.0386128
0.0373807
0.0362007
0.0351052
0.0340337
0.0330539
0.0320913
0.0312067
0.0303523
0.0295352
0.0287863
0.0280234
0.027363
0.0266529
0.026082
0.0254153
0.0249184
0.0243523
0.0239013
0.0234904
0.023198
0.0224486
0.0223522
21.7959
3.38026
1.22826
0.663154
0.436371
0.320425
0.251587
0.206488
0.174819
0.15145
0.133502
0.119337
0.107837
0.0983724
0.090392
0.0836356
0.0777846
0.072726
0.0682677
0.0643441
0.0608562
0.0577361
0.0549516
0.0524248
0.0501735
0.0480839
0.0462327
0.0444619
0.0428924
0.0413533
0.0399934
0.0386355
0.0374388
0.0362297
0.0351618
0.0340771
0.0331187
0.0321482
0.0312762
0.0304216
0.0296016
0.0288658
0.028079
0.0274471
0.0267117
0.026148
0.0255071
0.0249898
0.0244452
0.0240233
0.0235401
0.0231776
0.0222831
0.022035
21.7959
3.38021
1.22823
0.663141
0.436375
0.320435
0.251604
0.206502
0.174843
0.151464
0.133534
0.119352
0.107878
0.0983869
0.090443
0.0836504
0.0778457
0.072742
0.0683356
0.0643607
0.0609231
0.0577435
0.0550034
0.0524133
0.0501802
0.0480362
0.0461814
0.044374
0.0427914
0.0412386
0.0398543
0.0385096
0.0372774
0.0361071
0.0349927
0.0339576
0.0329526
0.0320203
0.0311299
0.0302733
0.0294908
0.0286914
0.0280077
0.0272574
0.0266684
0.0259716
0.025472
0.0248486
0.0244755
0.0238795
0.023365
0.0226422
0.0223494
0.022519
21.7959
3.38024
1.22824
0.663146
0.436378
0.320438
0.251607
0.206506
0.174847
0.151469
0.133538
0.119358
0.107883
0.098396
0.0904476
0.0836648
0.0778481
0.072764
0.0683345
0.0643917
0.0609185
0.0577809
0.055002
0.0524522
0.0501836
0.0480825
0.0461902
0.0444243
0.0428068
0.0412912
0.0398795
0.0385601
0.0373139
0.0361494
0.0350414
0.0339989
0.0330096
0.0320722
0.0311816
0.0303405
0.0295287
0.0287776
0.0280344
0.0273679
0.026682
0.0260988
0.0254883
0.0249943
0.0244203
0.0240171
0.0233279
0.022911
0.0220975
0.0221562
21.7958
3.38017
1.22818
0.663119
0.436376
0.320448
0.251621
0.206523
0.174865
0.15149
0.133559
0.119382
0.107906
0.0984245
0.0904733
0.0836975
0.0778754
0.0727993
0.068361
0.0644256
0.0609386
0.05781
0.055005
0.0524602
0.050163
0.0480529
0.0461354
0.0443533
0.042722
0.0411874
0.039769
0.0384364
0.0371804
0.0360226
0.0348886
0.0338782
0.0328416
0.0319517
0.0310138
0.0302097
0.0293817
0.0286357
0.0279212
0.0272144
0.0266135
0.0259391
0.0254333
0.0248596
0.0243993
0.0238018
0.0234119
0.0223835
0.0230061
0.0238833
21.7958
3.3802
1.22819
0.663124
0.436379
0.320451
0.251625
0.206527
0.174869
0.151495
0.133564
0.11939
0.107911
0.0984376
0.0904755
0.0837168
0.0778757
0.0728252
0.0683606
0.0644576
0.0609383
0.0578481
0.0550017
0.0525068
0.0501627
0.048103
0.0461426
0.0444071
0.0427371
0.041241
0.0397984
0.0384858
0.0372296
0.0360615
0.0349586
0.0339061
0.0329294
0.0319815
0.0311028
0.0302599
0.0294573
0.0287107
0.0279862
0.0273024
0.0266721
0.0260134
0.0255064
0.0248511
0.0243857
0.0238607
0.0233027
0.0224647
0.022565
0.0231678
21.7957
3.38016
1.22817
0.663118
0.436386
0.320463
0.251642
0.206542
0.17489
0.151509
0.13359
0.119403
0.107943
0.0984485
0.0905138
0.0837261
0.077917
0.0728326
0.0684003
0.0644612
0.0609718
0.0578404
0.0550247
0.052483
0.0501615
0.0480549
0.0461118
0.0443313
0.0426768
0.0411432
0.0397108
0.0383738
0.0371163
0.0359467
0.0348222
0.0338004
0.0327729
0.0318845
0.0309395
0.0301579
0.0293095
0.0285943
0.0278779
0.0271824
0.0266105
0.0258827
0.0254446
0.0247447
0.0243459
0.0233813
0.0232123
0.0230094
0.026599
0.0255767
21.7957
3.38019
1.22818
0.663124
0.436389
0.320468
0.251643
0.206549
0.17489
0.151521
0.133587
0.11942
0.107937
0.0984707
0.0905062
0.0837531
0.0779095
0.0728633
0.0683957
0.0644937
0.0609726
0.0578717
0.0550348
0.0525113
0.0501776
0.0480881
0.0461312
0.0443701
0.0426972
0.0411916
0.0397324
0.0384336
0.0371419
0.0360114
0.0348574
0.0338576
0.032829
0.0319273
0.0310154
0.0301988
0.0293902
0.0286496
0.0279373
0.0272467
0.0266309
0.0259468
0.0254472
0.0246961
0.0242816
0.0234929
0.0232401
0.0230973
0.0248056
0.025779
21.7956
3.38013
1.22814
0.663109
0.436392
0.320478
0.251659
0.206563
0.174909
0.151535
0.133609
0.119435
0.107963
0.0984853
0.0905346
0.0837656
0.0779397
0.0728708
0.0684249
0.0644933
0.0609959
0.057864
0.0550456
0.0524889
0.0501709
0.0480427
0.046099
0.0443004
0.0426432
0.0410993
0.0396606
0.0383213
0.037053
0.0358877
0.0347482
0.0337414
0.0326874
0.0318332
0.030841
0.0301096
0.0292139
0.0285225
0.0278025
0.0270682
0.0265152
0.025827
0.0251996
0.0248146
0.0238682
0.0239339
0.0240401
0.0252506
0.026364
0.0282079
21.7956
3.38016
1.22815
0.663114
0.436396
0.320482
0.251662
0.206569
0.174913
0.151544
0.133613
0.119445
0.107967
0.0984984
0.0905389
0.0837823
0.0779438
0.0728931
0.0684289
0.0645224
0.0609994
0.0579
0.0550458
0.0525315
0.0501742
0.0480886
0.046109
0.0443526
0.0426566
0.0411601
0.0396765
0.0383933
0.0370728
0.0359681
0.0347753
0.0338205
0.0327328
0.0318965
0.0309133
0.0301569
0.0293063
0.0285588
0.0278864
0.0270736
0.0265772
0.0257341
0.0254517
0.0243882
0.0241087
0.0239906
0.0247969
0.0251481
0.0258826
0.0276765
21.7956
3.38013
1.22814
0.663117
0.436406
0.320494
0.251676
0.206582
0.174927
0.151557
0.133628
0.119458
0.107983
0.0985096
0.0905565
0.08379
0.0779629
0.072894
0.0684479
0.0645135
0.0610163
0.0578784
0.0550577
0.0524986
0.0501696
0.0480403
0.0460845
0.0442852
0.0426163
0.0410709
0.0396275
0.0382792
0.0370194
0.0358295
0.034716
0.0336675
0.032648
0.0317535
0.0307675
0.0300264
0.029103
0.0283922
0.0277022
0.0268789
0.0264761
0.0256755
0.0254434
0.0253273
0.0259967
0.0275504
0.0291662
0.0318269
0.0328131
0.0339404
21.7955
3.38016
1.22816
0.663125
0.43641
0.320498
0.25168
0.206587
0.174932
0.151562
0.133634
0.119464
0.10799
0.0985177
0.0905644
0.0838013
0.077971
0.0729105
0.068456
0.0645367
0.0610243
0.0579063
0.0550673
0.0525292
0.0501796
0.0480786
0.0460971
0.0443299
0.0426325
0.0411223
0.0396479
0.0383393
0.0370438
0.0358996
0.0347428
0.033745
0.0326817
0.031824
0.0308299
0.0300645
0.0292084
0.0284023
0.0277931
0.0269271
0.0264688
0.0257037
0.0256751
0.0254745
0.0258271
0.0274808
0.0280042
0.0295166
0.031605
0.0328068
21.7954
3.38018
1.22818
0.663159
0.43645
0.320537
0.251717
0.206622
0.174965
0.151593
0.133663
0.119491
0.108016
0.0985418
0.0905878
0.0838209
0.0779922
0.0729228
0.0684746
0.0645383
0.0610401
0.057897
0.0550791
0.0525019
0.0501865
0.0480257
0.0460951
0.0442482
0.0426223
0.0410102
0.0396274
0.038196
0.0370078
0.0357268
0.0346882
0.0335513
0.032601
0.0316408
0.0306786
0.0299583
0.0289622
0.0283062
0.0276834
0.0266693
0.0268887
0.0270218
0.0288578
0.0299513
0.0342268
0.037953
0.0401262
0.0442657
0.0453638
0.0455226
21.7953
3.38021
1.2282
0.663167
0.436455
0.320541
0.251721
0.206625
0.17497
0.151597
0.133669
0.119496
0.108023
0.0985489
0.0905959
0.0838316
0.0780008
0.0729391
0.0684832
0.0645622
0.0610469
0.0579289
0.0550795
0.0525421
0.0501849
0.0480744
0.0460961
0.0443057
0.0426275
0.0410731
0.0396402
0.0382608
0.0370324
0.0357917
0.034723
0.0336207
0.0326354
0.0317208
0.0307169
0.0300229
0.02904
0.0283423
0.0277319
0.0267545
0.026794
0.0271836
0.0284009
0.0305175
0.0333438
0.0382389
0.0420503
0.0451025
0.0459878
0.0458964
21.7954
3.37988
1.22767
0.662705
0.436071
0.320191
0.251388
0.206298
0.174658
0.151298
0.133386
0.119235
0.107785
0.0983151
0.0903812
0.0836089
0.0777993
0.0727194
0.0682894
0.0643419
0.0608575
0.0577077
0.0548879
0.0523279
0.0499778
0.0477842
0.0457463
0.043823
0.0420368
0.0403165
0.0387491
0.0371865
0.0358253
0.0343958
0.0332455
0.0319518
0.0310286
0.029965
0.0292135
0.0287584
0.0278477
0.0279987
0.0285096
0.0294976
0.0313049
0.0332927
0.0367063
0.0397722
0.044003
0.0479927
0.0502905
0.0551718
0.0547043
0.0555017
21.7954
3.3799
1.22768
0.662711
0.436076
0.320196
0.251393
0.206304
0.174664
0.151305
0.133392
0.119242
0.107791
0.098324
0.090389
0.0836199
0.0778095
0.0727331
0.068303
0.0643585
0.0608747
0.0577247
0.0549084
0.0523448
0.0500039
0.0478074
0.0457791
0.043853
0.0420723
0.0403545
0.038784
0.0372339
0.0358596
0.0344478
0.0332853
0.0319932
0.0310844
0.0299767
0.0292904
0.0287744
0.0278952
0.0281133
0.0284956
0.0295929
0.0310206
0.0334292
0.0363587
0.0396116
0.0437633
0.047258
0.0502674
0.0514208
0.0527031
0.0518174
0.011078
0.0114627
0.0117942
0.0121699
0.0124915
0.0128544
0.0131683
0.0135171
0.0138239
0.0141576
0.0144584
0.0147764
0.0150712
0.0153729
0.0156595
0.0159447
0.0162211
0.0164917
0.0167561
0.0170153
0.0172685
0.0175197
0.0177661
0.0180161
0.0182541
0.0184897
0.0187153
0.0189351
0.0191443
0.019338
0.0195279
0.0196794
0.0198446
0.0199529
0.0200547
0.0201539
0.0201969
0.0202675
0.0202362
0.0201456
0.0200172
0.0198162
0.019565
0.0191704
0.0188172
0.0180885
0.0175579
0.0166394
0.0154199
0.0151289
0.0148632
0.0183903
0.0224094
0.0323845
0.011068
0.0114718
0.0117899
0.012174
0.0124912
0.0128555
0.0131707
0.0135169
0.0138273
0.0141586
0.0144604
0.0147811
0.0150699
0.0153827
0.0156548
0.015959
0.0162156
0.0165082
0.0167538
0.0170318
0.0172724
0.0175354
0.0177769
0.0180324
0.0182723
0.0185081
0.0187391
0.0189562
0.0191704
0.0193634
0.0195522
0.0197115
0.0198669
0.0199867
0.0200952
0.0201637
0.0202224
0.0203135
0.0202964
0.0202423
0.0200799
0.019936
0.0196544
0.0193514
0.0189596
0.0183883
0.0178462
0.0170098
0.0163028
0.0160905
0.0158653
0.01566
0.0218093
0.032598
0.212174
0.068371
0.211323
0.105262
0.106234
0.390075
0.274504
0.399593
0.161984
0.152888
0.172719
0.0620396
0.117235
0.115868
0.106919
0.385312
0.142748
0.293956
0.146252
0.159761
0.104556
0.0611501
0.210278
0.0574904
0.223686
0.165621
0.156612
0.235999
0.395682
0.272284
0.405909
0.105111
0.0594063
0.165245
0.0668636
0.115517
0.152203
0.172364
0.199049
0.36312
0.112372
0.277455
0.0573257
0.0550018
0.0576783
0.0578812
0.0821808
0.0577203
0.0834152
0.0487103
0.0623406
0.0512691
0.0951679
0.215479
0.0982884
0.207021
0.0552366
0.0550221
0.0554233
0.0585799
0.0759388
0.058516
0.0747853
0.0515449
0.0611204
0.048259
0.0936223
0.160208
0.0899444
0.12084
0.0585978
0.0568243
0.0589108
0.0587589
0.0611181
0.0585621
0.0613806
0.688153
0.377686
0.28603
0.438394
0.58835
0.269102
0.326838
0.272976
0.1537
0.163987
0.150188
0.165268
0.059303
0.0562552
0.0596129
0.0573742
0.0588688
0.057649
0.0628403
0.518154
0.287118
0.175661
0.246372
0.697478
0.296542
0.29108
0.276087
0.153142
0.195568
0.144574
0.197652
0.0657191
0.0570975
0.0605192
0.0562819
0.0603529
0.0564883
0.0599
0.425807
0.103735
0.0927803
0.0946004
0.307661
0.817273
0.588148
0.178261
0.160184
0.181312
0.318011
0.24935
0.326528
0.261792
0.0610277
0.0585424
0.0577132
0.0567742
0.0587968
0.0566791
0.0587743
0.218538
0.119625
0.106219
0.280519
0.119466
0.431655
0.640698
0.211522
0.172482
0.208208
0.320256
0.307811
0.294849
0.298326
0.0779643
0.0581829
0.0801191
0.0547407
0.0560727
0.0545425
0.0559247
0.189129
0.0969758
0.183715
0.0603444
0.045672
0.0600235
0.0445897
0.0747782
0.0575098
0.072228
0.0544518
0.0555763
0.054502
0.0554225
0.135625
0.0837612
0.106475
0.0584482
0.0494769
0.057587
0.0484251
0.472198
0.145467
0.240663
0.171469
0.354762
0.451327
0.230176
0.162323
0.171738
0.427616
0.431048
0.0992408
0.100554
0.106657
0.325245
0.845625
0.66833
0.39566
0.103859
0.102081
0.0891615
0.407052
0.803659
0.767361
0.643159
0.257026
0.371216
0.424662
0.693259
0.882934
0.711996
0.584746
0.151315
0.151189
0.142135
0.427632
0.846688
0.739676
0.565064
0.146525
0.14908
0.144736
0.554139
0.25622
0.143828
0.15987
0.141376
0.321035
0.198285
0.130571
0.128941
0.136253
0.127024
0.207617
0.118681
0.116313
0.280473
0.10472
0.32032
0.524185
0.152091
0.101501
0.128211
0.112616
0.153707
0.193191
0.094808
0.463729
0.150773
0.191306
0.2044
0.401565
0.494072
0.695018
0.495145
0.14399
0.144251
0.534011
0.145122
0.37387
0.377926
0.476759
0.169306
0.147136
0.156202
0.399697
0.848617
0.638247
0.395111
0.0981361
0.11109
0.0910033
0.418601
0.840167
0.809765
0.473591
0.144277
0.238143
0.170163
0.343164
0.460331
0.229319
0.159209
0.440459
0.161891
0.598603
0.15189
0.155879
0.146178
0.425501
0.772797
0.667766
0.590004
0.152672
0.157085
0.150371
0.566114
0.63283
0.312738
0.266497
0.435547
0.673871
0.606165
0.273244
0.340206
0.604136
0.388667
0.312025
0.562961
0.153049
0.121733
0.126757
0.127166
0.144538
0.173442
0.0498494
0.253469
0.144688
0.153047
0.325475
0.141856
0.193249
0.122898
0.128095
0.132361
0.11151
0.478614
0.157637
0.154681
0.546916
0.166394
0.534731
0.365031
0.452174
0.162723
0.175504
0.181649
0.461148
0.495056
0.255429
0.189312
0.583665
0.239048
0.480848
0.141383
0.175374
0.190622
0.391301
0.158929
0.0879757
0.0692004
0.0789937
0.0758078
0.0730866
0.142127
0.127952
0.0874734
0.0612554
0.0732414
0.0870022
0.131544
0.0750625
0.156088
0.0601157
0.0762338
0.0740131
0.0910607
0.0764345
0.153063
0.388485
0.393205
0.430017
0.247113
0.423097
0.248016
0.382206
0.413117
0.405288
0.402802
0.289094
0.418359
0.256
0.448777
0.122354
0.0612721
0.0875468
0.0727997
0.0886269
0.0744826
0.127009
0.469096
0.378635
0.358118
0.317897
0.333101
0.47886
0.330949
0.440401
0.329566
0.227224
0.383637
0.271145
0.351412
0.435017
0.1593
0.0735164
0.0886219
0.0601259
0.0737303
0.0902164
0.140543
0.154539
0.0728849
0.0610555
0.0895298
0.0731901
0.149493
0.0856561
0.424966
0.28279
0.388235
0.436173
0.251276
0.432988
0.459912
0.445232
0.320067
0.409399
0.397966
0.264727
0.492036
0.427804
0.126236
0.0725562
0.0884895
0.0605296
0.129207
0.0720182
0.0887756
0.126504
0.0723213
0.0608194
0.0723175
0.0738076
0.0875322
0.126964
0.468991
0.370141
0.325111
0.33479
0.500476
0.402597
0.279348
0.435567
0.401403
0.288713
0.207063
0.3949
0.228094
0.450173
0.483975
0.698572
0.578929
0.675049
0.699047
0.387736
0.632085
0.305309
0.344104
0.412691
0.246746
0.324179
0.412912
0.406015
0.321215
0.463655
0.70113
0.664801
0.373187
0.701576
0.677477
0.559174
0.265652
0.482683
0.580138
0.656841
0.506527
0.26432
0.751879
0.177558
0.308722
0.256345
0.223762
0.262184
0.651145
0.603026
0.893831
0.308841
0.549154
0.86057
0.175696
0.200481
0.222154
0.155102
0.234789
0.772705
0.178155
0.423284
0.773437
0.22864
0.188749
0.316252
0.286577
0.362741
0.239174
0.386515
0.451434
0.444577
0.381024
0.194601
0.412647
0.546018
0.170829
0.719707
0.170068
0.165635
0.836923
0.837
0.111117
0.250875
0.21133
0.135856
0.265625
0.109744
0.138027
0.118547
0.182894
0.144867
0.153571
0.0826103
0.102234
0.102714
0.0842532
0.136008
0.219479
0.390813
0.131783
0.157548
0.279145
0.150078
0.491947
0.564699
0.524302
0.228986
0.731795
0.463714
0.229829
0.531266
0.720562
0.383135
0.361077
0.437092
0.319727
0.380067
0.446298
0.444262
0.383711
0.544565
0.473772
0.212203
0.561411
0.209617
0.734247
0.367689
0.500785
0.227954
0.684542
0.44385
0.49768
0.226508
0.695849
0.350087
0.385965
0.412331
0.329762
0.354107
0.428794
0.365472
0.413263
0.48544
0.438478
0.215387
0.675803
0.220211
0.66907
0.485945
0.233205
0.152357
0.745712
0.425758
0.146609
0.734089
0.230705
0.350568
0.325103
0.394244
0.270018
0.382681
0.462868
0.461194
0.382293
0.212124
0.406268
0.142318
0.567996
0.172464
0.716462
0.176862
0.837519
0.835959
0.22485
0.158648
0.401483
0.680255
0.176906
0.207375
0.721203
0.323356
0.375675
0.322614
0.376249
0.224895
0.386488
0.139515
0.702136
0.146228
0.654111
0.217307
0.339693
0.40614
0.332683
0.398629
0.789141
0.787618
0.345422
0.680957
0.488124
0.685654
0.401001
0.675589
0.758445
0.297292
0.367647
0.288379
0.387729
0.294354
0.402706
0.318145
0.382637
0.354895
0.690648
0.620426
0.877992
0.336026
0.650779
0.80724
0.908698
0.897061
0.365136
0.256665
1.04129
0.575948
0.25014
1.05668
0.374322
0.65768
0.565332
0.740226
0.541801
0.667403
0.759525
0.664366
0.783063
0.371458
0.64025
0.185741
0.873855
0.199157
1.06416
0.294612
0.807032
0.782696
0.335865
0.231732
0.565549
1.02001
0.23369
0.354604
0.98339
0.592643
0.68121
0.594919
0.70316
0.331262
0.546273
0.253316
0.930589
0.246538
0.918212
0.344899
0.609866
0.726997
0.626504
0.720454
0.277619
0.16747
0.264612
0.313198
0.169411
0.265107
0.329659
0.177685
0.302102
0.218537
0.241079
0.291115
0.282375
0.185607
0.456766
0.178783
0.354912
0.346354
0.179657
0.201843
0.221338
0.164492
0.156792
0.171253
0.184225
0.157604
0.185417
0.161265
0.137043
0.0913863
0.081733
0.109784
0.061313
0.0791306
0.142749
0.109696
0.104656
0.186571
0.20908
0.15055
0.105376
0.177769
0.173563
0.141893
0.108324
0.208233
0.15209
0.251907
0.136434
0.264717
0.103529
0.118519
0.177933
0.141104
0.142977
0.129462
0.241135
0.135619
0.360293
0.139827
0.149131
0.285275
0.0815217
0.100609
0.10496
0.0774381
0.346368
0.35801
0.0835972
0.142945
0.112001
0.144382
0.144978
0.0857094
0.0799241
0.0272863
0.0132099
0.0319188
0.00933587
0.0175571
0.0440491
0.0345441
0.0241835
0.0759499
0.173187
0.145589
0.066383
0.140201
0.148778
0.0987494
0.13002
0.198548
0.259231
0.455162
0.638944
0.431798
0.2481
0.457321
0.635864
0.186721
0.0885515
0.127171
0.0829872
0.102181
0.155923
0.121121
0.105655
0.396794
0.401365
0.475917
0.530099
0.484413
0.540918
0.323376
0.581378
0.636161
0.316732
0.493967
0.229787
0.714814
0.227304
0.738209
0.318477
0.529495
0.647973
0.547246
0.625015
0.318792
0.515924
0.221439
0.876094
0.322266
0.225689
0.806902
0.503485
0.58063
0.484526
0.602579
0.564111
0.574192
0.346394
0.253399
0.626707
0.417572
0.292896
0.326652
0.485728
0.394926
0.430694
0.535704
0.344961
0.439594
0.556679
0.454907
0.570368
0.350622
0.431038
0.297887
0.409919
0.320811
0.39613
0.292636
0.837665
0.821773
0.213643
0.709366
0.170045
0.412996
0.22149
0.731381
0.14968
0.337327
0.40068
0.337079
0.402137
0.348752
0.421724
0.351663
0.414394
0.219889
0.398923
0.723808
0.136613
0.213855
0.665604
0.134832
0.851297
0.839835
0.527839
0.730624
0.2294
0.46358
0.729557
0.230494
0.529422
0.381946
0.362291
0.437861
0.315645
0.380821
0.450897
0.385416
0.451597
0.539219
0.464614
0.555358
0.206
0.726309
0.206732
0.358314
0.520243
0.72258
0.46346
0.227176
0.730336
0.518119
0.230726
0.375547
0.419206
0.439548
0.35511
0.38096
0.445556
0.380596
0.445192
0.510692
0.45611
0.717608
0.22226
0.722608
0.226009
0.507059
0.375278
0.981206
0.263151
0.602452
0.99019
0.371317
0.271505
0.65324
0.568948
0.753186
0.512522
0.662736
0.779373
0.791873
0.652073
0.386989
0.639645
0.778085
0.248868
0.986879
0.267929
0.302258
0.731252
0.686047
0.362553
0.945175
0.20908
0.58948
0.367581
0.936676
0.217851
0.59693
0.701709
0.71073
0.599959
0.61778
0.73934
0.736218
0.621802
0.359964
0.567829
0.902902
0.206841
0.903898
0.205628
0.352831
0.501526
0.557487
0.688376
0.659712
0.597576
0.700153
0.479381
0.316788
0.349032
0.419293
0.26356
0.324418
0.424241
0.422913
0.330279
0.453035
0.701844
0.657492
0.680016
0.696362
0.712121
0.374599
0.407446
0.553431
0.598752
0.665342
0.722432
0.44993
0.627116
0.320486
0.403995
0.419302
0.31576
0.31923
0.423156
0.416039
0.327439
0.392603
0.612774
0.769836
0.567801
0.816776
0.593093
0.382506
0.334067
0.35362
0.0906449
0.100629
0.15099
0.138983
0.0987208
0.0629826
0.155016
0.0180015
0.00880589
0.0128007
0.00581552
0.0146122
0.0420883
0.0337773
0.0200445
0.083677
0.163828
0.0369697
0.151358
0.103408
0.150847
0.106236
0.0953216
0.141868
0.26989
0.258809
0.299437
0.166474
0.315691
0.168751
0.25729
0.171456
0.315482
0.254139
0.210882
0.28552
0.275222
0.475183
0.182339
0.364082
0.339376
0.173604
0.172449
0.193592
0.157408
0.214518
0.142928
0.158431
0.177716
0.125769
0.104673
0.174946
0.149237
0.0689878
0.0530625
0.0863195
0.0382568
0.0567705
0.111744
0.0878305
0.073856
0.159997
0.165451
0.0683861
0.145391
0.130703
0.158503
0.130059
0.327644
0.710247
0.502921
0.275666
0.744611
0.320473
0.254547
0.5452
0.664842
0.64528
0.565444
0.52796
0.607895
0.620701
0.520937
0.340466
0.521292
0.848148
0.219385
0.803065
0.349513
0.203588
0.797548
0.53013
0.309616
0.633091
0.276309
0.587158
0.315252
0.594261
0.317899
0.477739
0.447911
0.547026
0.397842
0.510087
0.597033
0.607037
0.50632
0.321217
0.519957
0.595898
0.269639
0.635617
0.304652
0.296444
0.310525
0.533943
0.706975
0.445972
0.720825
0.477089
0.27732
0.168284
0.332886
0.273556
0.218613
0.319556
0.558742
0.751946
0.532156
0.715733
0.373015
0.50232
0.169725
0.193387
0.219957
0.145474
0.210011
0.706262
0.393228
0.472529
0.705172
0.219152
0.388348
0.156781
0.0942639
0.0935924
0.0764089
0.0687544
0.124312
0.0767822
0.0874165
0.362319
0.382249
0.482768
0.471724
0.554613
0.469609
0.308807
)
;

boundaryField
{
    inlet
    {
        type            fixedValue;
        value           uniform 440.15;
    }
    outlet
    {
        type            zeroGradient;
    }
    rightSide
    {
        type            symmetryPlane;
    }
    leftSide
    {
        type            symmetryPlane;
    }
    duct
    {
        Cmu             0.09;
        kappa           0.41;
        E               9.8;
        beta1           0.075;
        type            omegaWallFunction;
        value           nonuniform List<scalar> 
216
(
0.0110931
0.0110789
0.0114484
0.0114618
0.0118129
0.0117996
0.0121552
0.0121654
0.0125104
0.0125012
0.0128422
0.0128477
0.013185
0.0131822
0.0135051
0.0135071
0.0138347
0.0138386
0.0141426
0.0141431
0.014461
0.0144704
0.0147548
0.0147546
0.0150645
0.0150785
0.0153406
0.0153391
0.015644
0.015662
0.0159002
0.0158964
0.0161973
0.016219
0.0164353
0.0164294
0.016721
0.0167485
0.016945
0.0169376
0.0172125
0.0172433
0.0174365
0.0174272
0.0176935
0.0177226
0.0179167
0.0179092
0.0181593
0.0181863
0.0183637
0.0183693
0.018593
0.018628
0.0187759
0.018799
0.0189863
0.0190363
0.019159
0.0191985
0.019359
0.019429
0.0195281
0.0195907
0.0197286
0.0198193
0.0198853
0.0199691
0.0200987
0.0202028
0.0202491
0.0203446
0.0204703
0.0205723
0.02061
0.0206947
0.0208335
0.0209237
0.0209574
0.0210409
0.0211849
0.0212913
0.0213247
0.0214354
0.0216552
0.0217426
0.0219019
0.021922
0.0223173
0.0222405
0.0226918
0.0225953
0.0231115
0.0229241
0.0234934
0.0234417
0.0239095
0.0236033
0.0242858
0.0236512
0.0243591
0.0236484
0.0245973
0.0237678
0.0244833
0.0238038
0.0244751
0.0235814
0.011078
0.011068
0.0114627
0.0114718
0.0117942
0.0117899
0.0121699
0.012174
0.0124915
0.0124912
0.0128544
0.0128555
0.0131683
0.0131707
0.0135171
0.0135169
0.0138239
0.0138273
0.0141576
0.0141586
0.0144584
0.0144604
0.0147764
0.0147811
0.0150712
0.0150699
0.0153729
0.0153827
0.0156595
0.0156548
0.0159447
0.015959
0.0162211
0.0162156
0.0164917
0.0165082
0.0167561
0.0167538
0.0170153
0.0170318
0.0172685
0.0172724
0.0175197
0.0175354
0.0177661
0.0177769
0.0180161
0.0180324
0.0182541
0.0182723
0.0184897
0.0185081
0.0187153
0.0187391
0.0189351
0.0189562
0.0191443
0.0191704
0.019338
0.0193634
0.0195279
0.0195522
0.0196794
0.0197115
0.0198446
0.0198669
0.0199529
0.0199867
0.0200547
0.0200952
0.0201539
0.0201637
0.0201969
0.0202224
0.0202675
0.0203135
0.0202362
0.0202964
0.0201456
0.0202423
0.0200172
0.0200799
0.0198162
0.019936
0.019565
0.0196544
0.0191704
0.0193514
0.0188172
0.0189596
0.0180885
0.0183883
0.0175579
0.0178462
0.0166394
0.0170098
0.0154199
0.0163028
0.0151289
0.0160905
0.0148632
0.0158653
0.0183903
0.01566
0.0224094
0.0218093
0.0323845
0.032598
)
;
    }
    cylinder
    {
        Cmu             0.09;
        kappa           0.41;
        E               9.8;
        beta1           0.075;
        type            omegaWallFunction;
        value           nonuniform List<scalar> 
448
(
0.817273
0.588148
0.431655
0.640698
0.845625
0.66833
0.803659
0.767361
0.882934
0.711996
0.846688
0.739676
0.32032
0.524185
0.193191
0.094808
0.494072
0.695018
0.37387
0.377926
0.848617
0.638247
0.840167
0.809765
0.772797
0.667766
0.312025
0.562961
0.173442
0.0498494
0.534731
0.365031
0.578929
0.632085
0.305309
0.324179
0.373187
0.677477
0.656841
0.751879
0.177558
0.893831
0.86057
0.175696
0.772705
0.773437
0.316252
0.386515
0.836923
0.837
0.250875
0.265625
0.118547
0.0826103
0.491947
0.564699
0.731795
0.720562
0.383135
0.380067
0.561411
0.734247
0.684542
0.695849
0.350087
0.354107
0.675803
0.66907
0.745712
0.734089
0.350568
0.382681
0.837519
0.835959
0.680255
0.721203
0.323356
0.702136
0.339693
0.789141
0.787618
0.488124
0.758445
0.297292
0.294354
0.877992
0.80724
0.908698
0.897061
1.04129
1.05668
0.65768
0.667403
0.807032
0.782696
1.02001
0.98339
0.592643
0.609866
0.313198
0.329659
0.177685
0.456766
0.179657
0.184225
0.137043
0.0913863
0.0791306
0.105376
0.173563
0.251907
0.264717
0.118519
0.360293
0.285275
0.0815217
0.346368
0.35801
0.112001
0.0799241
0.0272863
0.0175571
0.13002
0.198548
0.638944
0.635864
0.186721
0.102181
0.581378
0.636161
0.714814
0.738209
0.529495
0.503485
0.564111
0.574192
0.626707
0.485728
0.394926
0.439594
0.837665
0.821773
0.709366
0.731381
0.337327
0.348752
0.851297
0.839835
0.381946
0.380821
0.72258
0.730336
0.375547
0.38096
0.981206
0.65324
0.662736
0.731252
0.686047
0.59693
0.61778
0.557487
0.316788
0.324418
0.320486
0.31923
0.334067
0.35362
0.100629
0.0629826
0.0180015
0.0146122
0.0953216
0.141868
0.299437
0.315691
0.171456
0.172449
0.0689878
0.0567705
0.710247
0.744611
0.5452
0.52796
0.797548
0.53013
0.633091
0.594261
0.477739
0.510087
0.706975
0.720825
0.168284
0.169725
0.706262
0.705172
0.156781
0.0687544
0.344104
0.412912
0.308722
0.200481
0.286577
0.451434
0.182894
0.102234
0.361077
0.446298
0.385965
0.428794
0.325103
0.462868
0.375675
0.40614
0.367647
0.402706
0.565332
0.759525
0.68121
0.726997
0.302102
0.201843
0.081733
0.142749
0.177933
0.100609
0.0132099
0.0440491
0.0885515
0.155923
0.647973
0.58063
0.430694
0.556679
0.40068
0.421724
0.362291
0.450897
0.419206
0.445556
0.568948
0.779373
0.701709
0.73934
0.349032
0.424241
0.403995
0.423156
0.00880589
0.0420883
0.315482
0.193592
0.0530625
0.111744
0.664842
0.607895
0.447911
0.597033
0.332886
0.193387
0.0942639
0.124312
0.412691
0.246746
0.321215
0.406015
0.256345
0.223762
0.155102
0.222154
0.362741
0.239174
0.546018
0.719707
0.381024
0.444577
0.99019
0.597576
0.778085
0.986879
0.144867
0.153571
0.390813
0.279145
0.0842532
0.102714
0.848148
0.803065
0.437092
0.319727
0.383711
0.444262
0.412331
0.329762
0.365472
0.413263
0.394244
0.270018
0.567996
0.716462
0.382293
0.461194
0.322614
0.376249
0.654111
0.332683
0.398629
0.387729
0.288379
0.318145
0.382637
0.740226
0.541801
0.873855
1.06416
0.664366
0.783063
0.594919
0.930589
0.70316
0.918212
0.626504
0.720454
0.241079
0.218537
0.346354
0.164492
0.221338
0.109784
0.061313
0.109696
0.104656
0.142977
0.141104
0.0774381
0.10496
0.0319188
0.00933587
0.066383
0.148778
0.0345441
0.0241835
0.127171
0.0829872
0.530099
0.540918
0.121121
0.105655
0.547246
0.876094
0.625015
0.806902
0.484526
0.602579
0.409919
0.39613
0.535704
0.344961
0.454907
0.570368
0.730624
0.729557
0.402137
0.337079
0.723808
0.665604
0.351663
0.414394
0.717608
0.722608
0.437861
0.315645
0.555358
0.726309
0.385416
0.451597
0.439548
0.35511
0.380596
0.445192
0.753186
0.512522
0.652073
0.791873
0.945175
0.553431
0.936676
0.722432
0.769836
0.71073
0.599959
0.902902
0.903898
0.621802
0.736218
0.419293
0.26356
0.657492
0.696362
0.330279
0.422913
0.419302
0.31576
0.816776
0.327439
0.416039
0.0128007
0.00581552
0.0369697
0.103408
0.0337773
0.0200445
0.158431
0.104673
0.254139
0.475183
0.210882
0.339376
0.157408
0.214518
0.0863195
0.0382568
0.0683861
0.130703
0.0878305
0.073856
0.64528
0.565444
0.520937
0.620701
0.635617
0.547026
0.397842
0.595898
0.50632
0.607037
0.273556
0.751946
0.218613
0.715733
0.145474
0.219957
0.0935924
0.0764089
0.482768
0.554613
0.0874165
0.0767822
)
;
    }
}


// ************************************************************************* //
